# file_format= v0.04.05
       144       426
    188.97268778      0.00000000      0.00000000    0
      0.00000000    188.97268778      0.00000000    0
      0.00000000      0.00000000    188.97268778    0
 6
       4
     2     2     2     2
     0     1     1     1
 1.710E+00 1.625E+00 1.625E+00 1.625E+00
 0.000E+00 0.000E+00 0.000E+00 0.000E+00
 0.000E+00 0.000E+00 0.000E+00 0.000E+00
 0.000E+00 0.000E+00 0.000E+00 0.000E+00
      1.241731     -0.861061    -0.018332
 6
       4
     2     2     2     2
     0     1     1     1
 1.710E+00 1.625E+00 1.625E+00 1.625E+00
 0.000E+00 0.000E+00 0.000E+00 0.000E+00
 0.000E+00 0.000E+00 0.000E+00 0.000E+00
 0.000E+00 0.000E+00 0.000E+00 0.000E+00
      -0.709709     1.126411    0.590483
 6
       4
     2     2     2     2
     0     1     1     1
 1.710E+00 1.625E+00 1.625E+00 1.625E+00
 0.000E+00 0.000E+00 0.000E+00 0.000E+00
 0.000E+00 0.000E+00 0.000E+00 0.000E+00
 0.000E+00 0.000E+00 0.000E+00 0.000E+00
      0.337796     -3.292334    -0.702579
 6
       4
     2     2     2     2
     0     1     1     1
 1.710E+00 1.625E+00 1.625E+00 1.625E+00
 0.000E+00 0.000E+00 0.000E+00 0.000E+00
 0.000E+00 0.000E+00 0.000E+00 0.000E+00
 0.000E+00 0.000E+00 0.000E+00 0.000E+00
      -3.198911     0.552907    0.354643
 6
       4
     2     2     2     2
     0     1     1     1
 1.710E+00 1.625E+00 1.625E+00 1.625E+00
 0.000E+00 0.000E+00 0.000E+00 0.000E+00
 0.000E+00 0.000E+00 0.000E+00 0.000E+00
 0.000E+00 0.000E+00 0.000E+00 0.000E+00
      -4.038146     -1.807096    -0.433685
 6
       4
     2     2     2     2
     0     1     1     1
 1.710E+00 1.625E+00 1.625E+00 1.625E+00
 0.000E+00 0.000E+00 0.000E+00 0.000E+00
 0.000E+00 0.000E+00 0.000E+00 0.000E+00
 0.000E+00 0.000E+00 0.000E+00 0.000E+00
      -2.258141     -3.787026    -0.964707
 6
       4
     2     2     2     2
     0     1     1     1
 1.710E+00 1.625E+00 1.625E+00 1.625E+00
 0.000E+00 0.000E+00 0.000E+00 0.000E+00
 0.000E+00 0.000E+00 0.000E+00 0.000E+00
 0.000E+00 0.000E+00 0.000E+00 0.000E+00
      3.882882     -0.256729    -0.064689
 6
       4
     2     2     2     2
     0     1     1     1
 1.710E+00 1.625E+00 1.625E+00 1.625E+00
 0.000E+00 0.000E+00 0.000E+00 0.000E+00
 0.000E+00 0.000E+00 0.000E+00 0.000E+00
 0.000E+00 0.000E+00 0.000E+00 0.000E+00
      6.119154     -0.252853    -0.179116
 6
       4
     2     2     2     2
     0     1     1     1
 1.710E+00 1.625E+00 1.625E+00 1.625E+00
 0.000E+00 0.000E+00 0.000E+00 0.000E+00
 0.000E+00 0.000E+00 0.000E+00 0.000E+00
 0.000E+00 0.000E+00 0.000E+00 0.000E+00
      8.894109     0.140696    -0.081476
 6
       4
     2     2     2     2
     0     1     1     1
 1.710E+00 1.625E+00 1.625E+00 1.625E+00
 0.000E+00 0.000E+00 0.000E+00 0.000E+00
 0.000E+00 0.000E+00 0.000E+00 0.000E+00
 0.000E+00 0.000E+00 0.000E+00 0.000E+00
      9.885578     2.622496    -0.423760
 6
       4
     2     2     2     2
     0     1     1     1
 1.710E+00 1.625E+00 1.625E+00 1.625E+00
 0.000E+00 0.000E+00 0.000E+00 0.000E+00
 0.000E+00 0.000E+00 0.000E+00 0.000E+00
 0.000E+00 0.000E+00 0.000E+00 0.000E+00
      10.483476     -1.960859    0.544031
 6
       4
     2     2     2     2
     0     1     1     1
 1.710E+00 1.625E+00 1.625E+00 1.625E+00
 0.000E+00 0.000E+00 0.000E+00 0.000E+00
 0.000E+00 0.000E+00 0.000E+00 0.000E+00
 0.000E+00 0.000E+00 0.000E+00 0.000E+00
      12.573432     2.994966    -0.096756
 6
       4
     2     2     2     2
     0     1     1     1
 1.710E+00 1.625E+00 1.625E+00 1.625E+00
 0.000E+00 0.000E+00 0.000E+00 0.000E+00
 0.000E+00 0.000E+00 0.000E+00 0.000E+00
 0.000E+00 0.000E+00 0.000E+00 0.000E+00
      13.108810     -1.617159    0.797483
 6
       4
     2     2     2     2
     0     1     1     1
 1.710E+00 1.625E+00 1.625E+00 1.625E+00
 0.000E+00 0.000E+00 0.000E+00 0.000E+00
 0.000E+00 0.000E+00 0.000E+00 0.000E+00
 0.000E+00 0.000E+00 0.000E+00 0.000E+00
      14.076011     0.825721    0.299060
 6
       4
     2     2     2     2
     0     1     1     1
 1.710E+00 1.625E+00 1.625E+00 1.625E+00
 0.000E+00 0.000E+00 0.000E+00 0.000E+00
 0.000E+00 0.000E+00 0.000E+00 0.000E+00
 0.000E+00 0.000E+00 0.000E+00 0.000E+00
      16.868994     1.158117    0.201227
 6
       4
     2     2     2     2
     0     1     1     1
 1.710E+00 1.625E+00 1.625E+00 1.625E+00
 0.000E+00 0.000E+00 0.000E+00 0.000E+00
 0.000E+00 0.000E+00 0.000E+00 0.000E+00
 0.000E+00 0.000E+00 0.000E+00 0.000E+00
      19.096488     1.185894    0.281346
 6
       4
     2     2     2     2
     0     1     1     1
 1.710E+00 1.625E+00 1.625E+00 1.625E+00
 0.000E+00 0.000E+00 0.000E+00 0.000E+00
 0.000E+00 0.000E+00 0.000E+00 0.000E+00
 0.000E+00 0.000E+00 0.000E+00 0.000E+00
      21.885472     1.322937    0.249451
 6
       4
     2     2     2     2
     0     1     1     1
 1.710E+00 1.625E+00 1.625E+00 1.625E+00
 0.000E+00 0.000E+00 0.000E+00 0.000E+00
 0.000E+00 0.000E+00 0.000E+00 0.000E+00
 0.000E+00 0.000E+00 0.000E+00 0.000E+00
      23.184236     -0.673175    1.537101
 6
       4
     2     2     2     2
     0     1     1     1
 1.710E+00 1.625E+00 1.625E+00 1.625E+00
 0.000E+00 0.000E+00 0.000E+00 0.000E+00
 0.000E+00 0.000E+00 0.000E+00 0.000E+00
 0.000E+00 0.000E+00 0.000E+00 0.000E+00
      23.349509     3.229857    -1.037713
 6
       4
     2     2     2     2
     0     1     1     1
 1.710E+00 1.625E+00 1.625E+00 1.625E+00
 0.000E+00 0.000E+00 0.000E+00 0.000E+00
 0.000E+00 0.000E+00 0.000E+00 0.000E+00
 0.000E+00 0.000E+00 0.000E+00 0.000E+00
      25.974890     2.881545    -1.287417
 6
       4
     2     2     2     2
     0     1     1     1
 1.710E+00 1.625E+00 1.625E+00 1.625E+00
 0.000E+00 0.000E+00 0.000E+00 0.000E+00
 0.000E+00 0.000E+00 0.000E+00 0.000E+00
 0.000E+00 0.000E+00 0.000E+00 0.000E+00
      25.774851     -0.866783    1.491073
 6
       4
     2     2     2     2
     0     1     1     1
 1.710E+00 1.625E+00 1.625E+00 1.625E+00
 0.000E+00 0.000E+00 0.000E+00 0.000E+00
 0.000E+00 0.000E+00 0.000E+00 0.000E+00
 0.000E+00 0.000E+00 0.000E+00 0.000E+00
      27.293726     0.768034    -0.103147
 6
       4
     2     2     2     2
     0     1     1     1
 1.710E+00 1.625E+00 1.625E+00 1.625E+00
 0.000E+00 0.000E+00 0.000E+00 0.000E+00
 0.000E+00 0.000E+00 0.000E+00 0.000E+00
 0.000E+00 0.000E+00 0.000E+00 0.000E+00
      30.100387     0.497542    -0.200952
 6
       4
     2     2     2     2
     0     1     1     1
 1.710E+00 1.625E+00 1.625E+00 1.625E+00
 0.000E+00 0.000E+00 0.000E+00 0.000E+00
 0.000E+00 0.000E+00 0.000E+00 0.000E+00
 0.000E+00 0.000E+00 0.000E+00 0.000E+00
      32.269454     0.168291    -0.078116
 6
       4
     2     2     2     2
     0     1     1     1
 1.710E+00 1.625E+00 1.625E+00 1.625E+00
 0.000E+00 0.000E+00 0.000E+00 0.000E+00
 0.000E+00 0.000E+00 0.000E+00 0.000E+00
 0.000E+00 0.000E+00 0.000E+00 0.000E+00
      35.155956     -0.100412    -0.182850
 6
       4
     2     2     2     2
     0     1     1     1
 1.710E+00 1.625E+00 1.625E+00 1.625E+00
 0.000E+00 0.000E+00 0.000E+00 0.000E+00
 0.000E+00 0.000E+00 0.000E+00 0.000E+00
 0.000E+00 0.000E+00 0.000E+00 0.000E+00
      36.390837     -2.366557    0.518560
 6
       4
     2     2     2     2
     0     1     1     1
 1.710E+00 1.625E+00 1.625E+00 1.625E+00
 0.000E+00 0.000E+00 0.000E+00 0.000E+00
 0.000E+00 0.000E+00 0.000E+00 0.000E+00
 0.000E+00 0.000E+00 0.000E+00 0.000E+00
      36.691987     2.115369    -0.843156
 6
       4
     2     2     2     2
     0     1     1     1
 1.710E+00 1.625E+00 1.625E+00 1.625E+00
 0.000E+00 0.000E+00 0.000E+00 0.000E+00
 0.000E+00 0.000E+00 0.000E+00 0.000E+00
 0.000E+00 0.000E+00 0.000E+00 0.000E+00
      39.374062     1.930835    -0.883148
 6
       4
     2     2     2     2
     0     1     1     1
 1.710E+00 1.625E+00 1.625E+00 1.625E+00
 0.000E+00 0.000E+00 0.000E+00 0.000E+00
 0.000E+00 0.000E+00 0.000E+00 0.000E+00
 0.000E+00 0.000E+00 0.000E+00 0.000E+00
      38.975357     -2.422708    0.616096
 6
       4
     2     2     2     2
     0     1     1     1
 1.710E+00 1.625E+00 1.625E+00 1.625E+00
 0.000E+00 0.000E+00 0.000E+00 0.000E+00
 0.000E+00 0.000E+00 0.000E+00 0.000E+00
 0.000E+00 0.000E+00 0.000E+00 0.000E+00
      40.566823     -0.411594    -0.078677
 6
       4
     2     2     2     2
     0     1     1     1
 1.710E+00 1.625E+00 1.625E+00 1.625E+00
 0.000E+00 0.000E+00 0.000E+00 0.000E+00
 0.000E+00 0.000E+00 0.000E+00 0.000E+00
 0.000E+00 0.000E+00 0.000E+00 0.000E+00
      43.363578     -0.593954    -0.017981
 6
       4
     2     2     2     2
     0     1     1     1
 1.710E+00 1.625E+00 1.625E+00 1.625E+00
 0.000E+00 0.000E+00 0.000E+00 0.000E+00
 0.000E+00 0.000E+00 0.000E+00 0.000E+00
 0.000E+00 0.000E+00 0.000E+00 0.000E+00
      45.592007     -0.405754    -0.111524
 6
       4
     2     2     2     2
     0     1     1     1
 1.710E+00 1.625E+00 1.625E+00 1.625E+00
 0.000E+00 0.000E+00 0.000E+00 0.000E+00
 0.000E+00 0.000E+00 0.000E+00 0.000E+00
 0.000E+00 0.000E+00 0.000E+00 0.000E+00
      48.284024     -0.417544    -0.352166
 6
       4
     2     2     2     2
     0     1     1     1
 1.710E+00 1.625E+00 1.625E+00 1.625E+00
 0.000E+00 0.000E+00 0.000E+00 0.000E+00
 0.000E+00 0.000E+00 0.000E+00 0.000E+00
 0.000E+00 0.000E+00 0.000E+00 0.000E+00
      49.820696     -2.472215    0.711399
 6
       4
     2     2     2     2
     0     1     1     1
 1.710E+00 1.625E+00 1.625E+00 1.625E+00
 0.000E+00 0.000E+00 0.000E+00 0.000E+00
 0.000E+00 0.000E+00 0.000E+00 0.000E+00
 0.000E+00 0.000E+00 0.000E+00 0.000E+00
      49.551713     1.515759    -1.556354
 6
       4
     2     2     2     2
     0     1     1     1
 1.710E+00 1.625E+00 1.625E+00 1.625E+00
 0.000E+00 0.000E+00 0.000E+00 0.000E+00
 0.000E+00 0.000E+00 0.000E+00 0.000E+00
 0.000E+00 0.000E+00 0.000E+00 0.000E+00
      52.175193     1.845582    -1.404187
 6
       4
     2     2     2     2
     0     1     1     1
 1.710E+00 1.625E+00 1.625E+00 1.625E+00
 0.000E+00 0.000E+00 0.000E+00 0.000E+00
 0.000E+00 0.000E+00 0.000E+00 0.000E+00
 0.000E+00 0.000E+00 0.000E+00 0.000E+00
      52.372578     -2.406182    0.673387
 6
       4
     2     2     2     2
     0     1     1     1
 1.710E+00 1.625E+00 1.625E+00 1.625E+00
 0.000E+00 0.000E+00 0.000E+00 0.000E+00
 0.000E+00 0.000E+00 0.000E+00 0.000E+00
 0.000E+00 0.000E+00 0.000E+00 0.000E+00
      53.669121     -0.169308    -0.414400
 6
       4
     2     2     2     2
     0     1     1     1
 1.710E+00 1.625E+00 1.625E+00 1.625E+00
 0.000E+00 0.000E+00 0.000E+00 0.000E+00
 0.000E+00 0.000E+00 0.000E+00 0.000E+00
 0.000E+00 0.000E+00 0.000E+00 0.000E+00
      56.482562     -0.003948    -0.200048
 1
       1
     1
     0
 1.300E+00
 0.000E+00
 0.000E+00
 0.000E+00
      -4.717521     1.656366    0.682970
 1
       1
     1
     0
 1.300E+00
 0.000E+00
 0.000E+00
 0.000E+00
      0.244869     2.643851    1.106899
 1
       1
     1
     0
 1.300E+00
 0.000E+00
 0.000E+00
 0.000E+00
      -5.849516     -2.871225    -0.697670
 1
       1
     1
     0
 1.300E+00
 0.000E+00
 0.000E+00
 0.000E+00
      -2.810055     -5.535138    -1.458523
 1
       1
     1
     0
 1.300E+00
 0.000E+00
 0.000E+00
 0.000E+00
      1.645613     -4.653227    -1.120075
 1
       1
     1
     0
 1.300E+00
 0.000E+00
 0.000E+00
 0.000E+00
      8.934861     4.238899    -0.919561
 1
       1
     1
     0
 1.300E+00
 0.000E+00
 0.000E+00
 0.000E+00
      9.654740     -3.613029    0.869336
 1
       1
     1
     0
 1.300E+00
 0.000E+00
 0.000E+00
 0.000E+00
      13.280397     4.744344    -0.421384
 1
       1
     1
     0
 1.300E+00
 0.000E+00
 0.000E+00
 0.000E+00
      14.229191     -3.031094    1.309438
 1
       1
     1
     0
 1.300E+00
 0.000E+00
 0.000E+00
 0.000E+00
      22.516964     4.787266    -1.770465
 1
       1
     1
     0
 1.300E+00
 0.000E+00
 0.000E+00
 0.000E+00
      26.893439     4.193497    -2.251550
 1
       1
     1
     0
 1.300E+00
 0.000E+00
 0.000E+00
 0.000E+00
      22.201227     -1.891618    2.604579
 1
       1
     1
     0
 1.300E+00
 0.000E+00
 0.000E+00
 0.000E+00
      26.649793     -2.234217    2.481216
 1
       1
     1
     0
 1.300E+00
 0.000E+00
 0.000E+00
 0.000E+00
      35.879175     3.790329    -1.171411
 1
       1
     1
     0
 1.300E+00
 0.000E+00
 0.000E+00
 0.000E+00
      35.291287     -3.838209    1.062436
 1
       1
     1
     0
 1.300E+00
 0.000E+00
 0.000E+00
 0.000E+00
      40.401790     3.490725    -1.405788
 1
       1
     1
     0
 1.300E+00
 0.000E+00
 0.000E+00
 0.000E+00
      39.966871     -3.965119    1.255443
 1
       1
     1
     0
 1.300E+00
 0.000E+00
 0.000E+00
 0.000E+00
      48.407153     2.809027    -2.465495
 1
       1
     1
     0
 1.300E+00
 0.000E+00
 0.000E+00
 0.000E+00
      48.908658     -3.891573    1.675584
 1
       1
     1
     0
 1.300E+00
 0.000E+00
 0.000E+00
 0.000E+00
      53.264051     3.346954    -2.155098
 1
       1
     1
     0
 1.300E+00
 0.000E+00
 0.000E+00
 0.000E+00
      53.490395     -3.684992    1.520782
 1
       1
     1
     0
 1.300E+00
 0.000E+00
 0.000E+00
 0.000E+00
      61.640963     4.134832    -1.108479
 1
       1
     1
     0
 1.300E+00
 0.000E+00
 0.000E+00
 0.000E+00
      62.096211     -3.314079    0.939568
 6
       4
     2     2     2     2
     0     1     1     1
 1.710E+00 1.625E+00 1.625E+00 1.625E+00
 0.000E+00 0.000E+00 0.000E+00 0.000E+00
 0.000E+00 0.000E+00 0.000E+00 0.000E+00
 0.000E+00 0.000E+00 0.000E+00 0.000E+00
      69.773839     0.490150    -0.227820
 1
       1
     1
     0
 1.300E+00
 0.000E+00
 0.000E+00
 0.000E+00
      66.284567     4.406896    -1.288168
 1
       1
     1
     0
 1.300E+00
 0.000E+00
 0.000E+00
 0.000E+00
      66.793741     -3.101944    0.874920
 6
       4
     2     2     2     2
     0     1     1     1
 1.710E+00 1.625E+00 1.625E+00 1.625E+00
 0.000E+00 0.000E+00 0.000E+00 0.000E+00
 0.000E+00 0.000E+00 0.000E+00 0.000E+00
 0.000E+00 0.000E+00 0.000E+00 0.000E+00
      58.664425     0.201080    -0.263573
 6
       4
     2     2     2     2
     0     1     1     1
 1.710E+00 1.625E+00 1.625E+00 1.625E+00
 0.000E+00 0.000E+00 0.000E+00 0.000E+00
 0.000E+00 0.000E+00 0.000E+00 0.000E+00
 0.000E+00 0.000E+00 0.000E+00 0.000E+00
      61.534781     0.288969    -0.125119
 6
       4
     2     2     2     2
     0     1     1     1
 1.710E+00 1.625E+00 1.625E+00 1.625E+00
 0.000E+00 0.000E+00 0.000E+00 0.000E+00
 0.000E+00 0.000E+00 0.000E+00 0.000E+00
 0.000E+00 0.000E+00 0.000E+00 0.000E+00
      63.046049     -1.727295    0.515876
 6
       4
     2     2     2     2
     0     1     1     1
 1.710E+00 1.625E+00 1.625E+00 1.625E+00
 0.000E+00 0.000E+00 0.000E+00 0.000E+00
 0.000E+00 0.000E+00 0.000E+00 0.000E+00
 0.000E+00 0.000E+00 0.000E+00 0.000E+00
      62.894841     2.656673    -0.846856
 6
       4
     2     2     2     2
     0     1     1     1
 1.710E+00 1.625E+00 1.625E+00 1.625E+00
 0.000E+00 0.000E+00 0.000E+00 0.000E+00
 0.000E+00 0.000E+00 0.000E+00 0.000E+00
 0.000E+00 0.000E+00 0.000E+00 0.000E+00
      65.432815     2.740420    -0.955338
 6
       4
     2     2     2     2
     0     1     1     1
 1.710E+00 1.625E+00 1.625E+00 1.625E+00
 0.000E+00 0.000E+00 0.000E+00 0.000E+00
 0.000E+00 0.000E+00 0.000E+00 0.000E+00
 0.000E+00 0.000E+00 0.000E+00 0.000E+00
      65.669212     -1.602758    0.481294
 6
       4
     2     2     2     2
     0     1     1     1
 1.710E+00 1.625E+00 1.625E+00 1.625E+00
 0.000E+00 0.000E+00 0.000E+00 0.000E+00
 0.000E+00 0.000E+00 0.000E+00 0.000E+00
 0.000E+00 0.000E+00 0.000E+00 0.000E+00
      67.071797     0.462095    -0.389525
 6
       4
     2     2     2     2
     0     1     1     1
 1.710E+00 1.625E+00 1.625E+00 1.625E+00
 0.000E+00 0.000E+00 0.000E+00 0.000E+00
 0.000E+00 0.000E+00 0.000E+00 0.000E+00
 0.000E+00 0.000E+00 0.000E+00 0.000E+00
      80.167385     -0.128188    0.735990
 6
       4
     2     2     2     2
     0     1     1     1
 1.710E+00 1.625E+00 1.625E+00 1.625E+00
 0.000E+00 0.000E+00 0.000E+00 0.000E+00
 0.000E+00 0.000E+00 0.000E+00 0.000E+00
 0.000E+00 0.000E+00 0.000E+00 0.000E+00
      78.873049     2.226607    0.240885
 6
       4
     2     2     2     2
     0     1     1     1
 1.710E+00 1.625E+00 1.625E+00 1.625E+00
 0.000E+00 0.000E+00 0.000E+00 0.000E+00
 0.000E+00 0.000E+00 0.000E+00 0.000E+00
 0.000E+00 0.000E+00 0.000E+00 0.000E+00
      78.687495     -2.370480    0.995234
 6
       4
     2     2     2     2
     0     1     1     1
 1.710E+00 1.625E+00 1.625E+00 1.625E+00
 0.000E+00 0.000E+00 0.000E+00 0.000E+00
 0.000E+00 0.000E+00 0.000E+00 0.000E+00
 0.000E+00 0.000E+00 0.000E+00 0.000E+00
      76.211398     2.289286    0.064192
 6
       4
     2     2     2     2
     0     1     1     1
 1.710E+00 1.625E+00 1.625E+00 1.625E+00
 0.000E+00 0.000E+00 0.000E+00 0.000E+00
 0.000E+00 0.000E+00 0.000E+00 0.000E+00
 0.000E+00 0.000E+00 0.000E+00 0.000E+00
      74.702524     -0.008271    0.277820
 6
       4
     2     2     2     2
     0     1     1     1
 1.710E+00 1.625E+00 1.625E+00 1.625E+00
 0.000E+00 0.000E+00 0.000E+00 0.000E+00
 0.000E+00 0.000E+00 0.000E+00 0.000E+00
 0.000E+00 0.000E+00 0.000E+00 0.000E+00
      76.088522     -2.248156    0.735597
 6
       4
     2     2     2     2
     0     1     1     1
 1.710E+00 1.625E+00 1.625E+00 1.625E+00
 0.000E+00 0.000E+00 0.000E+00 0.000E+00
 0.000E+00 0.000E+00 0.000E+00 0.000E+00
 0.000E+00 0.000E+00 0.000E+00 0.000E+00
      82.942007     -0.174567    0.739883
 6
       4
     2     2     2     2
     0     1     1     1
 1.710E+00 1.625E+00 1.625E+00 1.625E+00
 0.000E+00 0.000E+00 0.000E+00 0.000E+00
 0.000E+00 0.000E+00 0.000E+00 0.000E+00
 0.000E+00 0.000E+00 0.000E+00 0.000E+00
      85.059639     0.008543    0.216803
 6
       4
     2     2     2     2
     0     1     1     1
 1.710E+00 1.625E+00 1.625E+00 1.625E+00
 0.000E+00 0.000E+00 0.000E+00 0.000E+00
 0.000E+00 0.000E+00 0.000E+00 0.000E+00
 0.000E+00 0.000E+00 0.000E+00 0.000E+00
      87.808877     -0.004426    0.068932
 6
       4
     2     2     2     2
     0     1     1     1
 1.710E+00 1.625E+00 1.625E+00 1.625E+00
 0.000E+00 0.000E+00 0.000E+00 0.000E+00
 0.000E+00 0.000E+00 0.000E+00 0.000E+00
 0.000E+00 0.000E+00 0.000E+00 0.000E+00
      89.124259     2.230032    -0.633657
 6
       4
     2     2     2     2
     0     1     1     1
 1.710E+00 1.625E+00 1.625E+00 1.625E+00
 0.000E+00 0.000E+00 0.000E+00 0.000E+00
 0.000E+00 0.000E+00 0.000E+00 0.000E+00
 0.000E+00 0.000E+00 0.000E+00 0.000E+00
      89.313706     -2.230997    0.628171
 6
       4
     2     2     2     2
     0     1     1     1
 1.710E+00 1.625E+00 1.625E+00 1.625E+00
 0.000E+00 0.000E+00 0.000E+00 0.000E+00
 0.000E+00 0.000E+00 0.000E+00 0.000E+00
 0.000E+00 0.000E+00 0.000E+00 0.000E+00
      91.710719     2.290834    -0.685646
 6
       4
     2     2     2     2
     0     1     1     1
 1.710E+00 1.625E+00 1.625E+00 1.625E+00
 0.000E+00 0.000E+00 0.000E+00 0.000E+00
 0.000E+00 0.000E+00 0.000E+00 0.000E+00
 0.000E+00 0.000E+00 0.000E+00 0.000E+00
      91.910185     -2.122869    0.686175
 6
       4
     2     2     2     2
     0     1     1     1
 1.710E+00 1.625E+00 1.625E+00 1.625E+00
 0.000E+00 0.000E+00 0.000E+00 0.000E+00
 0.000E+00 0.000E+00 0.000E+00 0.000E+00
 0.000E+00 0.000E+00 0.000E+00 0.000E+00
      93.236098     0.150819    -0.105545
 6
       4
     2     2     2     2
     0     1     1     1
 1.710E+00 1.625E+00 1.625E+00 1.625E+00
 0.000E+00 0.000E+00 0.000E+00 0.000E+00
 0.000E+00 0.000E+00 0.000E+00 0.000E+00
 0.000E+00 0.000E+00 0.000E+00 0.000E+00
      95.978907     0.376356    -0.157174
 6
       4
     2     2     2     2
     0     1     1     1
 1.710E+00 1.625E+00 1.625E+00 1.625E+00
 0.000E+00 0.000E+00 0.000E+00 0.000E+00
 0.000E+00 0.000E+00 0.000E+00 0.000E+00
 0.000E+00 0.000E+00 0.000E+00 0.000E+00
      98.189117     0.363625    -0.449836
 6
       4
     2     2     2     2
     0     1     1     1
 1.710E+00 1.625E+00 1.625E+00 1.625E+00
 0.000E+00 0.000E+00 0.000E+00 0.000E+00
 0.000E+00 0.000E+00 0.000E+00 0.000E+00
 0.000E+00 0.000E+00 0.000E+00 0.000E+00
      100.952441     0.668664    -0.289723
 6
       4
     2     2     2     2
     0     1     1     1
 1.710E+00 1.625E+00 1.625E+00 1.625E+00
 0.000E+00 0.000E+00 0.000E+00 0.000E+00
 0.000E+00 0.000E+00 0.000E+00 0.000E+00
 0.000E+00 0.000E+00 0.000E+00 0.000E+00
      102.506174     -1.320159    0.842619
 6
       4
     2     2     2     2
     0     1     1     1
 1.710E+00 1.625E+00 1.625E+00 1.625E+00
 0.000E+00 0.000E+00 0.000E+00 0.000E+00
 0.000E+00 0.000E+00 0.000E+00 0.000E+00
 0.000E+00 0.000E+00 0.000E+00 0.000E+00
      102.244689     2.974194    -0.684098
 6
       4
     2     2     2     2
     0     1     1     1
 1.710E+00 1.625E+00 1.625E+00 1.625E+00
 0.000E+00 0.000E+00 0.000E+00 0.000E+00
 0.000E+00 0.000E+00 0.000E+00 0.000E+00
 0.000E+00 0.000E+00 0.000E+00 0.000E+00
      104.812618     3.231751    -0.345444
 6
       4
     2     2     2     2
     0     1     1     1
 1.710E+00 1.625E+00 1.625E+00 1.625E+00
 0.000E+00 0.000E+00 0.000E+00 0.000E+00
 0.000E+00 0.000E+00 0.000E+00 0.000E+00
 0.000E+00 0.000E+00 0.000E+00 0.000E+00
      105.150503     -1.152663    0.985734
 6
       4
     2     2     2     2
     0     1     1     1
 1.710E+00 1.625E+00 1.625E+00 1.625E+00
 0.000E+00 0.000E+00 0.000E+00 0.000E+00
 0.000E+00 0.000E+00 0.000E+00 0.000E+00
 0.000E+00 0.000E+00 0.000E+00 0.000E+00
      106.444024     1.216008    0.323508
 6
       4
     2     2     2     2
     0     1     1     1
 1.710E+00 1.625E+00 1.625E+00 1.625E+00
 0.000E+00 0.000E+00 0.000E+00 0.000E+00
 0.000E+00 0.000E+00 0.000E+00 0.000E+00
 0.000E+00 0.000E+00 0.000E+00 0.000E+00
      109.246800     1.153048    0.257311
 6
       4
     2     2     2     2
     0     1     1     1
 1.710E+00 1.625E+00 1.625E+00 1.625E+00
 0.000E+00 0.000E+00 0.000E+00 0.000E+00
 0.000E+00 0.000E+00 0.000E+00 0.000E+00
 0.000E+00 0.000E+00 0.000E+00 0.000E+00
      111.423488     0.897888    0.040181
 6
       4
     2     2     2     2
     0     1     1     1
 1.710E+00 1.625E+00 1.625E+00 1.625E+00
 0.000E+00 0.000E+00 0.000E+00 0.000E+00
 0.000E+00 0.000E+00 0.000E+00 0.000E+00
 0.000E+00 0.000E+00 0.000E+00 0.000E+00
      114.191587     0.736857    -0.039949
 6
       4
     2     2     2     2
     0     1     1     1
 1.710E+00 1.625E+00 1.625E+00 1.625E+00
 0.000E+00 0.000E+00 0.000E+00 0.000E+00
 0.000E+00 0.000E+00 0.000E+00 0.000E+00
 0.000E+00 0.000E+00 0.000E+00 0.000E+00
      115.462640     -1.614724    -0.716098
 6
       4
     2     2     2     2
     0     1     1     1
 1.710E+00 1.625E+00 1.625E+00 1.625E+00
 0.000E+00 0.000E+00 0.000E+00 0.000E+00
 0.000E+00 0.000E+00 0.000E+00 0.000E+00
 0.000E+00 0.000E+00 0.000E+00 0.000E+00
      115.755014     2.877875    0.427526
 6
       4
     2     2     2     2
     0     1     1     1
 1.710E+00 1.625E+00 1.625E+00 1.625E+00
 0.000E+00 0.000E+00 0.000E+00 0.000E+00
 0.000E+00 0.000E+00 0.000E+00 0.000E+00
 0.000E+00 0.000E+00 0.000E+00 0.000E+00
      118.406629     2.666517    0.366811
 6
       4
     2     2     2     2
     0     1     1     1
 1.710E+00 1.625E+00 1.625E+00 1.625E+00
 0.000E+00 0.000E+00 0.000E+00 0.000E+00
 0.000E+00 0.000E+00 0.000E+00 0.000E+00
 0.000E+00 0.000E+00 0.000E+00 0.000E+00
      118.132707     -1.780846    -0.776881
 6
       4
     2     2     2     2
     0     1     1     1
 1.710E+00 1.625E+00 1.625E+00 1.625E+00
 0.000E+00 0.000E+00 0.000E+00 0.000E+00
 0.000E+00 0.000E+00 0.000E+00 0.000E+00
 0.000E+00 0.000E+00 0.000E+00 0.000E+00
      119.580077     0.357015    -0.060424
 6
       4
     2     2     2     2
     0     1     1     1
 1.710E+00 1.625E+00 1.625E+00 1.625E+00
 0.000E+00 0.000E+00 0.000E+00 0.000E+00
 0.000E+00 0.000E+00 0.000E+00 0.000E+00
 0.000E+00 0.000E+00 0.000E+00 0.000E+00
      122.436297     0.242246    0.012368
 6
       4
     2     2     2     2
     0     1     1     1
 1.710E+00 1.625E+00 1.625E+00 1.625E+00
 0.000E+00 0.000E+00 0.000E+00 0.000E+00
 0.000E+00 0.000E+00 0.000E+00 0.000E+00
 0.000E+00 0.000E+00 0.000E+00 0.000E+00
      124.575407     0.330517    -0.227542
 6
       4
     2     2     2     2
     0     1     1     1
 1.710E+00 1.625E+00 1.625E+00 1.625E+00
 0.000E+00 0.000E+00 0.000E+00 0.000E+00
 0.000E+00 0.000E+00 0.000E+00 0.000E+00
 0.000E+00 0.000E+00 0.000E+00 0.000E+00
      127.321018     0.132007    -0.087116
 6
       4
     2     2     2     2
     0     1     1     1
 1.710E+00 1.625E+00 1.625E+00 1.625E+00
 0.000E+00 0.000E+00 0.000E+00 0.000E+00
 0.000E+00 0.000E+00 0.000E+00 0.000E+00
 0.000E+00 0.000E+00 0.000E+00 0.000E+00
      128.502613     -2.205089    -0.719608
 6
       4
     2     2     2     2
     0     1     1     1
 1.710E+00 1.625E+00 1.625E+00 1.625E+00
 0.000E+00 0.000E+00 0.000E+00 0.000E+00
 0.000E+00 0.000E+00 0.000E+00 0.000E+00
 0.000E+00 0.000E+00 0.000E+00 0.000E+00
      128.886246     2.177325    0.824210
 6
       4
     2     2     2     2
     0     1     1     1
 1.710E+00 1.625E+00 1.625E+00 1.625E+00
 0.000E+00 0.000E+00 0.000E+00 0.000E+00
 0.000E+00 0.000E+00 0.000E+00 0.000E+00
 0.000E+00 0.000E+00 0.000E+00 0.000E+00
      131.492696     1.858453    1.008794
 6
       4
     2     2     2     2
     0     1     1     1
 1.710E+00 1.625E+00 1.625E+00 1.625E+00
 0.000E+00 0.000E+00 0.000E+00 0.000E+00
 0.000E+00 0.000E+00 0.000E+00 0.000E+00
 0.000E+00 0.000E+00 0.000E+00 0.000E+00
      131.141622     -2.419692    -0.617649
 6
       4
     2     2     2     2
     0     1     1     1
 1.710E+00 1.625E+00 1.625E+00 1.625E+00
 0.000E+00 0.000E+00 0.000E+00 0.000E+00
 0.000E+00 0.000E+00 0.000E+00 0.000E+00
 0.000E+00 0.000E+00 0.000E+00 0.000E+00
      132.737664     -0.449188    0.247244
 6
       4
     2     2     2     2
     0     1     1     1
 1.710E+00 1.625E+00 1.625E+00 1.625E+00
 0.000E+00 0.000E+00 0.000E+00 0.000E+00
 0.000E+00 0.000E+00 0.000E+00 0.000E+00
 0.000E+00 0.000E+00 0.000E+00 0.000E+00
      135.436397     -0.729258    0.182634
 1
       1
     1
     0
 1.300E+00
 0.000E+00
 0.000E+00
 0.000E+00
      75.462711     3.979733    -0.235775
 1
       1
     1
     0
 1.300E+00
 0.000E+00
 0.000E+00
 0.000E+00
      79.762753     3.921314    0.097242
 6
       4
     2     2     2     2
     0     1     1     1
 1.710E+00 1.625E+00 1.625E+00 1.625E+00
 0.000E+00 0.000E+00 0.000E+00 0.000E+00
 0.000E+00 0.000E+00 0.000E+00 0.000E+00
 0.000E+00 0.000E+00 0.000E+00 0.000E+00
      72.012597     0.097349    -0.010176
 1
       1
     1
     0
 1.300E+00
 0.000E+00
 0.000E+00
 0.000E+00
      75.063637     -3.856770    0.823119
 1
       1
     1
     0
 1.300E+00
 0.000E+00
 0.000E+00
 0.000E+00
      79.861219     -4.034499    1.200577
 1
       1
     1
     0
 1.300E+00
 0.000E+00
 0.000E+00
 0.000E+00
      88.107724     3.775298    -0.908121
 1
       1
     1
     0
 1.300E+00
 0.000E+00
 0.000E+00
 0.000E+00
      88.388811     -3.791722    1.214856
 1
       1
     1
     0
 1.300E+00
 0.000E+00
 0.000E+00
 0.000E+00
      92.579787     3.941139    -1.070741
 1
       1
     1
     0
 1.300E+00
 0.000E+00
 0.000E+00
 0.000E+00
      92.966669     -3.606472    1.210780
 1
       1
     1
     0
 1.300E+00
 0.000E+00
 0.000E+00
 0.000E+00
      101.165993     4.423726    -1.245762
 1
       1
     1
     0
 1.300E+00
 0.000E+00
 0.000E+00
 0.000E+00
      105.805176     4.885399    -0.613411
 1
       1
     1
     0
 1.300E+00
 0.000E+00
 0.000E+00
 0.000E+00
      101.631461     -2.900076    1.530049
 1
       1
     1
     0
 1.300E+00
 0.000E+00
 0.000E+00
 0.000E+00
      106.155027     -2.677468    1.606724
 1
       1
     1
     0
 1.300E+00
 0.000E+00
 0.000E+00
 0.000E+00
      114.905639     4.555094    0.727794
 1
       1
     1
     0
 1.300E+00
 0.000E+00
 0.000E+00
 0.000E+00
      114.524944     -3.190540    -1.400912
 1
       1
     1
     0
 1.300E+00
 0.000E+00
 0.000E+00
 0.000E+00
      119.566903     4.147253    0.599920
 1
       1
     1
     0
 1.300E+00
 0.000E+00
 0.000E+00
 0.000E+00
      118.880315     -3.459079    -1.505195
 1
       1
     1
     0
 1.300E+00
 0.000E+00
 0.000E+00
 0.000E+00
      128.187404     3.886690    1.173490
 1
       1
     1
     0
 1.300E+00
 0.000E+00
 0.000E+00
 0.000E+00
      127.292443     -3.579802    -1.206805
 1
       1
     1
     0
 1.300E+00
 0.000E+00
 0.000E+00
 0.000E+00
      132.374616     3.450666    1.549522
 1
       1
     1
     0
 1.300E+00
 0.000E+00
 0.000E+00
 0.000E+00
      131.986829     -4.076867    -1.153897
 1
       1
     1
     0
 1.300E+00
 0.000E+00
 0.000E+00
 0.000E+00
      140.719587     1.871783    2.771812
 1
       1
     1
     0
 1.300E+00
 0.000E+00
 0.000E+00
 0.000E+00
      140.852104     -4.582610    -2.166250
 1
       1
     1
     0
 1.300E+00
 0.000E+00
 0.000E+00
 0.000E+00
      147.363193     -1.178204    0.084896
 1
       1
     1
     0
 1.300E+00
 0.000E+00
 0.000E+00
 0.000E+00
      145.248803     2.010651    2.716608
 1
       1
     1
     0
 1.300E+00
 0.000E+00
 0.000E+00
 0.000E+00
      144.948095     -4.439049    -2.347121
 6
       4
     2     2     2     2
     0     1     1     1
 1.710E+00 1.625E+00 1.625E+00 1.625E+00
 0.000E+00 0.000E+00 0.000E+00 0.000E+00
 0.000E+00 0.000E+00 0.000E+00 0.000E+00
 0.000E+00 0.000E+00 0.000E+00 0.000E+00
      137.618706     -1.196977    0.172950
 6
       4
     2     2     2     2
     0     1     1     1
 1.710E+00 1.625E+00 1.625E+00 1.625E+00
 0.000E+00 0.000E+00 0.000E+00 0.000E+00
 0.000E+00 0.000E+00 0.000E+00 0.000E+00
 0.000E+00 0.000E+00 0.000E+00 0.000E+00
      140.352854     -1.386702    0.347228
 6
       4
     2     2     2     2
     0     1     1     1
 1.710E+00 1.625E+00 1.625E+00 1.625E+00
 0.000E+00 0.000E+00 0.000E+00 0.000E+00
 0.000E+00 0.000E+00 0.000E+00 0.000E+00
 0.000E+00 0.000E+00 0.000E+00 0.000E+00
      141.494456     -3.225570    -1.031753
 6
       4
     2     2     2     2
     0     1     1     1
 1.710E+00 1.625E+00 1.625E+00 1.625E+00
 0.000E+00 0.000E+00 0.000E+00 0.000E+00
 0.000E+00 0.000E+00 0.000E+00 0.000E+00
 0.000E+00 0.000E+00 0.000E+00 0.000E+00
      141.704132     0.496180    1.908682
 6
       4
     2     2     2     2
     0     1     1     1
 1.710E+00 1.625E+00 1.625E+00 1.625E+00
 0.000E+00 0.000E+00 0.000E+00 0.000E+00
 0.000E+00 0.000E+00 0.000E+00 0.000E+00
 0.000E+00 0.000E+00 0.000E+00 0.000E+00
      144.326116     0.496869    1.771225
 6
       4
     2     2     2     2
     0     1     1     1
 1.710E+00 1.625E+00 1.625E+00 1.625E+00
 0.000E+00 0.000E+00 0.000E+00 0.000E+00
 0.000E+00 0.000E+00 0.000E+00 0.000E+00
 0.000E+00 0.000E+00 0.000E+00 0.000E+00
      144.376549     -3.148539    -1.116373
 6
       4
     2     2     2     2
     0     1     1     1
 1.710E+00 1.625E+00 1.625E+00 1.625E+00
 0.000E+00 0.000E+00 0.000E+00 0.000E+00
 0.000E+00 0.000E+00 0.000E+00 0.000E+00
 0.000E+00 0.000E+00 0.000E+00 0.000E+00
      145.556556     -1.229958    0.228045
# LCAO coefficients .. are not included.
         1
        1        0.000242096176386   k=         1
        2        0.001481079384222   k=         1
        3        -0.002522397646523   k=         1
        4        0.024568770551752   k=         1
        5        0.001054680101423   k=         1
        6        0.001415346518664   k=         1
        7        -0.011766369262292   k=         1
        8        0.025321444237794   k=         1
        9        -0.001107004612471   k=         1
        10        -0.003576358762345   k=         1
        11        -0.012290886511873   k=         1
        12        0.022514084029057   k=         1
        13        -0.000198454414976   k=         1
        14        0.000183269497729   k=         1
        15        0.002816621139737   k=         1
        16        -0.005210512665035   k=         1
        17        0.000336474040955   k=         1
        18        -0.000152810587754   k=         1
        19        0.008465409507934   k=         1
        20        -0.032099244636687   k=         1
        21        0.000591954342851   k=         1
        22        0.002211179389175   k=         1
        23        0.004013005539953   k=         1
        24        -0.010372729037327   k=         1
        25        -0.000251417953156   k=         1
        26        -0.002892287026305   k=         1
        27        -0.005635835042984   k=         1
        28        -0.039211264147952   k=         1
        29        -0.000556054460837   k=         1
        30        -0.002283223282846   k=         1
        31        -0.000258645234349   k=         1
        32        -0.027842952188657   k=         1
        33        -0.000133334561025   k=         1
        34        -0.004080516110995   k=         1
        35        0.009384752946490   k=         1
        36        0.053853179421582   k=         1
        37        -0.000767722520349   k=         1
        38        -0.007181709611807   k=         1
        39        0.005859508733091   k=         1
        40        0.026954790619582   k=         1
        41        -0.000902694420202   k=         1
        42        -0.009105894308463   k=         1
        43        0.006973335329140   k=         1
        44        0.024258015132214   k=         1
        45        -0.002024696881793   k=         1
        46        0.005736775517523   k=         1
        47        -0.005899912148301   k=         1
        48        -0.040172835645880   k=         1
        49        0.001149314085539   k=         1
        50        0.010261633183875   k=         1
        51        -0.004728441334388   k=         1
        52        -0.036587682232206   k=         1
        53        0.000482069624597   k=         1
        54        -0.005962515612880   k=         1
        55        -0.011156505085777   k=         1
        56        -0.046663440949863   k=         1
        57        -0.002386689010101   k=         1
        58        0.003548074801444   k=         1
        59        0.030174795607487   k=         1
        60        0.055395356999943   k=         1
        61        -0.000860453063070   k=         1
        62        -0.006663580870724   k=         1
        63        0.015226185137204   k=         1
        64        0.042856934344900   k=         1
        65        -0.000981424833667   k=         1
        66        0.005224778085133   k=         1
        67        -0.043686648210268   k=         1
        68        -0.074762423415643   k=         1
        69        0.000164211941185   k=         1
        70        -0.006352002550615   k=         1
        71        -0.027200246589265   k=         1
        72        -0.034101928457869   k=         1
        73        0.001186618191656   k=         1
        74        -0.013013260360847   k=         1
        75        -0.025070847266451   k=         1
        76        -0.035942128306109   k=         1
        77        -0.003220879855088   k=         1
        78        0.012240231052103   k=         1
        79        0.033149690834085   k=         1
        80        0.045344943656193   k=         1
        81        0.002027605373383   k=         1
        82        0.011512269611384   k=         1
        83        0.038608406683056   k=         1
        84        0.037609826363199   k=         1
        85        -0.002164405294599   k=         1
        86        0.007724295386182   k=         1
        87        0.045430052485354   k=         1
        88        0.066712673567413   k=         1
        89        0.001059950795276   k=         1
        90        0.000130728209833   k=         1
        91        -0.026993657129625   k=         1
        92        -0.072601630086835   k=         1
        93        -0.001598432475885   k=         1
        94        -0.003336728409887   k=         1
        95        -0.032481649322755   k=         1
        96        -0.056590688844640   k=         1
        97        -0.001248950885354   k=         1
        98        0.007101769542110   k=         1
        99        0.035463638153195   k=         1
        100        0.115256457868899   k=         1
        101        -0.001682370569833   k=         1
        102        0.000434079528733   k=         1
        103        0.016344248648624   k=         1
        104        0.055124716955931   k=         1
        105        0.001757825806481   k=         1
        106        0.003730279566833   k=         1
        107        0.010180545206414   k=         1
        108        0.058194312947402   k=         1
        109        -0.001094481111897   k=         1
        110        -0.004457288097088   k=         1
        111        -0.020327334211925   k=         1
        112        -0.075644487876568   k=         1
        113        0.000326411361108   k=         1
        114        0.005792465285830   k=         1
        115        -0.027806902360545   k=         1
        116        -0.078015632423837   k=         1
        117        0.001086019075708   k=         1
        118        0.007246986913423   k=         1
        119        -0.039117970614384   k=         1
        120        -0.096392068991481   k=         1
        121        -0.002589084026688   k=         1
        122        -0.004754650183660   k=         1
        123        0.054723514581096   k=         1
        124        0.108063112249914   k=         1
        125        0.005823551909638   k=         1
        126        0.013693343364826   k=         1
        127        0.038803519152392   k=         1
        128        0.086973530120204   k=         1
        129        -0.001147058359006   k=         1
        130        -0.020894430003342   k=         1
        131        -0.066586559072310   k=         1
        132        -0.127548936061966   k=         1
        133        -0.001865714788507   k=         1
        134        0.002873296568560   k=         1
        135        -0.047467683500880   k=         1
        136        -0.061098616550526   k=         1
        137        0.003048611245221   k=         1
        138        0.014030335570949   k=         1
        139        -0.054362405655024   k=         1
        140        -0.077099338106790   k=         1
        141        0.004362950320739   k=         1
        142        -0.019594248791813   k=         1
        143        0.048881269081556   k=         1
        144        0.084297112617213   k=         1
        145        0.001179439614709   k=         1
        146        -0.004213743040453   k=         1
        147        0.044134927844663   k=         1
        148        0.064244119626675   k=         1
        149        -0.003136512638552   k=         1
        150        -0.006837083616214   k=         1
        151        0.052799283757497   k=         1
        152        0.139276401399667   k=         1
        153        -0.001703203030273   k=         1
        154        0.001025715924339   k=         1
        155        -0.035992332629371   k=         1
        156        -0.099144311734906   k=         1
        157        0.001342689571771   k=         1
        158        -0.001459921916865   k=         1
        159        0.000563259622276   k=         1
        160        -0.002000943081830   k=         1
        161        0.000376317008503   k=         1
        162        0.000692668374035   k=         1
        163        0.001668384958198   k=         1
        164        0.001881788091481   k=         1
        165        0.002742820315842   k=         1
        166        0.000581097279555   k=         1
        167        0.002428246390785   k=         1
        168        0.005494857977287   k=         1
        169        -0.001208575011113   k=         1
        170        -0.001512102608929   k=         1
        171        0.001094502482030   k=         1
        172        0.001392411417188   k=         1
        173        -0.001739741763700   k=         1
        174        -0.009069725432573   k=         1
        175        0.001494811502643   k=         1
        176        0.002975424543958   k=         1
        177        -0.006509676750232   k=         1
        178        -0.005740413637926   k=         1
        179        -0.000799010162821   k=         1
        180        0.002019241806064   k=         1
        181        -0.007133380619510   k=         1
        182        0.027636790597544   k=         1
        183        0.107586162842958   k=         1
        184        0.003012757254081   k=         1
        185        -0.003467726871270   k=         1
        186        0.003791008043024   k=         1
        187        0.006363453371372   k=         1
        188        -0.038347779657498   k=         1
        189        -0.101536624796363   k=         1
        190        0.001836707107093   k=         1
        191        -0.007284406159874   k=         1
        192        0.050508002426785   k=         1
        193        0.140662385333960   k=         1
        194        0.000358197682481   k=         1
        195        0.005468867092140   k=         1
        196        0.021959027039450   k=         1
        197        0.090253675117748   k=         1
        198        0.000125681306697   k=         1
        199        0.005802903311907   k=         1
        200        0.013411553980626   k=         1
        201        0.069364510016800   k=         1
        202        0.000753639987967   k=         1
        203        -0.005978511949178   k=         1
        204        -0.012994674057257   k=         1
        205        -0.076634133297092   k=         1
        206        -0.002949878538798   k=         1
        207        -0.008761722705157   k=         1
        208        -0.036070475341508   k=         1
        209        -0.104413171805751   k=         1
        210        0.005842293304669   k=         1
        211        0.000571463686267   k=         1
        212        -0.052082713284254   k=         1
        213        -0.136732505455683   k=         1
        214        0.000641191814390   k=         1
        215        -0.003630352903051   k=         1
        216        0.026688596053331   k=         1
        217        0.125862677353675   k=         1
        218        -0.000020368116346   k=         1
        219        -0.005229137138959   k=         1
        220        0.005885421727036   k=         1
        221        0.054401988590217   k=         1
        222        -0.000161582760792   k=         1
        223        -0.006652752389878   k=         1
        224        0.001641891128216   k=         1
        225        0.060999668850242   k=         1
        226        -0.002387230289829   k=         1
        227        0.012244782663986   k=         1
        228        -0.006250870757346   k=         1
        229        -0.092460597970841   k=         1
        230        0.000391768161052   k=         1
        231        0.009889386453114   k=         1
        232        -0.023498715567894   k=         1
        233        -0.105199769852829   k=         1
        234        0.002237755530772   k=         1
        235        0.007974389825672   k=         1
        236        -0.004587360697932   k=         1
        237        -0.089406117580600   k=         1
        238        -0.003312101781863   k=         1
        239        -0.006708729940434   k=         1
        240        -0.012599043324518   k=         1
        241        -0.050664568355827   k=         1
        242        0.005287369957514   k=         1
        243        -0.017038881016521   k=         1
        244        -0.018460243526725   k=         1
        245        -0.080854263397916   k=         1
        246        -0.000013954806915   k=         1
        247        0.007246258752521   k=         1
        248        0.012946661427824   k=         1
        249        0.048066532000273   k=         1
        250        -0.000820041280877   k=         1
        251        0.001204174841488   k=         1
        252        0.011647329441877   k=         1
        253        0.051551661383792   k=         1
        254        -0.000732634437140   k=         1
        255        -0.002739971519617   k=         1
        256        0.017468805257317   k=         1
        257        0.047229599983885   k=         1
        258        -0.000097825288198   k=         1
        259        0.001150810541560   k=         1
        260        -0.005029437348497   k=         1
        261        -0.022218029914968   k=         1
        262        -0.000666793192611   k=         1
        263        0.002815982925265   k=         1
        264        -0.007204491650151   k=         1
        265        -0.020576616959546   k=         1
        266        0.000681306773868   k=         1
        267        -0.000493194222260   k=         1
        268        -0.021564722971275   k=         1
        269        -0.066398924497920   k=         1
        270        0.000316423727974   k=         1
        271        0.001917803857612   k=         1
        272        0.003343679889069   k=         1
        273        0.010722784647009   k=         1
        274        -0.002586181035306   k=         1
        275        0.002444169196457   k=         1
        276        0.013106538251994   k=         1
        277        0.040480756901208   k=         1
        278        0.000252329802586   k=         1
        279        -0.001522714249235   k=         1
        280        -0.000370072230980   k=         1
        281        -0.001198146146415   k=         1
        282        -0.000285487406747   k=         1
        283        0.003543417616622   k=         1
        284        -0.008564692951360   k=         1
        285        -0.014993731025378   k=         1
        286        -0.000164940430877   k=         1
        287        0.003658687803307   k=         1
        288        -0.003536080328902   k=         1
        289        -0.016937480040816   k=         1
        290        0.000830176006807   k=         1
        291        0.001030167270926   k=         1
        292        -0.003015961904565   k=         1
        293        -0.003337282475471   k=         1
        294        -0.000488515492004   k=         1
        295        -0.002009794975651   k=         1
        296        -0.003033366017757   k=         1
        297        -0.003564357579062   k=         1
        298        0.000303862445399   k=         1
        299        -0.000386933349717   k=         1
        300        0.005798636449896   k=         1
        301        0.014559308157608   k=         1
        302        0.000359347800001   k=         1
        303        0.000660693034585   k=         1
        304        -0.005216477194299   k=         1
        305        0.015785122794311   k=         1
        306        0.000206409701822   k=         1
        307        -0.000775731730736   k=         1
        308        -0.004887136664634   k=         1
        309        -0.001225915348556   k=         1
        310        0.000040453368909   k=         1
        311        -0.000023959458012   k=         1
        312        0.006840950945017   k=         1
        313        -0.025323644364486   k=         1
        314        -0.000676444351449   k=         1
        315        0.000646776999542   k=         1
        316        0.002510722678069   k=         1
        317        -0.008852456817266   k=         1
        318        0.000236465939905   k=         1
        319        -0.000623145382784   k=         1
        320        0.000744553424721   k=         1
        321        -0.008654358834936   k=         1
        322        -0.000169719313970   k=         1
        323        0.000190765397615   k=         1
        324        -0.002581503628629   k=         1
        325        0.018299557775288   k=         1
        326        0.000429130404421   k=         1
        327        0.000345772304204   k=         1
        328        -0.005986661307297   k=         1
        329        0.015600197045577   k=         1
        330        0.000404333914009   k=         1
        331        -0.000663008054509   k=         1
        332        -0.005012790145571   k=         1
        333        0.018789533518822   k=         1
        334        -0.002098710894363   k=         1
        335        -0.001444514128440   k=         1
        336        0.008796772060249   k=         1
        337        -0.026083273987544   k=         1
        338        0.001162069949193   k=         1
        339        -0.001418499878135   k=         1
        340        0.005431062601247   k=         1
        341        -0.018237887609878   k=         1
        342        -0.000543691939044   k=         1
        343        -0.003202958650492   k=         1
        344        -0.012863723798461   k=         1
        345        0.035105546754872   k=         1
        346        0.000001993659129   k=         1
        347        -0.002541986702949   k=         1
        348        -0.005003365209610   k=         1
        349        0.021046146863752   k=         1
        350        0.000042729421559   k=         1
        351        -0.004580249574968   k=         1
        352        -0.005276926098545   k=         1
        353        0.019055371093451   k=         1
        354        -0.000018656598691   k=         1
        355        0.003902522025613   k=         1
        356        0.005160128331854   k=         1
        357        -0.020884988382392   k=         1
        358        -0.000035164245806   k=         1
        359        0.001684420156082   k=         1
        360        0.007012274549199   k=         1
        361        -0.021552826559584   k=         1
        362        -0.000646006543679   k=         1
        363        -0.000644743267182   k=         1
        364        0.014989314586621   k=         1
        365        -0.032988933579524   k=         1
        366        -0.000660928349151   k=         1
        367        0.000405714449570   k=         1
        368        -0.010501806706217   k=         1
        369        0.019211898540122   k=         1
        370        0.002331410316509   k=         1
        371        -0.004365674923188   k=         1
        372        -0.001442042884736   k=         1
        373        -0.008509362522191   k=         1
        374        0.041787896947803   k=         1
        375        0.122666142623998   k=         1
        376        -0.004066454505565   k=         1
        377        0.003310312435160   k=         1
        378        0.000727194696818   k=         1
        379        0.000877976959071   k=         1
        380        0.001255590575004   k=         1
        381        0.001252500553913   k=         1
        382        0.000194622509600   k=         1
        383        -0.001197282814413   k=         1
        384        -0.000794422543099   k=         1
        385        -0.000968959731527   k=         1
        386        -0.000491745538079   k=         1
        387        -0.000311412833870   k=         1
        388        0.000603409090986   k=         1
        389        0.000111943898084   k=         1
        390        0.001057013675841   k=         1
        391        -0.000445454565339   k=         1
        392        0.000007020078534   k=         1
        393        0.001467583893734   k=         1
        394        0.000692454414819   k=         1
        395        0.000575211365989   k=         1
        396        -0.000500321094505   k=         1
        397        -0.000262177437717   k=         1
        398        0.000602167057740   k=         1
        399        -0.000548420531277   k=         1
        400        -0.005100306718954   k=         1
        401        -0.012223092431341   k=         1
        402        0.027695722104761   k=         1
        403        0.000057414231357   k=         1
        404        0.003842126091746   k=         1
        405        0.009018033904211   k=         1
        406        -0.013902143763627   k=         1
        407        0.000369927962813   k=         1
        408        -0.002667878364751   k=         1
        409        0.013963707017415   k=         1
        410        -0.014836477916790   k=         1
        411        -0.000745407461006   k=         1
        412        0.000423170548264   k=         1
        413        0.010646134153297   k=         1
        414        -0.013577320637817   k=         1
        415        0.000090498842258   k=         1
        416        0.000813411620632   k=         1
        417        -0.002537775714895   k=         1
        418        0.003039455316968   k=         1
        419        -0.000330082385897   k=         1
        420        0.003058818378159   k=         1
        421        -0.005161895404125   k=         1
        422        0.005680561948039   k=         1
        423        -0.000317944036682   k=         1
        424        0.001880203551119   k=         1
        425        -0.012462145138901   k=         1
        426        0.015495534937564   k=         1
