# file_format= v0.04.05
       144       426
    188.97268778      0.00000000      0.00000000    0
      0.00000000    188.97268778      0.00000000    0
      0.00000000      0.00000000    188.97268778    0
 6
       4
     2     2     2     2
     0     1     1     1
 1.710E+00 1.625E+00 1.625E+00 1.625E+00
 0.000E+00 0.000E+00 0.000E+00 0.000E+00
 0.000E+00 0.000E+00 0.000E+00 0.000E+00
 0.000E+00 0.000E+00 0.000E+00 0.000E+00
      1.083660     -0.763646    -0.114098
 6
       4
     2     2     2     2
     0     1     1     1
 1.710E+00 1.625E+00 1.625E+00 1.625E+00
 0.000E+00 0.000E+00 0.000E+00 0.000E+00
 0.000E+00 0.000E+00 0.000E+00 0.000E+00
 0.000E+00 0.000E+00 0.000E+00 0.000E+00
      -0.800955     1.137579    0.542820
 6
       4
     2     2     2     2
     0     1     1     1
 1.710E+00 1.625E+00 1.625E+00 1.625E+00
 0.000E+00 0.000E+00 0.000E+00 0.000E+00
 0.000E+00 0.000E+00 0.000E+00 0.000E+00
 0.000E+00 0.000E+00 0.000E+00 0.000E+00
      0.075924     -3.106866    -0.797274
 6
       4
     2     2     2     2
     0     1     1     1
 1.710E+00 1.625E+00 1.625E+00 1.625E+00
 0.000E+00 0.000E+00 0.000E+00 0.000E+00
 0.000E+00 0.000E+00 0.000E+00 0.000E+00
 0.000E+00 0.000E+00 0.000E+00 0.000E+00
      -3.267266     0.526852    0.409230
 6
       4
     2     2     2     2
     0     1     1     1
 1.710E+00 1.625E+00 1.625E+00 1.625E+00
 0.000E+00 0.000E+00 0.000E+00 0.000E+00
 0.000E+00 0.000E+00 0.000E+00 0.000E+00
 0.000E+00 0.000E+00 0.000E+00 0.000E+00
      -4.215202     -1.687402    -0.364751
 6
       4
     2     2     2     2
     0     1     1     1
 1.710E+00 1.625E+00 1.625E+00 1.625E+00
 0.000E+00 0.000E+00 0.000E+00 0.000E+00
 0.000E+00 0.000E+00 0.000E+00 0.000E+00
 0.000E+00 0.000E+00 0.000E+00 0.000E+00
      -2.387742     -3.663461    -1.008530
 6
       4
     2     2     2     2
     0     1     1     1
 1.710E+00 1.625E+00 1.625E+00 1.625E+00
 0.000E+00 0.000E+00 0.000E+00 0.000E+00
 0.000E+00 0.000E+00 0.000E+00 0.000E+00
 0.000E+00 0.000E+00 0.000E+00 0.000E+00
      3.829622     -0.269949    0.002285
 6
       4
     2     2     2     2
     0     1     1     1
 1.710E+00 1.625E+00 1.625E+00 1.625E+00
 0.000E+00 0.000E+00 0.000E+00 0.000E+00
 0.000E+00 0.000E+00 0.000E+00 0.000E+00
 0.000E+00 0.000E+00 0.000E+00 0.000E+00
      5.963423     0.161925    -0.131489
 6
       4
     2     2     2     2
     0     1     1     1
 1.710E+00 1.625E+00 1.625E+00 1.625E+00
 0.000E+00 0.000E+00 0.000E+00 0.000E+00
 0.000E+00 0.000E+00 0.000E+00 0.000E+00
 0.000E+00 0.000E+00 0.000E+00 0.000E+00
      8.700692     0.317453    -0.000680
 6
       4
     2     2     2     2
     0     1     1     1
 1.710E+00 1.625E+00 1.625E+00 1.625E+00
 0.000E+00 0.000E+00 0.000E+00 0.000E+00
 0.000E+00 0.000E+00 0.000E+00 0.000E+00
 0.000E+00 0.000E+00 0.000E+00 0.000E+00
      9.814813     2.639883    -0.527887
 6
       4
     2     2     2     2
     0     1     1     1
 1.710E+00 1.625E+00 1.625E+00 1.625E+00
 0.000E+00 0.000E+00 0.000E+00 0.000E+00
 0.000E+00 0.000E+00 0.000E+00 0.000E+00
 0.000E+00 0.000E+00 0.000E+00 0.000E+00
      10.247655     -1.696345    0.660883
 6
       4
     2     2     2     2
     0     1     1     1
 1.710E+00 1.625E+00 1.625E+00 1.625E+00
 0.000E+00 0.000E+00 0.000E+00 0.000E+00
 0.000E+00 0.000E+00 0.000E+00 0.000E+00
 0.000E+00 0.000E+00 0.000E+00 0.000E+00
      12.439758     2.991875    -0.441909
 6
       4
     2     2     2     2
     0     1     1     1
 1.710E+00 1.625E+00 1.625E+00 1.625E+00
 0.000E+00 0.000E+00 0.000E+00 0.000E+00
 0.000E+00 0.000E+00 0.000E+00 0.000E+00
 0.000E+00 0.000E+00 0.000E+00 0.000E+00
      12.869754     -1.404087    0.736640
 6
       4
     2     2     2     2
     0     1     1     1
 1.710E+00 1.625E+00 1.625E+00 1.625E+00
 0.000E+00 0.000E+00 0.000E+00 0.000E+00
 0.000E+00 0.000E+00 0.000E+00 0.000E+00
 0.000E+00 0.000E+00 0.000E+00 0.000E+00
      14.029534     0.946084    0.317648
 6
       4
     2     2     2     2
     0     1     1     1
 1.710E+00 1.625E+00 1.625E+00 1.625E+00
 0.000E+00 0.000E+00 0.000E+00 0.000E+00
 0.000E+00 0.000E+00 0.000E+00 0.000E+00
 0.000E+00 0.000E+00 0.000E+00 0.000E+00
      16.835459     1.309656    0.453066
 6
       4
     2     2     2     2
     0     1     1     1
 1.710E+00 1.625E+00 1.625E+00 1.625E+00
 0.000E+00 0.000E+00 0.000E+00 0.000E+00
 0.000E+00 0.000E+00 0.000E+00 0.000E+00
 0.000E+00 0.000E+00 0.000E+00 0.000E+00
      19.020145     1.486500    0.323780
 6
       4
     2     2     2     2
     0     1     1     1
 1.710E+00 1.625E+00 1.625E+00 1.625E+00
 0.000E+00 0.000E+00 0.000E+00 0.000E+00
 0.000E+00 0.000E+00 0.000E+00 0.000E+00
 0.000E+00 0.000E+00 0.000E+00 0.000E+00
      21.828508     1.312696    0.213467
 6
       4
     2     2     2     2
     0     1     1     1
 1.710E+00 1.625E+00 1.625E+00 1.625E+00
 0.000E+00 0.000E+00 0.000E+00 0.000E+00
 0.000E+00 0.000E+00 0.000E+00 0.000E+00
 0.000E+00 0.000E+00 0.000E+00 0.000E+00
      23.154642     -0.611355    1.492296
 6
       4
     2     2     2     2
     0     1     1     1
 1.710E+00 1.625E+00 1.625E+00 1.625E+00
 0.000E+00 0.000E+00 0.000E+00 0.000E+00
 0.000E+00 0.000E+00 0.000E+00 0.000E+00
 0.000E+00 0.000E+00 0.000E+00 0.000E+00
      23.314553     2.977724    -1.189957
 6
       4
     2     2     2     2
     0     1     1     1
 1.710E+00 1.625E+00 1.625E+00 1.625E+00
 0.000E+00 0.000E+00 0.000E+00 0.000E+00
 0.000E+00 0.000E+00 0.000E+00 0.000E+00
 0.000E+00 0.000E+00 0.000E+00 0.000E+00
      26.040929     2.756770    -1.331100
 6
       4
     2     2     2     2
     0     1     1     1
 1.710E+00 1.625E+00 1.625E+00 1.625E+00
 0.000E+00 0.000E+00 0.000E+00 0.000E+00
 0.000E+00 0.000E+00 0.000E+00 0.000E+00
 0.000E+00 0.000E+00 0.000E+00 0.000E+00
      25.871093     -0.819117    1.434266
 6
       4
     2     2     2     2
     0     1     1     1
 1.710E+00 1.625E+00 1.625E+00 1.625E+00
 0.000E+00 0.000E+00 0.000E+00 0.000E+00
 0.000E+00 0.000E+00 0.000E+00 0.000E+00
 0.000E+00 0.000E+00 0.000E+00 0.000E+00
      27.350033     0.877275    0.014666
 6
       4
     2     2     2     2
     0     1     1     1
 1.710E+00 1.625E+00 1.625E+00 1.625E+00
 0.000E+00 0.000E+00 0.000E+00 0.000E+00
 0.000E+00 0.000E+00 0.000E+00 0.000E+00
 0.000E+00 0.000E+00 0.000E+00 0.000E+00
      30.114842     0.472660    -0.215019
 6
       4
     2     2     2     2
     0     1     1     1
 1.710E+00 1.625E+00 1.625E+00 1.625E+00
 0.000E+00 0.000E+00 0.000E+00 0.000E+00
 0.000E+00 0.000E+00 0.000E+00 0.000E+00
 0.000E+00 0.000E+00 0.000E+00 0.000E+00
      32.317672     0.156976    -0.139891
 6
       4
     2     2     2     2
     0     1     1     1
 1.710E+00 1.625E+00 1.625E+00 1.625E+00
 0.000E+00 0.000E+00 0.000E+00 0.000E+00
 0.000E+00 0.000E+00 0.000E+00 0.000E+00
 0.000E+00 0.000E+00 0.000E+00 0.000E+00
      35.180851     -0.127853    0.014332
 6
       4
     2     2     2     2
     0     1     1     1
 1.710E+00 1.625E+00 1.625E+00 1.625E+00
 0.000E+00 0.000E+00 0.000E+00 0.000E+00
 0.000E+00 0.000E+00 0.000E+00 0.000E+00
 0.000E+00 0.000E+00 0.000E+00 0.000E+00
      36.534280     -2.326674    0.643960
 6
       4
     2     2     2     2
     0     1     1     1
 1.710E+00 1.625E+00 1.625E+00 1.625E+00
 0.000E+00 0.000E+00 0.000E+00 0.000E+00
 0.000E+00 0.000E+00 0.000E+00 0.000E+00
 0.000E+00 0.000E+00 0.000E+00 0.000E+00
      36.538952     2.030027    -0.638752
 6
       4
     2     2     2     2
     0     1     1     1
 1.710E+00 1.625E+00 1.625E+00 1.625E+00
 0.000E+00 0.000E+00 0.000E+00 0.000E+00
 0.000E+00 0.000E+00 0.000E+00 0.000E+00
 0.000E+00 0.000E+00 0.000E+00 0.000E+00
      39.204125     1.959614    -0.596407
 6
       4
     2     2     2     2
     0     1     1     1
 1.710E+00 1.625E+00 1.625E+00 1.625E+00
 0.000E+00 0.000E+00 0.000E+00 0.000E+00
 0.000E+00 0.000E+00 0.000E+00 0.000E+00
 0.000E+00 0.000E+00 0.000E+00 0.000E+00
      39.142975     -2.419203    0.666584
 6
       4
     2     2     2     2
     0     1     1     1
 1.710E+00 1.625E+00 1.625E+00 1.625E+00
 0.000E+00 0.000E+00 0.000E+00 0.000E+00
 0.000E+00 0.000E+00 0.000E+00 0.000E+00
 0.000E+00 0.000E+00 0.000E+00 0.000E+00
      40.528874     -0.242450    0.002712
 6
       4
     2     2     2     2
     0     1     1     1
 1.710E+00 1.625E+00 1.625E+00 1.625E+00
 0.000E+00 0.000E+00 0.000E+00 0.000E+00
 0.000E+00 0.000E+00 0.000E+00 0.000E+00
 0.000E+00 0.000E+00 0.000E+00 0.000E+00
      43.333734     -0.231936    -0.252660
 6
       4
     2     2     2     2
     0     1     1     1
 1.710E+00 1.625E+00 1.625E+00 1.625E+00
 0.000E+00 0.000E+00 0.000E+00 0.000E+00
 0.000E+00 0.000E+00 0.000E+00 0.000E+00
 0.000E+00 0.000E+00 0.000E+00 0.000E+00
      45.492133     -0.615467    -0.319349
 6
       4
     2     2     2     2
     0     1     1     1
 1.710E+00 1.625E+00 1.625E+00 1.625E+00
 0.000E+00 0.000E+00 0.000E+00 0.000E+00
 0.000E+00 0.000E+00 0.000E+00 0.000E+00
 0.000E+00 0.000E+00 0.000E+00 0.000E+00
      48.242747     -0.598714    -0.329617
 6
       4
     2     2     2     2
     0     1     1     1
 1.710E+00 1.625E+00 1.625E+00 1.625E+00
 0.000E+00 0.000E+00 0.000E+00 0.000E+00
 0.000E+00 0.000E+00 0.000E+00 0.000E+00
 0.000E+00 0.000E+00 0.000E+00 0.000E+00
      49.752035     -2.430734    0.871774
 6
       4
     2     2     2     2
     0     1     1     1
 1.710E+00 1.625E+00 1.625E+00 1.625E+00
 0.000E+00 0.000E+00 0.000E+00 0.000E+00
 0.000E+00 0.000E+00 0.000E+00 0.000E+00
 0.000E+00 0.000E+00 0.000E+00 0.000E+00
      49.540567     1.554114    -1.415809
 6
       4
     2     2     2     2
     0     1     1     1
 1.710E+00 1.625E+00 1.625E+00 1.625E+00
 0.000E+00 0.000E+00 0.000E+00 0.000E+00
 0.000E+00 0.000E+00 0.000E+00 0.000E+00
 0.000E+00 0.000E+00 0.000E+00 0.000E+00
      52.087700     1.881234    -1.339459
 6
       4
     2     2     2     2
     0     1     1     1
 1.710E+00 1.625E+00 1.625E+00 1.625E+00
 0.000E+00 0.000E+00 0.000E+00 0.000E+00
 0.000E+00 0.000E+00 0.000E+00 0.000E+00
 0.000E+00 0.000E+00 0.000E+00 0.000E+00
      52.450031     -2.276094    0.768474
 6
       4
     2     2     2     2
     0     1     1     1
 1.710E+00 1.625E+00 1.625E+00 1.625E+00
 0.000E+00 0.000E+00 0.000E+00 0.000E+00
 0.000E+00 0.000E+00 0.000E+00 0.000E+00
 0.000E+00 0.000E+00 0.000E+00 0.000E+00
      53.685246     -0.086158    -0.083246
 6
       4
     2     2     2     2
     0     1     1     1
 1.710E+00 1.625E+00 1.625E+00 1.625E+00
 0.000E+00 0.000E+00 0.000E+00 0.000E+00
 0.000E+00 0.000E+00 0.000E+00 0.000E+00
 0.000E+00 0.000E+00 0.000E+00 0.000E+00
      56.390011     0.194840    -0.064018
 1
       1
     1
     0
 1.300E+00
 0.000E+00
 0.000E+00
 0.000E+00
      -4.805881     1.951752    0.903419
 1
       1
     1
     0
 1.300E+00
 0.000E+00
 0.000E+00
 0.000E+00
      0.024963     2.993014    0.969414
 1
       1
     1
     0
 1.300E+00
 0.000E+00
 0.000E+00
 0.000E+00
      -5.812667     -2.139916    -0.703751
 1
       1
     1
     0
 1.300E+00
 0.000E+00
 0.000E+00
 0.000E+00
      -3.046803     -5.500272    -1.739349
 1
       1
     1
     0
 1.300E+00
 0.000E+00
 0.000E+00
 0.000E+00
      1.538437     -4.661066    -1.275180
 1
       1
     1
     0
 1.300E+00
 0.000E+00
 0.000E+00
 0.000E+00
      8.726430     4.397536    -1.094414
 1
       1
     1
     0
 1.300E+00
 0.000E+00
 0.000E+00
 0.000E+00
      9.416796     -3.617553    1.124837
 1
       1
     1
     0
 1.300E+00
 0.000E+00
 0.000E+00
 0.000E+00
      13.196883     4.945498    -0.768604
 1
       1
     1
     0
 1.300E+00
 0.000E+00
 0.000E+00
 0.000E+00
      14.029375     -3.163101    1.162164
 1
       1
     1
     0
 1.300E+00
 0.000E+00
 0.000E+00
 0.000E+00
      22.345352     4.556407    -2.300757
 1
       1
     1
     0
 1.300E+00
 0.000E+00
 0.000E+00
 0.000E+00
      27.006917     4.077258    -2.631058
 1
       1
     1
     0
 1.300E+00
 0.000E+00
 0.000E+00
 0.000E+00
      22.099399     -2.130696    2.546874
 1
       1
     1
     0
 1.300E+00
 0.000E+00
 0.000E+00
 0.000E+00
      26.858600     -2.341626    2.548656
 1
       1
     1
     0
 1.300E+00
 0.000E+00
 0.000E+00
 0.000E+00
      35.587908     3.804024    -1.170201
 1
       1
     1
     0
 1.300E+00
 0.000E+00
 0.000E+00
 0.000E+00
      35.351809     -4.075103    0.988395
 1
       1
     1
     0
 1.300E+00
 0.000E+00
 0.000E+00
 0.000E+00
      40.272606     3.751206    -1.193761
 1
       1
     1
     0
 1.300E+00
 0.000E+00
 0.000E+00
 0.000E+00
      40.308469     -4.133715    1.228845
 1
       1
     1
     0
 1.300E+00
 0.000E+00
 0.000E+00
 0.000E+00
      48.156471     2.878472    -2.414766
 1
       1
     1
     0
 1.300E+00
 0.000E+00
 0.000E+00
 0.000E+00
      48.864283     -4.212691    1.713517
 1
       1
     1
     0
 1.300E+00
 0.000E+00
 0.000E+00
 0.000E+00
      53.272228     3.581424    -2.011725
 1
       1
     1
     0
 1.300E+00
 0.000E+00
 0.000E+00
 0.000E+00
      53.590668     -3.899845    1.473363
 1
       1
     1
     0
 1.300E+00
 0.000E+00
 0.000E+00
 0.000E+00
      61.624029     4.247072    -1.423903
 1
       1
     1
     0
 1.300E+00
 0.000E+00
 0.000E+00
 0.000E+00
      61.720252     -3.626469    0.990787
 6
       4
     2     2     2     2
     0     1     1     1
 1.710E+00 1.625E+00 1.625E+00 1.625E+00
 0.000E+00 0.000E+00 0.000E+00 0.000E+00
 0.000E+00 0.000E+00 0.000E+00 0.000E+00
 0.000E+00 0.000E+00 0.000E+00 0.000E+00
      69.796024     0.368151    -0.280811
 1
       1
     1
     0
 1.300E+00
 0.000E+00
 0.000E+00
 0.000E+00
      66.380214     4.264335    -1.599560
 1
       1
     1
     0
 1.300E+00
 0.000E+00
 0.000E+00
 0.000E+00
      66.789857     -3.383292    1.079980
 6
       4
     2     2     2     2
     0     1     1     1
 1.710E+00 1.625E+00 1.625E+00 1.625E+00
 0.000E+00 0.000E+00 0.000E+00 0.000E+00
 0.000E+00 0.000E+00 0.000E+00 0.000E+00
 0.000E+00 0.000E+00 0.000E+00 0.000E+00
      58.635523     0.147582    -0.077135
 6
       4
     2     2     2     2
     0     1     1     1
 1.710E+00 1.625E+00 1.625E+00 1.625E+00
 0.000E+00 0.000E+00 0.000E+00 0.000E+00
 0.000E+00 0.000E+00 0.000E+00 0.000E+00
 0.000E+00 0.000E+00 0.000E+00 0.000E+00
      61.433626     0.343174    -0.224224
 6
       4
     2     2     2     2
     0     1     1     1
 1.710E+00 1.625E+00 1.625E+00 1.625E+00
 0.000E+00 0.000E+00 0.000E+00 0.000E+00
 0.000E+00 0.000E+00 0.000E+00 0.000E+00
 0.000E+00 0.000E+00 0.000E+00 0.000E+00
      62.975818     -1.938437    0.541344
 6
       4
     2     2     2     2
     0     1     1     1
 1.710E+00 1.625E+00 1.625E+00 1.625E+00
 0.000E+00 0.000E+00 0.000E+00 0.000E+00
 0.000E+00 0.000E+00 0.000E+00 0.000E+00
 0.000E+00 0.000E+00 0.000E+00 0.000E+00
      62.778799     2.502757    -0.825438
 6
       4
     2     2     2     2
     0     1     1     1
 1.710E+00 1.625E+00 1.625E+00 1.625E+00
 0.000E+00 0.000E+00 0.000E+00 0.000E+00
 0.000E+00 0.000E+00 0.000E+00 0.000E+00
 0.000E+00 0.000E+00 0.000E+00 0.000E+00
      65.486922     2.526155    -0.881145
 6
       4
     2     2     2     2
     0     1     1     1
 1.710E+00 1.625E+00 1.625E+00 1.625E+00
 0.000E+00 0.000E+00 0.000E+00 0.000E+00
 0.000E+00 0.000E+00 0.000E+00 0.000E+00
 0.000E+00 0.000E+00 0.000E+00 0.000E+00
      65.471250     -1.881107    0.486839
 6
       4
     2     2     2     2
     0     1     1     1
 1.710E+00 1.625E+00 1.625E+00 1.625E+00
 0.000E+00 0.000E+00 0.000E+00 0.000E+00
 0.000E+00 0.000E+00 0.000E+00 0.000E+00
 0.000E+00 0.000E+00 0.000E+00 0.000E+00
      66.919769     0.423391    -0.176389
 6
       4
     2     2     2     2
     0     1     1     1
 1.710E+00 1.625E+00 1.625E+00 1.625E+00
 0.000E+00 0.000E+00 0.000E+00 0.000E+00
 0.000E+00 0.000E+00 0.000E+00 0.000E+00
 0.000E+00 0.000E+00 0.000E+00 0.000E+00
      80.071470     -0.181495    0.604724
 6
       4
     2     2     2     2
     0     1     1     1
 1.710E+00 1.625E+00 1.625E+00 1.625E+00
 0.000E+00 0.000E+00 0.000E+00 0.000E+00
 0.000E+00 0.000E+00 0.000E+00 0.000E+00
 0.000E+00 0.000E+00 0.000E+00 0.000E+00
      78.894781     2.138212    0.083841
 6
       4
     2     2     2     2
     0     1     1     1
 1.710E+00 1.625E+00 1.625E+00 1.625E+00
 0.000E+00 0.000E+00 0.000E+00 0.000E+00
 0.000E+00 0.000E+00 0.000E+00 0.000E+00
 0.000E+00 0.000E+00 0.000E+00 0.000E+00
      78.584242     -2.375890    0.954799
 6
       4
     2     2     2     2
     0     1     1     1
 1.710E+00 1.625E+00 1.625E+00 1.625E+00
 0.000E+00 0.000E+00 0.000E+00 0.000E+00
 0.000E+00 0.000E+00 0.000E+00 0.000E+00
 0.000E+00 0.000E+00 0.000E+00 0.000E+00
      76.282813     2.274945    -0.094910
 6
       4
     2     2     2     2
     0     1     1     1
 1.710E+00 1.625E+00 1.625E+00 1.625E+00
 0.000E+00 0.000E+00 0.000E+00 0.000E+00
 0.000E+00 0.000E+00 0.000E+00 0.000E+00
 0.000E+00 0.000E+00 0.000E+00 0.000E+00
      74.756717     0.042111    0.253516
 6
       4
     2     2     2     2
     0     1     1     1
 1.710E+00 1.625E+00 1.625E+00 1.625E+00
 0.000E+00 0.000E+00 0.000E+00 0.000E+00
 0.000E+00 0.000E+00 0.000E+00 0.000E+00
 0.000E+00 0.000E+00 0.000E+00 0.000E+00
      75.963663     -2.222191    0.809349
 6
       4
     2     2     2     2
     0     1     1     1
 1.710E+00 1.625E+00 1.625E+00 1.625E+00
 0.000E+00 0.000E+00 0.000E+00 0.000E+00
 0.000E+00 0.000E+00 0.000E+00 0.000E+00
 0.000E+00 0.000E+00 0.000E+00 0.000E+00
      82.884049     -0.184093    0.615348
 6
       4
     2     2     2     2
     0     1     1     1
 1.710E+00 1.625E+00 1.625E+00 1.625E+00
 0.000E+00 0.000E+00 0.000E+00 0.000E+00
 0.000E+00 0.000E+00 0.000E+00 0.000E+00
 0.000E+00 0.000E+00 0.000E+00 0.000E+00
      85.078656     -0.138806    0.421396
 6
       4
     2     2     2     2
     0     1     1     1
 1.710E+00 1.625E+00 1.625E+00 1.625E+00
 0.000E+00 0.000E+00 0.000E+00 0.000E+00
 0.000E+00 0.000E+00 0.000E+00 0.000E+00
 0.000E+00 0.000E+00 0.000E+00 0.000E+00
      87.831883     0.074234    0.004220
 6
       4
     2     2     2     2
     0     1     1     1
 1.710E+00 1.625E+00 1.625E+00 1.625E+00
 0.000E+00 0.000E+00 0.000E+00 0.000E+00
 0.000E+00 0.000E+00 0.000E+00 0.000E+00
 0.000E+00 0.000E+00 0.000E+00 0.000E+00
      89.068000     2.312994    -0.816415
 6
       4
     2     2     2     2
     0     1     1     1
 1.710E+00 1.625E+00 1.625E+00 1.625E+00
 0.000E+00 0.000E+00 0.000E+00 0.000E+00
 0.000E+00 0.000E+00 0.000E+00 0.000E+00
 0.000E+00 0.000E+00 0.000E+00 0.000E+00
      89.299757     -2.091929    0.587204
 6
       4
     2     2     2     2
     0     1     1     1
 1.710E+00 1.625E+00 1.625E+00 1.625E+00
 0.000E+00 0.000E+00 0.000E+00 0.000E+00
 0.000E+00 0.000E+00 0.000E+00 0.000E+00
 0.000E+00 0.000E+00 0.000E+00 0.000E+00
      91.756706     2.348068    -0.967028
 6
       4
     2     2     2     2
     0     1     1     1
 1.710E+00 1.625E+00 1.625E+00 1.625E+00
 0.000E+00 0.000E+00 0.000E+00 0.000E+00
 0.000E+00 0.000E+00 0.000E+00 0.000E+00
 0.000E+00 0.000E+00 0.000E+00 0.000E+00
      91.929804     -1.958223    0.557921
 6
       4
     2     2     2     2
     0     1     1     1
 1.710E+00 1.625E+00 1.625E+00 1.625E+00
 0.000E+00 0.000E+00 0.000E+00 0.000E+00
 0.000E+00 0.000E+00 0.000E+00 0.000E+00
 0.000E+00 0.000E+00 0.000E+00 0.000E+00
      93.221271     0.257124    -0.102769
 6
       4
     2     2     2     2
     0     1     1     1
 1.710E+00 1.625E+00 1.625E+00 1.625E+00
 0.000E+00 0.000E+00 0.000E+00 0.000E+00
 0.000E+00 0.000E+00 0.000E+00 0.000E+00
 0.000E+00 0.000E+00 0.000E+00 0.000E+00
      96.060296     0.278861    -0.241807
 6
       4
     2     2     2     2
     0     1     1     1
 1.710E+00 1.625E+00 1.625E+00 1.625E+00
 0.000E+00 0.000E+00 0.000E+00 0.000E+00
 0.000E+00 0.000E+00 0.000E+00 0.000E+00
 0.000E+00 0.000E+00 0.000E+00 0.000E+00
      98.264092     0.395703    -0.235329
 6
       4
     2     2     2     2
     0     1     1     1
 1.710E+00 1.625E+00 1.625E+00 1.625E+00
 0.000E+00 0.000E+00 0.000E+00 0.000E+00
 0.000E+00 0.000E+00 0.000E+00 0.000E+00
 0.000E+00 0.000E+00 0.000E+00 0.000E+00
      101.077839     0.508805    -0.082007
 6
       4
     2     2     2     2
     0     1     1     1
 1.710E+00 1.625E+00 1.625E+00 1.625E+00
 0.000E+00 0.000E+00 0.000E+00 0.000E+00
 0.000E+00 0.000E+00 0.000E+00 0.000E+00
 0.000E+00 0.000E+00 0.000E+00 0.000E+00
      102.484506     -1.633802    0.722335
 6
       4
     2     2     2     2
     0     1     1     1
 1.710E+00 1.625E+00 1.625E+00 1.625E+00
 0.000E+00 0.000E+00 0.000E+00 0.000E+00
 0.000E+00 0.000E+00 0.000E+00 0.000E+00
 0.000E+00 0.000E+00 0.000E+00 0.000E+00
      102.416506     2.734726    -0.780200
 6
       4
     2     2     2     2
     0     1     1     1
 1.710E+00 1.625E+00 1.625E+00 1.625E+00
 0.000E+00 0.000E+00 0.000E+00 0.000E+00
 0.000E+00 0.000E+00 0.000E+00 0.000E+00
 0.000E+00 0.000E+00 0.000E+00 0.000E+00
      104.950583     3.016120    -0.416019
 6
       4
     2     2     2     2
     0     1     1     1
 1.710E+00 1.625E+00 1.625E+00 1.625E+00
 0.000E+00 0.000E+00 0.000E+00 0.000E+00
 0.000E+00 0.000E+00 0.000E+00 0.000E+00
 0.000E+00 0.000E+00 0.000E+00 0.000E+00
      105.141793     -1.444939    0.968568
 6
       4
     2     2     2     2
     0     1     1     1
 1.710E+00 1.625E+00 1.625E+00 1.625E+00
 0.000E+00 0.000E+00 0.000E+00 0.000E+00
 0.000E+00 0.000E+00 0.000E+00 0.000E+00
 0.000E+00 0.000E+00 0.000E+00 0.000E+00
      106.444404     0.847631    0.325545
 6
       4
     2     2     2     2
     0     1     1     1
 1.710E+00 1.625E+00 1.625E+00 1.625E+00
 0.000E+00 0.000E+00 0.000E+00 0.000E+00
 0.000E+00 0.000E+00 0.000E+00 0.000E+00
 0.000E+00 0.000E+00 0.000E+00 0.000E+00
      109.250642     0.989831    0.230280
 6
       4
     2     2     2     2
     0     1     1     1
 1.710E+00 1.625E+00 1.625E+00 1.625E+00
 0.000E+00 0.000E+00 0.000E+00 0.000E+00
 0.000E+00 0.000E+00 0.000E+00 0.000E+00
 0.000E+00 0.000E+00 0.000E+00 0.000E+00
      111.469947     1.013965    0.121844
 6
       4
     2     2     2     2
     0     1     1     1
 1.710E+00 1.625E+00 1.625E+00 1.625E+00
 0.000E+00 0.000E+00 0.000E+00 0.000E+00
 0.000E+00 0.000E+00 0.000E+00 0.000E+00
 0.000E+00 0.000E+00 0.000E+00 0.000E+00
      114.335378     0.813826    -0.172800
 6
       4
     2     2     2     2
     0     1     1     1
 1.710E+00 1.625E+00 1.625E+00 1.625E+00
 0.000E+00 0.000E+00 0.000E+00 0.000E+00
 0.000E+00 0.000E+00 0.000E+00 0.000E+00
 0.000E+00 0.000E+00 0.000E+00 0.000E+00
      115.507422     -1.483176    -0.737976
 6
       4
     2     2     2     2
     0     1     1     1
 1.710E+00 1.625E+00 1.625E+00 1.625E+00
 0.000E+00 0.000E+00 0.000E+00 0.000E+00
 0.000E+00 0.000E+00 0.000E+00 0.000E+00
 0.000E+00 0.000E+00 0.000E+00 0.000E+00
      115.893357     2.915653    0.403691
 6
       4
     2     2     2     2
     0     1     1     1
 1.710E+00 1.625E+00 1.625E+00 1.625E+00
 0.000E+00 0.000E+00 0.000E+00 0.000E+00
 0.000E+00 0.000E+00 0.000E+00 0.000E+00
 0.000E+00 0.000E+00 0.000E+00 0.000E+00
      118.497218     2.706704    0.556972
 6
       4
     2     2     2     2
     0     1     1     1
 1.710E+00 1.625E+00 1.625E+00 1.625E+00
 0.000E+00 0.000E+00 0.000E+00 0.000E+00
 0.000E+00 0.000E+00 0.000E+00 0.000E+00
 0.000E+00 0.000E+00 0.000E+00 0.000E+00
      118.164691     -1.769696    -0.513567
 6
       4
     2     2     2     2
     0     1     1     1
 1.710E+00 1.625E+00 1.625E+00 1.625E+00
 0.000E+00 0.000E+00 0.000E+00 0.000E+00
 0.000E+00 0.000E+00 0.000E+00 0.000E+00
 0.000E+00 0.000E+00 0.000E+00 0.000E+00
      119.723358     0.408731    0.064948
 6
       4
     2     2     2     2
     0     1     1     1
 1.710E+00 1.625E+00 1.625E+00 1.625E+00
 0.000E+00 0.000E+00 0.000E+00 0.000E+00
 0.000E+00 0.000E+00 0.000E+00 0.000E+00
 0.000E+00 0.000E+00 0.000E+00 0.000E+00
      122.521327     0.136232    0.039282
 6
       4
     2     2     2     2
     0     1     1     1
 1.710E+00 1.625E+00 1.625E+00 1.625E+00
 0.000E+00 0.000E+00 0.000E+00 0.000E+00
 0.000E+00 0.000E+00 0.000E+00 0.000E+00
 0.000E+00 0.000E+00 0.000E+00 0.000E+00
      124.754430     0.110033    -0.034019
 6
       4
     2     2     2     2
     0     1     1     1
 1.710E+00 1.625E+00 1.625E+00 1.625E+00
 0.000E+00 0.000E+00 0.000E+00 0.000E+00
 0.000E+00 0.000E+00 0.000E+00 0.000E+00
 0.000E+00 0.000E+00 0.000E+00 0.000E+00
      127.475354     -0.007068    -0.146618
 6
       4
     2     2     2     2
     0     1     1     1
 1.710E+00 1.625E+00 1.625E+00 1.625E+00
 0.000E+00 0.000E+00 0.000E+00 0.000E+00
 0.000E+00 0.000E+00 0.000E+00 0.000E+00
 0.000E+00 0.000E+00 0.000E+00 0.000E+00
      128.680625     -2.304988    -0.943287
 6
       4
     2     2     2     2
     0     1     1     1
 1.710E+00 1.625E+00 1.625E+00 1.625E+00
 0.000E+00 0.000E+00 0.000E+00 0.000E+00
 0.000E+00 0.000E+00 0.000E+00 0.000E+00
 0.000E+00 0.000E+00 0.000E+00 0.000E+00
      128.983244     2.062933    0.652536
 6
       4
     2     2     2     2
     0     1     1     1
 1.710E+00 1.625E+00 1.625E+00 1.625E+00
 0.000E+00 0.000E+00 0.000E+00 0.000E+00
 0.000E+00 0.000E+00 0.000E+00 0.000E+00
 0.000E+00 0.000E+00 0.000E+00 0.000E+00
      131.618495     1.811686    0.814360
 6
       4
     2     2     2     2
     0     1     1     1
 1.710E+00 1.625E+00 1.625E+00 1.625E+00
 0.000E+00 0.000E+00 0.000E+00 0.000E+00
 0.000E+00 0.000E+00 0.000E+00 0.000E+00
 0.000E+00 0.000E+00 0.000E+00 0.000E+00
      131.274979     -2.539727    -0.828063
 6
       4
     2     2     2     2
     0     1     1     1
 1.710E+00 1.625E+00 1.625E+00 1.625E+00
 0.000E+00 0.000E+00 0.000E+00 0.000E+00
 0.000E+00 0.000E+00 0.000E+00 0.000E+00
 0.000E+00 0.000E+00 0.000E+00 0.000E+00
      132.748789     -0.483783    0.052856
 6
       4
     2     2     2     2
     0     1     1     1
 1.710E+00 1.625E+00 1.625E+00 1.625E+00
 0.000E+00 0.000E+00 0.000E+00 0.000E+00
 0.000E+00 0.000E+00 0.000E+00 0.000E+00
 0.000E+00 0.000E+00 0.000E+00 0.000E+00
      135.440309     -0.814200    0.315199
 1
       1
     1
     0
 1.300E+00
 0.000E+00
 0.000E+00
 0.000E+00
      75.362076     4.105543    -0.454292
 1
       1
     1
     0
 1.300E+00
 0.000E+00
 0.000E+00
 0.000E+00
      79.996725     3.934806    -0.322879
 6
       4
     2     2     2     2
     0     1     1     1
 1.710E+00 1.625E+00 1.625E+00 1.625E+00
 0.000E+00 0.000E+00 0.000E+00 0.000E+00
 0.000E+00 0.000E+00 0.000E+00 0.000E+00
 0.000E+00 0.000E+00 0.000E+00 0.000E+00
      71.955554     0.300846    -0.005061
 1
       1
     1
     0
 1.300E+00
 0.000E+00
 0.000E+00
 0.000E+00
      74.773071     -3.944098    1.000102
 1
       1
     1
     0
 1.300E+00
 0.000E+00
 0.000E+00
 0.000E+00
      79.744014     -4.158104    1.528046
 1
       1
     1
     0
 1.300E+00
 0.000E+00
 0.000E+00
 0.000E+00
      87.850011     3.970084    -1.357978
 1
       1
     1
     0
 1.300E+00
 0.000E+00
 0.000E+00
 0.000E+00
      88.296270     -3.883090    1.115311
 1
       1
     1
     0
 1.300E+00
 0.000E+00
 0.000E+00
 0.000E+00
      92.799031     4.109268    -1.638009
 1
       1
     1
     0
 1.300E+00
 0.000E+00
 0.000E+00
 0.000E+00
      93.154411     -3.590786    1.177452
 1
       1
     1
     0
 1.300E+00
 0.000E+00
 0.000E+00
 0.000E+00
      101.176827     4.343851    -1.459991
 1
       1
     1
     0
 1.300E+00
 0.000E+00
 0.000E+00
 0.000E+00
      106.180948     4.715985    -0.828246
 1
       1
     1
     0
 1.300E+00
 0.000E+00
 0.000E+00
 0.000E+00
      101.509345     -3.475648    1.199694
 1
       1
     1
     0
 1.300E+00
 0.000E+00
 0.000E+00
 0.000E+00
      106.251441     -3.159337    1.604324
 1
       1
     1
     0
 1.300E+00
 0.000E+00
 0.000E+00
 0.000E+00
      114.931252     4.787967    0.765655
 1
       1
     1
     0
 1.300E+00
 0.000E+00
 0.000E+00
 0.000E+00
      114.414318     -3.282373    -1.200802
 1
       1
     1
     0
 1.300E+00
 0.000E+00
 0.000E+00
 0.000E+00
      119.692077     4.356829    1.158213
 1
       1
     1
     0
 1.300E+00
 0.000E+00
 0.000E+00
 0.000E+00
      118.970270     -3.721934    -0.913647
 1
       1
     1
     0
 1.300E+00
 0.000E+00
 0.000E+00
 0.000E+00
      128.164119     3.895492    1.380912
 1
       1
     1
     0
 1.300E+00
 0.000E+00
 0.000E+00
 0.000E+00
      127.389509     -3.848242    -1.699423
 1
       1
     1
     0
 1.300E+00
 0.000E+00
 0.000E+00
 0.000E+00
      132.764633     3.389505    1.561758
 1
       1
     1
     0
 1.300E+00
 0.000E+00
 0.000E+00
 0.000E+00
      132.396567     -4.325908    -1.355842
 1
       1
     1
     0
 1.300E+00
 0.000E+00
 0.000E+00
 0.000E+00
      140.963171     1.792651    3.148327
 1
       1
     1
     0
 1.300E+00
 0.000E+00
 0.000E+00
 0.000E+00
      140.944151     -4.623364    -2.300331
 1
       1
     1
     0
 1.300E+00
 0.000E+00
 0.000E+00
 0.000E+00
      147.733558     -1.329097    0.183211
 1
       1
     1
     0
 1.300E+00
 0.000E+00
 0.000E+00
 0.000E+00
      145.340952     1.846376    3.120830
 1
       1
     1
     0
 1.300E+00
 0.000E+00
 0.000E+00
 0.000E+00
      145.344521     -4.639746    -2.339462
 6
       4
     2     2     2     2
     0     1     1     1
 1.710E+00 1.625E+00 1.625E+00 1.625E+00
 0.000E+00 0.000E+00 0.000E+00 0.000E+00
 0.000E+00 0.000E+00 0.000E+00 0.000E+00
 0.000E+00 0.000E+00 0.000E+00 0.000E+00
      137.585720     -1.082208    0.402198
 6
       4
     2     2     2     2
     0     1     1     1
 1.710E+00 1.625E+00 1.625E+00 1.625E+00
 0.000E+00 0.000E+00 0.000E+00 0.000E+00
 0.000E+00 0.000E+00 0.000E+00 0.000E+00
 0.000E+00 0.000E+00 0.000E+00 0.000E+00
      140.448893     -1.230981    0.395344
 6
       4
     2     2     2     2
     0     1     1     1
 1.710E+00 1.625E+00 1.625E+00 1.625E+00
 0.000E+00 0.000E+00 0.000E+00 0.000E+00
 0.000E+00 0.000E+00 0.000E+00 0.000E+00
 0.000E+00 0.000E+00 0.000E+00 0.000E+00
      141.798536     -3.071394    -1.144641
 6
       4
     2     2     2     2
     0     1     1     1
 1.710E+00 1.625E+00 1.625E+00 1.625E+00
 0.000E+00 0.000E+00 0.000E+00 0.000E+00
 0.000E+00 0.000E+00 0.000E+00 0.000E+00
 0.000E+00 0.000E+00 0.000E+00 0.000E+00
      141.833320     0.410454    1.865976
 6
       4
     2     2     2     2
     0     1     1     1
 1.710E+00 1.625E+00 1.625E+00 1.625E+00
 0.000E+00 0.000E+00 0.000E+00 0.000E+00
 0.000E+00 0.000E+00 0.000E+00 0.000E+00
 0.000E+00 0.000E+00 0.000E+00 0.000E+00
      144.523898     0.394962    1.687045
 6
       4
     2     2     2     2
     0     1     1     1
 1.710E+00 1.625E+00 1.625E+00 1.625E+00
 0.000E+00 0.000E+00 0.000E+00 0.000E+00
 0.000E+00 0.000E+00 0.000E+00 0.000E+00
 0.000E+00 0.000E+00 0.000E+00 0.000E+00
      144.469720     -3.015910    -1.211409
 6
       4
     2     2     2     2
     0     1     1     1
 1.710E+00 1.625E+00 1.625E+00 1.625E+00
 0.000E+00 0.000E+00 0.000E+00 0.000E+00
 0.000E+00 0.000E+00 0.000E+00 0.000E+00
 0.000E+00 0.000E+00 0.000E+00 0.000E+00
      145.737717     -1.240220    0.230473
# LCAO coefficients .. are not included.
         1
        1        0.000023717888574   k=         1
        2        -0.000307772840179   k=         1
        3        0.002485318368213   k=         1
        4        -0.013744938536043   k=         1
        5        -0.000409349762212   k=         1
        6        -0.002389818505593   k=         1
        7        0.004645092568026   k=         1
        8        -0.012995986230475   k=         1
        9        0.000542083501431   k=         1
        10        0.000407881117532   k=         1
        11        0.003644245641888   k=         1
        12        -0.006787889481812   k=         1
        13        0.000179460047347   k=         1
        14        0.000826111114604   k=         1
        15        -0.001024214431900   k=         1
        16        0.002944890752613   k=         1
        17        0.000135922562867   k=         1
        18        -0.001706715598316   k=         1
        19        -0.005068874375932   k=         1
        20        0.014897304386669   k=         1
        21        -0.000217200394164   k=         1
        22        0.000001235698242   k=         1
        23        -0.003324069743949   k=         1
        24        0.007182753707225   k=         1
        25        0.000673117345671   k=         1
        26        -0.000149058884537   k=         1
        27        0.002050603089354   k=         1
        28        0.014194940710105   k=         1
        29        -0.000739976346112   k=         1
        30        -0.000023499060427   k=         1
        31        -0.000352466722489   k=         1
        32        0.013351036334825   k=         1
        33        0.000199704899709   k=         1
        34        0.000988999050944   k=         1
        35        -0.003538703482442   k=         1
        36        -0.015378723916496   k=         1
        37        0.000115320801644   k=         1
        38        -0.000193059887177   k=         1
        39        -0.003482840006299   k=         1
        40        -0.010514513268429   k=         1
        41        -0.000529591067360   k=         1
        42        0.000775245015286   k=         1
        43        -0.003802223992607   k=         1
        44        -0.011007985064502   k=         1
        45        -0.000209271661181   k=         1
        46        -0.000182815444894   k=         1
        47        0.001907504743945   k=         1
        48        0.008326152955676   k=         1
        49        0.000060526130518   k=         1
        50        -0.000218919492288   k=         1
        51        0.001801691481244   k=         1
        52        0.008186174428568   k=         1
        53        0.000212725480413   k=         1
        54        -0.003197799979125   k=         1
        55        0.004573230931871   k=         1
        56        0.017638092557122   k=         1
        57        -0.000333041428515   k=         1
        58        0.001005702766323   k=         1
        59        -0.000549243005724   k=         1
        60        -0.004229717595362   k=         1
        61        -0.000003058279148   k=         1
        62        -0.001651715433320   k=         1
        63        -0.003791079548745   k=         1
        64        -0.012036113503045   k=         1
        65        -0.000107699716846   k=         1
        66        0.000617043935334   k=         1
        67        -0.002173251713084   k=         1
        68        -0.002449938762644   k=         1
        69        0.000048765307966   k=         1
        70        -0.001476693161941   k=         1
        71        0.003665151804126   k=         1
        72        0.004346925190610   k=         1
        73        -0.000061751063746   k=         1
        74        0.000777547116978   k=         1
        75        0.003522943780797   k=         1
        76        0.004329643620258   k=         1
        77        -0.000785685183045   k=         1
        78        -0.000212984760003   k=         1
        79        0.007053207412538   k=         1
        80        0.005244759331235   k=         1
        81        0.000768691100847   k=         1
        82        0.003219956829589   k=         1
        83        0.006889872473181   k=         1
        84        0.005114186295510   k=         1
        85        -0.000187041401437   k=         1
        86        -0.001453382251779   k=         1
        87        -0.003669665424871   k=         1
        88        -0.001182932115867   k=         1
        89        0.000837130328473   k=         1
        90        -0.001456900063660   k=         1
        91        -0.006296786840463   k=         1
        92        -0.027845535921746   k=         1
        93        -0.000676683157223   k=         1
        94        -0.000322903026783   k=         1
        95        0.000957420821635   k=         1
        96        -0.006571566184742   k=         1
        97        0.000613879768444   k=         1
        98        -0.001568423507612   k=         1
        99        0.015715272033431   k=         1
        100        0.053022473239805   k=         1
        101        -0.000959678899809   k=         1
        102        -0.003872564797897   k=         1
        103        0.003608257221495   k=         1
        104        0.016459909907938   k=         1
        105        -0.000377804665254   k=         1
        106        -0.000945287960678   k=         1
        107        0.004251128092306   k=         1
        108        0.014304190543931   k=         1
        109        -0.001327437816519   k=         1
        110        -0.001780498329675   k=         1
        111        -0.013037033593538   k=         1
        112        -0.048868276507008   k=         1
        113        0.002264171284402   k=         1
        114        0.005451515800489   k=         1
        115        -0.007575887795949   k=         1
        116        -0.043702841234924   k=         1
        117        -0.000979576851314   k=         1
        118        -0.008085209519329   k=         1
        119        -0.014344330188111   k=         1
        120        -0.036270669347991   k=         1
        121        0.001856750207983   k=         1
        122        0.015892688018057   k=         1
        123        0.047865457161895   k=         1
        124        0.081111831132822   k=         1
        125        -0.002132874245351   k=         1
        126        -0.000593014302335   k=         1
        127        0.023304526090767   k=         1
        128        0.044791968695503   k=         1
        129        0.003145857079144   k=         1
        130        0.010067625760784   k=         1
        131        -0.074482878732535   k=         1
        132        -0.120111328081539   k=         1
        133        -0.003848312512323   k=         1
        134        -0.002301514747746   k=         1
        135        -0.034783540951270   k=         1
        136        -0.063075112587958   k=         1
        137        -0.000193682130079   k=         1
        138        0.007871017348760   k=         1
        139        -0.025573100811861   k=         1
        140        -0.045199298859243   k=         1
        141        -0.001847955630281   k=         1
        142        -0.013915056215565   k=         1
        143        0.043346490180249   k=         1
        144        0.078881058116393   k=         1
        145        -0.000945860652339   k=         1
        146        0.004950148578923   k=         1
        147        0.044791562080912   k=         1
        148        0.102840323316418   k=         1
        149        0.002896025411962   k=         1
        150        -0.014915846755171   k=         1
        151        0.051278526430581   k=         1
        152        0.112911080865478   k=         1
        153        -0.003051520265137   k=         1
        154        0.005755950839366   k=         1
        155        -0.040067326902721   k=         1
        156        -0.128355563626150   k=         1
        157        -0.001053433525462   k=         1
        158        0.000336137622825   k=         1
        159        0.000371602873215   k=         1
        160        0.000522302087756   k=         1
        161        -0.000708707755089   k=         1
        162        0.000138419702442   k=         1
        163        0.000253216129433   k=         1
        164        0.000479837911567   k=         1
        165        0.000178115148603   k=         1
        166        -0.000578182814852   k=         1
        167        0.000583595988963   k=         1
        168        0.001138930538530   k=         1
        169        -0.000061677939721   k=         1
        170        -0.000642801666242   k=         1
        171        0.002683772303274   k=         1
        172        0.001747346654744   k=         1
        173        0.000145218705030   k=         1
        174        -0.000216666997554   k=         1
        175        -0.000719034695946   k=         1
        176        0.001161273675672   k=         1
        177        0.002617047581064   k=         1
        178        0.004438328793674   k=         1
        179        -0.002896781168071   k=         1
        180        -0.006645278208907   k=         1
        181        -0.001481053141828   k=         1
        182        0.026695705784039   k=         1
        183        0.127334610672882   k=         1
        184        -0.000758925819411   k=         1
        185        0.003902888552975   k=         1
        186        0.000595881349014   k=         1
        187        -0.007562564358699   k=         1
        188        -0.044640162564633   k=         1
        189        -0.113932346957348   k=         1
        190        -0.004474891347699   k=         1
        191        0.005850256733830   k=         1
        192        0.045969033887235   k=         1
        193        0.162691191753283   k=         1
        194        0.001249410428467   k=         1
        195        -0.004437996290653   k=         1
        196        0.028247008853646   k=         1
        197        0.083836917054443   k=         1
        198        0.002124950507979   k=         1
        199        -0.005431834818673   k=         1
        200        0.033185382375896   k=         1
        201        0.110896226664833   k=         1
        202        0.000073563355941   k=         1
        203        0.002868168544420   k=         1
        204        -0.049059161995111   k=         1
        205        -0.116669158276275   k=         1
        206        -0.000597726561952   k=         1
        207        0.001875023295191   k=         1
        208        -0.028722765774580   k=         1
        209        -0.067621826043499   k=         1
        210        -0.004059098362895   k=         1
        211        -0.007649467213646   k=         1
        212        -0.045209076148727   k=         1
        213        -0.166109883256615   k=         1
        214        -0.000578911713219   k=         1
        215        -0.012619345246206   k=         1
        216        0.032339153970469   k=         1
        217        0.164241133659788   k=         1
        218        -0.000180568002650   k=         1
        219        0.000153689667609   k=         1
        220        0.021710093793921   k=         1
        221        0.091918116975543   k=         1
        222        -0.003288115910590   k=         1
        223        -0.005145727795710   k=         1
        224        0.028380581639366   k=         1
        225        0.118077262833475   k=         1
        226        -0.000026105102911   k=         1
        227        0.001685521159863   k=         1
        228        -0.019763049059022   k=         1
        229        -0.107336947060983   k=         1
        230        -0.001222240525747   k=         1
        231        0.020359358829721   k=         1
        232        -0.034803938325960   k=         1
        233        -0.167504458689305   k=         1
        234        -0.000029145465646   k=         1
        235        0.002681255594370   k=         1
        236        -0.014074055493339   k=         1
        237        -0.094576290897313   k=         1
        238        -0.001622963989369   k=         1
        239        0.001050821637229   k=         1
        240        -0.033228307952778   k=         1
        241        -0.138352743042811   k=         1
        242        -0.004486962332072   k=         1
        243        -0.029244315663841   k=         1
        244        -0.029416737027614   k=         1
        245        -0.133275401275345   k=         1
        246        -0.002050580279281   k=         1
        247        0.031688488451149   k=         1
        248        0.047020853358008   k=         1
        249        0.162588212257123   k=         1
        250        0.000433301108748   k=         1
        251        0.000040550698638   k=         1
        252        0.035446139143617   k=         1
        253        0.102639850152171   k=         1
        254        0.000978325461178   k=         1
        255        -0.012960704366636   k=         1
        256        0.037972020662338   k=         1
        257        0.108497965171324   k=         1
        258        0.000953983304882   k=         1
        259        0.005363662647196   k=         1
        260        -0.043433817657537   k=         1
        261        -0.103770116659408   k=         1
        262        -0.001505366237559   k=         1
        263        0.014617791638731   k=         1
        264        -0.029482436174765   k=         1
        265        -0.092929300457365   k=         1
        266        -0.005160517892509   k=         1
        267        -0.002816501967365   k=         1
        268        -0.058430553245064   k=         1
        269        -0.161584993832863   k=         1
        270        -0.004342910963655   k=         1
        271        0.006625826473165   k=         1
        272        0.046734962299262   k=         1
        273        0.128609749148323   k=         1
        274        0.002961471719985   k=         1
        275        -0.001555237423297   k=         1
        276        0.046425722993700   k=         1
        277        0.126527348813368   k=         1
        278        -0.003545242287857   k=         1
        279        0.011130294299704   k=         1
        280        -0.055881503638954   k=         1
        281        -0.161211120883465   k=         1
        282        0.000983582355386   k=         1
        283        0.016020324895687   k=         1
        284        -0.034495265240771   k=         1
        285        -0.107284163452090   k=         1
        286        0.004542461906169   k=         1
        287        0.024231006979075   k=         1
        288        -0.031901028805644   k=         1
        289        -0.092769601327340   k=         1
        290        -0.000054414728579   k=         1
        291        -0.027185367995045   k=         1
        292        0.037659650412876   k=         1
        293        0.087587282500382   k=         1
        294        0.003800799603997   k=         1
        295        -0.010050516088825   k=         1
        296        0.038280916187117   k=         1
        297        0.099404154310788   k=         1
        298        -0.002243525629776   k=         1
        299        -0.000675335142559   k=         1
        300        0.043963956907476   k=         1
        301        0.174892614977943   k=         1
        302        0.005806017869835   k=         1
        303        -0.009376166413349   k=         1
        304        0.006716716133283   k=         1
        305        -0.113016879242988   k=         1
        306        -0.008285875006578   k=         1
        307        -0.021600737149949   k=         1
        308        -0.022263799811741   k=         1
        309        -0.132906047581143   k=         1
        310        -0.000043344698661   k=         1
        311        0.013016987151452   k=         1
        312        -0.028179326329472   k=         1
        313        0.137797328729997   k=         1
        314        -0.005106871617060   k=         1
        315        -0.009267308862592   k=         1
        316        -0.024279427431120   k=         1
        317        0.075377382773408   k=         1
        318        0.003196083419826   k=         1
        319        -0.023853140791845   k=         1
        320        -0.031933510667200   k=         1
        321        0.091013849745269   k=         1
        322        -0.001751407761240   k=         1
        323        0.019399577520764   k=         1
        324        0.019039367752392   k=         1
        325        -0.074277214898016   k=         1
        326        -0.001843556736518   k=         1
        327        0.018313229639578   k=         1
        328        0.024270687392963   k=         1
        329        -0.098223277596694   k=         1
        330        0.000999591530911   k=         1
        331        0.000565864550982   k=         1
        332        0.031632196994293   k=         1
        333        -0.140960780772363   k=         1
        334        -0.002893705607802   k=         1
        335        0.007130887305775   k=         1
        336        -0.031615358091820   k=         1
        337        0.104836767997395   k=         1
        338        0.001932060797309   k=         1
        339        0.006773371650148   k=         1
        340        -0.028892449933021   k=         1
        341        0.113058757736877   k=         1
        342        -0.000251451186201   k=         1
        343        -0.002894901179671   k=         1
        344        0.034672818121621   k=         1
        345        -0.108525519103517   k=         1
        346        -0.000358083484894   k=         1
        347        0.005236840020189   k=         1
        348        0.034873364917244   k=         1
        349        -0.080557466718518   k=         1
        350        -0.000650435433271   k=         1
        351        0.009185912946896   k=         1
        352        0.037607248832530   k=         1
        353        -0.082458135093345   k=         1
        354        0.001090903216505   k=         1
        355        -0.008273495970050   k=         1
        356        -0.023189057058781   k=         1
        357        0.055976741708675   k=         1
        358        0.000858691723701   k=         1
        359        -0.004914348902418   k=         1
        360        -0.018084134097674   k=         1
        361        0.051733680042955   k=         1
        362        -0.001874909432934   k=         1
        363        -0.017560901420767   k=         1
        364        -0.041893706062246   k=         1
        365        0.119461490448662   k=         1
        366        -0.000299587055244   k=         1
        367        0.006484604804167   k=         1
        368        0.018547315538860   k=         1
        369        -0.040109388924354   k=         1
        370        0.001385372159901   k=         1
        371        0.001715558237339   k=         1
        372        0.002739554556253   k=         1
        373        -0.018967205471573   k=         1
        374        0.031572942830875   k=         1
        375        0.119750976746298   k=         1
        376        0.002189780837270   k=         1
        377        0.002083409511362   k=         1
        378        0.007249355026221   k=         1
        379        0.004990714035152   k=         1
        380        -0.000046944607329   k=         1
        381        0.003488684417977   k=         1
        382        -0.008364355244607   k=         1
        383        -0.002317365524790   k=         1
        384        -0.000607089951352   k=         1
        385        -0.006136300144613   k=         1
        386        0.003321868998218   k=         1
        387        0.007411795065603   k=         1
        388        0.008725533204342   k=         1
        389        0.000489790377639   k=         1
        390        0.000318563077080   k=         1
        391        -0.002402344072204   k=         1
        392        -0.002250403624632   k=         1
        393        0.002282544787722   k=         1
        394        -0.001705170687821   k=         1
        395        0.000569176725007   k=         1
        396        0.000509821811888   k=         1
        397        0.001772983581341   k=         1
        398        -0.002630434313203   k=         1
        399        -0.000181003603049   k=         1
        400        0.004668205364270   k=         1
        401        0.031661237664964   k=         1
        402        -0.082519955561578   k=         1
        403        -0.000398394264175   k=         1
        404        -0.000424265431751   k=         1
        405        -0.018607961365491   k=         1
        406        0.028757577906746   k=         1
        407        -0.002325306974536   k=         1
        408        0.007148314679683   k=         1
        409        -0.029225936854064   k=         1
        410        0.027990638820692   k=         1
        411        0.002095544128212   k=         1
        412        -0.000972884916426   k=         1
        413        -0.033476393637025   k=         1
        414        0.030752220553830   k=         1
        415        -0.000240636596887   k=         1
        416        0.000278600404691   k=         1
        417        0.009258419914588   k=         1
        418        -0.008651815011913   k=         1
        419        0.000854323159297   k=         1
        420        -0.002332709254200   k=         1
        421        0.006550094723536   k=         1
        422        -0.007686622016122   k=         1
        423        0.000142268735226   k=         1
        424        0.000414297802774   k=         1
        425        0.028031111231072   k=         1
        426        -0.033569233780940   k=         1
