# file_format= v0.04.05
       144       426
    188.97268778      0.00000000      0.00000000    0
      0.00000000    188.97268778      0.00000000    0
      0.00000000      0.00000000    188.97268778    0
 6
       4
     2     2     2     2
     0     1     1     1
 1.710E+00 1.625E+00 1.625E+00 1.625E+00
 0.000E+00 0.000E+00 0.000E+00 0.000E+00
 0.000E+00 0.000E+00 0.000E+00 0.000E+00
 0.000E+00 0.000E+00 0.000E+00 0.000E+00
      1.234617     -0.738369    0.035113
 6
       4
     2     2     2     2
     0     1     1     1
 1.710E+00 1.625E+00 1.625E+00 1.625E+00
 0.000E+00 0.000E+00 0.000E+00 0.000E+00
 0.000E+00 0.000E+00 0.000E+00 0.000E+00
 0.000E+00 0.000E+00 0.000E+00 0.000E+00
      -0.557280     1.082458    0.527443
 6
       4
     2     2     2     2
     0     1     1     1
 1.710E+00 1.625E+00 1.625E+00 1.625E+00
 0.000E+00 0.000E+00 0.000E+00 0.000E+00
 0.000E+00 0.000E+00 0.000E+00 0.000E+00
 0.000E+00 0.000E+00 0.000E+00 0.000E+00
      0.389200     -3.282057    -0.743106
 6
       4
     2     2     2     2
     0     1     1     1
 1.710E+00 1.625E+00 1.625E+00 1.625E+00
 0.000E+00 0.000E+00 0.000E+00 0.000E+00
 0.000E+00 0.000E+00 0.000E+00 0.000E+00
 0.000E+00 0.000E+00 0.000E+00 0.000E+00
      -3.298812     0.613235    0.418153
 6
       4
     2     2     2     2
     0     1     1     1
 1.710E+00 1.625E+00 1.625E+00 1.625E+00
 0.000E+00 0.000E+00 0.000E+00 0.000E+00
 0.000E+00 0.000E+00 0.000E+00 0.000E+00
 0.000E+00 0.000E+00 0.000E+00 0.000E+00
      -4.162044     -1.946790    -0.509251
 6
       4
     2     2     2     2
     0     1     1     1
 1.710E+00 1.625E+00 1.625E+00 1.625E+00
 0.000E+00 0.000E+00 0.000E+00 0.000E+00
 0.000E+00 0.000E+00 0.000E+00 0.000E+00
 0.000E+00 0.000E+00 0.000E+00 0.000E+00
      -2.347690     -3.732352    -0.979432
 6
       4
     2     2     2     2
     0     1     1     1
 1.710E+00 1.625E+00 1.625E+00 1.625E+00
 0.000E+00 0.000E+00 0.000E+00 0.000E+00
 0.000E+00 0.000E+00 0.000E+00 0.000E+00
 0.000E+00 0.000E+00 0.000E+00 0.000E+00
      3.826661     -0.253293    -0.058765
 6
       4
     2     2     2     2
     0     1     1     1
 1.710E+00 1.625E+00 1.625E+00 1.625E+00
 0.000E+00 0.000E+00 0.000E+00 0.000E+00
 0.000E+00 0.000E+00 0.000E+00 0.000E+00
 0.000E+00 0.000E+00 0.000E+00 0.000E+00
      6.096583     -0.116921    -0.183143
 6
       4
     2     2     2     2
     0     1     1     1
 1.710E+00 1.625E+00 1.625E+00 1.625E+00
 0.000E+00 0.000E+00 0.000E+00 0.000E+00
 0.000E+00 0.000E+00 0.000E+00 0.000E+00
 0.000E+00 0.000E+00 0.000E+00 0.000E+00
      8.792659     0.213110    -0.071316
 6
       4
     2     2     2     2
     0     1     1     1
 1.710E+00 1.625E+00 1.625E+00 1.625E+00
 0.000E+00 0.000E+00 0.000E+00 0.000E+00
 0.000E+00 0.000E+00 0.000E+00 0.000E+00
 0.000E+00 0.000E+00 0.000E+00 0.000E+00
      9.876337     2.612102    -0.470347
 6
       4
     2     2     2     2
     0     1     1     1
 1.710E+00 1.625E+00 1.625E+00 1.625E+00
 0.000E+00 0.000E+00 0.000E+00 0.000E+00
 0.000E+00 0.000E+00 0.000E+00 0.000E+00
 0.000E+00 0.000E+00 0.000E+00 0.000E+00
      10.420862     -1.880669    0.586716
 6
       4
     2     2     2     2
     0     1     1     1
 1.710E+00 1.625E+00 1.625E+00 1.625E+00
 0.000E+00 0.000E+00 0.000E+00 0.000E+00
 0.000E+00 0.000E+00 0.000E+00 0.000E+00
 0.000E+00 0.000E+00 0.000E+00 0.000E+00
      12.489394     2.923716    -0.151450
 6
       4
     2     2     2     2
     0     1     1     1
 1.710E+00 1.625E+00 1.625E+00 1.625E+00
 0.000E+00 0.000E+00 0.000E+00 0.000E+00
 0.000E+00 0.000E+00 0.000E+00 0.000E+00
 0.000E+00 0.000E+00 0.000E+00 0.000E+00
      13.027093     -1.570933    0.783346
 6
       4
     2     2     2     2
     0     1     1     1
 1.710E+00 1.625E+00 1.625E+00 1.625E+00
 0.000E+00 0.000E+00 0.000E+00 0.000E+00
 0.000E+00 0.000E+00 0.000E+00 0.000E+00
 0.000E+00 0.000E+00 0.000E+00 0.000E+00
      14.130900     0.898187    0.298679
 6
       4
     2     2     2     2
     0     1     1     1
 1.710E+00 1.625E+00 1.625E+00 1.625E+00
 0.000E+00 0.000E+00 0.000E+00 0.000E+00
 0.000E+00 0.000E+00 0.000E+00 0.000E+00
 0.000E+00 0.000E+00 0.000E+00 0.000E+00
      16.780304     1.231500    0.245179
 6
       4
     2     2     2     2
     0     1     1     1
 1.710E+00 1.625E+00 1.625E+00 1.625E+00
 0.000E+00 0.000E+00 0.000E+00 0.000E+00
 0.000E+00 0.000E+00 0.000E+00 0.000E+00
 0.000E+00 0.000E+00 0.000E+00 0.000E+00
      19.082077     1.238511    0.318479
 6
       4
     2     2     2     2
     0     1     1     1
 1.710E+00 1.625E+00 1.625E+00 1.625E+00
 0.000E+00 0.000E+00 0.000E+00 0.000E+00
 0.000E+00 0.000E+00 0.000E+00 0.000E+00
 0.000E+00 0.000E+00 0.000E+00 0.000E+00
      21.804031     1.334045    0.220019
 6
       4
     2     2     2     2
     0     1     1     1
 1.710E+00 1.625E+00 1.625E+00 1.625E+00
 0.000E+00 0.000E+00 0.000E+00 0.000E+00
 0.000E+00 0.000E+00 0.000E+00 0.000E+00
 0.000E+00 0.000E+00 0.000E+00 0.000E+00
      23.236143     -0.625743    1.470789
 6
       4
     2     2     2     2
     0     1     1     1
 1.710E+00 1.625E+00 1.625E+00 1.625E+00
 0.000E+00 0.000E+00 0.000E+00 0.000E+00
 0.000E+00 0.000E+00 0.000E+00 0.000E+00
 0.000E+00 0.000E+00 0.000E+00 0.000E+00
      23.364372     3.194661    -1.071297
 6
       4
     2     2     2     2
     0     1     1     1
 1.710E+00 1.625E+00 1.625E+00 1.625E+00
 0.000E+00 0.000E+00 0.000E+00 0.000E+00
 0.000E+00 0.000E+00 0.000E+00 0.000E+00
 0.000E+00 0.000E+00 0.000E+00 0.000E+00
      25.884329     2.789243    -1.264707
 6
       4
     2     2     2     2
     0     1     1     1
 1.710E+00 1.625E+00 1.625E+00 1.625E+00
 0.000E+00 0.000E+00 0.000E+00 0.000E+00
 0.000E+00 0.000E+00 0.000E+00 0.000E+00
 0.000E+00 0.000E+00 0.000E+00 0.000E+00
      25.778211     -0.811864    1.493348
 6
       4
     2     2     2     2
     0     1     1     1
 1.710E+00 1.625E+00 1.625E+00 1.625E+00
 0.000E+00 0.000E+00 0.000E+00 0.000E+00
 0.000E+00 0.000E+00 0.000E+00 0.000E+00
 0.000E+00 0.000E+00 0.000E+00 0.000E+00
      27.362603     0.781424    -0.075485
 6
       4
     2     2     2     2
     0     1     1     1
 1.710E+00 1.625E+00 1.625E+00 1.625E+00
 0.000E+00 0.000E+00 0.000E+00 0.000E+00
 0.000E+00 0.000E+00 0.000E+00 0.000E+00
 0.000E+00 0.000E+00 0.000E+00 0.000E+00
      30.039884     0.480429    -0.240112
 6
       4
     2     2     2     2
     0     1     1     1
 1.710E+00 1.625E+00 1.625E+00 1.625E+00
 0.000E+00 0.000E+00 0.000E+00 0.000E+00
 0.000E+00 0.000E+00 0.000E+00 0.000E+00
 0.000E+00 0.000E+00 0.000E+00 0.000E+00
      32.438466     0.162898    -0.056988
 6
       4
     2     2     2     2
     0     1     1     1
 1.710E+00 1.625E+00 1.625E+00 1.625E+00
 0.000E+00 0.000E+00 0.000E+00 0.000E+00
 0.000E+00 0.000E+00 0.000E+00 0.000E+00
 0.000E+00 0.000E+00 0.000E+00 0.000E+00
      35.049024     -0.049753    -0.164884
 6
       4
     2     2     2     2
     0     1     1     1
 1.710E+00 1.625E+00 1.625E+00 1.625E+00
 0.000E+00 0.000E+00 0.000E+00 0.000E+00
 0.000E+00 0.000E+00 0.000E+00 0.000E+00
 0.000E+00 0.000E+00 0.000E+00 0.000E+00
      36.448878     -2.374269    0.523293
 6
       4
     2     2     2     2
     0     1     1     1
 1.710E+00 1.625E+00 1.625E+00 1.625E+00
 0.000E+00 0.000E+00 0.000E+00 0.000E+00
 0.000E+00 0.000E+00 0.000E+00 0.000E+00
 0.000E+00 0.000E+00 0.000E+00 0.000E+00
      36.663475     2.036159    -0.754356
 6
       4
     2     2     2     2
     0     1     1     1
 1.710E+00 1.625E+00 1.625E+00 1.625E+00
 0.000E+00 0.000E+00 0.000E+00 0.000E+00
 0.000E+00 0.000E+00 0.000E+00 0.000E+00
 0.000E+00 0.000E+00 0.000E+00 0.000E+00
      39.311414     1.911488    -0.795115
 6
       4
     2     2     2     2
     0     1     1     1
 1.710E+00 1.625E+00 1.625E+00 1.625E+00
 0.000E+00 0.000E+00 0.000E+00 0.000E+00
 0.000E+00 0.000E+00 0.000E+00 0.000E+00
 0.000E+00 0.000E+00 0.000E+00 0.000E+00
      39.042686     -2.421094    0.681637
 6
       4
     2     2     2     2
     0     1     1     1
 1.710E+00 1.625E+00 1.625E+00 1.625E+00
 0.000E+00 0.000E+00 0.000E+00 0.000E+00
 0.000E+00 0.000E+00 0.000E+00 0.000E+00
 0.000E+00 0.000E+00 0.000E+00 0.000E+00
      40.668821     -0.311763    -0.096482
 6
       4
     2     2     2     2
     0     1     1     1
 1.710E+00 1.625E+00 1.625E+00 1.625E+00
 0.000E+00 0.000E+00 0.000E+00 0.000E+00
 0.000E+00 0.000E+00 0.000E+00 0.000E+00
 0.000E+00 0.000E+00 0.000E+00 0.000E+00
      43.321309     -0.518860    -0.078660
 6
       4
     2     2     2     2
     0     1     1     1
 1.710E+00 1.625E+00 1.625E+00 1.625E+00
 0.000E+00 0.000E+00 0.000E+00 0.000E+00
 0.000E+00 0.000E+00 0.000E+00 0.000E+00
 0.000E+00 0.000E+00 0.000E+00 0.000E+00
      45.609398     -0.428870    -0.163112
 6
       4
     2     2     2     2
     0     1     1     1
 1.710E+00 1.625E+00 1.625E+00 1.625E+00
 0.000E+00 0.000E+00 0.000E+00 0.000E+00
 0.000E+00 0.000E+00 0.000E+00 0.000E+00
 0.000E+00 0.000E+00 0.000E+00 0.000E+00
      48.268719     -0.553450    -0.310180
 6
       4
     2     2     2     2
     0     1     1     1
 1.710E+00 1.625E+00 1.625E+00 1.625E+00
 0.000E+00 0.000E+00 0.000E+00 0.000E+00
 0.000E+00 0.000E+00 0.000E+00 0.000E+00
 0.000E+00 0.000E+00 0.000E+00 0.000E+00
      49.737877     -2.464936    0.768497
 6
       4
     2     2     2     2
     0     1     1     1
 1.710E+00 1.625E+00 1.625E+00 1.625E+00
 0.000E+00 0.000E+00 0.000E+00 0.000E+00
 0.000E+00 0.000E+00 0.000E+00 0.000E+00
 0.000E+00 0.000E+00 0.000E+00 0.000E+00
      49.616710     1.509120    -1.559952
 6
       4
     2     2     2     2
     0     1     1     1
 1.710E+00 1.625E+00 1.625E+00 1.625E+00
 0.000E+00 0.000E+00 0.000E+00 0.000E+00
 0.000E+00 0.000E+00 0.000E+00 0.000E+00
 0.000E+00 0.000E+00 0.000E+00 0.000E+00
      52.172245     1.806434    -1.334780
 6
       4
     2     2     2     2
     0     1     1     1
 1.710E+00 1.625E+00 1.625E+00 1.625E+00
 0.000E+00 0.000E+00 0.000E+00 0.000E+00
 0.000E+00 0.000E+00 0.000E+00 0.000E+00
 0.000E+00 0.000E+00 0.000E+00 0.000E+00
      52.362752     -2.281731    0.625616
 6
       4
     2     2     2     2
     0     1     1     1
 1.710E+00 1.625E+00 1.625E+00 1.625E+00
 0.000E+00 0.000E+00 0.000E+00 0.000E+00
 0.000E+00 0.000E+00 0.000E+00 0.000E+00
 0.000E+00 0.000E+00 0.000E+00 0.000E+00
      53.640235     -0.120308    -0.347562
 6
       4
     2     2     2     2
     0     1     1     1
 1.710E+00 1.625E+00 1.625E+00 1.625E+00
 0.000E+00 0.000E+00 0.000E+00 0.000E+00
 0.000E+00 0.000E+00 0.000E+00 0.000E+00
 0.000E+00 0.000E+00 0.000E+00 0.000E+00
      56.372431     0.066567    -0.131614
 1
       1
     1
     0
 1.300E+00
 0.000E+00
 0.000E+00
 0.000E+00
      -4.727354     2.154308    0.921489
 1
       1
     1
     0
 1.300E+00
 0.000E+00
 0.000E+00
 0.000E+00
      0.117908     3.079600    1.273091
 1
       1
     1
     0
 1.300E+00
 0.000E+00
 0.000E+00
 0.000E+00
      -6.289078     -2.140957    -0.425120
 1
       1
     1
     0
 1.300E+00
 0.000E+00
 0.000E+00
 0.000E+00
      -2.952901     -5.738100    -1.522526
 1
       1
     1
     0
 1.300E+00
 0.000E+00
 0.000E+00
 0.000E+00
      1.735662     -4.772467    -1.172598
 1
       1
     1
     0
 1.300E+00
 0.000E+00
 0.000E+00
 0.000E+00
      8.728924     4.256895    -0.941214
 1
       1
     1
     0
 1.300E+00
 0.000E+00
 0.000E+00
 0.000E+00
      9.491827     -3.823433    0.925365
 1
       1
     1
     0
 1.300E+00
 0.000E+00
 0.000E+00
 0.000E+00
      13.472382     4.750541    -0.521742
 1
       1
     1
     0
 1.300E+00
 0.000E+00
 0.000E+00
 0.000E+00
      14.424328     -3.143771    1.332164
 1
       1
     1
     0
 1.300E+00
 0.000E+00
 0.000E+00
 0.000E+00
      22.483686     4.880403    -1.984772
 1
       1
     1
     0
 1.300E+00
 0.000E+00
 0.000E+00
 0.000E+00
      27.040342     4.315359    -2.420873
 1
       1
     1
     0
 1.300E+00
 0.000E+00
 0.000E+00
 0.000E+00
      22.182564     -2.074371    2.696104
 1
       1
     1
     0
 1.300E+00
 0.000E+00
 0.000E+00
 0.000E+00
      26.661318     -2.412205    2.622630
 1
       1
     1
     0
 1.300E+00
 0.000E+00
 0.000E+00
 0.000E+00
      35.787287     3.967202    -1.284158
 1
       1
     1
     0
 1.300E+00
 0.000E+00
 0.000E+00
 0.000E+00
      35.404725     -4.118119    1.142336
 1
       1
     1
     0
 1.300E+00
 0.000E+00
 0.000E+00
 0.000E+00
      40.350949     3.606415    -1.340532
 1
       1
     1
     0
 1.300E+00
 0.000E+00
 0.000E+00
 0.000E+00
      39.958299     -4.223840    1.235350
 1
       1
     1
     0
 1.300E+00
 0.000E+00
 0.000E+00
 0.000E+00
      48.463875     3.011278    -2.401609
 1
       1
     1
     0
 1.300E+00
 0.000E+00
 0.000E+00
 0.000E+00
      48.876104     -3.990404    1.881007
 1
       1
     1
     0
 1.300E+00
 0.000E+00
 0.000E+00
 0.000E+00
      52.955839     3.500090    -2.147978
 1
       1
     1
     0
 1.300E+00
 0.000E+00
 0.000E+00
 0.000E+00
      53.503785     -3.881331    1.519874
 1
       1
     1
     0
 1.300E+00
 0.000E+00
 0.000E+00
 0.000E+00
      61.825462     4.329134    -1.160505
 1
       1
     1
     0
 1.300E+00
 0.000E+00
 0.000E+00
 0.000E+00
      62.189724     -3.610652    1.229197
 6
       4
     2     2     2     2
     0     1     1     1
 1.710E+00 1.625E+00 1.625E+00 1.625E+00
 0.000E+00 0.000E+00 0.000E+00 0.000E+00
 0.000E+00 0.000E+00 0.000E+00 0.000E+00
 0.000E+00 0.000E+00 0.000E+00 0.000E+00
      69.757347     0.442587    -0.250003
 1
       1
     1
     0
 1.300E+00
 0.000E+00
 0.000E+00
 0.000E+00
      66.380554     4.584494    -1.383157
 1
       1
     1
     0
 1.300E+00
 0.000E+00
 0.000E+00
 0.000E+00
      66.723547     -3.444613    0.994083
 6
       4
     2     2     2     2
     0     1     1     1
 1.710E+00 1.625E+00 1.625E+00 1.625E+00
 0.000E+00 0.000E+00 0.000E+00 0.000E+00
 0.000E+00 0.000E+00 0.000E+00 0.000E+00
 0.000E+00 0.000E+00 0.000E+00 0.000E+00
      58.721377     0.165759    -0.231605
 6
       4
     2     2     2     2
     0     1     1     1
 1.710E+00 1.625E+00 1.625E+00 1.625E+00
 0.000E+00 0.000E+00 0.000E+00 0.000E+00
 0.000E+00 0.000E+00 0.000E+00 0.000E+00
 0.000E+00 0.000E+00 0.000E+00 0.000E+00
      61.413670     0.311597    -0.156422
 6
       4
     2     2     2     2
     0     1     1     1
 1.710E+00 1.625E+00 1.625E+00 1.625E+00
 0.000E+00 0.000E+00 0.000E+00 0.000E+00
 0.000E+00 0.000E+00 0.000E+00 0.000E+00
 0.000E+00 0.000E+00 0.000E+00 0.000E+00
      62.997189     -1.714025    0.474690
 6
       4
     2     2     2     2
     0     1     1     1
 1.710E+00 1.625E+00 1.625E+00 1.625E+00
 0.000E+00 0.000E+00 0.000E+00 0.000E+00
 0.000E+00 0.000E+00 0.000E+00 0.000E+00
 0.000E+00 0.000E+00 0.000E+00 0.000E+00
      62.807360     2.547780    -0.804789
 6
       4
     2     2     2     2
     0     1     1     1
 1.710E+00 1.625E+00 1.625E+00 1.625E+00
 0.000E+00 0.000E+00 0.000E+00 0.000E+00
 0.000E+00 0.000E+00 0.000E+00 0.000E+00
 0.000E+00 0.000E+00 0.000E+00 0.000E+00
      65.527571     2.611199    -0.929407
 6
       4
     2     2     2     2
     0     1     1     1
 1.710E+00 1.625E+00 1.625E+00 1.625E+00
 0.000E+00 0.000E+00 0.000E+00 0.000E+00
 0.000E+00 0.000E+00 0.000E+00 0.000E+00
 0.000E+00 0.000E+00 0.000E+00 0.000E+00
      65.666720     -1.643721    0.488301
 6
       4
     2     2     2     2
     0     1     1     1
 1.710E+00 1.625E+00 1.625E+00 1.625E+00
 0.000E+00 0.000E+00 0.000E+00 0.000E+00
 0.000E+00 0.000E+00 0.000E+00 0.000E+00
 0.000E+00 0.000E+00 0.000E+00 0.000E+00
      67.085652     0.519130    -0.354312
 6
       4
     2     2     2     2
     0     1     1     1
 1.710E+00 1.625E+00 1.625E+00 1.625E+00
 0.000E+00 0.000E+00 0.000E+00 0.000E+00
 0.000E+00 0.000E+00 0.000E+00 0.000E+00
 0.000E+00 0.000E+00 0.000E+00 0.000E+00
      80.233920     -0.168184    0.706351
 6
       4
     2     2     2     2
     0     1     1     1
 1.710E+00 1.625E+00 1.625E+00 1.625E+00
 0.000E+00 0.000E+00 0.000E+00 0.000E+00
 0.000E+00 0.000E+00 0.000E+00 0.000E+00
 0.000E+00 0.000E+00 0.000E+00 0.000E+00
      78.865000     2.183703    0.173352
 6
       4
     2     2     2     2
     0     1     1     1
 1.710E+00 1.625E+00 1.625E+00 1.625E+00
 0.000E+00 0.000E+00 0.000E+00 0.000E+00
 0.000E+00 0.000E+00 0.000E+00 0.000E+00
 0.000E+00 0.000E+00 0.000E+00 0.000E+00
      78.705048     -2.320344    0.980288
 6
       4
     2     2     2     2
     0     1     1     1
 1.710E+00 1.625E+00 1.625E+00 1.625E+00
 0.000E+00 0.000E+00 0.000E+00 0.000E+00
 0.000E+00 0.000E+00 0.000E+00 0.000E+00
 0.000E+00 0.000E+00 0.000E+00 0.000E+00
      76.261606     2.250012    0.052725
 6
       4
     2     2     2     2
     0     1     1     1
 1.710E+00 1.625E+00 1.625E+00 1.625E+00
 0.000E+00 0.000E+00 0.000E+00 0.000E+00
 0.000E+00 0.000E+00 0.000E+00 0.000E+00
 0.000E+00 0.000E+00 0.000E+00 0.000E+00
      74.683547     0.059031    0.272686
 6
       4
     2     2     2     2
     0     1     1     1
 1.710E+00 1.625E+00 1.625E+00 1.625E+00
 0.000E+00 0.000E+00 0.000E+00 0.000E+00
 0.000E+00 0.000E+00 0.000E+00 0.000E+00
 0.000E+00 0.000E+00 0.000E+00 0.000E+00
      76.047961     -2.259778    0.736700
 6
       4
     2     2     2     2
     0     1     1     1
 1.710E+00 1.625E+00 1.625E+00 1.625E+00
 0.000E+00 0.000E+00 0.000E+00 0.000E+00
 0.000E+00 0.000E+00 0.000E+00 0.000E+00
 0.000E+00 0.000E+00 0.000E+00 0.000E+00
      82.858386     -0.181142    0.753473
 6
       4
     2     2     2     2
     0     1     1     1
 1.710E+00 1.625E+00 1.625E+00 1.625E+00
 0.000E+00 0.000E+00 0.000E+00 0.000E+00
 0.000E+00 0.000E+00 0.000E+00 0.000E+00
 0.000E+00 0.000E+00 0.000E+00 0.000E+00
      85.151631     -0.011913    0.261478
 6
       4
     2     2     2     2
     0     1     1     1
 1.710E+00 1.625E+00 1.625E+00 1.625E+00
 0.000E+00 0.000E+00 0.000E+00 0.000E+00
 0.000E+00 0.000E+00 0.000E+00 0.000E+00
 0.000E+00 0.000E+00 0.000E+00 0.000E+00
      87.760827     0.004239    0.005342
 6
       4
     2     2     2     2
     0     1     1     1
 1.710E+00 1.625E+00 1.625E+00 1.625E+00
 0.000E+00 0.000E+00 0.000E+00 0.000E+00
 0.000E+00 0.000E+00 0.000E+00 0.000E+00
 0.000E+00 0.000E+00 0.000E+00 0.000E+00
      89.093169     2.242698    -0.662060
 6
       4
     2     2     2     2
     0     1     1     1
 1.710E+00 1.625E+00 1.625E+00 1.625E+00
 0.000E+00 0.000E+00 0.000E+00 0.000E+00
 0.000E+00 0.000E+00 0.000E+00 0.000E+00
 0.000E+00 0.000E+00 0.000E+00 0.000E+00
      89.321748     -2.129270    0.593793
 6
       4
     2     2     2     2
     0     1     1     1
 1.710E+00 1.625E+00 1.625E+00 1.625E+00
 0.000E+00 0.000E+00 0.000E+00 0.000E+00
 0.000E+00 0.000E+00 0.000E+00 0.000E+00
 0.000E+00 0.000E+00 0.000E+00 0.000E+00
      91.662280     2.268576    -0.728635
 6
       4
     2     2     2     2
     0     1     1     1
 1.710E+00 1.625E+00 1.625E+00 1.625E+00
 0.000E+00 0.000E+00 0.000E+00 0.000E+00
 0.000E+00 0.000E+00 0.000E+00 0.000E+00
 0.000E+00 0.000E+00 0.000E+00 0.000E+00
      91.897620     -2.103490    0.704223
 6
       4
     2     2     2     2
     0     1     1     1
 1.710E+00 1.625E+00 1.625E+00 1.625E+00
 0.000E+00 0.000E+00 0.000E+00 0.000E+00
 0.000E+00 0.000E+00 0.000E+00 0.000E+00
 0.000E+00 0.000E+00 0.000E+00 0.000E+00
      93.257526     0.181588    -0.135934
 6
       4
     2     2     2     2
     0     1     1     1
 1.710E+00 1.625E+00 1.625E+00 1.625E+00
 0.000E+00 0.000E+00 0.000E+00 0.000E+00
 0.000E+00 0.000E+00 0.000E+00 0.000E+00
 0.000E+00 0.000E+00 0.000E+00 0.000E+00
      95.963852     0.367839    -0.145756
 6
       4
     2     2     2     2
     0     1     1     1
 1.710E+00 1.625E+00 1.625E+00 1.625E+00
 0.000E+00 0.000E+00 0.000E+00 0.000E+00
 0.000E+00 0.000E+00 0.000E+00 0.000E+00
 0.000E+00 0.000E+00 0.000E+00 0.000E+00
      98.270156     0.369400    -0.424686
 6
       4
     2     2     2     2
     0     1     1     1
 1.710E+00 1.625E+00 1.625E+00 1.625E+00
 0.000E+00 0.000E+00 0.000E+00 0.000E+00
 0.000E+00 0.000E+00 0.000E+00 0.000E+00
 0.000E+00 0.000E+00 0.000E+00 0.000E+00
      100.971440     0.527220    -0.237712
 6
       4
     2     2     2     2
     0     1     1     1
 1.710E+00 1.625E+00 1.625E+00 1.625E+00
 0.000E+00 0.000E+00 0.000E+00 0.000E+00
 0.000E+00 0.000E+00 0.000E+00 0.000E+00
 0.000E+00 0.000E+00 0.000E+00 0.000E+00
      102.464169     -1.361412    0.812486
 6
       4
     2     2     2     2
     0     1     1     1
 1.710E+00 1.625E+00 1.625E+00 1.625E+00
 0.000E+00 0.000E+00 0.000E+00 0.000E+00
 0.000E+00 0.000E+00 0.000E+00 0.000E+00
 0.000E+00 0.000E+00 0.000E+00 0.000E+00
      102.309548     2.913041    -0.715755
 6
       4
     2     2     2     2
     0     1     1     1
 1.710E+00 1.625E+00 1.625E+00 1.625E+00
 0.000E+00 0.000E+00 0.000E+00 0.000E+00
 0.000E+00 0.000E+00 0.000E+00 0.000E+00
 0.000E+00 0.000E+00 0.000E+00 0.000E+00
      104.870106     3.165539    -0.329468
 6
       4
     2     2     2     2
     0     1     1     1
 1.710E+00 1.625E+00 1.625E+00 1.625E+00
 0.000E+00 0.000E+00 0.000E+00 0.000E+00
 0.000E+00 0.000E+00 0.000E+00 0.000E+00
 0.000E+00 0.000E+00 0.000E+00 0.000E+00
      105.149870     -1.174298    0.975458
 6
       4
     2     2     2     2
     0     1     1     1
 1.710E+00 1.625E+00 1.625E+00 1.625E+00
 0.000E+00 0.000E+00 0.000E+00 0.000E+00
 0.000E+00 0.000E+00 0.000E+00 0.000E+00
 0.000E+00 0.000E+00 0.000E+00 0.000E+00
      106.454832     1.061058    0.324494
 6
       4
     2     2     2     2
     0     1     1     1
 1.710E+00 1.625E+00 1.625E+00 1.625E+00
 0.000E+00 0.000E+00 0.000E+00 0.000E+00
 0.000E+00 0.000E+00 0.000E+00 0.000E+00
 0.000E+00 0.000E+00 0.000E+00 0.000E+00
      109.149895     1.147311    0.240638
 6
       4
     2     2     2     2
     0     1     1     1
 1.710E+00 1.625E+00 1.625E+00 1.625E+00
 0.000E+00 0.000E+00 0.000E+00 0.000E+00
 0.000E+00 0.000E+00 0.000E+00 0.000E+00
 0.000E+00 0.000E+00 0.000E+00 0.000E+00
      111.497573     0.933973    0.065231
 6
       4
     2     2     2     2
     0     1     1     1
 1.710E+00 1.625E+00 1.625E+00 1.625E+00
 0.000E+00 0.000E+00 0.000E+00 0.000E+00
 0.000E+00 0.000E+00 0.000E+00 0.000E+00
 0.000E+00 0.000E+00 0.000E+00 0.000E+00
      114.166938     0.792738    -0.032008
 6
       4
     2     2     2     2
     0     1     1     1
 1.710E+00 1.625E+00 1.625E+00 1.625E+00
 0.000E+00 0.000E+00 0.000E+00 0.000E+00
 0.000E+00 0.000E+00 0.000E+00 0.000E+00
 0.000E+00 0.000E+00 0.000E+00 0.000E+00
      115.534449     -1.583779    -0.750353
 6
       4
     2     2     2     2
     0     1     1     1
 1.710E+00 1.625E+00 1.625E+00 1.625E+00
 0.000E+00 0.000E+00 0.000E+00 0.000E+00
 0.000E+00 0.000E+00 0.000E+00 0.000E+00
 0.000E+00 0.000E+00 0.000E+00 0.000E+00
      115.782856     2.822500    0.369691
 6
       4
     2     2     2     2
     0     1     1     1
 1.710E+00 1.625E+00 1.625E+00 1.625E+00
 0.000E+00 0.000E+00 0.000E+00 0.000E+00
 0.000E+00 0.000E+00 0.000E+00 0.000E+00
 0.000E+00 0.000E+00 0.000E+00 0.000E+00
      118.479478     2.642358    0.413961
 6
       4
     2     2     2     2
     0     1     1     1
 1.710E+00 1.625E+00 1.625E+00 1.625E+00
 0.000E+00 0.000E+00 0.000E+00 0.000E+00
 0.000E+00 0.000E+00 0.000E+00 0.000E+00
 0.000E+00 0.000E+00 0.000E+00 0.000E+00
      118.154721     -1.726025    -0.719695
 6
       4
     2     2     2     2
     0     1     1     1
 1.710E+00 1.625E+00 1.625E+00 1.625E+00
 0.000E+00 0.000E+00 0.000E+00 0.000E+00
 0.000E+00 0.000E+00 0.000E+00 0.000E+00
 0.000E+00 0.000E+00 0.000E+00 0.000E+00
      119.703767     0.308220    0.006387
 6
       4
     2     2     2     2
     0     1     1     1
 1.710E+00 1.625E+00 1.625E+00 1.625E+00
 0.000E+00 0.000E+00 0.000E+00 0.000E+00
 0.000E+00 0.000E+00 0.000E+00 0.000E+00
 0.000E+00 0.000E+00 0.000E+00 0.000E+00
      122.321729     0.228130    0.042734
 6
       4
     2     2     2     2
     0     1     1     1
 1.710E+00 1.625E+00 1.625E+00 1.625E+00
 0.000E+00 0.000E+00 0.000E+00 0.000E+00
 0.000E+00 0.000E+00 0.000E+00 0.000E+00
 0.000E+00 0.000E+00 0.000E+00 0.000E+00
      124.672176     0.263430    -0.212054
 6
       4
     2     2     2     2
     0     1     1     1
 1.710E+00 1.625E+00 1.625E+00 1.625E+00
 0.000E+00 0.000E+00 0.000E+00 0.000E+00
 0.000E+00 0.000E+00 0.000E+00 0.000E+00
 0.000E+00 0.000E+00 0.000E+00 0.000E+00
      127.364606     0.104668    -0.096157
 6
       4
     2     2     2     2
     0     1     1     1
 1.710E+00 1.625E+00 1.625E+00 1.625E+00
 0.000E+00 0.000E+00 0.000E+00 0.000E+00
 0.000E+00 0.000E+00 0.000E+00 0.000E+00
 0.000E+00 0.000E+00 0.000E+00 0.000E+00
      128.567167     -2.157179    -0.761938
 6
       4
     2     2     2     2
     0     1     1     1
 1.710E+00 1.625E+00 1.625E+00 1.625E+00
 0.000E+00 0.000E+00 0.000E+00 0.000E+00
 0.000E+00 0.000E+00 0.000E+00 0.000E+00
 0.000E+00 0.000E+00 0.000E+00 0.000E+00
      128.914847     2.090536    0.752451
 6
       4
     2     2     2     2
     0     1     1     1
 1.710E+00 1.625E+00 1.625E+00 1.625E+00
 0.000E+00 0.000E+00 0.000E+00 0.000E+00
 0.000E+00 0.000E+00 0.000E+00 0.000E+00
 0.000E+00 0.000E+00 0.000E+00 0.000E+00
      131.501319     1.834981    0.951131
 6
       4
     2     2     2     2
     0     1     1     1
 1.710E+00 1.625E+00 1.625E+00 1.625E+00
 0.000E+00 0.000E+00 0.000E+00 0.000E+00
 0.000E+00 0.000E+00 0.000E+00 0.000E+00
 0.000E+00 0.000E+00 0.000E+00 0.000E+00
      131.149191     -2.444963    -0.672565
 6
       4
     2     2     2     2
     0     1     1     1
 1.710E+00 1.625E+00 1.625E+00 1.625E+00
 0.000E+00 0.000E+00 0.000E+00 0.000E+00
 0.000E+00 0.000E+00 0.000E+00 0.000E+00
 0.000E+00 0.000E+00 0.000E+00 0.000E+00
      132.791185     -0.445269    0.218938
 6
       4
     2     2     2     2
     0     1     1     1
 1.710E+00 1.625E+00 1.625E+00 1.625E+00
 0.000E+00 0.000E+00 0.000E+00 0.000E+00
 0.000E+00 0.000E+00 0.000E+00 0.000E+00
 0.000E+00 0.000E+00 0.000E+00 0.000E+00
      135.445683     -0.759617    0.201534
 1
       1
     1
     0
 1.300E+00
 0.000E+00
 0.000E+00
 0.000E+00
      75.169689     4.144604    -0.387980
 1
       1
     1
     0
 1.300E+00
 0.000E+00
 0.000E+00
 0.000E+00
      79.905799     3.992343    0.012448
 6
       4
     2     2     2     2
     0     1     1     1
 1.710E+00 1.625E+00 1.625E+00 1.625E+00
 0.000E+00 0.000E+00 0.000E+00 0.000E+00
 0.000E+00 0.000E+00 0.000E+00 0.000E+00
 0.000E+00 0.000E+00 0.000E+00 0.000E+00
      71.982794     0.142774    -0.014558
 1
       1
     1
     0
 1.300E+00
 0.000E+00
 0.000E+00
 0.000E+00
      74.983902     -4.138831    1.055542
 1
       1
     1
     0
 1.300E+00
 0.000E+00
 0.000E+00
 0.000E+00
      79.583695     -4.094284    1.210281
 1
       1
     1
     0
 1.300E+00
 0.000E+00
 0.000E+00
 0.000E+00
      88.008659     4.122963    -1.148067
 1
       1
     1
     0
 1.300E+00
 0.000E+00
 0.000E+00
 0.000E+00
      88.372344     -3.983363    1.136689
 1
       1
     1
     0
 1.300E+00
 0.000E+00
 0.000E+00
 0.000E+00
      92.543013     4.120876    -1.420766
 1
       1
     1
     0
 1.300E+00
 0.000E+00
 0.000E+00
 0.000E+00
      92.979509     -3.900173    1.202822
 1
       1
     1
     0
 1.300E+00
 0.000E+00
 0.000E+00
 0.000E+00
      101.314361     4.704773    -1.480409
 1
       1
     1
     0
 1.300E+00
 0.000E+00
 0.000E+00
 0.000E+00
      105.785326     5.022312    -0.574539
 1
       1
     1
     0
 1.300E+00
 0.000E+00
 0.000E+00
 0.000E+00
      101.640885     -3.155313    1.489221
 1
       1
     1
     0
 1.300E+00
 0.000E+00
 0.000E+00
 0.000E+00
      106.210811     -2.839336    1.609841
 1
       1
     1
     0
 1.300E+00
 0.000E+00
 0.000E+00
 0.000E+00
      114.939021     4.734091    0.828809
 1
       1
     1
     0
 1.300E+00
 0.000E+00
 0.000E+00
 0.000E+00
      114.469810     -3.201937    -1.366217
 1
       1
     1
     0
 1.300E+00
 0.000E+00
 0.000E+00
 0.000E+00
      119.670965     4.421913    0.708855
 1
       1
     1
     0
 1.300E+00
 0.000E+00
 0.000E+00
 0.000E+00
      119.083007     -3.478708    -1.196567
 1
       1
     1
     0
 1.300E+00
 0.000E+00
 0.000E+00
 0.000E+00
      128.104504     4.061573    1.238952
 1
       1
     1
     0
 1.300E+00
 0.000E+00
 0.000E+00
 0.000E+00
      127.508963     -3.963804    -1.329789
 1
       1
     1
     0
 1.300E+00
 0.000E+00
 0.000E+00
 0.000E+00
      132.844156     3.418684    1.651932
 1
       1
     1
     0
 1.300E+00
 0.000E+00
 0.000E+00
 0.000E+00
      132.077645     -4.211111    -1.261031
 1
       1
     1
     0
 1.300E+00
 0.000E+00
 0.000E+00
 0.000E+00
      140.396195     1.741883    3.105309
 1
       1
     1
     0
 1.300E+00
 0.000E+00
 0.000E+00
 0.000E+00
      140.395010     -4.620267    -2.054053
 1
       1
     1
     0
 1.300E+00
 0.000E+00
 0.000E+00
 0.000E+00
      148.117657     -0.955120    0.301485
 1
       1
     1
     0
 1.300E+00
 0.000E+00
 0.000E+00
 0.000E+00
      145.438397     1.928762    2.711517
 1
       1
     1
     0
 1.300E+00
 0.000E+00
 0.000E+00
 0.000E+00
      145.376233     -4.515238    -2.479116
 6
       4
     2     2     2     2
     0     1     1     1
 1.710E+00 1.625E+00 1.625E+00 1.625E+00
 0.000E+00 0.000E+00 0.000E+00 0.000E+00
 0.000E+00 0.000E+00 0.000E+00 0.000E+00
 0.000E+00 0.000E+00 0.000E+00 0.000E+00
      137.687724     -1.161399    0.234258
 6
       4
     2     2     2     2
     0     1     1     1
 1.710E+00 1.625E+00 1.625E+00 1.625E+00
 0.000E+00 0.000E+00 0.000E+00 0.000E+00
 0.000E+00 0.000E+00 0.000E+00 0.000E+00
 0.000E+00 0.000E+00 0.000E+00 0.000E+00
      140.241033     -1.330337    0.335266
 6
       4
     2     2     2     2
     0     1     1     1
 1.710E+00 1.625E+00 1.625E+00 1.625E+00
 0.000E+00 0.000E+00 0.000E+00 0.000E+00
 0.000E+00 0.000E+00 0.000E+00 0.000E+00
 0.000E+00 0.000E+00 0.000E+00 0.000E+00
      141.646112     -3.164686    -1.019124
 6
       4
     2     2     2     2
     0     1     1     1
 1.710E+00 1.625E+00 1.625E+00 1.625E+00
 0.000E+00 0.000E+00 0.000E+00 0.000E+00
 0.000E+00 0.000E+00 0.000E+00 0.000E+00
 0.000E+00 0.000E+00 0.000E+00 0.000E+00
      141.674704     0.445117    1.889698
 6
       4
     2     2     2     2
     0     1     1     1
 1.710E+00 1.625E+00 1.625E+00 1.625E+00
 0.000E+00 0.000E+00 0.000E+00 0.000E+00
 0.000E+00 0.000E+00 0.000E+00 0.000E+00
 0.000E+00 0.000E+00 0.000E+00 0.000E+00
      144.358640     0.510954    1.747080
 6
       4
     2     2     2     2
     0     1     1     1
 1.710E+00 1.625E+00 1.625E+00 1.625E+00
 0.000E+00 0.000E+00 0.000E+00 0.000E+00
 0.000E+00 0.000E+00 0.000E+00 0.000E+00
 0.000E+00 0.000E+00 0.000E+00 0.000E+00
      144.272610     -3.137652    -1.184291
 6
       4
     2     2     2     2
     0     1     1     1
 1.710E+00 1.625E+00 1.625E+00 1.625E+00
 0.000E+00 0.000E+00 0.000E+00 0.000E+00
 0.000E+00 0.000E+00 0.000E+00 0.000E+00
 0.000E+00 0.000E+00 0.000E+00 0.000E+00
      145.717259     -1.263204    0.233360
# LCAO coefficients .. are not included.
         1
        1        -0.000193311694638   k=         1
        2        -0.000857442677766   k=         1
        3        -0.000449204706984   k=         1
        4        -0.007030091765964   k=         1
        5        -0.000549835602461   k=         1
        6        -0.000944405894316   k=         1
        7        0.004197477671920   k=         1
        8        -0.008422236800853   k=         1
        9        0.001023426216051   k=         1
        10        0.002458664873702   k=         1
        11        0.007616354715495   k=         1
        12        -0.012797535839666   k=         1
        13        0.000174484127213   k=         1
        14        -0.000246390957806   k=         1
        15        -0.001900500241541   k=         1
        16        0.003978077742575   k=         1
        17        -0.000359883329494   k=         1
        18        0.000289844876274   k=         1
        19        -0.003305843511216   k=         1
        20        0.011666199633538   k=         1
        21        -0.000390063333366   k=         1
        22        -0.001167198191173   k=         1
        23        -0.000648479522525   k=         1
        24        0.000503442081174   k=         1
        25        0.000087152801650   k=         1
        26        0.001848079403273   k=         1
        27        0.004936319265579   k=         1
        28        0.021275225258043   k=         1
        29        -0.000046310798742   k=         1
        30        0.000109694012482   k=         1
        31        0.001626797016784   k=         1
        32        0.010532781846444   k=         1
        33        0.000056352073771   k=         1
        34        0.003041570405023   k=         1
        35        -0.006717677774369   k=         1
        36        -0.029140237281398   k=         1
        37        0.000072519304781   k=         1
        38        0.001943433732073   k=         1
        39        -0.002186867611818   k=         1
        40        -0.011907673719550   k=         1
        41        0.000355778408442   k=         1
        42        0.002579092679747   k=         1
        43        -0.002290532943048   k=         1
        44        -0.010368142067191   k=         1
        45        0.001535077216255   k=         1
        46        -0.001519158988818   k=         1
        47        0.003351478500881   k=         1
        48        0.024546692802660   k=         1
        49        -0.001069649809407   k=         1
        50        -0.004460850370486   k=         1
        51        0.002209388214513   k=         1
        52        0.022076806738667   k=         1
        53        -0.000143470072656   k=         1
        54        0.000698624401073   k=         1
        55        0.006219136450310   k=         1
        56        0.020848503423774   k=         1
        57        0.000651597774446   k=         1
        58        0.000316399214821   k=         1
        59        -0.019206583517711   k=         1
        60        -0.033793039324533   k=         1
        61        0.000039746918794   k=         1
        62        0.001290154462092   k=         1
        63        -0.009301076765983   k=         1
        64        -0.023098526870999   k=         1
        65        0.000111016563780   k=         1
        66        0.000158717739244   k=         1
        67        0.025673760228142   k=         1
        68        0.043405061729158   k=         1
        69        0.000009866979676   k=         1
        70        0.001595635483153   k=         1
        71        0.015118338268679   k=         1
        72        0.018571103782751   k=         1
        73        -0.000457275517148   k=         1
        74        0.005141449212290   k=         1
        75        0.013029670522444   k=         1
        76        0.017929101644231   k=         1
        77        0.001917975244813   k=         1
        78        -0.004908132181483   k=         1
        79        -0.020169502816299   k=         1
        80        -0.026273895363173   k=         1
        81        -0.001860803812266   k=         1
        82        -0.005172723301930   k=         1
        83        -0.022595087733530   k=         1
        84        -0.022846731231608   k=         1
        85        0.000848461416947   k=         1
        86        -0.005058825765579   k=         1
        87        -0.024319484397769   k=         1
        88        -0.034347715537206   k=         1
        89        -0.002070665980720   k=         1
        90        0.001017403856959   k=         1
        91        0.018121891091660   k=         1
        92        0.043958147242043   k=         1
        93        0.002033419467279   k=         1
        94        0.001453212127276   k=         1
        95        0.023771298421838   k=         1
        96        0.037574544286530   k=         1
        97        0.000328592952794   k=         1
        98        -0.001806765842299   k=         1
        99        -0.013697457550517   k=         1
        100        -0.040661104266369   k=         1
        101        0.001972967388152   k=         1
        102        -0.000403713095336   k=         1
        103        -0.006815717506834   k=         1
        104        -0.030600793745828   k=         1
        105        -0.001488016847176   k=         1
        106        0.001315784850800   k=         1
        107        -0.007097540361159   k=         1
        108        -0.035742674267331   k=         1
        109        0.000676320733798   k=         1
        110        0.000496670054849   k=         1
        111        0.006606038379603   k=         1
        112        0.026331440895597   k=         1
        113        0.000119406165322   k=         1
        114        -0.001724900850808   k=         1
        115        0.006443322120902   k=         1
        116        0.023279353821033   k=         1
        117        -0.000585053018045   k=         1
        118        0.000827249593694   k=         1
        119        0.017836787030601   k=         1
        120        0.045572947653402   k=         1
        121        0.000722013167000   k=         1
        122        -0.000496020413695   k=         1
        123        -0.012530270074421   k=         1
        124        -0.025307222734012   k=         1
        125        -0.001204640851678   k=         1
        126        -0.002833876051148   k=         1
        127        -0.015506374332365   k=         1
        128        -0.038284726752170   k=         1
        129        0.000148617395446   k=         1
        130        0.002324170861039   k=         1
        131        0.011857236154827   k=         1
        132        0.022265147769116   k=         1
        133        0.000491439124631   k=         1
        134        0.000461443203739   k=         1
        135        0.015363965355965   k=         1
        136        0.020302367225389   k=         1
        137        -0.001649150380871   k=         1
        138        -0.001904724916454   k=         1
        139        0.015971609117501   k=         1
        140        0.024471761882364   k=         1
        141        -0.000227008523069   k=         1
        142        0.001833720416974   k=         1
        143        -0.004694883854442   k=         1
        144        -0.008187809838545   k=         1
        145        -0.000092185795274   k=         1
        146        0.000087220463770   k=         1
        147        -0.007915510111072   k=         1
        148        -0.013519018825097   k=         1
        149        0.000342392650684   k=         1
        150        0.003387253267621   k=         1
        151        -0.012740427275429   k=         1
        152        -0.032111046585801   k=         1
        153        0.000538728360311   k=         1
        154        -0.000319965039438   k=         1
        155        0.004042355384613   k=         1
        156        0.010142725121075   k=         1
        157        -0.000542373005998   k=         1
        158        0.000929469673109   k=         1
        159        -0.000311669932851   k=         1
        160        0.001308173017540   k=         1
        161        -0.000150099310731   k=         1
        162        0.000622271214603   k=         1
        163        -0.001248879076588   k=         1
        164        -0.001087127813826   k=         1
        165        -0.000259680047263   k=         1
        166        0.000533267329173   k=         1
        167        -0.001332780339167   k=         1
        168        -0.003054581523021   k=         1
        169        0.001310998462608   k=         1
        170        0.000926873708565   k=         1
        171        -0.001417355280845   k=         1
        172        -0.002018860810952   k=         1
        173        0.001177797656543   k=         1
        174        0.001361519471739   k=         1
        175        -0.000295113122645   k=         1
        176        -0.001480058752268   k=         1
        177        0.001220354198451   k=         1
        178        0.000367204800720   k=         1
        179        -0.000479607447944   k=         1
        180        -0.000030108794811   k=         1
        181        -0.000753665873247   k=         1
        182        0.000292592547749   k=         1
        183        0.007163763743366   k=         1
        184        -0.000693617081104   k=         1
        185        0.000242890023896   k=         1
        186        -0.001063861712953   k=         1
        187        -0.000033400643110   k=         1
        188        0.009874899420038   k=         1
        189        0.024589755754763   k=         1
        190        0.000105729665325   k=         1
        191        -0.000155186078472   k=         1
        192        -0.002051129181177   k=         1
        193        -0.004904139531699   k=         1
        194        0.000563750145242   k=         1
        195        -0.000365000609604   k=         1
        196        -0.003947952058855   k=         1
        197        -0.012804067405085   k=         1
        198        -0.000144823755466   k=         1
        199        -0.000540649286130   k=         1
        200        -0.003038251597391   k=         1
        201        -0.015124813737614   k=         1
        202        0.000220924138751   k=         1
        203        0.000295111507939   k=         1
        204        -0.000650917662976   k=         1
        205        -0.000375919405198   k=         1
        206        -0.000226437384950   k=         1
        207        -0.000334336119556   k=         1
        208        -0.000329391929773   k=         1
        209        0.000779201911391   k=         1
        210        -0.000223128083731   k=         1
        211        0.000343538802522   k=         1
        212        0.005561649827809   k=         1
        213        0.014402564674415   k=         1
        214        0.000153632548627   k=         1
        215        0.000578822186595   k=         1
        216        0.001403009071442   k=         1
        217        0.003229264550078   k=         1
        218        -0.000192790749474   k=         1
        219        -0.000565256124915   k=         1
        220        0.002009433303339   k=         1
        221        0.014128270896593   k=         1
        222        -0.000204620927378   k=         1
        223        -0.002071776017632   k=         1
        224        0.000668422559739   k=         1
        225        0.015187216529751   k=         1
        226        0.000247032240814   k=         1
        227        -0.000363563818379   k=         1
        228        -0.000156376234928   k=         1
        229        0.001487766501233   k=         1
        230        -0.000017137391208   k=         1
        231        0.001560350619587   k=         1
        232        -0.002230622578160   k=         1
        233        -0.015234626180932   k=         1
        234        -0.000086795158038   k=         1
        235        0.000527014574634   k=         1
        236        -0.000021593366209   k=         1
        237        0.001539084127288   k=         1
        238        -0.001582615149286   k=         1
        239        -0.003030849666397   k=         1
        240        -0.007549914762396   k=         1
        241        -0.025521659268676   k=         1
        242        0.000262809849440   k=         1
        243        -0.002197267237359   k=         1
        244        -0.003208735842821   k=         1
        245        -0.008665436316684   k=         1
        246        -0.000599764697613   k=         1
        247        0.002814411728284   k=         1
        248        0.008863029586565   k=         1
        249        0.031066932304180   k=         1
        250        0.000201673379291   k=         1
        251        -0.000427520899221   k=         1
        252        0.002839798060264   k=         1
        253        0.012249262513793   k=         1
        254        -0.000179653687285   k=         1
        255        -0.001377028513482   k=         1
        256        0.003271601883976   k=         1
        257        0.011038219321394   k=         1
        258        -0.000480636012041   k=         1
        259        -0.000195001658777   k=         1
        260        -0.007628645429733   k=         1
        261        -0.023011597490478   k=         1
        262        -0.000639618261732   k=         1
        263        0.001989333361851   k=         1
        264        -0.006297555976278   k=         1
        265        -0.022653534668186   k=         1
        266        0.000246111151160   k=         1
        267        -0.001736942349980   k=         1
        268        -0.008410106075902   k=         1
        269        -0.022750130145732   k=         1
        270        0.002328907137586   k=         1
        271        0.004129855892780   k=         1
        272        0.013571472533959   k=         1
        273        0.034469285294651   k=         1
        274        -0.001732047388681   k=         1
        275        0.000660165508718   k=         1
        276        0.009234629398620   k=         1
        277        0.024463387335693   k=         1
        278        0.001618786476656   k=         1
        279        0.006971038237598   k=         1
        280        -0.015695628295745   k=         1
        281        -0.043245352884718   k=         1
        282        -0.000831842857937   k=         1
        283        0.002633716503907   k=         1
        284        -0.010645212570067   k=         1
        285        -0.020569987389862   k=         1
        286        0.000767493755140   k=         1
        287        0.007788006396937   k=         1
        288        -0.006545116563499   k=         1
        289        -0.021014650131692   k=         1
        290        -0.001950653571760   k=         1
        291        -0.011198102082781   k=         1
        292        0.011457355646351   k=         1
        293        0.025562444937983   k=         1
        294        0.001637274026622   k=         1
        295        0.000013530835374   k=         1
        296        0.017191058971573   k=         1
        297        0.037017637157957   k=         1
        298        -0.000151742958787   k=         1
        299        0.001693967241937   k=         1
        300        0.005529062645372   k=         1
        301        0.038961386291045   k=         1
        302        0.000795832324095   k=         1
        303        -0.004795068780152   k=         1
        304        0.009762611772873   k=         1
        305        -0.057201393386134   k=         1
        306        -0.000209515474492   k=         1
        307        -0.003699693478048   k=         1
        308        -0.000709224303359   k=         1
        309        -0.044464737631532   k=         1
        310        0.000911613255878   k=         1
        311        0.002541785497650   k=         1
        312        -0.013344033800111   k=         1
        313        0.061149347550254   k=         1
        314        -0.000877879993624   k=         1
        315        -0.000583160519413   k=         1
        316        -0.015866251763810   k=         1
        317        0.037862477241193   k=         1
        318        0.000528182420723   k=         1
        319        -0.003470423079336   k=         1
        320        -0.009627533638229   k=         1
        321        0.033307476721401   k=         1
        322        0.000073499224863   k=         1
        323        0.003719346254520   k=         1
        324        0.006600336094754   k=         1
        325        -0.053253172497434   k=         1
        326        0.000128908899871   k=         1
        327        0.001680703246643   k=         1
        328        0.010034056376562   k=         1
        329        -0.031788892554597   k=         1
        330        -0.001534794398298   k=         1
        331        0.002022007915310   k=         1
        332        0.014647933256321   k=         1
        333        -0.054400901534740   k=         1
        334        0.003282176939027   k=         1
        335        0.004561312162012   k=         1
        336        -0.018384480989556   k=         1
        337        0.055886754337129   k=         1
        338        -0.003446956828309   k=         1
        339        0.004325086373398   k=         1
        340        -0.017215874964119   k=         1
        341        0.059258883687307   k=         1
        342        0.000588701150931   k=         1
        343        0.002855102322293   k=         1
        344        0.019424014255245   k=         1
        345        -0.054510521932505   k=         1
        346        0.000060269146834   k=         1
        347        0.003511323893691   k=         1
        348        0.010612637120351   k=         1
        349        -0.040130614379829   k=         1
        350        -0.000267165265434   k=         1
        351        0.008354266590953   k=         1
        352        0.013405799042601   k=         1
        353        -0.040555142112698   k=         1
        354        -0.000012323409164   k=         1
        355        -0.006784825609309   k=         1
        356        -0.010051763809620   k=         1
        357        0.034790954564673   k=         1
        358        0.000314997152252   k=         1
        359        -0.002413457224631   k=         1
        360        -0.011814353391356   k=         1
        361        0.035207058394808   k=         1
        362        0.000968266573303   k=         1
        363        -0.001919558616202   k=         1
        364        -0.026248289498354   k=         1
        365        0.060876319253994   k=         1
        366        0.000885383125042   k=         1
        367        0.001402816957324   k=         1
        368        0.019621145976559   k=         1
        369        -0.035045854400293   k=         1
        370        0.000059907519511   k=         1
        371        -0.000023668481222   k=         1
        372        0.000083796960303   k=         1
        373        0.000760636538531   k=         1
        374        -0.003765266893403   k=         1
        375        -0.008085695840695   k=         1
        376        -0.000516645318410   k=         1
        377        -0.000045933452765   k=         1
        378        0.000479393734619   k=         1
        379        0.000760519026340   k=         1
        380        0.000812338104974   k=         1
        381        0.000437572053803   k=         1
        382        -0.002252638624923   k=         1
        383        -0.000031217795828   k=         1
        384        0.002046201153062   k=         1
        385        -0.002763573964920   k=         1
        386        0.001864958687084   k=         1
        387        0.001719350723490   k=         1
        388        0.000290056333146   k=         1
        389        -0.001376887635791   k=         1
        390        -0.001795853420554   k=         1
        391        0.000360177440985   k=         1
        392        -0.000302995101009   k=         1
        393        -0.001962420530739   k=         1
        394        -0.002060866533347   k=         1
        395        -0.000031412947240   k=         1
        396        0.001171439420837   k=         1
        397        0.001386269027243   k=         1
        398        -0.002100268222847   k=         1
        399        0.000516048740552   k=         1
        400        0.007236778053749   k=         1
        401        0.022626132931667   k=         1
        402        -0.051121550738199   k=         1
        403        -0.000137021714175   k=         1
        404        -0.004773458255956   k=         1
        405        -0.015912433934177   k=         1
        406        0.025499845268339   k=         1
        407        -0.001367598700807   k=         1
        408        0.005419845907703   k=         1
        409        -0.025243268636271   k=         1
        410        0.025991464896356   k=         1
        411        0.001432119421987   k=         1
        412        0.000828469938060   k=         1
        413        -0.031718696493344   k=         1
        414        0.031355368992458   k=         1
        415        -0.000093827479982   k=         1
        416        -0.001410628971482   k=         1
        417        0.005847591025345   k=         1
        418        -0.006228908217089   k=         1
        419        0.000772023498215   k=         1
        420        -0.003011374663691   k=         1
        421        0.009096413477104   k=         1
        422        -0.009942587633464   k=         1
        423        -0.000349722455644   k=         1
        424        -0.002296763084182   k=         1
        425        0.030146441956825   k=         1
        426        -0.039087010124010   k=         1
