# file_format= v0.04.05
       144       426
    188.97268778      0.00000000      0.00000000    0
      0.00000000    188.97268778      0.00000000    0
      0.00000000      0.00000000    188.97268778    0
 6
       4
     2     2     2     2
     0     1     1     1
 1.710E+00 1.625E+00 1.625E+00 1.625E+00
 0.000E+00 0.000E+00 0.000E+00 0.000E+00
 0.000E+00 0.000E+00 0.000E+00 0.000E+00
 0.000E+00 0.000E+00 0.000E+00 0.000E+00
      1.225338     -0.726278    0.038242
 6
       4
     2     2     2     2
     0     1     1     1
 1.710E+00 1.625E+00 1.625E+00 1.625E+00
 0.000E+00 0.000E+00 0.000E+00 0.000E+00
 0.000E+00 0.000E+00 0.000E+00 0.000E+00
 0.000E+00 0.000E+00 0.000E+00 0.000E+00
      -0.538865     1.084096    0.522840
 6
       4
     2     2     2     2
     0     1     1     1
 1.710E+00 1.625E+00 1.625E+00 1.625E+00
 0.000E+00 0.000E+00 0.000E+00 0.000E+00
 0.000E+00 0.000E+00 0.000E+00 0.000E+00
 0.000E+00 0.000E+00 0.000E+00 0.000E+00
      0.394053     -3.281178    -0.751090
 6
       4
     2     2     2     2
     0     1     1     1
 1.710E+00 1.625E+00 1.625E+00 1.625E+00
 0.000E+00 0.000E+00 0.000E+00 0.000E+00
 0.000E+00 0.000E+00 0.000E+00 0.000E+00
 0.000E+00 0.000E+00 0.000E+00 0.000E+00
      -3.316184     0.624568    0.427135
 6
       4
     2     2     2     2
     0     1     1     1
 1.710E+00 1.625E+00 1.625E+00 1.625E+00
 0.000E+00 0.000E+00 0.000E+00 0.000E+00
 0.000E+00 0.000E+00 0.000E+00 0.000E+00
 0.000E+00 0.000E+00 0.000E+00 0.000E+00
      -4.174151     -1.961910    -0.515406
 6
       4
     2     2     2     2
     0     1     1     1
 1.710E+00 1.625E+00 1.625E+00 1.625E+00
 0.000E+00 0.000E+00 0.000E+00 0.000E+00
 0.000E+00 0.000E+00 0.000E+00 0.000E+00
 0.000E+00 0.000E+00 0.000E+00 0.000E+00
      -2.354708     -3.731168    -0.982552
 6
       4
     2     2     2     2
     0     1     1     1
 1.710E+00 1.625E+00 1.625E+00 1.625E+00
 0.000E+00 0.000E+00 0.000E+00 0.000E+00
 0.000E+00 0.000E+00 0.000E+00 0.000E+00
 0.000E+00 0.000E+00 0.000E+00 0.000E+00
      3.838238     -0.252520    -0.057221
 6
       4
     2     2     2     2
     0     1     1     1
 1.710E+00 1.625E+00 1.625E+00 1.625E+00
 0.000E+00 0.000E+00 0.000E+00 0.000E+00
 0.000E+00 0.000E+00 0.000E+00 0.000E+00
 0.000E+00 0.000E+00 0.000E+00 0.000E+00
      6.079834     -0.095499    -0.182600
 6
       4
     2     2     2     2
     0     1     1     1
 1.710E+00 1.625E+00 1.625E+00 1.625E+00
 0.000E+00 0.000E+00 0.000E+00 0.000E+00
 0.000E+00 0.000E+00 0.000E+00 0.000E+00
 0.000E+00 0.000E+00 0.000E+00 0.000E+00
      8.774470     0.224858    -0.069659
 6
       4
     2     2     2     2
     0     1     1     1
 1.710E+00 1.625E+00 1.625E+00 1.625E+00
 0.000E+00 0.000E+00 0.000E+00 0.000E+00
 0.000E+00 0.000E+00 0.000E+00 0.000E+00
 0.000E+00 0.000E+00 0.000E+00 0.000E+00
      9.877454     2.617492    -0.477241
 6
       4
     2     2     2     2
     0     1     1     1
 1.710E+00 1.625E+00 1.625E+00 1.625E+00
 0.000E+00 0.000E+00 0.000E+00 0.000E+00
 0.000E+00 0.000E+00 0.000E+00 0.000E+00
 0.000E+00 0.000E+00 0.000E+00 0.000E+00
      10.410561     -1.875304    0.595581
 6
       4
     2     2     2     2
     0     1     1     1
 1.710E+00 1.625E+00 1.625E+00 1.625E+00
 0.000E+00 0.000E+00 0.000E+00 0.000E+00
 0.000E+00 0.000E+00 0.000E+00 0.000E+00
 0.000E+00 0.000E+00 0.000E+00 0.000E+00
      12.476685     2.918141    -0.166241
 6
       4
     2     2     2     2
     0     1     1     1
 1.710E+00 1.625E+00 1.625E+00 1.625E+00
 0.000E+00 0.000E+00 0.000E+00 0.000E+00
 0.000E+00 0.000E+00 0.000E+00 0.000E+00
 0.000E+00 0.000E+00 0.000E+00 0.000E+00
      13.015775     -1.568920    0.782828
 6
       4
     2     2     2     2
     0     1     1     1
 1.710E+00 1.625E+00 1.625E+00 1.625E+00
 0.000E+00 0.000E+00 0.000E+00 0.000E+00
 0.000E+00 0.000E+00 0.000E+00 0.000E+00
 0.000E+00 0.000E+00 0.000E+00 0.000E+00
      14.140574     0.908539    0.299901
 6
       4
     2     2     2     2
     0     1     1     1
 1.710E+00 1.625E+00 1.625E+00 1.625E+00
 0.000E+00 0.000E+00 0.000E+00 0.000E+00
 0.000E+00 0.000E+00 0.000E+00 0.000E+00
 0.000E+00 0.000E+00 0.000E+00 0.000E+00
      16.787182     1.241522    0.254996
 6
       4
     2     2     2     2
     0     1     1     1
 1.710E+00 1.625E+00 1.625E+00 1.625E+00
 0.000E+00 0.000E+00 0.000E+00 0.000E+00
 0.000E+00 0.000E+00 0.000E+00 0.000E+00
 0.000E+00 0.000E+00 0.000E+00 0.000E+00
      19.064295     1.250303    0.321992
 6
       4
     2     2     2     2
     0     1     1     1
 1.710E+00 1.625E+00 1.625E+00 1.625E+00
 0.000E+00 0.000E+00 0.000E+00 0.000E+00
 0.000E+00 0.000E+00 0.000E+00 0.000E+00
 0.000E+00 0.000E+00 0.000E+00 0.000E+00
      21.791324     1.334198    0.216245
 6
       4
     2     2     2     2
     0     1     1     1
 1.710E+00 1.625E+00 1.625E+00 1.625E+00
 0.000E+00 0.000E+00 0.000E+00 0.000E+00
 0.000E+00 0.000E+00 0.000E+00 0.000E+00
 0.000E+00 0.000E+00 0.000E+00 0.000E+00
      23.235285     -0.622793    1.467472
 6
       4
     2     2     2     2
     0     1     1     1
 1.710E+00 1.625E+00 1.625E+00 1.625E+00
 0.000E+00 0.000E+00 0.000E+00 0.000E+00
 0.000E+00 0.000E+00 0.000E+00 0.000E+00
 0.000E+00 0.000E+00 0.000E+00 0.000E+00
      23.358884     3.190139    -1.078145
 6
       4
     2     2     2     2
     0     1     1     1
 1.710E+00 1.625E+00 1.625E+00 1.625E+00
 0.000E+00 0.000E+00 0.000E+00 0.000E+00
 0.000E+00 0.000E+00 0.000E+00 0.000E+00
 0.000E+00 0.000E+00 0.000E+00 0.000E+00
      25.882018     2.782569    -1.266385
 6
       4
     2     2     2     2
     0     1     1     1
 1.710E+00 1.625E+00 1.625E+00 1.625E+00
 0.000E+00 0.000E+00 0.000E+00 0.000E+00
 0.000E+00 0.000E+00 0.000E+00 0.000E+00
 0.000E+00 0.000E+00 0.000E+00 0.000E+00
      25.789359     -0.810764    1.494032
 6
       4
     2     2     2     2
     0     1     1     1
 1.710E+00 1.625E+00 1.625E+00 1.625E+00
 0.000E+00 0.000E+00 0.000E+00 0.000E+00
 0.000E+00 0.000E+00 0.000E+00 0.000E+00
 0.000E+00 0.000E+00 0.000E+00 0.000E+00
      27.369922     0.786623    -0.069532
 6
       4
     2     2     2     2
     0     1     1     1
 1.710E+00 1.625E+00 1.625E+00 1.625E+00
 0.000E+00 0.000E+00 0.000E+00 0.000E+00
 0.000E+00 0.000E+00 0.000E+00 0.000E+00
 0.000E+00 0.000E+00 0.000E+00 0.000E+00
      30.062315     0.473563    -0.242841
 6
       4
     2     2     2     2
     0     1     1     1
 1.710E+00 1.625E+00 1.625E+00 1.625E+00
 0.000E+00 0.000E+00 0.000E+00 0.000E+00
 0.000E+00 0.000E+00 0.000E+00 0.000E+00
 0.000E+00 0.000E+00 0.000E+00 0.000E+00
      32.429168     0.166487    -0.058485
 6
       4
     2     2     2     2
     0     1     1     1
 1.710E+00 1.625E+00 1.625E+00 1.625E+00
 0.000E+00 0.000E+00 0.000E+00 0.000E+00
 0.000E+00 0.000E+00 0.000E+00 0.000E+00
 0.000E+00 0.000E+00 0.000E+00 0.000E+00
      35.036185     -0.040623    -0.160334
 6
       4
     2     2     2     2
     0     1     1     1
 1.710E+00 1.625E+00 1.625E+00 1.625E+00
 0.000E+00 0.000E+00 0.000E+00 0.000E+00
 0.000E+00 0.000E+00 0.000E+00 0.000E+00
 0.000E+00 0.000E+00 0.000E+00 0.000E+00
      36.453041     -2.378785    0.528074
 6
       4
     2     2     2     2
     0     1     1     1
 1.710E+00 1.625E+00 1.625E+00 1.625E+00
 0.000E+00 0.000E+00 0.000E+00 0.000E+00
 0.000E+00 0.000E+00 0.000E+00 0.000E+00
 0.000E+00 0.000E+00 0.000E+00 0.000E+00
      36.658269     2.029078    -0.742585
 6
       4
     2     2     2     2
     0     1     1     1
 1.710E+00 1.625E+00 1.625E+00 1.625E+00
 0.000E+00 0.000E+00 0.000E+00 0.000E+00
 0.000E+00 0.000E+00 0.000E+00 0.000E+00
 0.000E+00 0.000E+00 0.000E+00 0.000E+00
      39.302893     1.913523    -0.782328
 6
       4
     2     2     2     2
     0     1     1     1
 1.710E+00 1.625E+00 1.625E+00 1.625E+00
 0.000E+00 0.000E+00 0.000E+00 0.000E+00
 0.000E+00 0.000E+00 0.000E+00 0.000E+00
 0.000E+00 0.000E+00 0.000E+00 0.000E+00
      39.059867     -2.429179    0.692037
 6
       4
     2     2     2     2
     0     1     1     1
 1.710E+00 1.625E+00 1.625E+00 1.625E+00
 0.000E+00 0.000E+00 0.000E+00 0.000E+00
 0.000E+00 0.000E+00 0.000E+00 0.000E+00
 0.000E+00 0.000E+00 0.000E+00 0.000E+00
      40.679353     -0.294892    -0.098674
 6
       4
     2     2     2     2
     0     1     1     1
 1.710E+00 1.625E+00 1.625E+00 1.625E+00
 0.000E+00 0.000E+00 0.000E+00 0.000E+00
 0.000E+00 0.000E+00 0.000E+00 0.000E+00
 0.000E+00 0.000E+00 0.000E+00 0.000E+00
      43.329837     -0.503941    -0.089437
 6
       4
     2     2     2     2
     0     1     1     1
 1.710E+00 1.625E+00 1.625E+00 1.625E+00
 0.000E+00 0.000E+00 0.000E+00 0.000E+00
 0.000E+00 0.000E+00 0.000E+00 0.000E+00
 0.000E+00 0.000E+00 0.000E+00 0.000E+00
      45.593168     -0.435971    -0.171462
 6
       4
     2     2     2     2
     0     1     1     1
 1.710E+00 1.625E+00 1.625E+00 1.625E+00
 0.000E+00 0.000E+00 0.000E+00 0.000E+00
 0.000E+00 0.000E+00 0.000E+00 0.000E+00
 0.000E+00 0.000E+00 0.000E+00 0.000E+00
      48.268944     -0.573536    -0.304794
 6
       4
     2     2     2     2
     0     1     1     1
 1.710E+00 1.625E+00 1.625E+00 1.625E+00
 0.000E+00 0.000E+00 0.000E+00 0.000E+00
 0.000E+00 0.000E+00 0.000E+00 0.000E+00
 0.000E+00 0.000E+00 0.000E+00 0.000E+00
      49.722691     -2.469012    0.783545
 6
       4
     2     2     2     2
     0     1     1     1
 1.710E+00 1.625E+00 1.625E+00 1.625E+00
 0.000E+00 0.000E+00 0.000E+00 0.000E+00
 0.000E+00 0.000E+00 0.000E+00 0.000E+00
 0.000E+00 0.000E+00 0.000E+00 0.000E+00
      49.618061     1.516059    -1.561394
 6
       4
     2     2     2     2
     0     1     1     1
 1.710E+00 1.625E+00 1.625E+00 1.625E+00
 0.000E+00 0.000E+00 0.000E+00 0.000E+00
 0.000E+00 0.000E+00 0.000E+00 0.000E+00
 0.000E+00 0.000E+00 0.000E+00 0.000E+00
      52.175285     1.806737    -1.332147
 6
       4
     2     2     2     2
     0     1     1     1
 1.710E+00 1.625E+00 1.625E+00 1.625E+00
 0.000E+00 0.000E+00 0.000E+00 0.000E+00
 0.000E+00 0.000E+00 0.000E+00 0.000E+00
 0.000E+00 0.000E+00 0.000E+00 0.000E+00
      52.367643     -2.267246    0.622842
 6
       4
     2     2     2     2
     0     1     1     1
 1.710E+00 1.625E+00 1.625E+00 1.625E+00
 0.000E+00 0.000E+00 0.000E+00 0.000E+00
 0.000E+00 0.000E+00 0.000E+00 0.000E+00
 0.000E+00 0.000E+00 0.000E+00 0.000E+00
      53.641216     -0.117225    -0.331707
 6
       4
     2     2     2     2
     0     1     1     1
 1.710E+00 1.625E+00 1.625E+00 1.625E+00
 0.000E+00 0.000E+00 0.000E+00 0.000E+00
 0.000E+00 0.000E+00 0.000E+00 0.000E+00
 0.000E+00 0.000E+00 0.000E+00 0.000E+00
      56.376961     0.079019    -0.124078
 1
       1
     1
     0
 1.300E+00
 0.000E+00
 0.000E+00
 0.000E+00
      -4.625439     2.157149    0.935923
 1
       1
     1
     0
 1.300E+00
 0.000E+00
 0.000E+00
 0.000E+00
      0.026360     3.042980    1.249855
 1
       1
     1
     0
 1.300E+00
 0.000E+00
 0.000E+00
 0.000E+00
      -6.399075     -2.026043    -0.399343
 1
       1
     1
     0
 1.300E+00
 0.000E+00
 0.000E+00
 0.000E+00
      -2.956025     -5.685133    -1.516411
 1
       1
     1
     0
 1.300E+00
 0.000E+00
 0.000E+00
 0.000E+00
      1.684819     -4.720634    -1.156709
 1
       1
     1
     0
 1.300E+00
 0.000E+00
 0.000E+00
 0.000E+00
      8.716987     4.171355    -0.921359
 1
       1
     1
     0
 1.300E+00
 0.000E+00
 0.000E+00
 0.000E+00
      9.521137     -3.748638    0.915714
 1
       1
     1
     0
 1.300E+00
 0.000E+00
 0.000E+00
 0.000E+00
      13.444473     4.683903    -0.514913
 1
       1
     1
     0
 1.300E+00
 0.000E+00
 0.000E+00
 0.000E+00
      14.362656     -3.079671    1.294910
 1
       1
     1
     0
 1.300E+00
 0.000E+00
 0.000E+00
 0.000E+00
      22.516463     4.804861    -1.975521
 1
       1
     1
     0
 1.300E+00
 0.000E+00
 0.000E+00
 0.000E+00
      27.021802     4.244682    -2.389564
 1
       1
     1
     0
 1.300E+00
 0.000E+00
 0.000E+00
 0.000E+00
      22.207999     -2.026036    2.638424
 1
       1
     1
     0
 1.300E+00
 0.000E+00
 0.000E+00
 0.000E+00
      26.633989     -2.359727    2.591215
 1
       1
     1
     0
 1.300E+00
 0.000E+00
 0.000E+00
 0.000E+00
      35.796463     3.899283    -1.279122
 1
       1
     1
     0
 1.300E+00
 0.000E+00
 0.000E+00
 0.000E+00
      35.460056     -4.079370    1.116599
 1
       1
     1
     0
 1.300E+00
 0.000E+00
 0.000E+00
 0.000E+00
      40.303428     3.542724    -1.303047
 1
       1
     1
     0
 1.300E+00
 0.000E+00
 0.000E+00
 0.000E+00
      39.912426     -4.187106    1.211543
 1
       1
     1
     0
 1.300E+00
 0.000E+00
 0.000E+00
 0.000E+00
      48.525661     2.987298    -2.359644
 1
       1
     1
     0
 1.300E+00
 0.000E+00
 0.000E+00
 0.000E+00
      48.901201     -3.945149    1.849431
 1
       1
     1
     0
 1.300E+00
 0.000E+00
 0.000E+00
 0.000E+00
      52.869257     3.454926    -2.103462
 1
       1
     1
     0
 1.300E+00
 0.000E+00
 0.000E+00
 0.000E+00
      53.460259     -3.838763    1.469899
 1
       1
     1
     0
 1.300E+00
 0.000E+00
 0.000E+00
 0.000E+00
      61.920024     4.271777    -1.162527
 1
       1
     1
     0
 1.300E+00
 0.000E+00
 0.000E+00
 0.000E+00
      62.248045     -3.543410    1.226740
 6
       4
     2     2     2     2
     0     1     1     1
 1.710E+00 1.625E+00 1.625E+00 1.625E+00
 0.000E+00 0.000E+00 0.000E+00 0.000E+00
 0.000E+00 0.000E+00 0.000E+00 0.000E+00
 0.000E+00 0.000E+00 0.000E+00 0.000E+00
      69.769409     0.433291    -0.253278
 1
       1
     1
     0
 1.300E+00
 0.000E+00
 0.000E+00
 0.000E+00
      66.379830     4.517443    -1.390007
 1
       1
     1
     0
 1.300E+00
 0.000E+00
 0.000E+00
 0.000E+00
      66.655594     -3.427256    1.007579
 6
       4
     2     2     2     2
     0     1     1     1
 1.710E+00 1.625E+00 1.625E+00 1.625E+00
 0.000E+00 0.000E+00 0.000E+00 0.000E+00
 0.000E+00 0.000E+00 0.000E+00 0.000E+00
 0.000E+00 0.000E+00 0.000E+00 0.000E+00
      58.707977     0.159015    -0.223534
 6
       4
     2     2     2     2
     0     1     1     1
 1.710E+00 1.625E+00 1.625E+00 1.625E+00
 0.000E+00 0.000E+00 0.000E+00 0.000E+00
 0.000E+00 0.000E+00 0.000E+00 0.000E+00
 0.000E+00 0.000E+00 0.000E+00 0.000E+00
      61.396840     0.319859    -0.164215
 6
       4
     2     2     2     2
     0     1     1     1
 1.710E+00 1.625E+00 1.625E+00 1.625E+00
 0.000E+00 0.000E+00 0.000E+00 0.000E+00
 0.000E+00 0.000E+00 0.000E+00 0.000E+00
 0.000E+00 0.000E+00 0.000E+00 0.000E+00
      62.988543     -1.727731    0.475020
 6
       4
     2     2     2     2
     0     1     1     1
 1.710E+00 1.625E+00 1.625E+00 1.625E+00
 0.000E+00 0.000E+00 0.000E+00 0.000E+00
 0.000E+00 0.000E+00 0.000E+00 0.000E+00
 0.000E+00 0.000E+00 0.000E+00 0.000E+00
      62.791622     2.537021    -0.799069
 6
       4
     2     2     2     2
     0     1     1     1
 1.710E+00 1.625E+00 1.625E+00 1.625E+00
 0.000E+00 0.000E+00 0.000E+00 0.000E+00
 0.000E+00 0.000E+00 0.000E+00 0.000E+00
 0.000E+00 0.000E+00 0.000E+00 0.000E+00
      65.540794     2.600146    -0.925924
 6
       4
     2     2     2     2
     0     1     1     1
 1.710E+00 1.625E+00 1.625E+00 1.625E+00
 0.000E+00 0.000E+00 0.000E+00 0.000E+00
 0.000E+00 0.000E+00 0.000E+00 0.000E+00
 0.000E+00 0.000E+00 0.000E+00 0.000E+00
      65.669273     -1.659064    0.487636
 6
       4
     2     2     2     2
     0     1     1     1
 1.710E+00 1.625E+00 1.625E+00 1.625E+00
 0.000E+00 0.000E+00 0.000E+00 0.000E+00
 0.000E+00 0.000E+00 0.000E+00 0.000E+00
 0.000E+00 0.000E+00 0.000E+00 0.000E+00
      67.078432     0.530556    -0.345914
 6
       4
     2     2     2     2
     0     1     1     1
 1.710E+00 1.625E+00 1.625E+00 1.625E+00
 0.000E+00 0.000E+00 0.000E+00 0.000E+00
 0.000E+00 0.000E+00 0.000E+00 0.000E+00
 0.000E+00 0.000E+00 0.000E+00 0.000E+00
      80.239177     -0.168719    0.700378
 6
       4
     2     2     2     2
     0     1     1     1
 1.710E+00 1.625E+00 1.625E+00 1.625E+00
 0.000E+00 0.000E+00 0.000E+00 0.000E+00
 0.000E+00 0.000E+00 0.000E+00 0.000E+00
 0.000E+00 0.000E+00 0.000E+00 0.000E+00
      78.862986     2.183782    0.164699
 6
       4
     2     2     2     2
     0     1     1     1
 1.710E+00 1.625E+00 1.625E+00 1.625E+00
 0.000E+00 0.000E+00 0.000E+00 0.000E+00
 0.000E+00 0.000E+00 0.000E+00 0.000E+00
 0.000E+00 0.000E+00 0.000E+00 0.000E+00
      78.710296     -2.319053    0.976729
 6
       4
     2     2     2     2
     0     1     1     1
 1.710E+00 1.625E+00 1.625E+00 1.625E+00
 0.000E+00 0.000E+00 0.000E+00 0.000E+00
 0.000E+00 0.000E+00 0.000E+00 0.000E+00
 0.000E+00 0.000E+00 0.000E+00 0.000E+00
      76.265720     2.251015    0.047479
 6
       4
     2     2     2     2
     0     1     1     1
 1.710E+00 1.625E+00 1.625E+00 1.625E+00
 0.000E+00 0.000E+00 0.000E+00 0.000E+00
 0.000E+00 0.000E+00 0.000E+00 0.000E+00
 0.000E+00 0.000E+00 0.000E+00 0.000E+00
      74.686342     0.067546    0.272206
 6
       4
     2     2     2     2
     0     1     1     1
 1.710E+00 1.625E+00 1.625E+00 1.625E+00
 0.000E+00 0.000E+00 0.000E+00 0.000E+00
 0.000E+00 0.000E+00 0.000E+00 0.000E+00
 0.000E+00 0.000E+00 0.000E+00 0.000E+00
      76.038080     -2.269266    0.739699
 6
       4
     2     2     2     2
     0     1     1     1
 1.710E+00 1.625E+00 1.625E+00 1.625E+00
 0.000E+00 0.000E+00 0.000E+00 0.000E+00
 0.000E+00 0.000E+00 0.000E+00 0.000E+00
 0.000E+00 0.000E+00 0.000E+00 0.000E+00
      82.869543     -0.180433    0.748211
 6
       4
     2     2     2     2
     0     1     1     1
 1.710E+00 1.625E+00 1.625E+00 1.625E+00
 0.000E+00 0.000E+00 0.000E+00 0.000E+00
 0.000E+00 0.000E+00 0.000E+00 0.000E+00
 0.000E+00 0.000E+00 0.000E+00 0.000E+00
      85.141266     -0.019279    0.275497
 6
       4
     2     2     2     2
     0     1     1     1
 1.710E+00 1.625E+00 1.625E+00 1.625E+00
 0.000E+00 0.000E+00 0.000E+00 0.000E+00
 0.000E+00 0.000E+00 0.000E+00 0.000E+00
 0.000E+00 0.000E+00 0.000E+00 0.000E+00
      87.756889     0.006854    -0.004601
 6
       4
     2     2     2     2
     0     1     1     1
 1.710E+00 1.625E+00 1.625E+00 1.625E+00
 0.000E+00 0.000E+00 0.000E+00 0.000E+00
 0.000E+00 0.000E+00 0.000E+00 0.000E+00
 0.000E+00 0.000E+00 0.000E+00 0.000E+00
      89.080489     2.252631    -0.668096
 6
       4
     2     2     2     2
     0     1     1     1
 1.710E+00 1.625E+00 1.625E+00 1.625E+00
 0.000E+00 0.000E+00 0.000E+00 0.000E+00
 0.000E+00 0.000E+00 0.000E+00 0.000E+00
 0.000E+00 0.000E+00 0.000E+00 0.000E+00
      89.317523     -2.122962    0.593298
 6
       4
     2     2     2     2
     0     1     1     1
 1.710E+00 1.625E+00 1.625E+00 1.625E+00
 0.000E+00 0.000E+00 0.000E+00 0.000E+00
 0.000E+00 0.000E+00 0.000E+00 0.000E+00
 0.000E+00 0.000E+00 0.000E+00 0.000E+00
      91.664039     2.276166    -0.740843
 6
       4
     2     2     2     2
     0     1     1     1
 1.710E+00 1.625E+00 1.625E+00 1.625E+00
 0.000E+00 0.000E+00 0.000E+00 0.000E+00
 0.000E+00 0.000E+00 0.000E+00 0.000E+00
 0.000E+00 0.000E+00 0.000E+00 0.000E+00
      91.903851     -2.103004    0.703980
 6
       4
     2     2     2     2
     0     1     1     1
 1.710E+00 1.625E+00 1.625E+00 1.625E+00
 0.000E+00 0.000E+00 0.000E+00 0.000E+00
 0.000E+00 0.000E+00 0.000E+00 0.000E+00
 0.000E+00 0.000E+00 0.000E+00 0.000E+00
      93.258750     0.185443    -0.137213
 6
       4
     2     2     2     2
     0     1     1     1
 1.710E+00 1.625E+00 1.625E+00 1.625E+00
 0.000E+00 0.000E+00 0.000E+00 0.000E+00
 0.000E+00 0.000E+00 0.000E+00 0.000E+00
 0.000E+00 0.000E+00 0.000E+00 0.000E+00
      95.981606     0.364171    -0.148837
 6
       4
     2     2     2     2
     0     1     1     1
 1.710E+00 1.625E+00 1.625E+00 1.625E+00
 0.000E+00 0.000E+00 0.000E+00 0.000E+00
 0.000E+00 0.000E+00 0.000E+00 0.000E+00
 0.000E+00 0.000E+00 0.000E+00 0.000E+00
      98.262269     0.371354    -0.416371
 6
       4
     2     2     2     2
     0     1     1     1
 1.710E+00 1.625E+00 1.625E+00 1.625E+00
 0.000E+00 0.000E+00 0.000E+00 0.000E+00
 0.000E+00 0.000E+00 0.000E+00 0.000E+00
 0.000E+00 0.000E+00 0.000E+00 0.000E+00
      100.976514     0.508644    -0.225998
 6
       4
     2     2     2     2
     0     1     1     1
 1.710E+00 1.625E+00 1.625E+00 1.625E+00
 0.000E+00 0.000E+00 0.000E+00 0.000E+00
 0.000E+00 0.000E+00 0.000E+00 0.000E+00
 0.000E+00 0.000E+00 0.000E+00 0.000E+00
      102.459479     -1.377125    0.809568
 6
       4
     2     2     2     2
     0     1     1     1
 1.710E+00 1.625E+00 1.625E+00 1.625E+00
 0.000E+00 0.000E+00 0.000E+00 0.000E+00
 0.000E+00 0.000E+00 0.000E+00 0.000E+00
 0.000E+00 0.000E+00 0.000E+00 0.000E+00
      102.315563     2.912007    -0.725876
 6
       4
     2     2     2     2
     0     1     1     1
 1.710E+00 1.625E+00 1.625E+00 1.625E+00
 0.000E+00 0.000E+00 0.000E+00 0.000E+00
 0.000E+00 0.000E+00 0.000E+00 0.000E+00
 0.000E+00 0.000E+00 0.000E+00 0.000E+00
      104.885983     3.162661    -0.328606
 6
       4
     2     2     2     2
     0     1     1     1
 1.710E+00 1.625E+00 1.625E+00 1.625E+00
 0.000E+00 0.000E+00 0.000E+00 0.000E+00
 0.000E+00 0.000E+00 0.000E+00 0.000E+00
 0.000E+00 0.000E+00 0.000E+00 0.000E+00
      105.149951     -1.182910    0.975465
 6
       4
     2     2     2     2
     0     1     1     1
 1.710E+00 1.625E+00 1.625E+00 1.625E+00
 0.000E+00 0.000E+00 0.000E+00 0.000E+00
 0.000E+00 0.000E+00 0.000E+00 0.000E+00
 0.000E+00 0.000E+00 0.000E+00 0.000E+00
      106.454544     1.031220    0.325649
 6
       4
     2     2     2     2
     0     1     1     1
 1.710E+00 1.625E+00 1.625E+00 1.625E+00
 0.000E+00 0.000E+00 0.000E+00 0.000E+00
 0.000E+00 0.000E+00 0.000E+00 0.000E+00
 0.000E+00 0.000E+00 0.000E+00 0.000E+00
      109.161125     1.144276    0.235936
 6
       4
     2     2     2     2
     0     1     1     1
 1.710E+00 1.625E+00 1.625E+00 1.625E+00
 0.000E+00 0.000E+00 0.000E+00 0.000E+00
 0.000E+00 0.000E+00 0.000E+00 0.000E+00
 0.000E+00 0.000E+00 0.000E+00 0.000E+00
      111.481068     0.942711    0.072106
 6
       4
     2     2     2     2
     0     1     1     1
 1.710E+00 1.625E+00 1.625E+00 1.625E+00
 0.000E+00 0.000E+00 0.000E+00 0.000E+00
 0.000E+00 0.000E+00 0.000E+00 0.000E+00
 0.000E+00 0.000E+00 0.000E+00 0.000E+00
      114.168843     0.794739    -0.034327
 6
       4
     2     2     2     2
     0     1     1     1
 1.710E+00 1.625E+00 1.625E+00 1.625E+00
 0.000E+00 0.000E+00 0.000E+00 0.000E+00
 0.000E+00 0.000E+00 0.000E+00 0.000E+00
 0.000E+00 0.000E+00 0.000E+00 0.000E+00
      115.543958     -1.582220    -0.758156
 6
       4
     2     2     2     2
     0     1     1     1
 1.710E+00 1.625E+00 1.625E+00 1.625E+00
 0.000E+00 0.000E+00 0.000E+00 0.000E+00
 0.000E+00 0.000E+00 0.000E+00 0.000E+00
 0.000E+00 0.000E+00 0.000E+00 0.000E+00
      115.788139     2.825322    0.364659
 6
       4
     2     2     2     2
     0     1     1     1
 1.710E+00 1.625E+00 1.625E+00 1.625E+00
 0.000E+00 0.000E+00 0.000E+00 0.000E+00
 0.000E+00 0.000E+00 0.000E+00 0.000E+00
 0.000E+00 0.000E+00 0.000E+00 0.000E+00
      118.489217     2.647623    0.423208
 6
       4
     2     2     2     2
     0     1     1     1
 1.710E+00 1.625E+00 1.625E+00 1.625E+00
 0.000E+00 0.000E+00 0.000E+00 0.000E+00
 0.000E+00 0.000E+00 0.000E+00 0.000E+00
 0.000E+00 0.000E+00 0.000E+00 0.000E+00
      118.153836     -1.726866    -0.712005
 6
       4
     2     2     2     2
     0     1     1     1
 1.710E+00 1.625E+00 1.625E+00 1.625E+00
 0.000E+00 0.000E+00 0.000E+00 0.000E+00
 0.000E+00 0.000E+00 0.000E+00 0.000E+00
 0.000E+00 0.000E+00 0.000E+00 0.000E+00
      119.724161     0.304119    0.015673
 6
       4
     2     2     2     2
     0     1     1     1
 1.710E+00 1.625E+00 1.625E+00 1.625E+00
 0.000E+00 0.000E+00 0.000E+00 0.000E+00
 0.000E+00 0.000E+00 0.000E+00 0.000E+00
 0.000E+00 0.000E+00 0.000E+00 0.000E+00
      122.330150     0.224998    0.043131
 6
       4
     2     2     2     2
     0     1     1     1
 1.710E+00 1.625E+00 1.625E+00 1.625E+00
 0.000E+00 0.000E+00 0.000E+00 0.000E+00
 0.000E+00 0.000E+00 0.000E+00 0.000E+00
 0.000E+00 0.000E+00 0.000E+00 0.000E+00
      124.663931     0.252734    -0.204748
 6
       4
     2     2     2     2
     0     1     1     1
 1.710E+00 1.625E+00 1.625E+00 1.625E+00
 0.000E+00 0.000E+00 0.000E+00 0.000E+00
 0.000E+00 0.000E+00 0.000E+00 0.000E+00
 0.000E+00 0.000E+00 0.000E+00 0.000E+00
      127.368951     0.101246    -0.097058
 6
       4
     2     2     2     2
     0     1     1     1
 1.710E+00 1.625E+00 1.625E+00 1.625E+00
 0.000E+00 0.000E+00 0.000E+00 0.000E+00
 0.000E+00 0.000E+00 0.000E+00 0.000E+00
 0.000E+00 0.000E+00 0.000E+00 0.000E+00
      128.576318     -2.162287    -0.771449
 6
       4
     2     2     2     2
     0     1     1     1
 1.710E+00 1.625E+00 1.625E+00 1.625E+00
 0.000E+00 0.000E+00 0.000E+00 0.000E+00
 0.000E+00 0.000E+00 0.000E+00 0.000E+00
 0.000E+00 0.000E+00 0.000E+00 0.000E+00
      128.919477     2.088057    0.742645
 6
       4
     2     2     2     2
     0     1     1     1
 1.710E+00 1.625E+00 1.625E+00 1.625E+00
 0.000E+00 0.000E+00 0.000E+00 0.000E+00
 0.000E+00 0.000E+00 0.000E+00 0.000E+00
 0.000E+00 0.000E+00 0.000E+00 0.000E+00
      131.511523     1.835958    0.943663
 6
       4
     2     2     2     2
     0     1     1     1
 1.710E+00 1.625E+00 1.625E+00 1.625E+00
 0.000E+00 0.000E+00 0.000E+00 0.000E+00
 0.000E+00 0.000E+00 0.000E+00 0.000E+00
 0.000E+00 0.000E+00 0.000E+00 0.000E+00
      131.156891     -2.455746    -0.682783
 6
       4
     2     2     2     2
     0     1     1     1
 1.710E+00 1.625E+00 1.625E+00 1.625E+00
 0.000E+00 0.000E+00 0.000E+00 0.000E+00
 0.000E+00 0.000E+00 0.000E+00 0.000E+00
 0.000E+00 0.000E+00 0.000E+00 0.000E+00
      132.792852     -0.443825    0.212226
 6
       4
     2     2     2     2
     0     1     1     1
 1.710E+00 1.625E+00 1.625E+00 1.625E+00
 0.000E+00 0.000E+00 0.000E+00 0.000E+00
 0.000E+00 0.000E+00 0.000E+00 0.000E+00
 0.000E+00 0.000E+00 0.000E+00 0.000E+00
      135.460533     -0.766877    0.206303
 1
       1
     1
     0
 1.300E+00
 0.000E+00
 0.000E+00
 0.000E+00
      75.183013     4.077690    -0.386829
 1
       1
     1
     0
 1.300E+00
 0.000E+00
 0.000E+00
 0.000E+00
      79.905727     3.904881    0.001028
 6
       4
     2     2     2     2
     0     1     1     1
 1.710E+00 1.625E+00 1.625E+00 1.625E+00
 0.000E+00 0.000E+00 0.000E+00 0.000E+00
 0.000E+00 0.000E+00 0.000E+00 0.000E+00
 0.000E+00 0.000E+00 0.000E+00 0.000E+00
      71.966270     0.153160    -0.016106
 1
       1
     1
     0
 1.300E+00
 0.000E+00
 0.000E+00
 0.000E+00
      75.006796     -4.098491    1.069883
 1
       1
     1
     0
 1.300E+00
 0.000E+00
 0.000E+00
 0.000E+00
      79.475454     -4.039862    1.217772
 1
       1
     1
     0
 1.300E+00
 0.000E+00
 0.000E+00
 0.000E+00
      88.046066     4.065228    -1.162310
 1
       1
     1
     0
 1.300E+00
 0.000E+00
 0.000E+00
 0.000E+00
      88.395590     -3.927756    1.095340
 1
       1
     1
     0
 1.300E+00
 0.000E+00
 0.000E+00
 0.000E+00
      92.513478     4.043571    -1.435691
 1
       1
     1
     0
 1.300E+00
 0.000E+00
 0.000E+00
 0.000E+00
      92.931752     -3.852095    1.180884
 1
       1
     1
     0
 1.300E+00
 0.000E+00
 0.000E+00
 0.000E+00
      101.368031     4.643522    -1.472293
 1
       1
     1
     0
 1.300E+00
 0.000E+00
 0.000E+00
 0.000E+00
      105.721030     4.973538    -0.570539
 1
       1
     1
     0
 1.300E+00
 0.000E+00
 0.000E+00
 0.000E+00
      101.664193     -3.122595    1.442674
 1
       1
     1
     0
 1.300E+00
 0.000E+00
 0.000E+00
 0.000E+00
      106.179727     -2.792384    1.586665
 1
       1
     1
     0
 1.300E+00
 0.000E+00
 0.000E+00
 0.000E+00
      114.986756     4.673100    0.819958
 1
       1
     1
     0
 1.300E+00
 0.000E+00
 0.000E+00
 0.000E+00
      114.479226     -3.130830    -1.322432
 1
       1
     1
     0
 1.300E+00
 0.000E+00
 0.000E+00
 0.000E+00
      119.615700     4.383136    0.723136
 1
       1
     1
     0
 1.300E+00
 0.000E+00
 0.000E+00
 0.000E+00
      119.083884     -3.412635    -1.121144
 1
       1
     1
     0
 1.300E+00
 0.000E+00
 0.000E+00
 0.000E+00
      128.106738     3.972323    1.229146
 1
       1
     1
     0
 1.300E+00
 0.000E+00
 0.000E+00
 0.000E+00
      127.587428     -3.912086    -1.327965
 1
       1
     1
     0
 1.300E+00
 0.000E+00
 0.000E+00
 0.000E+00
      132.849780     3.344106    1.640479
 1
       1
     1
     0
 1.300E+00
 0.000E+00
 0.000E+00
 0.000E+00
      132.039452     -4.156314    -1.252828
 1
       1
     1
     0
 1.300E+00
 0.000E+00
 0.000E+00
 0.000E+00
      140.428375     1.677659    3.112277
 1
       1
     1
     0
 1.300E+00
 0.000E+00
 0.000E+00
 0.000E+00
      140.399350     -4.530495    -1.972324
 1
       1
     1
     0
 1.300E+00
 0.000E+00
 0.000E+00
 0.000E+00
      148.063686     -0.964628    0.307239
 1
       1
     1
     0
 1.300E+00
 0.000E+00
 0.000E+00
 0.000E+00
      145.419746     1.831171    2.670980
 1
       1
     1
     0
 1.300E+00
 0.000E+00
 0.000E+00
 0.000E+00
      145.380275     -4.417937    -2.382867
 6
       4
     2     2     2     2
     0     1     1     1
 1.710E+00 1.625E+00 1.625E+00 1.625E+00
 0.000E+00 0.000E+00 0.000E+00 0.000E+00
 0.000E+00 0.000E+00 0.000E+00 0.000E+00
 0.000E+00 0.000E+00 0.000E+00 0.000E+00
      137.675329     -1.151287    0.245232
 6
       4
     2     2     2     2
     0     1     1     1
 1.710E+00 1.625E+00 1.625E+00 1.625E+00
 0.000E+00 0.000E+00 0.000E+00 0.000E+00
 0.000E+00 0.000E+00 0.000E+00 0.000E+00
 0.000E+00 0.000E+00 0.000E+00 0.000E+00
      140.233089     -1.320454    0.336825
 6
       4
     2     2     2     2
     0     1     1     1
 1.710E+00 1.625E+00 1.625E+00 1.625E+00
 0.000E+00 0.000E+00 0.000E+00 0.000E+00
 0.000E+00 0.000E+00 0.000E+00 0.000E+00
 0.000E+00 0.000E+00 0.000E+00 0.000E+00
      141.673749     -3.163328    -1.025001
 6
       4
     2     2     2     2
     0     1     1     1
 1.710E+00 1.625E+00 1.625E+00 1.625E+00
 0.000E+00 0.000E+00 0.000E+00 0.000E+00
 0.000E+00 0.000E+00 0.000E+00 0.000E+00
 0.000E+00 0.000E+00 0.000E+00 0.000E+00
      141.668517     0.438785    1.886170
 6
       4
     2     2     2     2
     0     1     1     1
 1.710E+00 1.625E+00 1.625E+00 1.625E+00
 0.000E+00 0.000E+00 0.000E+00 0.000E+00
 0.000E+00 0.000E+00 0.000E+00 0.000E+00
 0.000E+00 0.000E+00 0.000E+00 0.000E+00
      144.361968     0.519522    1.747192
 6
       4
     2     2     2     2
     0     1     1     1
 1.710E+00 1.625E+00 1.625E+00 1.625E+00
 0.000E+00 0.000E+00 0.000E+00 0.000E+00
 0.000E+00 0.000E+00 0.000E+00 0.000E+00
 0.000E+00 0.000E+00 0.000E+00 0.000E+00
      144.261298     -3.139627    -1.199785
 6
       4
     2     2     2     2
     0     1     1     1
 1.710E+00 1.625E+00 1.625E+00 1.625E+00
 0.000E+00 0.000E+00 0.000E+00 0.000E+00
 0.000E+00 0.000E+00 0.000E+00 0.000E+00
 0.000E+00 0.000E+00 0.000E+00 0.000E+00
      145.751584     -1.269752    0.232998
# LCAO coefficients .. are not included.
         1
        1        0.000358885326252   k=         1
        2        0.001624947999712   k=         1
        3        0.000579727252381   k=         1
        4        0.013166085768084   k=         1
        5        0.000914808658280   k=         1
        6        0.001536842571277   k=         1
        7        -0.006894708553266   k=         1
        8        0.013604541081490   k=         1
        9        -0.001808696636991   k=         1
        10        -0.004365383776859   k=         1
        11        -0.013611449576261   k=         1
        12        0.023294619887407   k=         1
        13        -0.000316065504436   k=         1
        14        0.000544508081047   k=         1
        15        0.004115144673312   k=         1
        16        -0.008783342931108   k=         1
        17        0.000613521422354   k=         1
        18        -0.000446240411034   k=         1
        19        0.005803039736482   k=         1
        20        -0.020468786480018   k=         1
        21        0.000716377658036   k=         1
        22        0.002096482642396   k=         1
        23        0.001073629770602   k=         1
        24        -0.000246016715508   k=         1
        25        -0.000099114589638   k=         1
        26        -0.003262724096211   k=         1
        27        -0.008653850486256   k=         1
        28        -0.036788345437611   k=         1
        29        0.000103954502972   k=         1
        30        -0.000103802022271   k=         1
        31        -0.002738116130487   k=         1
        32        -0.018940765780108   k=         1
        33        -0.000049214135891   k=         1
        34        -0.005336422857267   k=         1
        35        0.012012223166635   k=         1
        36        0.050581196589666   k=         1
        37        -0.000230617938050   k=         1
        38        -0.003443854477643   k=         1
        39        0.003992092577739   k=         1
        40        0.021590752335058   k=         1
        41        -0.000465434823979   k=         1
        42        -0.004289654323289   k=         1
        43        0.004117837369691   k=         1
        44        0.018820195416242   k=         1
        45        -0.002306621315889   k=         1
        46        0.002779403488943   k=         1
        47        -0.005696286270636   k=         1
        48        -0.040770731182163   k=         1
        49        0.001646270959009   k=         1
        50        0.007016897425420   k=         1
        51        -0.003852798534799   k=         1
        52        -0.037019320402620   k=         1
        53        0.000197071396554   k=         1
        54        -0.000728514356318   k=         1
        55        -0.010862450332458   k=         1
        56        -0.037470920626296   k=         1
        57        -0.000994923662466   k=         1
        58        -0.000609847678573   k=         1
        59        0.029712673780202   k=         1
        60        0.053783551804909   k=         1
        61        0.000055448139824   k=         1
        62        -0.001681906677897   k=         1
        63        0.014945916640124   k=         1
        64        0.039197073952128   k=         1
        65        -0.000080068542654   k=         1
        66        -0.000724878097042   k=         1
        67        -0.040719109171475   k=         1
        68        -0.069488294781808   k=         1
        69        -0.000125170991910   k=         1
        70        -0.001994098174591   k=         1
        71        -0.025102020411000   k=         1
        72        -0.030343464680047   k=         1
        73        0.000785147740409   k=         1
        74        -0.008165305907865   k=         1
        75        -0.021473250711090   k=         1
        76        -0.028706754061760   k=         1
        77        -0.003077423848950   k=         1
        78        0.007533044827645   k=         1
        79        0.032560074996306   k=         1
        80        0.041453338819896   k=         1
        81        0.002998691835173   k=         1
        82        0.007792487091465   k=         1
        83        0.036038495323952   k=         1
        84        0.036315972226412   k=         1
        85        -0.001211978344071   k=         1
        86        0.008276668495985   k=         1
        87        0.038703782156938   k=         1
        88        0.054615139143878   k=         1
        89        0.003541354734587   k=         1
        90        -0.001941006906598   k=         1
        91        -0.029000316764900   k=         1
        92        -0.071118750505637   k=         1
        93        -0.003147833780661   k=         1
        94        -0.001919149107415   k=         1
        95        -0.036080260386276   k=         1
        96        -0.056348664400657   k=         1
        97        -0.000592353894896   k=         1
        98        0.002834192311458   k=         1
        99        0.023392907687038   k=         1
        100        0.069912354316870   k=         1
        101        -0.003084085924082   k=         1
        102        0.000260018088073   k=         1
        103        0.009920989607697   k=         1
        104        0.047121409406198   k=         1
        105        0.002441993547597   k=         1
        106        -0.002312358746075   k=         1
        107        0.011070692928309   k=         1
        108        0.055190291123903   k=         1
        109        -0.001400154857568   k=         1
        110        -0.001425603283708   k=         1
        111        -0.011459265805217   k=         1
        112        -0.048628518673040   k=         1
        113        -0.000030022037374   k=         1
        114        0.003639503347232   k=         1
        115        -0.010577933983339   k=         1
        116        -0.041884514389424   k=         1
        117        0.001070231339408   k=         1
        118        -0.001836499056753   k=         1
        119        -0.028652643487502   k=         1
        120        -0.071087817790511   k=         1
        121        -0.001397919337692   k=         1
        122        0.001477315984788   k=         1
        123        0.027379013394973   k=         1
        124        0.050102780564471   k=         1
        125        0.001967147638115   k=         1
        126        0.004553665970416   k=         1
        127        0.025542297702855   k=         1
        128        0.059970244040377   k=         1
        129        -0.000026762033471   k=         1
        130        -0.005029220727576   k=         1
        131        -0.031354249709046   k=         1
        132        -0.054057547921493   k=         1
        133        -0.000782507229823   k=         1
        134        -0.001045948105272   k=         1
        135        -0.025759826613886   k=         1
        136        -0.034974406296079   k=         1
        137        0.002815468629831   k=         1
        138        0.004477765751122   k=         1
        139        -0.026276626182974   k=         1
        140        -0.042228429401783   k=         1
        141        0.000308287084880   k=         1
        142        -0.007044817536301   k=         1
        143        0.015391879999732   k=         1
        144        0.027169920820189   k=         1
        145        0.000176610864440   k=         1
        146        0.000074860774439   k=         1
        147        0.023846995215996   k=         1
        148        0.043255855156275   k=         1
        149        -0.000123904929523   k=         1
        150        -0.005264375388916   k=         1
        151        0.023066365386353   k=         1
        152        0.059394475609067   k=         1
        153        -0.002910068889581   k=         1
        154        0.001328938622353   k=         1
        155        -0.019063058657387   k=         1
        156        -0.059481518137495   k=         1
        157        0.000870269771511   k=         1
        158        -0.001656650618889   k=         1
        159        0.000664702318119   k=         1
        160        -0.002237683110527   k=         1
        161        0.000252007434396   k=         1
        162        -0.000975246223134   k=         1
        163        0.001917997766771   k=         1
        164        0.001721971944382   k=         1
        165        0.000334431200899   k=         1
        166        -0.001116833561219   k=         1
        167        0.002126322581578   k=         1
        168        0.004554692953052   k=         1
        169        -0.002177257187210   k=         1
        170        -0.001807434928837   k=         1
        171        0.002557679051099   k=         1
        172        0.003287306137153   k=         1
        173        -0.001877752189370   k=         1
        174        -0.002579084454697   k=         1
        175        -0.000210812988686   k=         1
        176        0.001827811139046   k=         1
        177        -0.001722664415482   k=         1
        178        -0.000771517201965   k=         1
        179        -0.001812167806209   k=         1
        180        -0.000401393737748   k=         1
        181        -0.005681455100545   k=         1
        182        0.016460604859846   k=         1
        183        0.092782601524263   k=         1
        184        0.000052146013740   k=         1
        185        -0.000041847800690   k=         1
        186        0.002887462952315   k=         1
        187        0.000341164134921   k=         1
        188        -0.019473298143581   k=         1
        189        -0.053040167763417   k=         1
        190        0.000058139262658   k=         1
        191        -0.001759942655885   k=         1
        192        0.020794113005782   k=         1
        193        0.067678687371008   k=         1
        194        -0.000680423074079   k=         1
        195        0.003045049283560   k=         1
        196        0.011873368680059   k=         1
        197        0.033801632615933   k=         1
        198        -0.000135513428040   k=         1
        199        0.002627840785305   k=         1
        200        0.010963228863381   k=         1
        201        0.046672085582982   k=         1
        202        0.001696069429633   k=         1
        203        -0.001537800596266   k=         1
        204        -0.015349515824911   k=         1
        205        -0.055375066983075   k=         1
        206        -0.002006324145408   k=         1
        207        -0.004339194537324   k=         1
        208        -0.021544630154380   k=         1
        209        -0.054398090710100   k=         1
        210        0.000505519135863   k=         1
        211        -0.000121561462966   k=         1
        212        -0.018196562972758   k=         1
        213        -0.057769753878178   k=         1
        214        0.000865129912856   k=         1
        215        -0.004747254122133   k=         1
        216        0.022644321064579   k=         1
        217        0.099298618365811   k=         1
        218        -0.001323464612773   k=         1
        219        -0.004058370334435   k=         1
        220        0.014768641249454   k=         1
        221        0.100442305300942   k=         1
        222        -0.001469617062463   k=         1
        223        -0.009554293463447   k=         1
        224        0.007185457975031   k=         1
        225        0.100697738978448   k=         1
        226        -0.000723469858197   k=         1
        227        0.002522874353394   k=         1
        228        -0.008120894599713   k=         1
        229        -0.047633731305136   k=         1
        230        -0.000562016446657   k=         1
        231        0.014553768585289   k=         1
        232        -0.022411990148704   k=         1
        233        -0.131704305479456   k=         1
        234        0.002003012790177   k=         1
        235        0.003527010352242   k=         1
        236        -0.010148744699276   k=         1
        237        -0.066501660045801   k=         1
        238        -0.008841724664194   k=         1
        239        -0.013296921351449   k=         1
        240        -0.038518388768605   k=         1
        241        -0.141646302940811   k=         1
        242        0.003422839272534   k=         1
        243        -0.026640819453701   k=         1
        244        -0.028441259240510   k=         1
        245        -0.107526215994996   k=         1
        246        -0.004170383263108   k=         1
        247        0.018761356701048   k=         1
        248        0.042424470836892   k=         1
        249        0.151017161599822   k=         1
        250        0.001696039980062   k=         1
        251        -0.002051421597296   k=         1
        252        0.023834537370487   k=         1
        253        0.097203875617297   k=         1
        254        0.000360147024675   k=         1
        255        -0.011185371173196   k=         1
        256        0.028154720710530   k=         1
        257        0.086766451213400   k=         1
        258        -0.002889748234723   k=         1
        259        0.000161827054162   k=         1
        260        -0.033296113086622   k=         1
        261        -0.099176426334220   k=         1
        262        -0.004057646591967   k=         1
        263        0.010550682076958   k=         1
        264        -0.028098362502369   k=         1
        265        -0.097403206304695   k=         1
        266        0.002674938032874   k=         1
        267        -0.006642107157304   k=         1
        268        -0.053806102871248   k=         1
        269        -0.148454647717480   k=         1
        270        0.007394574673646   k=         1
        271        0.015592391291996   k=         1
        272        0.049652814370651   k=         1
        273        0.127170429507167   k=         1
        274        -0.007654566063067   k=         1
        275        0.004935174791667   k=         1
        276        0.047862631458140   k=         1
        277        0.129032925215510   k=         1
        278        0.005251815788508   k=         1
        279        0.021181097023118   k=         1
        280        -0.054391485337996   k=         1
        281        -0.149351072467773   k=         1
        282        -0.003059369749435   k=         1
        283        0.015161398909691   k=         1
        284        -0.046977940763471   k=         1
        285        -0.093961094023574   k=         1
        286        0.002413199391411   k=         1
        287        0.032161148246986   k=         1
        288        -0.027391494106095   k=         1
        289        -0.089458803844107   k=         1
        290        -0.005298512097611   k=         1
        291        -0.036862180430686   k=         1
        292        0.034478557358065   k=         1
        293        0.080869167528849   k=         1
        294        0.004801098158258   k=         1
        295        -0.003754727347805   k=         1
        296        0.054464099161762   k=         1
        297        0.121735462565534   k=         1
        298        -0.000923029873964   k=         1
        299        0.006379090435389   k=         1
        300        0.026590762770852   k=         1
        301        0.152334843513310   k=         1
        302        0.003726080086530   k=         1
        303        -0.015938768763054   k=         1
        304        0.024661792110707   k=         1
        305        -0.172158753515160   k=         1
        306        -0.001155154657736   k=         1
        307        -0.013202722629995   k=         1
        308        -0.010136332005880   k=         1
        309        -0.153026517521345   k=         1
        310        0.003335164594843   k=         1
        311        0.008572729255249   k=         1
        312        -0.038945903578836   k=         1
        313        0.187245297498875   k=         1
        314        -0.004272378509193   k=         1
        315        -0.000648323867920   k=         1
        316        -0.052204903542630   k=         1
        317        0.119977369353652   k=         1
        318        0.002159249841866   k=         1
        319        -0.012907026998571   k=         1
        320        -0.033248883369603   k=         1
        321        0.108230152924971   k=         1
        322        -0.000029392426976   k=         1
        323        0.012871152698044   k=         1
        324        0.020774571240374   k=         1
        325        -0.160254029032399   k=         1
        326        0.001055257851218   k=         1
        327        0.006034798931303   k=         1
        328        0.029036617900000   k=         1
        329        -0.094021096645949   k=         1
        330        -0.004840101340026   k=         1
        331        0.006724810398004   k=         1
        332        0.045793471773328   k=         1
        333        -0.173155663827225   k=         1
        334        0.008594702308861   k=         1
        335        0.012954622407717   k=         1
        336        -0.051317036737317   k=         1
        337        0.158350332558512   k=         1
        338        -0.009949664668091   k=         1
        339        0.013239923284814   k=         1
        340        -0.051888494214920   k=         1
        341        0.181562779135301   k=         1
        342        0.001464876002822   k=         1
        343        0.006749529743744   k=         1
        344        0.054453846712466   k=         1
        345        -0.154795729381515   k=         1
        346        0.000311733915895   k=         1
        347        0.010072873163485   k=         1
        348        0.032144924644656   k=         1
        349        -0.117401621025209   k=         1
        350        -0.000685779526351   k=         1
        351        0.024272807718215   k=         1
        352        0.041304874107381   k=         1
        353        -0.120780705801576   k=         1
        354        0.000023132581617   k=         1
        355        -0.019366941441195   k=         1
        356        -0.029198841797891   k=         1
        357        0.097084858495784   k=         1
        358        0.000842101730979   k=         1
        359        -0.007151674549760   k=         1
        360        -0.032994444158368   k=         1
        361        0.097315331247200   k=         1
        362        0.002638714613427   k=         1
        363        -0.006676461196327   k=         1
        364        -0.075217523635463   k=         1
        365        0.177678484627158   k=         1
        366        0.002325948966424   k=         1
        367        0.004163163947844   k=         1
        368        0.053501060981963   k=         1
        369        -0.096022854680120   k=         1
        370        0.001536253934747   k=         1
        371        -0.000730308307846   k=         1
        372        -0.000442165923145   k=         1
        373        -0.007167743937613   k=         1
        374        0.015557250695473   k=         1
        375        0.058343713650643   k=         1
        376        -0.002566209680249   k=         1
        377        0.001585774301289   k=         1
        378        0.002665604082942   k=         1
        379        0.003814661973994   k=         1
        380        0.004617823354216   k=         1
        381        0.003225843046086   k=         1
        382        -0.007180710822729   k=         1
        383        -0.001674858714100   k=         1
        384        0.005229806497038   k=         1
        385        -0.010568425787676   k=         1
        386        0.004959827302418   k=         1
        387        0.005771466084750   k=         1
        388        0.001792903534609   k=         1
        389        -0.005139183501362   k=         1
        390        -0.004533223670224   k=         1
        391        0.000427689972464   k=         1
        392        -0.001308804977283   k=         1
        393        -0.004792538370309   k=         1
        394        -0.006219352018092   k=         1
        395        0.000601837442512   k=         1
        396        0.003371436262346   k=         1
        397        0.004078439637120   k=         1
        398        -0.006382210870699   k=         1
        399        0.001367438400057   k=         1
        400        0.019511243638722   k=         1
        401        0.061888595537417   k=         1
        402        -0.141467751659534   k=         1
        403        -0.000431769085706   k=         1
        404        -0.012993178727969   k=         1
        405        -0.045199283001064   k=         1
        406        0.073504146871848   k=         1
        407        -0.004053453014680   k=         1
        408        0.015681217583377   k=         1
        409        -0.069532336281386   k=         1
        410        0.069456830576252   k=         1
        411        0.003845834058873   k=         1
        412        0.003534089792970   k=         1
        413        -0.092189527914339   k=         1
        414        0.087457027866589   k=         1
        415        -0.000079622783970   k=         1
        416        -0.004439168543171   k=         1
        417        0.018498599551886   k=         1
        418        -0.018833521877029   k=         1
        419        0.002341195872776   k=         1
        420        -0.007894082992584   k=         1
        421        0.025799159996128   k=         1
        422        -0.027330036666324   k=         1
        423        -0.001486130057366   k=         1
        424        -0.005618593350009   k=         1
        425        0.086876801549742   k=         1
        426        -0.114416558220147   k=         1
