# file_format= v0.04.05
       144       426
    188.97268778      0.00000000      0.00000000    0
      0.00000000    188.97268778      0.00000000    0
      0.00000000      0.00000000    188.97268778    0
 6
       4
     2     2     2     2
     0     1     1     1
 1.710E+00 1.625E+00 1.625E+00 1.625E+00
 0.000E+00 0.000E+00 0.000E+00 0.000E+00
 0.000E+00 0.000E+00 0.000E+00 0.000E+00
 0.000E+00 0.000E+00 0.000E+00 0.000E+00
      0.906273     -0.695604    -0.154478
 6
       4
     2     2     2     2
     0     1     1     1
 1.710E+00 1.625E+00 1.625E+00 1.625E+00
 0.000E+00 0.000E+00 0.000E+00 0.000E+00
 0.000E+00 0.000E+00 0.000E+00 0.000E+00
 0.000E+00 0.000E+00 0.000E+00 0.000E+00
      -0.774480     1.221916    0.543497
 6
       4
     2     2     2     2
     0     1     1     1
 1.710E+00 1.625E+00 1.625E+00 1.625E+00
 0.000E+00 0.000E+00 0.000E+00 0.000E+00
 0.000E+00 0.000E+00 0.000E+00 0.000E+00
 0.000E+00 0.000E+00 0.000E+00 0.000E+00
      0.122339     -3.191685    -0.918696
 6
       4
     2     2     2     2
     0     1     1     1
 1.710E+00 1.625E+00 1.625E+00 1.625E+00
 0.000E+00 0.000E+00 0.000E+00 0.000E+00
 0.000E+00 0.000E+00 0.000E+00 0.000E+00
 0.000E+00 0.000E+00 0.000E+00 0.000E+00
      -3.467403     0.760171    0.455016
 6
       4
     2     2     2     2
     0     1     1     1
 1.710E+00 1.625E+00 1.625E+00 1.625E+00
 0.000E+00 0.000E+00 0.000E+00 0.000E+00
 0.000E+00 0.000E+00 0.000E+00 0.000E+00
 0.000E+00 0.000E+00 0.000E+00 0.000E+00
      -4.248233     -1.693548    -0.354407
 6
       4
     2     2     2     2
     0     1     1     1
 1.710E+00 1.625E+00 1.625E+00 1.625E+00
 0.000E+00 0.000E+00 0.000E+00 0.000E+00
 0.000E+00 0.000E+00 0.000E+00 0.000E+00
 0.000E+00 0.000E+00 0.000E+00 0.000E+00
      -2.575434     -3.632957    -1.071333
 6
       4
     2     2     2     2
     0     1     1     1
 1.710E+00 1.625E+00 1.625E+00 1.625E+00
 0.000E+00 0.000E+00 0.000E+00 0.000E+00
 0.000E+00 0.000E+00 0.000E+00 0.000E+00
 0.000E+00 0.000E+00 0.000E+00 0.000E+00
      3.644962     -0.269311    -0.026600
 6
       4
     2     2     2     2
     0     1     1     1
 1.710E+00 1.625E+00 1.625E+00 1.625E+00
 0.000E+00 0.000E+00 0.000E+00 0.000E+00
 0.000E+00 0.000E+00 0.000E+00 0.000E+00
 0.000E+00 0.000E+00 0.000E+00 0.000E+00
      5.789956     0.155744    0.019596
 6
       4
     2     2     2     2
     0     1     1     1
 1.710E+00 1.625E+00 1.625E+00 1.625E+00
 0.000E+00 0.000E+00 0.000E+00 0.000E+00
 0.000E+00 0.000E+00 0.000E+00 0.000E+00
 0.000E+00 0.000E+00 0.000E+00 0.000E+00
      8.603681     0.506080    0.046655
 6
       4
     2     2     2     2
     0     1     1     1
 1.710E+00 1.625E+00 1.625E+00 1.625E+00
 0.000E+00 0.000E+00 0.000E+00 0.000E+00
 0.000E+00 0.000E+00 0.000E+00 0.000E+00
 0.000E+00 0.000E+00 0.000E+00 0.000E+00
      9.866658     2.897800    -0.664490
 6
       4
     2     2     2     2
     0     1     1     1
 1.710E+00 1.625E+00 1.625E+00 1.625E+00
 0.000E+00 0.000E+00 0.000E+00 0.000E+00
 0.000E+00 0.000E+00 0.000E+00 0.000E+00
 0.000E+00 0.000E+00 0.000E+00 0.000E+00
      10.182497     -1.639250    0.685806
 6
       4
     2     2     2     2
     0     1     1     1
 1.710E+00 1.625E+00 1.625E+00 1.625E+00
 0.000E+00 0.000E+00 0.000E+00 0.000E+00
 0.000E+00 0.000E+00 0.000E+00 0.000E+00
 0.000E+00 0.000E+00 0.000E+00 0.000E+00
      12.473371     3.124902    -0.546924
 6
       4
     2     2     2     2
     0     1     1     1
 1.710E+00 1.625E+00 1.625E+00 1.625E+00
 0.000E+00 0.000E+00 0.000E+00 0.000E+00
 0.000E+00 0.000E+00 0.000E+00 0.000E+00
 0.000E+00 0.000E+00 0.000E+00 0.000E+00
      12.826158     -1.316880    0.771182
 6
       4
     2     2     2     2
     0     1     1     1
 1.710E+00 1.625E+00 1.625E+00 1.625E+00
 0.000E+00 0.000E+00 0.000E+00 0.000E+00
 0.000E+00 0.000E+00 0.000E+00 0.000E+00
 0.000E+00 0.000E+00 0.000E+00 0.000E+00
      14.007579     1.046804    0.257668
 6
       4
     2     2     2     2
     0     1     1     1
 1.710E+00 1.625E+00 1.625E+00 1.625E+00
 0.000E+00 0.000E+00 0.000E+00 0.000E+00
 0.000E+00 0.000E+00 0.000E+00 0.000E+00
 0.000E+00 0.000E+00 0.000E+00 0.000E+00
      16.848468     1.279830    0.533866
 6
       4
     2     2     2     2
     0     1     1     1
 1.710E+00 1.625E+00 1.625E+00 1.625E+00
 0.000E+00 0.000E+00 0.000E+00 0.000E+00
 0.000E+00 0.000E+00 0.000E+00 0.000E+00
 0.000E+00 0.000E+00 0.000E+00 0.000E+00
      19.056161     1.553215    0.338983
 6
       4
     2     2     2     2
     0     1     1     1
 1.710E+00 1.625E+00 1.625E+00 1.625E+00
 0.000E+00 0.000E+00 0.000E+00 0.000E+00
 0.000E+00 0.000E+00 0.000E+00 0.000E+00
 0.000E+00 0.000E+00 0.000E+00 0.000E+00
      21.936381     1.321977    0.244606
 6
       4
     2     2     2     2
     0     1     1     1
 1.710E+00 1.625E+00 1.625E+00 1.625E+00
 0.000E+00 0.000E+00 0.000E+00 0.000E+00
 0.000E+00 0.000E+00 0.000E+00 0.000E+00
 0.000E+00 0.000E+00 0.000E+00 0.000E+00
      23.174832     -0.733095    1.625554
 6
       4
     2     2     2     2
     0     1     1     1
 1.710E+00 1.625E+00 1.625E+00 1.625E+00
 0.000E+00 0.000E+00 0.000E+00 0.000E+00
 0.000E+00 0.000E+00 0.000E+00 0.000E+00
 0.000E+00 0.000E+00 0.000E+00 0.000E+00
      23.412917     2.915139    -1.365675
 6
       4
     2     2     2     2
     0     1     1     1
 1.710E+00 1.625E+00 1.625E+00 1.625E+00
 0.000E+00 0.000E+00 0.000E+00 0.000E+00
 0.000E+00 0.000E+00 0.000E+00 0.000E+00
 0.000E+00 0.000E+00 0.000E+00 0.000E+00
      26.060671     2.801122    -1.450924
 6
       4
     2     2     2     2
     0     1     1     1
 1.710E+00 1.625E+00 1.625E+00 1.625E+00
 0.000E+00 0.000E+00 0.000E+00 0.000E+00
 0.000E+00 0.000E+00 0.000E+00 0.000E+00
 0.000E+00 0.000E+00 0.000E+00 0.000E+00
      25.768064     -0.883779    1.436413
 6
       4
     2     2     2     2
     0     1     1     1
 1.710E+00 1.625E+00 1.625E+00 1.625E+00
 0.000E+00 0.000E+00 0.000E+00 0.000E+00
 0.000E+00 0.000E+00 0.000E+00 0.000E+00
 0.000E+00 0.000E+00 0.000E+00 0.000E+00
      27.307720     0.894861    -0.063786
 6
       4
     2     2     2     2
     0     1     1     1
 1.710E+00 1.625E+00 1.625E+00 1.625E+00
 0.000E+00 0.000E+00 0.000E+00 0.000E+00
 0.000E+00 0.000E+00 0.000E+00 0.000E+00
 0.000E+00 0.000E+00 0.000E+00 0.000E+00
      30.087299     0.564486    -0.074117
 6
       4
     2     2     2     2
     0     1     1     1
 1.710E+00 1.625E+00 1.625E+00 1.625E+00
 0.000E+00 0.000E+00 0.000E+00 0.000E+00
 0.000E+00 0.000E+00 0.000E+00 0.000E+00
 0.000E+00 0.000E+00 0.000E+00 0.000E+00
      32.354155     -0.022586    -0.120617
 6
       4
     2     2     2     2
     0     1     1     1
 1.710E+00 1.625E+00 1.625E+00 1.625E+00
 0.000E+00 0.000E+00 0.000E+00 0.000E+00
 0.000E+00 0.000E+00 0.000E+00 0.000E+00
 0.000E+00 0.000E+00 0.000E+00 0.000E+00
      35.079091     -0.174454    0.060549
 6
       4
     2     2     2     2
     0     1     1     1
 1.710E+00 1.625E+00 1.625E+00 1.625E+00
 0.000E+00 0.000E+00 0.000E+00 0.000E+00
 0.000E+00 0.000E+00 0.000E+00 0.000E+00
 0.000E+00 0.000E+00 0.000E+00 0.000E+00
      36.423074     -2.394789    0.757200
 6
       4
     2     2     2     2
     0     1     1     1
 1.710E+00 1.625E+00 1.625E+00 1.625E+00
 0.000E+00 0.000E+00 0.000E+00 0.000E+00
 0.000E+00 0.000E+00 0.000E+00 0.000E+00
 0.000E+00 0.000E+00 0.000E+00 0.000E+00
      36.559892     2.166348    -0.543402
 6
       4
     2     2     2     2
     0     1     1     1
 1.710E+00 1.625E+00 1.625E+00 1.625E+00
 0.000E+00 0.000E+00 0.000E+00 0.000E+00
 0.000E+00 0.000E+00 0.000E+00 0.000E+00
 0.000E+00 0.000E+00 0.000E+00 0.000E+00
      39.108410     2.185840    -0.547546
 6
       4
     2     2     2     2
     0     1     1     1
 1.710E+00 1.625E+00 1.625E+00 1.625E+00
 0.000E+00 0.000E+00 0.000E+00 0.000E+00
 0.000E+00 0.000E+00 0.000E+00 0.000E+00
 0.000E+00 0.000E+00 0.000E+00 0.000E+00
      39.184107     -2.383394    0.640713
 6
       4
     2     2     2     2
     0     1     1     1
 1.710E+00 1.625E+00 1.625E+00 1.625E+00
 0.000E+00 0.000E+00 0.000E+00 0.000E+00
 0.000E+00 0.000E+00 0.000E+00 0.000E+00
 0.000E+00 0.000E+00 0.000E+00 0.000E+00
      40.516804     -0.152021    0.007066
 6
       4
     2     2     2     2
     0     1     1     1
 1.710E+00 1.625E+00 1.625E+00 1.625E+00
 0.000E+00 0.000E+00 0.000E+00 0.000E+00
 0.000E+00 0.000E+00 0.000E+00 0.000E+00
 0.000E+00 0.000E+00 0.000E+00 0.000E+00
      43.276774     -0.210818    -0.274764
 6
       4
     2     2     2     2
     0     1     1     1
 1.710E+00 1.625E+00 1.625E+00 1.625E+00
 0.000E+00 0.000E+00 0.000E+00 0.000E+00
 0.000E+00 0.000E+00 0.000E+00 0.000E+00
 0.000E+00 0.000E+00 0.000E+00 0.000E+00
      45.428860     -0.706501    -0.403857
 6
       4
     2     2     2     2
     0     1     1     1
 1.710E+00 1.625E+00 1.625E+00 1.625E+00
 0.000E+00 0.000E+00 0.000E+00 0.000E+00
 0.000E+00 0.000E+00 0.000E+00 0.000E+00
 0.000E+00 0.000E+00 0.000E+00 0.000E+00
      48.305601     -0.514223    -0.297475
 6
       4
     2     2     2     2
     0     1     1     1
 1.710E+00 1.625E+00 1.625E+00 1.625E+00
 0.000E+00 0.000E+00 0.000E+00 0.000E+00
 0.000E+00 0.000E+00 0.000E+00 0.000E+00
 0.000E+00 0.000E+00 0.000E+00 0.000E+00
      49.868136     -2.492543    0.771530
 6
       4
     2     2     2     2
     0     1     1     1
 1.710E+00 1.625E+00 1.625E+00 1.625E+00
 0.000E+00 0.000E+00 0.000E+00 0.000E+00
 0.000E+00 0.000E+00 0.000E+00 0.000E+00
 0.000E+00 0.000E+00 0.000E+00 0.000E+00
      49.398533     1.622645    -1.357039
 6
       4
     2     2     2     2
     0     1     1     1
 1.710E+00 1.625E+00 1.625E+00 1.625E+00
 0.000E+00 0.000E+00 0.000E+00 0.000E+00
 0.000E+00 0.000E+00 0.000E+00 0.000E+00
 0.000E+00 0.000E+00 0.000E+00 0.000E+00
      52.102943     1.824445    -1.164066
 6
       4
     2     2     2     2
     0     1     1     1
 1.710E+00 1.625E+00 1.625E+00 1.625E+00
 0.000E+00 0.000E+00 0.000E+00 0.000E+00
 0.000E+00 0.000E+00 0.000E+00 0.000E+00
 0.000E+00 0.000E+00 0.000E+00 0.000E+00
      52.458417     -2.249073    1.026357
 6
       4
     2     2     2     2
     0     1     1     1
 1.710E+00 1.625E+00 1.625E+00 1.625E+00
 0.000E+00 0.000E+00 0.000E+00 0.000E+00
 0.000E+00 0.000E+00 0.000E+00 0.000E+00
 0.000E+00 0.000E+00 0.000E+00 0.000E+00
      53.629088     0.002113    -0.064589
 6
       4
     2     2     2     2
     0     1     1     1
 1.710E+00 1.625E+00 1.625E+00 1.625E+00
 0.000E+00 0.000E+00 0.000E+00 0.000E+00
 0.000E+00 0.000E+00 0.000E+00 0.000E+00
 0.000E+00 0.000E+00 0.000E+00 0.000E+00
      56.461864     0.176002    -0.026604
 1
       1
     1
     0
 1.300E+00
 0.000E+00
 0.000E+00
 0.000E+00
      -4.774217     2.319486    0.961511
 1
       1
     1
     0
 1.300E+00
 0.000E+00
 0.000E+00
 0.000E+00
      -0.203378     3.187599    1.306154
 1
       1
     1
     0
 1.300E+00
 0.000E+00
 0.000E+00
 0.000E+00
      -6.544478     -2.290565    -0.273833
 1
       1
     1
     0
 1.300E+00
 0.000E+00
 0.000E+00
 0.000E+00
      -3.202199     -5.556382    -1.668167
 1
       1
     1
     0
 1.300E+00
 0.000E+00
 0.000E+00
 0.000E+00
      1.489697     -4.570563    -1.443499
 1
       1
     1
     0
 1.300E+00
 0.000E+00
 0.000E+00
 0.000E+00
      8.559531     4.301770    -1.228898
 1
       1
     1
     0
 1.300E+00
 0.000E+00
 0.000E+00
 0.000E+00
      9.207811     -3.499555    1.163196
 1
       1
     1
     0
 1.300E+00
 0.000E+00
 0.000E+00
 0.000E+00
      13.415170     4.879322    -1.226886
 1
       1
     1
     0
 1.300E+00
 0.000E+00
 0.000E+00
 0.000E+00
      14.110845     -2.948462    1.429786
 1
       1
     1
     0
 1.300E+00
 0.000E+00
 0.000E+00
 0.000E+00
      22.464624     4.339304    -2.540561
 1
       1
     1
     0
 1.300E+00
 0.000E+00
 0.000E+00
 0.000E+00
      27.265755     4.239657    -2.637655
 1
       1
     1
     0
 1.300E+00
 0.000E+00
 0.000E+00
 0.000E+00
      21.971436     -2.004899    2.840655
 1
       1
     1
     0
 1.300E+00
 0.000E+00
 0.000E+00
 0.000E+00
      26.781805     -2.486677    2.372131
 1
       1
     1
     0
 1.300E+00
 0.000E+00
 0.000E+00
 0.000E+00
      35.314610     3.872746    -1.029504
 1
       1
     1
     0
 1.300E+00
 0.000E+00
 0.000E+00
 0.000E+00
      35.507141     -4.150229    1.429500
 1
       1
     1
     0
 1.300E+00
 0.000E+00
 0.000E+00
 0.000E+00
      40.226357     3.824091    -0.961850
 1
       1
     1
     0
 1.300E+00
 0.000E+00
 0.000E+00
 0.000E+00
      40.083343     -4.179014    0.966954
 1
       1
     1
     0
 1.300E+00
 0.000E+00
 0.000E+00
 0.000E+00
      48.513216     3.169573    -2.341730
 1
       1
     1
     0
 1.300E+00
 0.000E+00
 0.000E+00
 0.000E+00
      48.903656     -4.107098    1.545235
 1
       1
     1
     0
 1.300E+00
 0.000E+00
 0.000E+00
 0.000E+00
      52.905470     3.352790    -2.158307
 1
       1
     1
     0
 1.300E+00
 0.000E+00
 0.000E+00
 0.000E+00
      53.690109     -3.690161    1.988268
 1
       1
     1
     0
 1.300E+00
 0.000E+00
 0.000E+00
 0.000E+00
      61.741282     4.095994    -1.416540
 1
       1
     1
     0
 1.300E+00
 0.000E+00
 0.000E+00
 0.000E+00
      61.817930     -3.858478    0.989750
 6
       4
     2     2     2     2
     0     1     1     1
 1.710E+00 1.625E+00 1.625E+00 1.625E+00
 0.000E+00 0.000E+00 0.000E+00 0.000E+00
 0.000E+00 0.000E+00 0.000E+00 0.000E+00
 0.000E+00 0.000E+00 0.000E+00 0.000E+00
      69.683701     0.325936    -0.125948
 1
       1
     1
     0
 1.300E+00
 0.000E+00
 0.000E+00
 0.000E+00
      66.576235     4.290067    -1.298096
 1
       1
     1
     0
 1.300E+00
 0.000E+00
 0.000E+00
 0.000E+00
      66.340507     -3.898922    0.886697
 6
       4
     2     2     2     2
     0     1     1     1
 1.710E+00 1.625E+00 1.625E+00 1.625E+00
 0.000E+00 0.000E+00 0.000E+00 0.000E+00
 0.000E+00 0.000E+00 0.000E+00 0.000E+00
 0.000E+00 0.000E+00 0.000E+00 0.000E+00
      58.743387     0.277967    -0.029438
 6
       4
     2     2     2     2
     0     1     1     1
 1.710E+00 1.625E+00 1.625E+00 1.625E+00
 0.000E+00 0.000E+00 0.000E+00 0.000E+00
 0.000E+00 0.000E+00 0.000E+00 0.000E+00
 0.000E+00 0.000E+00 0.000E+00 0.000E+00
      61.467236     0.169990    -0.069574
 6
       4
     2     2     2     2
     0     1     1     1
 1.710E+00 1.625E+00 1.625E+00 1.625E+00
 0.000E+00 0.000E+00 0.000E+00 0.000E+00
 0.000E+00 0.000E+00 0.000E+00 0.000E+00
 0.000E+00 0.000E+00 0.000E+00 0.000E+00
      62.766771     -1.977935    0.494842
 6
       4
     2     2     2     2
     0     1     1     1
 1.710E+00 1.625E+00 1.625E+00 1.625E+00
 0.000E+00 0.000E+00 0.000E+00 0.000E+00
 0.000E+00 0.000E+00 0.000E+00 0.000E+00
 0.000E+00 0.000E+00 0.000E+00 0.000E+00
      62.803445     2.473179    -0.923910
 6
       4
     2     2     2     2
     0     1     1     1
 1.710E+00 1.625E+00 1.625E+00 1.625E+00
 0.000E+00 0.000E+00 0.000E+00 0.000E+00
 0.000E+00 0.000E+00 0.000E+00 0.000E+00
 0.000E+00 0.000E+00 0.000E+00 0.000E+00
      65.379209     2.503377    -0.878330
 6
       4
     2     2     2     2
     0     1     1     1
 1.710E+00 1.625E+00 1.625E+00 1.625E+00
 0.000E+00 0.000E+00 0.000E+00 0.000E+00
 0.000E+00 0.000E+00 0.000E+00 0.000E+00
 0.000E+00 0.000E+00 0.000E+00 0.000E+00
      65.561473     -1.964767    0.560731
 6
       4
     2     2     2     2
     0     1     1     1
 1.710E+00 1.625E+00 1.625E+00 1.625E+00
 0.000E+00 0.000E+00 0.000E+00 0.000E+00
 0.000E+00 0.000E+00 0.000E+00 0.000E+00
 0.000E+00 0.000E+00 0.000E+00 0.000E+00
      66.833168     0.227224    -0.178689
 6
       4
     2     2     2     2
     0     1     1     1
 1.710E+00 1.625E+00 1.625E+00 1.625E+00
 0.000E+00 0.000E+00 0.000E+00 0.000E+00
 0.000E+00 0.000E+00 0.000E+00 0.000E+00
 0.000E+00 0.000E+00 0.000E+00 0.000E+00
      80.103432     -0.201367    0.532118
 6
       4
     2     2     2     2
     0     1     1     1
 1.710E+00 1.625E+00 1.625E+00 1.625E+00
 0.000E+00 0.000E+00 0.000E+00 0.000E+00
 0.000E+00 0.000E+00 0.000E+00 0.000E+00
 0.000E+00 0.000E+00 0.000E+00 0.000E+00
      78.857026     2.161282    -0.027987
 6
       4
     2     2     2     2
     0     1     1     1
 1.710E+00 1.625E+00 1.625E+00 1.625E+00
 0.000E+00 0.000E+00 0.000E+00 0.000E+00
 0.000E+00 0.000E+00 0.000E+00 0.000E+00
 0.000E+00 0.000E+00 0.000E+00 0.000E+00
      78.528076     -2.414488    1.031052
 6
       4
     2     2     2     2
     0     1     1     1
 1.710E+00 1.625E+00 1.625E+00 1.625E+00
 0.000E+00 0.000E+00 0.000E+00 0.000E+00
 0.000E+00 0.000E+00 0.000E+00 0.000E+00
 0.000E+00 0.000E+00 0.000E+00 0.000E+00
      76.209777     2.309445    -0.203671
 6
       4
     2     2     2     2
     0     1     1     1
 1.710E+00 1.625E+00 1.625E+00 1.625E+00
 0.000E+00 0.000E+00 0.000E+00 0.000E+00
 0.000E+00 0.000E+00 0.000E+00 0.000E+00
 0.000E+00 0.000E+00 0.000E+00 0.000E+00
      74.679172     0.193472    0.176984
 6
       4
     2     2     2     2
     0     1     1     1
 1.710E+00 1.625E+00 1.625E+00 1.625E+00
 0.000E+00 0.000E+00 0.000E+00 0.000E+00
 0.000E+00 0.000E+00 0.000E+00 0.000E+00
 0.000E+00 0.000E+00 0.000E+00 0.000E+00
      75.911312     -2.245257    0.824663
 6
       4
     2     2     2     2
     0     1     1     1
 1.710E+00 1.625E+00 1.625E+00 1.625E+00
 0.000E+00 0.000E+00 0.000E+00 0.000E+00
 0.000E+00 0.000E+00 0.000E+00 0.000E+00
 0.000E+00 0.000E+00 0.000E+00 0.000E+00
      82.817627     -0.278495    0.486837
 6
       4
     2     2     2     2
     0     1     1     1
 1.710E+00 1.625E+00 1.625E+00 1.625E+00
 0.000E+00 0.000E+00 0.000E+00 0.000E+00
 0.000E+00 0.000E+00 0.000E+00 0.000E+00
 0.000E+00 0.000E+00 0.000E+00 0.000E+00
      85.067595     -0.069956    0.375112
 6
       4
     2     2     2     2
     0     1     1     1
 1.710E+00 1.625E+00 1.625E+00 1.625E+00
 0.000E+00 0.000E+00 0.000E+00 0.000E+00
 0.000E+00 0.000E+00 0.000E+00 0.000E+00
 0.000E+00 0.000E+00 0.000E+00 0.000E+00
      87.842210     0.078412    0.123683
 6
       4
     2     2     2     2
     0     1     1     1
 1.710E+00 1.625E+00 1.625E+00 1.625E+00
 0.000E+00 0.000E+00 0.000E+00 0.000E+00
 0.000E+00 0.000E+00 0.000E+00 0.000E+00
 0.000E+00 0.000E+00 0.000E+00 0.000E+00
      89.163722     2.244399    -0.918212
 6
       4
     2     2     2     2
     0     1     1     1
 1.710E+00 1.625E+00 1.625E+00 1.625E+00
 0.000E+00 0.000E+00 0.000E+00 0.000E+00
 0.000E+00 0.000E+00 0.000E+00 0.000E+00
 0.000E+00 0.000E+00 0.000E+00 0.000E+00
      89.362965     -2.076278    0.638472
 6
       4
     2     2     2     2
     0     1     1     1
 1.710E+00 1.625E+00 1.625E+00 1.625E+00
 0.000E+00 0.000E+00 0.000E+00 0.000E+00
 0.000E+00 0.000E+00 0.000E+00 0.000E+00
 0.000E+00 0.000E+00 0.000E+00 0.000E+00
      91.798298     2.441021    -1.072659
 6
       4
     2     2     2     2
     0     1     1     1
 1.710E+00 1.625E+00 1.625E+00 1.625E+00
 0.000E+00 0.000E+00 0.000E+00 0.000E+00
 0.000E+00 0.000E+00 0.000E+00 0.000E+00
 0.000E+00 0.000E+00 0.000E+00 0.000E+00
      92.017163     -1.922545    0.489749
 6
       4
     2     2     2     2
     0     1     1     1
 1.710E+00 1.625E+00 1.625E+00 1.625E+00
 0.000E+00 0.000E+00 0.000E+00 0.000E+00
 0.000E+00 0.000E+00 0.000E+00 0.000E+00
 0.000E+00 0.000E+00 0.000E+00 0.000E+00
      93.301271     0.331089    -0.314753
 6
       4
     2     2     2     2
     0     1     1     1
 1.710E+00 1.625E+00 1.625E+00 1.625E+00
 0.000E+00 0.000E+00 0.000E+00 0.000E+00
 0.000E+00 0.000E+00 0.000E+00 0.000E+00
 0.000E+00 0.000E+00 0.000E+00 0.000E+00
      96.049742     0.311510    -0.252328
 6
       4
     2     2     2     2
     0     1     1     1
 1.710E+00 1.625E+00 1.625E+00 1.625E+00
 0.000E+00 0.000E+00 0.000E+00 0.000E+00
 0.000E+00 0.000E+00 0.000E+00 0.000E+00
 0.000E+00 0.000E+00 0.000E+00 0.000E+00
      98.279106     0.385563    -0.068879
 6
       4
     2     2     2     2
     0     1     1     1
 1.710E+00 1.625E+00 1.625E+00 1.625E+00
 0.000E+00 0.000E+00 0.000E+00 0.000E+00
 0.000E+00 0.000E+00 0.000E+00 0.000E+00
 0.000E+00 0.000E+00 0.000E+00 0.000E+00
      101.054790     0.461645    -0.045170
 6
       4
     2     2     2     2
     0     1     1     1
 1.710E+00 1.625E+00 1.625E+00 1.625E+00
 0.000E+00 0.000E+00 0.000E+00 0.000E+00
 0.000E+00 0.000E+00 0.000E+00 0.000E+00
 0.000E+00 0.000E+00 0.000E+00 0.000E+00
      102.603145     -1.752874    0.697163
 6
       4
     2     2     2     2
     0     1     1     1
 1.710E+00 1.625E+00 1.625E+00 1.625E+00
 0.000E+00 0.000E+00 0.000E+00 0.000E+00
 0.000E+00 0.000E+00 0.000E+00 0.000E+00
 0.000E+00 0.000E+00 0.000E+00 0.000E+00
      102.349835     2.668166    -0.683467
 6
       4
     2     2     2     2
     0     1     1     1
 1.710E+00 1.625E+00 1.625E+00 1.625E+00
 0.000E+00 0.000E+00 0.000E+00 0.000E+00
 0.000E+00 0.000E+00 0.000E+00 0.000E+00
 0.000E+00 0.000E+00 0.000E+00 0.000E+00
      105.119109     2.717430    -0.591550
 6
       4
     2     2     2     2
     0     1     1     1
 1.710E+00 1.625E+00 1.625E+00 1.625E+00
 0.000E+00 0.000E+00 0.000E+00 0.000E+00
 0.000E+00 0.000E+00 0.000E+00 0.000E+00
 0.000E+00 0.000E+00 0.000E+00 0.000E+00
      105.160398     -1.631637    0.883432
 6
       4
     2     2     2     2
     0     1     1     1
 1.710E+00 1.625E+00 1.625E+00 1.625E+00
 0.000E+00 0.000E+00 0.000E+00 0.000E+00
 0.000E+00 0.000E+00 0.000E+00 0.000E+00
 0.000E+00 0.000E+00 0.000E+00 0.000E+00
      106.522240     0.716497    0.329426
 6
       4
     2     2     2     2
     0     1     1     1
 1.710E+00 1.625E+00 1.625E+00 1.625E+00
 0.000E+00 0.000E+00 0.000E+00 0.000E+00
 0.000E+00 0.000E+00 0.000E+00 0.000E+00
 0.000E+00 0.000E+00 0.000E+00 0.000E+00
      109.332803     0.779421    0.311094
 6
       4
     2     2     2     2
     0     1     1     1
 1.710E+00 1.625E+00 1.625E+00 1.625E+00
 0.000E+00 0.000E+00 0.000E+00 0.000E+00
 0.000E+00 0.000E+00 0.000E+00 0.000E+00
 0.000E+00 0.000E+00 0.000E+00 0.000E+00
      111.576218     0.985940    -0.006979
 6
       4
     2     2     2     2
     0     1     1     1
 1.710E+00 1.625E+00 1.625E+00 1.625E+00
 0.000E+00 0.000E+00 0.000E+00 0.000E+00
 0.000E+00 0.000E+00 0.000E+00 0.000E+00
 0.000E+00 0.000E+00 0.000E+00 0.000E+00
      114.291191     0.894286    -0.173180
 6
       4
     2     2     2     2
     0     1     1     1
 1.710E+00 1.625E+00 1.625E+00 1.625E+00
 0.000E+00 0.000E+00 0.000E+00 0.000E+00
 0.000E+00 0.000E+00 0.000E+00 0.000E+00
 0.000E+00 0.000E+00 0.000E+00 0.000E+00
      115.498327     -1.496514    -0.584061
 6
       4
     2     2     2     2
     0     1     1     1
 1.710E+00 1.625E+00 1.625E+00 1.625E+00
 0.000E+00 0.000E+00 0.000E+00 0.000E+00
 0.000E+00 0.000E+00 0.000E+00 0.000E+00
 0.000E+00 0.000E+00 0.000E+00 0.000E+00
      115.902479     3.054219    0.499542
 6
       4
     2     2     2     2
     0     1     1     1
 1.710E+00 1.625E+00 1.625E+00 1.625E+00
 0.000E+00 0.000E+00 0.000E+00 0.000E+00
 0.000E+00 0.000E+00 0.000E+00 0.000E+00
 0.000E+00 0.000E+00 0.000E+00 0.000E+00
      118.513296     2.763537    0.644502
 6
       4
     2     2     2     2
     0     1     1     1
 1.710E+00 1.625E+00 1.625E+00 1.625E+00
 0.000E+00 0.000E+00 0.000E+00 0.000E+00
 0.000E+00 0.000E+00 0.000E+00 0.000E+00
 0.000E+00 0.000E+00 0.000E+00 0.000E+00
      118.143583     -1.720465    -0.453071
 6
       4
     2     2     2     2
     0     1     1     1
 1.710E+00 1.625E+00 1.625E+00 1.625E+00
 0.000E+00 0.000E+00 0.000E+00 0.000E+00
 0.000E+00 0.000E+00 0.000E+00 0.000E+00
 0.000E+00 0.000E+00 0.000E+00 0.000E+00
      119.735149     0.322425    0.058510
 6
       4
     2     2     2     2
     0     1     1     1
 1.710E+00 1.625E+00 1.625E+00 1.625E+00
 0.000E+00 0.000E+00 0.000E+00 0.000E+00
 0.000E+00 0.000E+00 0.000E+00 0.000E+00
 0.000E+00 0.000E+00 0.000E+00 0.000E+00
      122.507561     0.131476    0.079701
 6
       4
     2     2     2     2
     0     1     1     1
 1.710E+00 1.625E+00 1.625E+00 1.625E+00
 0.000E+00 0.000E+00 0.000E+00 0.000E+00
 0.000E+00 0.000E+00 0.000E+00 0.000E+00
 0.000E+00 0.000E+00 0.000E+00 0.000E+00
      124.808210     0.019039    0.063302
 6
       4
     2     2     2     2
     0     1     1     1
 1.710E+00 1.625E+00 1.625E+00 1.625E+00
 0.000E+00 0.000E+00 0.000E+00 0.000E+00
 0.000E+00 0.000E+00 0.000E+00 0.000E+00
 0.000E+00 0.000E+00 0.000E+00 0.000E+00
      127.526140     -0.127084    -0.166387
 6
       4
     2     2     2     2
     0     1     1     1
 1.710E+00 1.625E+00 1.625E+00 1.625E+00
 0.000E+00 0.000E+00 0.000E+00 0.000E+00
 0.000E+00 0.000E+00 0.000E+00 0.000E+00
 0.000E+00 0.000E+00 0.000E+00 0.000E+00
      128.713844     -2.384598    -1.108895
 6
       4
     2     2     2     2
     0     1     1     1
 1.710E+00 1.625E+00 1.625E+00 1.625E+00
 0.000E+00 0.000E+00 0.000E+00 0.000E+00
 0.000E+00 0.000E+00 0.000E+00 0.000E+00
 0.000E+00 0.000E+00 0.000E+00 0.000E+00
      129.001408     2.007014    0.658441
 6
       4
     2     2     2     2
     0     1     1     1
 1.710E+00 1.625E+00 1.625E+00 1.625E+00
 0.000E+00 0.000E+00 0.000E+00 0.000E+00
 0.000E+00 0.000E+00 0.000E+00 0.000E+00
 0.000E+00 0.000E+00 0.000E+00 0.000E+00
      131.631339     1.779300    0.662067
 6
       4
     2     2     2     2
     0     1     1     1
 1.710E+00 1.625E+00 1.625E+00 1.625E+00
 0.000E+00 0.000E+00 0.000E+00 0.000E+00
 0.000E+00 0.000E+00 0.000E+00 0.000E+00
 0.000E+00 0.000E+00 0.000E+00 0.000E+00
      131.322390     -2.590588    -0.974384
 6
       4
     2     2     2     2
     0     1     1     1
 1.710E+00 1.625E+00 1.625E+00 1.625E+00
 0.000E+00 0.000E+00 0.000E+00 0.000E+00
 0.000E+00 0.000E+00 0.000E+00 0.000E+00
 0.000E+00 0.000E+00 0.000E+00 0.000E+00
      132.794683     -0.544861    0.022195
 6
       4
     2     2     2     2
     0     1     1     1
 1.710E+00 1.625E+00 1.625E+00 1.625E+00
 0.000E+00 0.000E+00 0.000E+00 0.000E+00
 0.000E+00 0.000E+00 0.000E+00 0.000E+00
 0.000E+00 0.000E+00 0.000E+00 0.000E+00
      135.592195     -0.843470    0.364419
 1
       1
     1
     0
 1.300E+00
 0.000E+00
 0.000E+00
 0.000E+00
      75.311686     4.290502    -0.760050
 1
       1
     1
     0
 1.300E+00
 0.000E+00
 0.000E+00
 0.000E+00
      80.141648     3.729686    -0.200135
 6
       4
     2     2     2     2
     0     1     1     1
 1.710E+00 1.625E+00 1.625E+00 1.625E+00
 0.000E+00 0.000E+00 0.000E+00 0.000E+00
 0.000E+00 0.000E+00 0.000E+00 0.000E+00
 0.000E+00 0.000E+00 0.000E+00 0.000E+00
      71.860546     0.312434    -0.008407
 1
       1
     1
     0
 1.300E+00
 0.000E+00
 0.000E+00
 0.000E+00
      74.687846     -3.977707    1.211792
 1
       1
     1
     0
 1.300E+00
 0.000E+00
 0.000E+00
 0.000E+00
      79.297190     -4.168917    1.297730
 1
       1
     1
     0
 1.300E+00
 0.000E+00
 0.000E+00
 0.000E+00
      88.037211     4.065129    -1.489369
 1
       1
     1
     0
 1.300E+00
 0.000E+00
 0.000E+00
 0.000E+00
      88.418574     -3.832672    1.343002
 1
       1
     1
     0
 1.300E+00
 0.000E+00
 0.000E+00
 0.000E+00
      92.688883     4.232504    -1.789863
 1
       1
     1
     0
 1.300E+00
 0.000E+00
 0.000E+00
 0.000E+00
      93.102941     -3.690329    0.972871
 1
       1
     1
     0
 1.300E+00
 0.000E+00
 0.000E+00
 0.000E+00
      101.303263     4.427955    -1.434383
 1
       1
     1
     0
 1.300E+00
 0.000E+00
 0.000E+00
 0.000E+00
      105.782603     4.516080    -1.233211
 1
       1
     1
     0
 1.300E+00
 0.000E+00
 0.000E+00
 0.000E+00
      101.523907     -3.436478    1.101833
 1
       1
     1
     0
 1.300E+00
 0.000E+00
 0.000E+00
 0.000E+00
      106.266273     -3.240578    1.443856
 1
       1
     1
     0
 1.300E+00
 0.000E+00
 0.000E+00
 0.000E+00
      115.005719     4.894721    0.989358
 1
       1
     1
     0
 1.300E+00
 0.000E+00
 0.000E+00
 0.000E+00
      114.302233     -2.993555    -1.080116
 1
       1
     1
     0
 1.300E+00
 0.000E+00
 0.000E+00
 0.000E+00
      119.749139     4.444099    1.089323
 1
       1
     1
     0
 1.300E+00
 0.000E+00
 0.000E+00
 0.000E+00
      119.016619     -3.487824    -0.777394
 1
       1
     1
     0
 1.300E+00
 0.000E+00
 0.000E+00
 0.000E+00
      127.745447     3.711588    1.110783
 1
       1
     1
     0
 1.300E+00
 0.000E+00
 0.000E+00
 0.000E+00
      127.362902     -3.986154    -1.690262
 1
       1
     1
     0
 1.300E+00
 0.000E+00
 0.000E+00
 0.000E+00
      132.812310     3.546592    1.275544
 1
       1
     1
     0
 1.300E+00
 0.000E+00
 0.000E+00
 0.000E+00
      132.081207     -4.400301    -1.593950
 1
       1
     1
     0
 1.300E+00
 0.000E+00
 0.000E+00
 0.000E+00
      140.812038     1.952227    2.996325
 1
       1
     1
     0
 1.300E+00
 0.000E+00
 0.000E+00
 0.000E+00
      140.585292     -4.204497    -2.545331
 1
       1
     1
     0
 1.300E+00
 0.000E+00
 0.000E+00
 0.000E+00
      148.481450     -1.247506    -0.030835
 1
       1
     1
     0
 1.300E+00
 0.000E+00
 0.000E+00
 0.000E+00
      145.909404     1.728982    2.794927
 1
       1
     1
     0
 1.300E+00
 0.000E+00
 0.000E+00
 0.000E+00
      145.577725     -4.322229    -2.642738
 6
       4
     2     2     2     2
     0     1     1     1
 1.710E+00 1.625E+00 1.625E+00 1.625E+00
 0.000E+00 0.000E+00 0.000E+00 0.000E+00
 0.000E+00 0.000E+00 0.000E+00 0.000E+00
 0.000E+00 0.000E+00 0.000E+00 0.000E+00
      137.749888     -1.114511    0.460978
 6
       4
     2     2     2     2
     0     1     1     1
 1.710E+00 1.625E+00 1.625E+00 1.625E+00
 0.000E+00 0.000E+00 0.000E+00 0.000E+00
 0.000E+00 0.000E+00 0.000E+00 0.000E+00
 0.000E+00 0.000E+00 0.000E+00 0.000E+00
      140.504015     -1.351623    0.334816
 6
       4
     2     2     2     2
     0     1     1     1
 1.710E+00 1.625E+00 1.625E+00 1.625E+00
 0.000E+00 0.000E+00 0.000E+00 0.000E+00
 0.000E+00 0.000E+00 0.000E+00 0.000E+00
 0.000E+00 0.000E+00 0.000E+00 0.000E+00
      141.765229     -2.952168    -1.232459
 6
       4
     2     2     2     2
     0     1     1     1
 1.710E+00 1.625E+00 1.625E+00 1.625E+00
 0.000E+00 0.000E+00 0.000E+00 0.000E+00
 0.000E+00 0.000E+00 0.000E+00 0.000E+00
 0.000E+00 0.000E+00 0.000E+00 0.000E+00
      142.087919     0.531058    1.895820
 6
       4
     2     2     2     2
     0     1     1     1
 1.710E+00 1.625E+00 1.625E+00 1.625E+00
 0.000E+00 0.000E+00 0.000E+00 0.000E+00
 0.000E+00 0.000E+00 0.000E+00 0.000E+00
 0.000E+00 0.000E+00 0.000E+00 0.000E+00
      144.621922     0.508831    1.945375
 6
       4
     2     2     2     2
     0     1     1     1
 1.710E+00 1.625E+00 1.625E+00 1.625E+00
 0.000E+00 0.000E+00 0.000E+00 0.000E+00
 0.000E+00 0.000E+00 0.000E+00 0.000E+00
 0.000E+00 0.000E+00 0.000E+00 0.000E+00
      144.527217     -3.036652    -1.220757
 6
       4
     2     2     2     2
     0     1     1     1
 1.710E+00 1.625E+00 1.625E+00 1.625E+00
 0.000E+00 0.000E+00 0.000E+00 0.000E+00
 0.000E+00 0.000E+00 0.000E+00 0.000E+00
 0.000E+00 0.000E+00 0.000E+00 0.000E+00
      145.903860     -1.330395    0.157811
# LCAO coefficients .. are not included.
         1
        1        0.000535640968847   k=         1
        2        0.000315950454721   k=         1
        3        0.002160006366554   k=         1
        4        -0.027417757433982   k=         1
        5        -0.002574127274398   k=         1
        6        -0.005165408349400   k=         1
        7        0.015749938808670   k=         1
        8        -0.027160278427063   k=         1
        9        0.001730686506904   k=         1
        10        0.004513989654850   k=         1
        11        0.018477158752247   k=         1
        12        -0.029989769376200   k=         1
        13        0.000833777207139   k=         1
        14        0.001120200147808   k=         1
        15        -0.004643415716303   k=         1
        16        0.010801074170667   k=         1
        17        -0.000342081438402   k=         1
        18        0.003683193483465   k=         1
        19        -0.010331810514911   k=         1
        20        0.034834321284949   k=         1
        21        -0.000740243838000   k=         1
        22        -0.002620669869096   k=         1
        23        -0.003480273119509   k=         1
        24        0.007317523706112   k=         1
        25        -0.000566323082099   k=         1
        26        -0.004507770622556   k=         1
        27        0.014393658710675   k=         1
        28        0.063489671283151   k=         1
        29        0.000131054377863   k=         1
        30        -0.001123571593613   k=         1
        31        0.003650070938849   k=         1
        32        0.035264883526297   k=         1
        33        -0.000842808468533   k=         1
        34        0.002304824094154   k=         1
        35        -0.027208801035622   k=         1
        36        -0.101657551640481   k=         1
        37        -0.001358785013134   k=         1
        38        -0.002333287997423   k=         1
        39        -0.016912009524240   k=         1
        40        -0.043655568958913   k=         1
        41        -0.000402148052759   k=         1
        42        0.002743337011121   k=         1
        43        -0.013025966254396   k=         1
        44        -0.042823767041426   k=         1
        45        0.003591853241771   k=         1
        46        0.003485894503810   k=         1
        47        0.017603704751909   k=         1
        48        0.061172997363003   k=         1
        49        -0.002551803550184   k=         1
        50        -0.009609042926745   k=         1
        51        0.016920192644813   k=         1
        52        0.071501855179529   k=         1
        53        -0.001203796740899   k=         1
        54        -0.018464686501722   k=         1
        55        0.025971878052947   k=         1
        56        0.079715267692385   k=         1
        57        -0.003063620492875   k=         1
        58        0.015983352156593   k=         1
        59        -0.067355714190318   k=         1
        60        -0.093769908461022   k=         1
        61        -0.001601485173873   k=         1
        62        -0.014179867301955   k=         1
        63        -0.037980557334366   k=         1
        64        -0.069922649720342   k=         1
        65        0.002059117771364   k=         1
        66        0.030504427938440   k=         1
        67        0.110152312810705   k=         1
        68        0.138943668965386   k=         1
        69        0.001518143353817   k=         1
        70        0.004496654065199   k=         1
        71        0.046659794620981   k=         1
        72        0.050899861708358   k=         1
        73        -0.003853831657452   k=         1
        74        -0.000963763419724   k=         1
        75        0.066469128901541   k=         1
        76        0.067971159023052   k=         1
        77        0.002467645639682   k=         1
        78        0.008039391666659   k=         1
        79        -0.082391647842839   k=         1
        80        -0.087208246902053   k=         1
        81        -0.005086739336887   k=         1
        82        -0.014893582950959   k=         1
        83        -0.072010785100320   k=         1
        84        -0.090886890834190   k=         1
        85        -0.001403866596063   k=         1
        86        -0.018664737906413   k=         1
        87        -0.085064361477598   k=         1
        88        -0.127899163415753   k=         1
        89        0.005697270243657   k=         1
        90        0.022874620991547   k=         1
        91        0.058517366142297   k=         1
        92        0.162342490999721   k=         1
        93        -0.009958959421786   k=         1
        94        0.005290256593910   k=         1
        95        0.073775813189328   k=         1
        96        0.134551434159543   k=         1
        97        0.000322909247998   k=         1
        98        0.013653195192236   k=         1
        99        -0.058639812181862   k=         1
        100        -0.174739903542214   k=         1
        101        0.004303878514662   k=         1
        102        -0.008589065004886   k=         1
        103        -0.040768809079344   k=         1
        104        -0.137238840992264   k=         1
        105        -0.000758698879736   k=         1
        106        0.009653726861382   k=         1
        107        -0.022983992567962   k=         1
        108        -0.107754507682659   k=         1
        109        0.000090330713547   k=         1
        110        -0.002203077589323   k=         1
        111        0.019493371233656   k=         1
        112        0.080774118057601   k=         1
        113        -0.003327364934108   k=         1
        114        0.009495047413895   k=         1
        115        0.023122645661664   k=         1
        116        0.123745251348625   k=         1
        117        0.004509363761146   k=         1
        118        0.023982336732505   k=         1
        119        0.049118800445127   k=         1
        120        0.186390189381593   k=         1
        121        -0.002695149330449   k=         1
        122        -0.020376806251349   k=         1
        123        -0.035432972362288   k=         1
        124        -0.104692901511147   k=         1
        125        0.006057090249909   k=         1
        126        -0.004435555385750   k=         1
        127        -0.039926258688482   k=         1
        128        -0.140347807297277   k=         1
        129        0.002541839424596   k=         1
        130        -0.009838866153983   k=         1
        131        0.052511523065036   k=         1
        132        0.125719840910701   k=         1
        133        0.000639818586317   k=         1
        134        -0.015048297960929   k=         1
        135        0.043509907086256   k=         1
        136        0.068030586951923   k=         1
        137        -0.001993822368588   k=         1
        138        -0.007721797740880   k=         1
        139        0.056174919054991   k=         1
        140        0.087504831638933   k=         1
        141        -0.000618773516632   k=         1
        142        0.007331687261842   k=         1
        143        -0.054308820438995   k=         1
        144        -0.077835639216147   k=         1
        145        -0.002708315118067   k=         1
        146        0.009874462657922   k=         1
        147        -0.042415705850670   k=         1
        148        -0.065154445773466   k=         1
        149        0.000795910612517   k=         1
        150        0.009154739790914   k=         1
        151        -0.060659838790346   k=         1
        152        -0.127654651945113   k=         1
        153        -0.001570904645212   k=         1
        154        -0.004601189936867   k=         1
        155        0.044805089301242   k=         1
        156        0.108846117201444   k=         1
        157        -0.002123488666250   k=         1
        158        0.001911020274341   k=         1
        159        -0.001102908628372   k=         1
        160        0.003274304184176   k=         1
        161        -0.000453274525886   k=         1
        162        0.000871339875544   k=         1
        163        -0.001519621653367   k=         1
        164        0.002307591586277   k=         1
        165        0.001649596558939   k=         1
        166        0.008839337193657   k=         1
        167        -0.002271542285237   k=         1
        168        0.000104989299362   k=         1
        169        0.004260344508795   k=         1
        170        0.002329098095644   k=         1
        171        -0.001486078903717   k=         1
        172        -0.005138910978502   k=         1
        173        -0.000124601045438   k=         1
        174        0.005358451743349   k=         1
        175        -0.003012056882739   k=         1
        176        -0.003568224482336   k=         1
        177        0.005947958645259   k=         1
        178        0.001204538744915   k=         1
        179        -0.005554102590445   k=         1
        180        0.001233394654434   k=         1
        181        0.002400465597009   k=         1
        182        -0.027452965091842   k=         1
        183        -0.100058196484353   k=         1
        184        -0.004885201306356   k=         1
        185        0.002717934305570   k=         1
        186        0.003070865203920   k=         1
        187        0.005353195921450   k=         1
        188        0.050263217816453   k=         1
        189        0.106549277576694   k=         1
        190        -0.002178890702803   k=         1
        191        -0.009597717771517   k=         1
        192        -0.044619194480299   k=         1
        193        -0.114732880414643   k=         1
        194        0.001734600207042   k=         1
        195        -0.001045837829279   k=         1
        196        -0.021386578612219   k=         1
        197        -0.099249380899900   k=         1
        198        -0.000715815322283   k=         1
        199        0.005135663416688   k=         1
        200        -0.017054472315662   k=         1
        201        -0.071629703762567   k=         1
        202        0.001608238688617   k=         1
        203        -0.003682232073551   k=         1
        204        0.012500450677824   k=         1
        205        0.059873323068925   k=         1
        206        0.003923778528792   k=         1
        207        0.000438079371798   k=         1
        208        0.021821289863366   k=         1
        209        0.094259804250330   k=         1
        210        -0.002222005313102   k=         1
        211        -0.000573073485437   k=         1
        212        0.044927098176950   k=         1
        213        0.124667306306331   k=         1
        214        0.000385088730161   k=         1
        215        -0.002257301064718   k=         1
        216        -0.035994436966193   k=         1
        217        -0.137868351463931   k=         1
        218        -0.000035315730095   k=         1
        219        0.007640128554595   k=         1
        220        -0.016388410516149   k=         1
        221        -0.104837320146723   k=         1
        222        -0.000070758356045   k=         1
        223        0.005035929369722   k=         1
        224        -0.009394477859563   k=         1
        225        -0.073742071873577   k=         1
        226        0.000360789643026   k=         1
        227        -0.008336647706291   k=         1
        228        0.016322808754266   k=         1
        229        0.075267478767360   k=         1
        230        -0.000006282487168   k=         1
        231        -0.009450982170022   k=         1
        232        0.035840583692153   k=         1
        233        0.137838627349833   k=         1
        234        -0.001771801371605   k=         1
        235        -0.005347920682383   k=         1
        236        0.018901717502681   k=         1
        237        0.085381610065438   k=         1
        238        -0.002760630199058   k=         1
        239        0.002769422875474   k=         1
        240        0.028495815114579   k=         1
        241        0.093406264949448   k=         1
        242        0.002460588180445   k=         1
        243        0.007248749920913   k=         1
        244        0.030992050667725   k=         1
        245        0.118272988687966   k=         1
        246        -0.003326105301649   k=         1
        247        -0.011031080470789   k=         1
        248        -0.033139201779596   k=         1
        249        -0.094687901878205   k=         1
        250        0.002539786910922   k=         1
        251        -0.008876415695146   k=         1
        252        -0.034599959385501   k=         1
        253        -0.079088673580105   k=         1
        254        0.000405715426436   k=         1
        255        -0.005978256594616   k=         1
        256        -0.025315459554903   k=         1
        257        -0.073817388779896   k=         1
        258        0.000271593377671   k=         1
        259        0.003492803323370   k=         1
        260        0.016815446607439   k=         1
        261        0.046014686121780   k=         1
        262        0.001102767105424   k=         1
        263        0.003735639519122   k=         1
        264        0.019322560734557   k=         1
        265        0.056852094383895   k=         1
        266        -0.000284657582939   k=         1
        267        -0.003485609741483   k=         1
        268        0.039143384169021   k=         1
        269        0.109788047391490   k=         1
        270        0.000628946299806   k=         1
        271        0.004911743044135   k=         1
        272        -0.015173867816181   k=         1
        273        -0.045209578255949   k=         1
        274        -0.002641983988645   k=         1
        275        0.004159638750577   k=         1
        276        -0.027804049234712   k=         1
        277        -0.079447383117402   k=         1
        278        -0.000240481541406   k=         1
        279        -0.000748367643891   k=         1
        280        0.011516711121884   k=         1
        281        0.035960255551365   k=         1
        282        -0.000456261904736   k=         1
        283        -0.003554120735009   k=         1
        284        0.009450662169995   k=         1
        285        0.035174125875625   k=         1
        286        0.001466345217433   k=         1
        287        -0.002986074875045   k=         1
        288        0.018949187512138   k=         1
        289        0.054867371899841   k=         1
        290        -0.000920988844849   k=         1
        291        -0.000470572304258   k=         1
        292        -0.002915222333074   k=         1
        293        -0.013207512219241   k=         1
        294        0.000845100900141   k=         1
        295        0.003229507029410   k=         1
        296        -0.001098136521710   k=         1
        297        -0.013930966425810   k=         1
        298        -0.001470306157102   k=         1
        299        0.004632170123678   k=         1
        300        -0.019900750092747   k=         1
        301        -0.050013106434363   k=         1
        302        -0.000368162612706   k=         1
        303        -0.002389995516510   k=         1
        304        0.010928299828893   k=         1
        305        -0.004009547140946   k=         1
        306        -0.000375892993673   k=         1
        307        0.003759491508565   k=         1
        308        0.015864137001840   k=         1
        309        0.025180181052658   k=         1
        310        -0.000377544366483   k=         1
        311        -0.001201519736275   k=         1
        312        -0.009042744183822   k=         1
        313        0.017870300777732   k=         1
        314        0.001686382867633   k=         1
        315        -0.002421123890737   k=         1
        316        0.005477906726051   k=         1
        317        -0.001870664759870   k=         1
        318        -0.001892451188131   k=         1
        319        0.004025607450209   k=         1
        320        0.005709705503724   k=         1
        321        -0.002000156533262   k=         1
        322        0.000719841335369   k=         1
        323        0.001030377477565   k=         1
        324        0.001956973557460   k=         1
        325        -0.016747896040624   k=         1
        326        -0.000979419715276   k=         1
        327        0.001335066214559   k=         1
        328        0.001580443469733   k=         1
        329        -0.017052870612530   k=         1
        330        0.000315443123057   k=         1
        331        0.000580543616043   k=         1
        332        0.003973758067487   k=         1
        333        -0.006673965100369   k=         1
        334        -0.000412859324837   k=         1
        335        -0.000802291266056   k=         1
        336        -0.011435570675674   k=         1
        337        0.026661546239334   k=         1
        338        0.000615713235182   k=         1
        339        0.001095208969263   k=         1
        340        -0.006686794412853   k=         1
        341        0.014895694788097   k=         1
        342        0.000199122228956   k=         1
        343        -0.002526649370528   k=         1
        344        0.013676842120937   k=         1
        345        -0.029726322715100   k=         1
        346        -0.000315959569462   k=         1
        347        0.000413684280985   k=         1
        348        0.005384508836216   k=         1
        349        -0.017373244907952   k=         1
        350        -0.000699742948387   k=         1
        351        -0.000166641809776   k=         1
        352        0.005674937786090   k=         1
        353        -0.018846533548552   k=         1
        354        0.000095027717695   k=         1
        355        -0.000811533506161   k=         1
        356        -0.004896935918918   k=         1
        357        0.016529051359559   k=         1
        358        0.000637465273056   k=         1
        359        -0.001219720552689   k=         1
        360        -0.005366068896865   k=         1
        361        0.017131961580553   k=         1
        362        -0.000034556798714   k=         1
        363        -0.007447578144868   k=         1
        364        -0.011405821047719   k=         1
        365        0.028959101041060   k=         1
        366        -0.000427393760088   k=         1
        367        0.004186684455693   k=         1
        368        0.007624223892663   k=         1
        369        -0.014346674536825   k=         1
        370        -0.002556239032030   k=         1
        371        0.003435071104663   k=         1
        372        -0.000972552928332   k=         1
        373        0.005363029955994   k=         1
        374        -0.029947595192572   k=         1
        375        -0.093235547797580   k=         1
        376        0.002855392270572   k=         1
        377        -0.000551484520220   k=         1
        378        -0.001562419459369   k=         1
        379        -0.000823496049619   k=         1
        380        0.002966216648555   k=         1
        381        0.001530967951857   k=         1
        382        -0.000751714535363   k=         1
        383        0.000335070105419   k=         1
        384        0.001512894213010   k=         1
        385        -0.001300618564417   k=         1
        386        0.001710571215090   k=         1
        387        -0.001475054943229   k=         1
        388        -0.002535953846411   k=         1
        389        0.002346494084090   k=         1
        390        -0.001014489307143   k=         1
        391        0.000404780566265   k=         1
        392        0.001442427439845   k=         1
        393        -0.000005325774259   k=         1
        394        -0.000111798471421   k=         1
        395        0.001240061752461   k=         1
        396        -0.001124910867737   k=         1
        397        0.001240501340857   k=         1
        398        -0.000349114536543   k=         1
        399        -0.000542839824793   k=         1
        400        -0.000779097194229   k=         1
        401        0.009142070194047   k=         1
        402        -0.020541708761116   k=         1
        403        -0.000006379332844   k=         1
        404        0.001782303491446   k=         1
        405        -0.008924514619864   k=         1
        406        0.012375138667051   k=         1
        407        -0.000729546443035   k=         1
        408        -0.000436793764612   k=         1
        409        -0.013820749842206   k=         1
        410        0.011516434468291   k=         1
        411        0.000669870800560   k=         1
        412        -0.002243621527922   k=         1
        413        -0.008362364828534   k=         1
        414        0.006854378694050   k=         1
        415        -0.000481033273649   k=         1
        416        0.000848340855411   k=         1
        417        0.002943363982042   k=         1
        418        -0.003144990474709   k=         1
        419        -0.000273525518059   k=         1
        420        0.000587645990270   k=         1
        421        0.005183668815840   k=         1
        422        -0.004762146638699   k=         1
        423        0.000357189919093   k=         1
        424        -0.001930100187572   k=         1
        425        0.011904381483280   k=         1
        426        -0.014288702015482   k=         1
