# file_format= v0.04.05
       144       426
    188.97268778      0.00000000      0.00000000    0
      0.00000000    188.97268778      0.00000000    0
      0.00000000      0.00000000    188.97268778    0
 6
       4
     2     2     2     2
     0     1     1     1
 1.710E+00 1.625E+00 1.625E+00 1.625E+00
 0.000E+00 0.000E+00 0.000E+00 0.000E+00
 0.000E+00 0.000E+00 0.000E+00 0.000E+00
 0.000E+00 0.000E+00 0.000E+00 0.000E+00
      0.826116     -0.618641    -0.208425
 6
       4
     2     2     2     2
     0     1     1     1
 1.710E+00 1.625E+00 1.625E+00 1.625E+00
 0.000E+00 0.000E+00 0.000E+00 0.000E+00
 0.000E+00 0.000E+00 0.000E+00 0.000E+00
 0.000E+00 0.000E+00 0.000E+00 0.000E+00
      -0.902159     1.187870    0.496937
 6
       4
     2     2     2     2
     0     1     1     1
 1.710E+00 1.625E+00 1.625E+00 1.625E+00
 0.000E+00 0.000E+00 0.000E+00 0.000E+00
 0.000E+00 0.000E+00 0.000E+00 0.000E+00
 0.000E+00 0.000E+00 0.000E+00 0.000E+00
      -0.225204     -2.949628    -1.064834
 6
       4
     2     2     2     2
     0     1     1     1
 1.710E+00 1.625E+00 1.625E+00 1.625E+00
 0.000E+00 0.000E+00 0.000E+00 0.000E+00
 0.000E+00 0.000E+00 0.000E+00 0.000E+00
 0.000E+00 0.000E+00 0.000E+00 0.000E+00
      -3.583937     0.734149    0.459092
 6
       4
     2     2     2     2
     0     1     1     1
 1.710E+00 1.625E+00 1.625E+00 1.625E+00
 0.000E+00 0.000E+00 0.000E+00 0.000E+00
 0.000E+00 0.000E+00 0.000E+00 0.000E+00
 0.000E+00 0.000E+00 0.000E+00 0.000E+00
      -4.436857     -1.560923    -0.276546
 6
       4
     2     2     2     2
     0     1     1     1
 1.710E+00 1.625E+00 1.625E+00 1.625E+00
 0.000E+00 0.000E+00 0.000E+00 0.000E+00
 0.000E+00 0.000E+00 0.000E+00 0.000E+00
 0.000E+00 0.000E+00 0.000E+00 0.000E+00
      -2.865267     -3.407637    -1.007496
 6
       4
     2     2     2     2
     0     1     1     1
 1.710E+00 1.625E+00 1.625E+00 1.625E+00
 0.000E+00 0.000E+00 0.000E+00 0.000E+00
 0.000E+00 0.000E+00 0.000E+00 0.000E+00
 0.000E+00 0.000E+00 0.000E+00 0.000E+00
      3.588454     -0.104581    -0.033133
 6
       4
     2     2     2     2
     0     1     1     1
 1.710E+00 1.625E+00 1.625E+00 1.625E+00
 0.000E+00 0.000E+00 0.000E+00 0.000E+00
 0.000E+00 0.000E+00 0.000E+00 0.000E+00
 0.000E+00 0.000E+00 0.000E+00 0.000E+00
      5.789892     0.388299    0.094490
 6
       4
     2     2     2     2
     0     1     1     1
 1.710E+00 1.625E+00 1.625E+00 1.625E+00
 0.000E+00 0.000E+00 0.000E+00 0.000E+00
 0.000E+00 0.000E+00 0.000E+00 0.000E+00
 0.000E+00 0.000E+00 0.000E+00 0.000E+00
      8.552754     0.798751    0.017926
 6
       4
     2     2     2     2
     0     1     1     1
 1.710E+00 1.625E+00 1.625E+00 1.625E+00
 0.000E+00 0.000E+00 0.000E+00 0.000E+00
 0.000E+00 0.000E+00 0.000E+00 0.000E+00
 0.000E+00 0.000E+00 0.000E+00 0.000E+00
      9.834412     2.986608    -0.730466
 6
       4
     2     2     2     2
     0     1     1     1
 1.710E+00 1.625E+00 1.625E+00 1.625E+00
 0.000E+00 0.000E+00 0.000E+00 0.000E+00
 0.000E+00 0.000E+00 0.000E+00 0.000E+00
 0.000E+00 0.000E+00 0.000E+00 0.000E+00
      10.196754     -1.209035    0.786396
 6
       4
     2     2     2     2
     0     1     1     1
 1.710E+00 1.625E+00 1.625E+00 1.625E+00
 0.000E+00 0.000E+00 0.000E+00 0.000E+00
 0.000E+00 0.000E+00 0.000E+00 0.000E+00
 0.000E+00 0.000E+00 0.000E+00 0.000E+00
      12.485724     3.120363    -0.652050
 6
       4
     2     2     2     2
     0     1     1     1
 1.710E+00 1.625E+00 1.625E+00 1.625E+00
 0.000E+00 0.000E+00 0.000E+00 0.000E+00
 0.000E+00 0.000E+00 0.000E+00 0.000E+00
 0.000E+00 0.000E+00 0.000E+00 0.000E+00
      12.801592     -1.002156    0.930284
 6
       4
     2     2     2     2
     0     1     1     1
 1.710E+00 1.625E+00 1.625E+00 1.625E+00
 0.000E+00 0.000E+00 0.000E+00 0.000E+00
 0.000E+00 0.000E+00 0.000E+00 0.000E+00
 0.000E+00 0.000E+00 0.000E+00 0.000E+00
      14.075940     1.228711    0.224036
 6
       4
     2     2     2     2
     0     1     1     1
 1.710E+00 1.625E+00 1.625E+00 1.625E+00
 0.000E+00 0.000E+00 0.000E+00 0.000E+00
 0.000E+00 0.000E+00 0.000E+00 0.000E+00
 0.000E+00 0.000E+00 0.000E+00 0.000E+00
      16.848166     1.378103    0.227412
 6
       4
     2     2     2     2
     0     1     1     1
 1.710E+00 1.625E+00 1.625E+00 1.625E+00
 0.000E+00 0.000E+00 0.000E+00 0.000E+00
 0.000E+00 0.000E+00 0.000E+00 0.000E+00
 0.000E+00 0.000E+00 0.000E+00 0.000E+00
      19.138364     1.333251    0.368601
 6
       4
     2     2     2     2
     0     1     1     1
 1.710E+00 1.625E+00 1.625E+00 1.625E+00
 0.000E+00 0.000E+00 0.000E+00 0.000E+00
 0.000E+00 0.000E+00 0.000E+00 0.000E+00
 0.000E+00 0.000E+00 0.000E+00 0.000E+00
      21.884393     1.290418    0.163093
 6
       4
     2     2     2     2
     0     1     1     1
 1.710E+00 1.625E+00 1.625E+00 1.625E+00
 0.000E+00 0.000E+00 0.000E+00 0.000E+00
 0.000E+00 0.000E+00 0.000E+00 0.000E+00
 0.000E+00 0.000E+00 0.000E+00 0.000E+00
      23.265280     -0.479274    1.584172
 6
       4
     2     2     2     2
     0     1     1     1
 1.710E+00 1.625E+00 1.625E+00 1.625E+00
 0.000E+00 0.000E+00 0.000E+00 0.000E+00
 0.000E+00 0.000E+00 0.000E+00 0.000E+00
 0.000E+00 0.000E+00 0.000E+00 0.000E+00
      23.376288     2.863502    -1.417179
 6
       4
     2     2     2     2
     0     1     1     1
 1.710E+00 1.625E+00 1.625E+00 1.625E+00
 0.000E+00 0.000E+00 0.000E+00 0.000E+00
 0.000E+00 0.000E+00 0.000E+00 0.000E+00
 0.000E+00 0.000E+00 0.000E+00 0.000E+00
      25.953113     2.540890    -1.480043
 6
       4
     2     2     2     2
     0     1     1     1
 1.710E+00 1.625E+00 1.625E+00 1.625E+00
 0.000E+00 0.000E+00 0.000E+00 0.000E+00
 0.000E+00 0.000E+00 0.000E+00 0.000E+00
 0.000E+00 0.000E+00 0.000E+00 0.000E+00
      25.827187     -0.897527    1.405882
 6
       4
     2     2     2     2
     0     1     1     1
 1.710E+00 1.625E+00 1.625E+00 1.625E+00
 0.000E+00 0.000E+00 0.000E+00 0.000E+00
 0.000E+00 0.000E+00 0.000E+00 0.000E+00
 0.000E+00 0.000E+00 0.000E+00 0.000E+00
      27.322788     0.704770    -0.053479
 6
       4
     2     2     2     2
     0     1     1     1
 1.710E+00 1.625E+00 1.625E+00 1.625E+00
 0.000E+00 0.000E+00 0.000E+00 0.000E+00
 0.000E+00 0.000E+00 0.000E+00 0.000E+00
 0.000E+00 0.000E+00 0.000E+00 0.000E+00
      29.960232     0.440973    0.022629
 6
       4
     2     2     2     2
     0     1     1     1
 1.710E+00 1.625E+00 1.625E+00 1.625E+00
 0.000E+00 0.000E+00 0.000E+00 0.000E+00
 0.000E+00 0.000E+00 0.000E+00 0.000E+00
 0.000E+00 0.000E+00 0.000E+00 0.000E+00
      32.294210     0.004169    0.224927
 6
       4
     2     2     2     2
     0     1     1     1
 1.710E+00 1.625E+00 1.625E+00 1.625E+00
 0.000E+00 0.000E+00 0.000E+00 0.000E+00
 0.000E+00 0.000E+00 0.000E+00 0.000E+00
 0.000E+00 0.000E+00 0.000E+00 0.000E+00
      34.955394     -0.003112    0.175034
 6
       4
     2     2     2     2
     0     1     1     1
 1.710E+00 1.625E+00 1.625E+00 1.625E+00
 0.000E+00 0.000E+00 0.000E+00 0.000E+00
 0.000E+00 0.000E+00 0.000E+00 0.000E+00
 0.000E+00 0.000E+00 0.000E+00 0.000E+00
      36.434571     -2.240692    0.713149
 6
       4
     2     2     2     2
     0     1     1     1
 1.710E+00 1.625E+00 1.625E+00 1.625E+00
 0.000E+00 0.000E+00 0.000E+00 0.000E+00
 0.000E+00 0.000E+00 0.000E+00 0.000E+00
 0.000E+00 0.000E+00 0.000E+00 0.000E+00
      36.330209     2.158094    -0.351438
 6
       4
     2     2     2     2
     0     1     1     1
 1.710E+00 1.625E+00 1.625E+00 1.625E+00
 0.000E+00 0.000E+00 0.000E+00 0.000E+00
 0.000E+00 0.000E+00 0.000E+00 0.000E+00
 0.000E+00 0.000E+00 0.000E+00 0.000E+00
      38.997417     2.136583    -0.401355
 6
       4
     2     2     2     2
     0     1     1     1
 1.710E+00 1.625E+00 1.625E+00 1.625E+00
 0.000E+00 0.000E+00 0.000E+00 0.000E+00
 0.000E+00 0.000E+00 0.000E+00 0.000E+00
 0.000E+00 0.000E+00 0.000E+00 0.000E+00
      39.016568     -2.207300    0.607348
 6
       4
     2     2     2     2
     0     1     1     1
 1.710E+00 1.625E+00 1.625E+00 1.625E+00
 0.000E+00 0.000E+00 0.000E+00 0.000E+00
 0.000E+00 0.000E+00 0.000E+00 0.000E+00
 0.000E+00 0.000E+00 0.000E+00 0.000E+00
      40.440837     -0.034423    -0.102533
 6
       4
     2     2     2     2
     0     1     1     1
 1.710E+00 1.625E+00 1.625E+00 1.625E+00
 0.000E+00 0.000E+00 0.000E+00 0.000E+00
 0.000E+00 0.000E+00 0.000E+00 0.000E+00
 0.000E+00 0.000E+00 0.000E+00 0.000E+00
      43.200744     -0.371902    -0.242459
 6
       4
     2     2     2     2
     0     1     1     1
 1.710E+00 1.625E+00 1.625E+00 1.625E+00
 0.000E+00 0.000E+00 0.000E+00 0.000E+00
 0.000E+00 0.000E+00 0.000E+00 0.000E+00
 0.000E+00 0.000E+00 0.000E+00 0.000E+00
      45.466940     -0.569272    -0.309658
 6
       4
     2     2     2     2
     0     1     1     1
 1.710E+00 1.625E+00 1.625E+00 1.625E+00
 0.000E+00 0.000E+00 0.000E+00 0.000E+00
 0.000E+00 0.000E+00 0.000E+00 0.000E+00
 0.000E+00 0.000E+00 0.000E+00 0.000E+00
      48.317121     -0.668128    -0.343766
 6
       4
     2     2     2     2
     0     1     1     1
 1.710E+00 1.625E+00 1.625E+00 1.625E+00
 0.000E+00 0.000E+00 0.000E+00 0.000E+00
 0.000E+00 0.000E+00 0.000E+00 0.000E+00
 0.000E+00 0.000E+00 0.000E+00 0.000E+00
      49.695806     -2.429349    0.811048
 6
       4
     2     2     2     2
     0     1     1     1
 1.710E+00 1.625E+00 1.625E+00 1.625E+00
 0.000E+00 0.000E+00 0.000E+00 0.000E+00
 0.000E+00 0.000E+00 0.000E+00 0.000E+00
 0.000E+00 0.000E+00 0.000E+00 0.000E+00
      49.602242     1.674670    -1.100350
 6
       4
     2     2     2     2
     0     1     1     1
 1.710E+00 1.625E+00 1.625E+00 1.625E+00
 0.000E+00 0.000E+00 0.000E+00 0.000E+00
 0.000E+00 0.000E+00 0.000E+00 0.000E+00
 0.000E+00 0.000E+00 0.000E+00 0.000E+00
      52.141922     1.983016    -1.112599
 6
       4
     2     2     2     2
     0     1     1     1
 1.710E+00 1.625E+00 1.625E+00 1.625E+00
 0.000E+00 0.000E+00 0.000E+00 0.000E+00
 0.000E+00 0.000E+00 0.000E+00 0.000E+00
 0.000E+00 0.000E+00 0.000E+00 0.000E+00
      52.380013     -2.038207    1.157691
 6
       4
     2     2     2     2
     0     1     1     1
 1.710E+00 1.625E+00 1.625E+00 1.625E+00
 0.000E+00 0.000E+00 0.000E+00 0.000E+00
 0.000E+00 0.000E+00 0.000E+00 0.000E+00
 0.000E+00 0.000E+00 0.000E+00 0.000E+00
      53.628522     0.028027    0.116137
 6
       4
     2     2     2     2
     0     1     1     1
 1.710E+00 1.625E+00 1.625E+00 1.625E+00
 0.000E+00 0.000E+00 0.000E+00 0.000E+00
 0.000E+00 0.000E+00 0.000E+00 0.000E+00
 0.000E+00 0.000E+00 0.000E+00 0.000E+00
      56.354823     0.199816    0.118076
 1
       1
     1
     0
 1.300E+00
 0.000E+00
 0.000E+00
 0.000E+00
      -4.854757     2.416262    0.849129
 1
       1
     1
     0
 1.300E+00
 0.000E+00
 0.000E+00
 0.000E+00
      -0.366635     3.060235    1.055835
 1
       1
     1
     0
 1.300E+00
 0.000E+00
 0.000E+00
 0.000E+00
      -7.227629     -2.180179    -0.469109
 1
       1
     1
     0
 1.300E+00
 0.000E+00
 0.000E+00
 0.000E+00
      -3.479377     -5.278052    -1.749650
 1
       1
     1
     0
 1.300E+00
 0.000E+00
 0.000E+00
 0.000E+00
      1.072457     -4.468251    -1.978520
 1
       1
     1
     0
 1.300E+00
 0.000E+00
 0.000E+00
 0.000E+00
      8.616567     4.675554    -1.400493
 1
       1
     1
     0
 1.300E+00
 0.000E+00
 0.000E+00
 0.000E+00
      9.236467     -2.988452    1.375305
 1
       1
     1
     0
 1.300E+00
 0.000E+00
 0.000E+00
 0.000E+00
      13.306455     4.938814    -1.427335
 1
       1
     1
     0
 1.300E+00
 0.000E+00
 0.000E+00
 0.000E+00
      13.884002     -2.625701    1.664541
 1
       1
     1
     0
 1.300E+00
 0.000E+00
 0.000E+00
 0.000E+00
      22.526864     4.435081    -2.674030
 1
       1
     1
     0
 1.300E+00
 0.000E+00
 0.000E+00
 0.000E+00
      27.004067     3.759005    -2.674692
 1
       1
     1
     0
 1.300E+00
 0.000E+00
 0.000E+00
 0.000E+00
      22.140249     -1.651645    2.949501
 1
       1
     1
     0
 1.300E+00
 0.000E+00
 0.000E+00
 0.000E+00
      26.678483     -2.517096    2.508545
 1
       1
     1
     0
 1.300E+00
 0.000E+00
 0.000E+00
 0.000E+00
      35.322679     3.927028    -0.614630
 1
       1
     1
     0
 1.300E+00
 0.000E+00
 0.000E+00
 0.000E+00
      35.474807     -4.039490    1.378209
 1
       1
     1
     0
 1.300E+00
 0.000E+00
 0.000E+00
 0.000E+00
      39.993292     4.080302    -0.767444
 1
       1
     1
     0
 1.300E+00
 0.000E+00
 0.000E+00
 0.000E+00
      40.091104     -4.038800    1.145299
 1
       1
     1
     0
 1.300E+00
 0.000E+00
 0.000E+00
 0.000E+00
      48.502533     3.358464    -1.917278
 1
       1
     1
     0
 1.300E+00
 0.000E+00
 0.000E+00
 0.000E+00
      48.849799     -4.246224    1.722799
 1
       1
     1
     0
 1.300E+00
 0.000E+00
 0.000E+00
 0.000E+00
      53.200700     3.691943    -2.030847
 1
       1
     1
     0
 1.300E+00
 0.000E+00
 0.000E+00
 0.000E+00
      53.455465     -3.428738    2.299460
 1
       1
     1
     0
 1.300E+00
 0.000E+00
 0.000E+00
 0.000E+00
      61.826966     4.191518    -1.374377
 1
       1
     1
     0
 1.300E+00
 0.000E+00
 0.000E+00
 0.000E+00
      61.604410     -3.787451    1.099303
 6
       4
     2     2     2     2
     0     1     1     1
 1.710E+00 1.625E+00 1.625E+00 1.625E+00
 0.000E+00 0.000E+00 0.000E+00 0.000E+00
 0.000E+00 0.000E+00 0.000E+00 0.000E+00
 0.000E+00 0.000E+00 0.000E+00 0.000E+00
      69.574310     0.103376    0.138114
 1
       1
     1
     0
 1.300E+00
 0.000E+00
 0.000E+00
 0.000E+00
      66.472572     3.945206    -1.367882
 1
       1
     1
     0
 1.300E+00
 0.000E+00
 0.000E+00
 0.000E+00
      66.279206     -3.984147    0.771006
 6
       4
     2     2     2     2
     0     1     1     1
 1.710E+00 1.625E+00 1.625E+00 1.625E+00
 0.000E+00 0.000E+00 0.000E+00 0.000E+00
 0.000E+00 0.000E+00 0.000E+00 0.000E+00
 0.000E+00 0.000E+00 0.000E+00 0.000E+00
      58.685227     0.213469    0.047787
 6
       4
     2     2     2     2
     0     1     1     1
 1.710E+00 1.625E+00 1.625E+00 1.625E+00
 0.000E+00 0.000E+00 0.000E+00 0.000E+00
 0.000E+00 0.000E+00 0.000E+00 0.000E+00
 0.000E+00 0.000E+00 0.000E+00 0.000E+00
      61.396126     0.223352    -0.150243
 6
       4
     2     2     2     2
     0     1     1     1
 1.710E+00 1.625E+00 1.625E+00 1.625E+00
 0.000E+00 0.000E+00 0.000E+00 0.000E+00
 0.000E+00 0.000E+00 0.000E+00 0.000E+00
 0.000E+00 0.000E+00 0.000E+00 0.000E+00
      62.788075     -2.116648    0.629375
 6
       4
     2     2     2     2
     0     1     1     1
 1.710E+00 1.625E+00 1.625E+00 1.625E+00
 0.000E+00 0.000E+00 0.000E+00 0.000E+00
 0.000E+00 0.000E+00 0.000E+00 0.000E+00
 0.000E+00 0.000E+00 0.000E+00 0.000E+00
      62.784273     2.269748    -0.814657
 6
       4
     2     2     2     2
     0     1     1     1
 1.710E+00 1.625E+00 1.625E+00 1.625E+00
 0.000E+00 0.000E+00 0.000E+00 0.000E+00
 0.000E+00 0.000E+00 0.000E+00 0.000E+00
 0.000E+00 0.000E+00 0.000E+00 0.000E+00
      65.546593     2.224994    -0.872838
 6
       4
     2     2     2     2
     0     1     1     1
 1.710E+00 1.625E+00 1.625E+00 1.625E+00
 0.000E+00 0.000E+00 0.000E+00 0.000E+00
 0.000E+00 0.000E+00 0.000E+00 0.000E+00
 0.000E+00 0.000E+00 0.000E+00 0.000E+00
      65.345666     -2.199446    0.517847
 6
       4
     2     2     2     2
     0     1     1     1
 1.710E+00 1.625E+00 1.625E+00 1.625E+00
 0.000E+00 0.000E+00 0.000E+00 0.000E+00
 0.000E+00 0.000E+00 0.000E+00 0.000E+00
 0.000E+00 0.000E+00 0.000E+00 0.000E+00
      66.817616     0.166154    -0.072807
 6
       4
     2     2     2     2
     0     1     1     1
 1.710E+00 1.625E+00 1.625E+00 1.625E+00
 0.000E+00 0.000E+00 0.000E+00 0.000E+00
 0.000E+00 0.000E+00 0.000E+00 0.000E+00
 0.000E+00 0.000E+00 0.000E+00 0.000E+00
      80.045303     -0.236701    0.350195
 6
       4
     2     2     2     2
     0     1     1     1
 1.710E+00 1.625E+00 1.625E+00 1.625E+00
 0.000E+00 0.000E+00 0.000E+00 0.000E+00
 0.000E+00 0.000E+00 0.000E+00 0.000E+00
 0.000E+00 0.000E+00 0.000E+00 0.000E+00
      78.746258     2.107256    -0.288975
 6
       4
     2     2     2     2
     0     1     1     1
 1.710E+00 1.625E+00 1.625E+00 1.625E+00
 0.000E+00 0.000E+00 0.000E+00 0.000E+00
 0.000E+00 0.000E+00 0.000E+00 0.000E+00
 0.000E+00 0.000E+00 0.000E+00 0.000E+00
      78.374053     -2.218147    0.949631
 6
       4
     2     2     2     2
     0     1     1     1
 1.710E+00 1.625E+00 1.625E+00 1.625E+00
 0.000E+00 0.000E+00 0.000E+00 0.000E+00
 0.000E+00 0.000E+00 0.000E+00 0.000E+00
 0.000E+00 0.000E+00 0.000E+00 0.000E+00
      76.150150     2.304156    -0.386269
 6
       4
     2     2     2     2
     0     1     1     1
 1.710E+00 1.625E+00 1.625E+00 1.625E+00
 0.000E+00 0.000E+00 0.000E+00 0.000E+00
 0.000E+00 0.000E+00 0.000E+00 0.000E+00
 0.000E+00 0.000E+00 0.000E+00 0.000E+00
      74.507485     0.235407    0.127993
 6
       4
     2     2     2     2
     0     1     1     1
 1.710E+00 1.625E+00 1.625E+00 1.625E+00
 0.000E+00 0.000E+00 0.000E+00 0.000E+00
 0.000E+00 0.000E+00 0.000E+00 0.000E+00
 0.000E+00 0.000E+00 0.000E+00 0.000E+00
      75.706847     -2.024354    0.852915
 6
       4
     2     2     2     2
     0     1     1     1
 1.710E+00 1.625E+00 1.625E+00 1.625E+00
 0.000E+00 0.000E+00 0.000E+00 0.000E+00
 0.000E+00 0.000E+00 0.000E+00 0.000E+00
 0.000E+00 0.000E+00 0.000E+00 0.000E+00
      82.830460     -0.308434    0.333860
 6
       4
     2     2     2     2
     0     1     1     1
 1.710E+00 1.625E+00 1.625E+00 1.625E+00
 0.000E+00 0.000E+00 0.000E+00 0.000E+00
 0.000E+00 0.000E+00 0.000E+00 0.000E+00
 0.000E+00 0.000E+00 0.000E+00 0.000E+00
      85.164600     -0.003734    0.187941
 6
       4
     2     2     2     2
     0     1     1     1
 1.710E+00 1.625E+00 1.625E+00 1.625E+00
 0.000E+00 0.000E+00 0.000E+00 0.000E+00
 0.000E+00 0.000E+00 0.000E+00 0.000E+00
 0.000E+00 0.000E+00 0.000E+00 0.000E+00
      87.921930     0.105942    0.016407
 6
       4
     2     2     2     2
     0     1     1     1
 1.710E+00 1.625E+00 1.625E+00 1.625E+00
 0.000E+00 0.000E+00 0.000E+00 0.000E+00
 0.000E+00 0.000E+00 0.000E+00 0.000E+00
 0.000E+00 0.000E+00 0.000E+00 0.000E+00
      89.110082     2.264801    -0.968352
 6
       4
     2     2     2     2
     0     1     1     1
 1.710E+00 1.625E+00 1.625E+00 1.625E+00
 0.000E+00 0.000E+00 0.000E+00 0.000E+00
 0.000E+00 0.000E+00 0.000E+00 0.000E+00
 0.000E+00 0.000E+00 0.000E+00 0.000E+00
      89.516031     -1.956224    0.801121
 6
       4
     2     2     2     2
     0     1     1     1
 1.710E+00 1.625E+00 1.625E+00 1.625E+00
 0.000E+00 0.000E+00 0.000E+00 0.000E+00
 0.000E+00 0.000E+00 0.000E+00 0.000E+00
 0.000E+00 0.000E+00 0.000E+00 0.000E+00
      91.752977     2.325041    -1.234369
 6
       4
     2     2     2     2
     0     1     1     1
 1.710E+00 1.625E+00 1.625E+00 1.625E+00
 0.000E+00 0.000E+00 0.000E+00 0.000E+00
 0.000E+00 0.000E+00 0.000E+00 0.000E+00
 0.000E+00 0.000E+00 0.000E+00 0.000E+00
      92.132963     -1.950500    0.382670
 6
       4
     2     2     2     2
     0     1     1     1
 1.710E+00 1.625E+00 1.625E+00 1.625E+00
 0.000E+00 0.000E+00 0.000E+00 0.000E+00
 0.000E+00 0.000E+00 0.000E+00 0.000E+00
 0.000E+00 0.000E+00 0.000E+00 0.000E+00
      93.332605     0.341508    -0.459629
 6
       4
     2     2     2     2
     0     1     1     1
 1.710E+00 1.625E+00 1.625E+00 1.625E+00
 0.000E+00 0.000E+00 0.000E+00 0.000E+00
 0.000E+00 0.000E+00 0.000E+00 0.000E+00
 0.000E+00 0.000E+00 0.000E+00 0.000E+00
      96.137655     0.534643    -0.366741
 6
       4
     2     2     2     2
     0     1     1     1
 1.710E+00 1.625E+00 1.625E+00 1.625E+00
 0.000E+00 0.000E+00 0.000E+00 0.000E+00
 0.000E+00 0.000E+00 0.000E+00 0.000E+00
 0.000E+00 0.000E+00 0.000E+00 0.000E+00
      98.395967     0.279882    0.037980
 6
       4
     2     2     2     2
     0     1     1     1
 1.710E+00 1.625E+00 1.625E+00 1.625E+00
 0.000E+00 0.000E+00 0.000E+00 0.000E+00
 0.000E+00 0.000E+00 0.000E+00 0.000E+00
 0.000E+00 0.000E+00 0.000E+00 0.000E+00
      101.207662     0.219807    0.198797
 6
       4
     2     2     2     2
     0     1     1     1
 1.710E+00 1.625E+00 1.625E+00 1.625E+00
 0.000E+00 0.000E+00 0.000E+00 0.000E+00
 0.000E+00 0.000E+00 0.000E+00 0.000E+00
 0.000E+00 0.000E+00 0.000E+00 0.000E+00
      102.548819     -1.925298    0.708351
 6
       4
     2     2     2     2
     0     1     1     1
 1.710E+00 1.625E+00 1.625E+00 1.625E+00
 0.000E+00 0.000E+00 0.000E+00 0.000E+00
 0.000E+00 0.000E+00 0.000E+00 0.000E+00
 0.000E+00 0.000E+00 0.000E+00 0.000E+00
      102.649145     2.503910    -0.609680
 6
       4
     2     2     2     2
     0     1     1     1
 1.710E+00 1.625E+00 1.625E+00 1.625E+00
 0.000E+00 0.000E+00 0.000E+00 0.000E+00
 0.000E+00 0.000E+00 0.000E+00 0.000E+00
 0.000E+00 0.000E+00 0.000E+00 0.000E+00
      105.198572     2.488197    -0.752183
 6
       4
     2     2     2     2
     0     1     1     1
 1.710E+00 1.625E+00 1.625E+00 1.625E+00
 0.000E+00 0.000E+00 0.000E+00 0.000E+00
 0.000E+00 0.000E+00 0.000E+00 0.000E+00
 0.000E+00 0.000E+00 0.000E+00 0.000E+00
      105.267175     -1.872656    0.761397
 6
       4
     2     2     2     2
     0     1     1     1
 1.710E+00 1.625E+00 1.625E+00 1.625E+00
 0.000E+00 0.000E+00 0.000E+00 0.000E+00
 0.000E+00 0.000E+00 0.000E+00 0.000E+00
 0.000E+00 0.000E+00 0.000E+00 0.000E+00
      106.596404     0.217322    -0.007674
 6
       4
     2     2     2     2
     0     1     1     1
 1.710E+00 1.625E+00 1.625E+00 1.625E+00
 0.000E+00 0.000E+00 0.000E+00 0.000E+00
 0.000E+00 0.000E+00 0.000E+00 0.000E+00
 0.000E+00 0.000E+00 0.000E+00 0.000E+00
      109.326422     0.511768    0.117343
 6
       4
     2     2     2     2
     0     1     1     1
 1.710E+00 1.625E+00 1.625E+00 1.625E+00
 0.000E+00 0.000E+00 0.000E+00 0.000E+00
 0.000E+00 0.000E+00 0.000E+00 0.000E+00
 0.000E+00 0.000E+00 0.000E+00 0.000E+00
      111.621671     0.992148    0.016049
 6
       4
     2     2     2     2
     0     1     1     1
 1.710E+00 1.625E+00 1.625E+00 1.625E+00
 0.000E+00 0.000E+00 0.000E+00 0.000E+00
 0.000E+00 0.000E+00 0.000E+00 0.000E+00
 0.000E+00 0.000E+00 0.000E+00 0.000E+00
      114.332980     0.957925    0.146407
 6
       4
     2     2     2     2
     0     1     1     1
 1.710E+00 1.625E+00 1.625E+00 1.625E+00
 0.000E+00 0.000E+00 0.000E+00 0.000E+00
 0.000E+00 0.000E+00 0.000E+00 0.000E+00
 0.000E+00 0.000E+00 0.000E+00 0.000E+00
      115.578986     -1.459772    -0.338841
 6
       4
     2     2     2     2
     0     1     1     1
 1.710E+00 1.625E+00 1.625E+00 1.625E+00
 0.000E+00 0.000E+00 0.000E+00 0.000E+00
 0.000E+00 0.000E+00 0.000E+00 0.000E+00
 0.000E+00 0.000E+00 0.000E+00 0.000E+00
      115.900599     3.059750    0.618804
 6
       4
     2     2     2     2
     0     1     1     1
 1.710E+00 1.625E+00 1.625E+00 1.625E+00
 0.000E+00 0.000E+00 0.000E+00 0.000E+00
 0.000E+00 0.000E+00 0.000E+00 0.000E+00
 0.000E+00 0.000E+00 0.000E+00 0.000E+00
      118.578754     2.790957    0.674366
 6
       4
     2     2     2     2
     0     1     1     1
 1.710E+00 1.625E+00 1.625E+00 1.625E+00
 0.000E+00 0.000E+00 0.000E+00 0.000E+00
 0.000E+00 0.000E+00 0.000E+00 0.000E+00
 0.000E+00 0.000E+00 0.000E+00 0.000E+00
      118.131445     -1.654151    -0.374151
 6
       4
     2     2     2     2
     0     1     1     1
 1.710E+00 1.625E+00 1.625E+00 1.625E+00
 0.000E+00 0.000E+00 0.000E+00 0.000E+00
 0.000E+00 0.000E+00 0.000E+00 0.000E+00
 0.000E+00 0.000E+00 0.000E+00 0.000E+00
      119.700711     0.439497    0.171782
 6
       4
     2     2     2     2
     0     1     1     1
 1.710E+00 1.625E+00 1.625E+00 1.625E+00
 0.000E+00 0.000E+00 0.000E+00 0.000E+00
 0.000E+00 0.000E+00 0.000E+00 0.000E+00
 0.000E+00 0.000E+00 0.000E+00 0.000E+00
      122.385309     0.159846    0.197200
 6
       4
     2     2     2     2
     0     1     1     1
 1.710E+00 1.625E+00 1.625E+00 1.625E+00
 0.000E+00 0.000E+00 0.000E+00 0.000E+00
 0.000E+00 0.000E+00 0.000E+00 0.000E+00
 0.000E+00 0.000E+00 0.000E+00 0.000E+00
      124.704424     -0.185692    -0.025982
 6
       4
     2     2     2     2
     0     1     1     1
 1.710E+00 1.625E+00 1.625E+00 1.625E+00
 0.000E+00 0.000E+00 0.000E+00 0.000E+00
 0.000E+00 0.000E+00 0.000E+00 0.000E+00
 0.000E+00 0.000E+00 0.000E+00 0.000E+00
      127.457118     -0.317081    -0.175011
 6
       4
     2     2     2     2
     0     1     1     1
 1.710E+00 1.625E+00 1.625E+00 1.625E+00
 0.000E+00 0.000E+00 0.000E+00 0.000E+00
 0.000E+00 0.000E+00 0.000E+00 0.000E+00
 0.000E+00 0.000E+00 0.000E+00 0.000E+00
      128.823872     -2.438149    -1.173586
 6
       4
     2     2     2     2
     0     1     1     1
 1.710E+00 1.625E+00 1.625E+00 1.625E+00
 0.000E+00 0.000E+00 0.000E+00 0.000E+00
 0.000E+00 0.000E+00 0.000E+00 0.000E+00
 0.000E+00 0.000E+00 0.000E+00 0.000E+00
      129.039009     1.759941    0.539528
 6
       4
     2     2     2     2
     0     1     1     1
 1.710E+00 1.625E+00 1.625E+00 1.625E+00
 0.000E+00 0.000E+00 0.000E+00 0.000E+00
 0.000E+00 0.000E+00 0.000E+00 0.000E+00
 0.000E+00 0.000E+00 0.000E+00 0.000E+00
      131.708374     1.557977    0.550974
 6
       4
     2     2     2     2
     0     1     1     1
 1.710E+00 1.625E+00 1.625E+00 1.625E+00
 0.000E+00 0.000E+00 0.000E+00 0.000E+00
 0.000E+00 0.000E+00 0.000E+00 0.000E+00
 0.000E+00 0.000E+00 0.000E+00 0.000E+00
      131.464146     -2.572869    -1.085134
 6
       4
     2     2     2     2
     0     1     1     1
 1.710E+00 1.625E+00 1.625E+00 1.625E+00
 0.000E+00 0.000E+00 0.000E+00 0.000E+00
 0.000E+00 0.000E+00 0.000E+00 0.000E+00
 0.000E+00 0.000E+00 0.000E+00 0.000E+00
      133.005455     -0.649202    -0.117607
 6
       4
     2     2     2     2
     0     1     1     1
 1.710E+00 1.625E+00 1.625E+00 1.625E+00
 0.000E+00 0.000E+00 0.000E+00 0.000E+00
 0.000E+00 0.000E+00 0.000E+00 0.000E+00
 0.000E+00 0.000E+00 0.000E+00 0.000E+00
      135.754627     -0.940035    0.189158
 1
       1
     1
     0
 1.300E+00
 0.000E+00
 0.000E+00
 0.000E+00
      75.406069     4.044133    -0.860165
 1
       1
     1
     0
 1.300E+00
 0.000E+00
 0.000E+00
 0.000E+00
      80.080576     3.778944    -0.597686
 6
       4
     2     2     2     2
     0     1     1     1
 1.710E+00 1.625E+00 1.625E+00 1.625E+00
 0.000E+00 0.000E+00 0.000E+00 0.000E+00
 0.000E+00 0.000E+00 0.000E+00 0.000E+00
 0.000E+00 0.000E+00 0.000E+00 0.000E+00
      71.795553     0.275632    0.035461
 1
       1
     1
     0
 1.300E+00
 0.000E+00
 0.000E+00
 0.000E+00
      74.620066     -3.720064    1.365384
 1
       1
     1
     0
 1.300E+00
 0.000E+00
 0.000E+00
 0.000E+00
      79.151086     -4.274199    1.425016
 1
       1
     1
     0
 1.300E+00
 0.000E+00
 0.000E+00
 0.000E+00
      88.100035     3.976212    -1.374658
 1
       1
     1
     0
 1.300E+00
 0.000E+00
 0.000E+00
 0.000E+00
      88.603070     -3.531083    1.861569
 1
       1
     1
     0
 1.300E+00
 0.000E+00
 0.000E+00
 0.000E+00
      92.620189     4.176665    -1.884253
 1
       1
     1
     0
 1.300E+00
 0.000E+00
 0.000E+00
 0.000E+00
      93.250842     -3.653103    0.946394
 1
       1
     1
     0
 1.300E+00
 0.000E+00
 0.000E+00
 0.000E+00
      101.508111     4.134726    -1.131332
 1
       1
     1
     0
 1.300E+00
 0.000E+00
 0.000E+00
 0.000E+00
      106.163646     4.310805    -1.427703
 1
       1
     1
     0
 1.300E+00
 0.000E+00
 0.000E+00
 0.000E+00
      101.476863     -3.733944    1.309467
 1
       1
     1
     0
 1.300E+00
 0.000E+00
 0.000E+00
 0.000E+00
      106.287674     -3.670379    1.502085
 1
       1
     1
     0
 1.300E+00
 0.000E+00
 0.000E+00
 0.000E+00
      115.086493     5.002607    0.963254
 1
       1
     1
     0
 1.300E+00
 0.000E+00
 0.000E+00
 0.000E+00
      114.201474     -3.088234    -0.914765
 1
       1
     1
     0
 1.300E+00
 0.000E+00
 0.000E+00
 0.000E+00
      119.777929     4.487287    1.021127
 1
       1
     1
     0
 1.300E+00
 0.000E+00
 0.000E+00
 0.000E+00
      119.166771     -3.537917    -0.932345
 1
       1
     1
     0
 1.300E+00
 0.000E+00
 0.000E+00
 0.000E+00
      128.031942     3.453871    0.961867
 1
       1
     1
     0
 1.300E+00
 0.000E+00
 0.000E+00
 0.000E+00
      127.630398     -3.935727    -1.903181
 1
       1
     1
     0
 1.300E+00
 0.000E+00
 0.000E+00
 0.000E+00
      132.629005     3.206657    1.074149
 1
       1
     1
     0
 1.300E+00
 0.000E+00
 0.000E+00
 0.000E+00
      132.153265     -4.433556    -1.939123
 1
       1
     1
     0
 1.300E+00
 0.000E+00
 0.000E+00
 0.000E+00
      141.398040     1.782845    3.263436
 1
       1
     1
     0
 1.300E+00
 0.000E+00
 0.000E+00
 0.000E+00
      140.846280     -4.093216    -2.274529
 1
       1
     1
     0
 1.300E+00
 0.000E+00
 0.000E+00
 0.000E+00
      148.808992     -1.802052    0.597199
 1
       1
     1
     0
 1.300E+00
 0.000E+00
 0.000E+00
 0.000E+00
      146.218342     1.605606    3.041610
 1
       1
     1
     0
 1.300E+00
 0.000E+00
 0.000E+00
 0.000E+00
      145.602176     -4.193731    -2.761402
 6
       4
     2     2     2     2
     0     1     1     1
 1.710E+00 1.625E+00 1.625E+00 1.625E+00
 0.000E+00 0.000E+00 0.000E+00 0.000E+00
 0.000E+00 0.000E+00 0.000E+00 0.000E+00
 0.000E+00 0.000E+00 0.000E+00 0.000E+00
      137.974594     -1.030305    0.461070
 6
       4
     2     2     2     2
     0     1     1     1
 1.710E+00 1.625E+00 1.625E+00 1.625E+00
 0.000E+00 0.000E+00 0.000E+00 0.000E+00
 0.000E+00 0.000E+00 0.000E+00 0.000E+00
 0.000E+00 0.000E+00 0.000E+00 0.000E+00
      140.731636     -1.039877    0.472866
 6
       4
     2     2     2     2
     0     1     1     1
 1.710E+00 1.625E+00 1.625E+00 1.625E+00
 0.000E+00 0.000E+00 0.000E+00 0.000E+00
 0.000E+00 0.000E+00 0.000E+00 0.000E+00
 0.000E+00 0.000E+00 0.000E+00 0.000E+00
      142.114842     -2.799775    -1.218599
 6
       4
     2     2     2     2
     0     1     1     1
 1.710E+00 1.625E+00 1.625E+00 1.625E+00
 0.000E+00 0.000E+00 0.000E+00 0.000E+00
 0.000E+00 0.000E+00 0.000E+00 0.000E+00
 0.000E+00 0.000E+00 0.000E+00 0.000E+00
      142.200605     0.461645    1.963087
 6
       4
     2     2     2     2
     0     1     1     1
 1.710E+00 1.625E+00 1.625E+00 1.625E+00
 0.000E+00 0.000E+00 0.000E+00 0.000E+00
 0.000E+00 0.000E+00 0.000E+00 0.000E+00
 0.000E+00 0.000E+00 0.000E+00 0.000E+00
      144.927557     0.320834    1.756735
 6
       4
     2     2     2     2
     0     1     1     1
 1.710E+00 1.625E+00 1.625E+00 1.625E+00
 0.000E+00 0.000E+00 0.000E+00 0.000E+00
 0.000E+00 0.000E+00 0.000E+00 0.000E+00
 0.000E+00 0.000E+00 0.000E+00 0.000E+00
      144.623113     -2.885572    -1.451502
 6
       4
     2     2     2     2
     0     1     1     1
 1.710E+00 1.625E+00 1.625E+00 1.625E+00
 0.000E+00 0.000E+00 0.000E+00 0.000E+00
 0.000E+00 0.000E+00 0.000E+00 0.000E+00
 0.000E+00 0.000E+00 0.000E+00 0.000E+00
      146.007622     -1.328358    0.253813
# LCAO coefficients .. are not included.
         1
        1        0.000131547311354   k=         1
        2        0.000877337213714   k=         1
        3        -0.000377178776135   k=         1
        4        -0.002922163116698   k=         1
        5        -0.000766591834046   k=         1
        6        -0.001998096943620   k=         1
        7        0.002963654890551   k=         1
        8        -0.004453802188590   k=         1
        9        0.000550406850665   k=         1
        10        0.000103366613471   k=         1
        11        0.003506123972306   k=         1
        12        -0.003970591525612   k=         1
        13        0.000258531145120   k=         1
        14        0.000658333735992   k=         1
        15        -0.000308817712306   k=         1
        16        0.000859442120566   k=         1
        17        -0.000060823083624   k=         1
        18        0.000010372848971   k=         1
        19        -0.001250945639612   k=         1
        20        0.004425440986873   k=         1
        21        -0.000067220456030   k=         1
        22        0.000115075669485   k=         1
        23        -0.000517347969967   k=         1
        24        0.000624853558079   k=         1
        25        -0.000057017182948   k=         1
        26        -0.002512253212097   k=         1
        27        0.004174704431424   k=         1
        28        0.013685544505092   k=         1
        29        0.000320400506843   k=         1
        30        0.000310852761594   k=         1
        31        0.001541157295290   k=         1
        32        0.004910674587821   k=         1
        33        0.000173713801549   k=         1
        34        -0.000245922544849   k=         1
        35        -0.007849572213053   k=         1
        36        -0.021915348429973   k=         1
        37        -0.000204522293655   k=         1
        38        0.000259701597271   k=         1
        39        -0.002252088793006   k=         1
        40        -0.006885138511232   k=         1
        41        0.000445009714924   k=         1
        42        0.001823828937123   k=         1
        43        -0.001994143324731   k=         1
        44        -0.006450228504969   k=         1
        45        0.001168970213972   k=         1
        46        0.000584145927583   k=         1
        47        0.006292923180037   k=         1
        48        0.019948784130593   k=         1
        49        -0.001089520535082   k=         1
        50        -0.004393601987850   k=         1
        51        0.003529227694207   k=         1
        52        0.017785208945642   k=         1
        53        0.000220356171093   k=         1
        54        -0.000196565878474   k=         1
        55        0.007479941368351   k=         1
        56        0.012484898042884   k=         1
        57        0.000612795541527   k=         1
        58        0.001245327832736   k=         1
        59        -0.028152236192939   k=         1
        60        -0.031032069832548   k=         1
        61        0.000471662577460   k=         1
        62        0.001525885463420   k=         1
        63        -0.012242548665416   k=         1
        64        -0.015624894120652   k=         1
        65        -0.000501655375426   k=         1
        66        0.003379363928857   k=         1
        67        0.038900562110838   k=         1
        68        0.044310053516133   k=         1
        69        0.001524221256863   k=         1
        70        0.008456975548865   k=         1
        71        0.016191796839496   k=         1
        72        0.016197422986665   k=         1
        73        -0.000457062179240   k=         1
        74        0.003859326578109   k=         1
        75        0.014962668000173   k=         1
        76        0.014554943203443   k=         1
        77        0.002153418126264   k=         1
        78        -0.002788856201654   k=         1
        79        -0.034025829294479   k=         1
        80        -0.030895956579250   k=         1
        81        -0.002277811769592   k=         1
        82        -0.015593161881795   k=         1
        83        -0.031252396444931   k=         1
        84        -0.029033901919216   k=         1
        85        -0.000123727295199   k=         1
        86        0.002086769464470   k=         1
        87        -0.022763926777974   k=         1
        88        -0.038264566815156   k=         1
        89        0.000811476864627   k=         1
        90        -0.005381757699756   k=         1
        91        0.022515743640757   k=         1
        92        0.070763907457375   k=         1
        93        0.000276680820351   k=         1
        94        0.001762106717101   k=         1
        95        0.022818557764227   k=         1
        96        0.052781769822549   k=         1
        97        0.000084456117489   k=         1
        98        -0.003655883751369   k=         1
        99        -0.020083039230100   k=         1
        100        -0.072510685425122   k=         1
        101        0.002061388613560   k=         1
        102        -0.002641621998054   k=         1
        103        -0.010606228932006   k=         1
        104        -0.042320290185728   k=         1
        105        0.000170718098873   k=         1
        106        0.000945430591230   k=         1
        107        -0.007224339594564   k=         1
        108        -0.050002328989514   k=         1
        109        0.001320299757114   k=         1
        110        0.001058006678426   k=         1
        111        0.007528509474370   k=         1
        112        0.056816252758294   k=         1
        113        -0.001333817371091   k=         1
        114        -0.000778596082277   k=         1
        115        0.010852213022760   k=         1
        116        0.044881952974561   k=         1
        117        -0.001302395066429   k=         1
        118        0.008078951157058   k=         1
        119        0.018288219727078   k=         1
        120        0.070225679542986   k=         1
        121        0.001459797909613   k=         1
        122        -0.009662526517091   k=         1
        123        -0.026751022539798   k=         1
        124        -0.075743347817961   k=         1
        125        -0.002214034939996   k=         1
        126        -0.004988693014230   k=         1
        127        -0.019507672912082   k=         1
        128        -0.064519813790061   k=         1
        129        -0.004534726023311   k=         1
        130        -0.005449327614301   k=         1
        131        0.038903405824268   k=         1
        132        0.103456356541521   k=         1
        133        -0.000322644266344   k=         1
        134        -0.019461733566056   k=         1
        135        0.029057636481103   k=         1
        136        0.042011628243880   k=         1
        137        0.000534176088423   k=         1
        138        -0.006876204516147   k=         1
        139        0.022075724207650   k=         1
        140        0.052001126393486   k=         1
        141        0.002664174698775   k=         1
        142        0.011451266514914   k=         1
        143        -0.036654633935874   k=         1
        144        -0.047246308054459   k=         1
        145        -0.002619775415153   k=         1
        146        0.027947865107227   k=         1
        147        -0.060028653514492   k=         1
        148        -0.088887692681837   k=         1
        149        -0.000538083687287   k=         1
        150        0.001520165497503   k=         1
        151        -0.046900247696373   k=         1
        152        -0.090790477553139   k=         1
        153        -0.001777944154124   k=         1
        154        0.006362853308589   k=         1
        155        0.049854260690852   k=         1
        156        0.115419120744886   k=         1
        157        -0.000777545191727   k=         1
        158        0.000207493341250   k=         1
        159        0.000395917627661   k=         1
        160        0.000601105587937   k=         1
        161        -0.000589573813422   k=         1
        162        0.000432290548094   k=         1
        163        -0.001484470062670   k=         1
        164        -0.000818642349562   k=         1
        165        0.000274616757596   k=         1
        166        0.001656005843942   k=         1
        167        -0.003305160007464   k=         1
        168        -0.004234725878679   k=         1
        169        0.000225447053058   k=         1
        170        0.001467154299271   k=         1
        171        -0.001351608582717   k=         1
        172        -0.003481271193795   k=         1
        173        -0.000165880492131   k=         1
        174        0.005937862100176   k=         1
        175        -0.003070721818399   k=         1
        176        0.000422837859164   k=         1
        177        0.007442623730548   k=         1
        178        0.004518751829313   k=         1
        179        -0.002205860593719   k=         1
        180        -0.006650202337174   k=         1
        181        0.008729180668887   k=         1
        182        -0.037457301682572   k=         1
        183        -0.114873529710595   k=         1
        184        0.000617903212234   k=         1
        185        0.006346191343409   k=         1
        186        -0.000208575205610   k=         1
        187        0.003120554503786   k=         1
        188        0.049457200346338   k=         1
        189        0.097911092538967   k=         1
        190        0.003506111969190   k=         1
        191        -0.002955008223105   k=         1
        192        -0.049700236786935   k=         1
        193        -0.123358480771154   k=         1
        194        -0.001097521529567   k=         1
        195        -0.009499521375227   k=         1
        196        -0.011204609995830   k=         1
        197        -0.058886079009205   k=         1
        198        -0.003517626384269   k=         1
        199        -0.004094798059241   k=         1
        200        -0.026392440864935   k=         1
        201        -0.104366961483227   k=         1
        202        -0.001279145194473   k=         1
        203        0.001769770315073   k=         1
        204        0.030834593163246   k=         1
        205        0.101567149418570   k=         1
        206        0.000006460764589   k=         1
        207        0.008132171907894   k=         1
        208        0.012143535255403   k=         1
        209        0.069454298182631   k=         1
        210        0.002458475985745   k=         1
        211        -0.015514822589372   k=         1
        212        0.043295140230726   k=         1
        213        0.123112233104134   k=         1
        214        -0.000325771080109   k=         1
        215        -0.005378722793836   k=         1
        216        -0.043482330284944   k=         1
        217        -0.134547514857827   k=         1
        218        -0.000717194601949   k=         1
        219        0.003217628472421   k=         1
        220        -0.016646505898736   k=         1
        221        -0.089185001455219   k=         1
        222        0.000217103835620   k=         1
        223        0.003700597814308   k=         1
        224        -0.019014329553879   k=         1
        225        -0.088193791731173   k=         1
        226        0.000617838598374   k=         1
        227        -0.005254431972039   k=         1
        228        0.016621135822670   k=         1
        229        0.075975470633260   k=         1
        230        -0.001905224564764   k=         1
        231        -0.000256835197455   k=         1
        232        0.042153409543120   k=         1
        233        0.131607386737725   k=         1
        234        -0.000671600018901   k=         1
        235        -0.002942896384046   k=         1
        236        0.028926563340312   k=         1
        237        0.097109565552235   k=         1
        238        -0.000577525936831   k=         1
        239        0.004200111591721   k=         1
        240        0.042913553023614   k=         1
        241        0.110157107416784   k=         1
        242        -0.003226646750448   k=         1
        243        -0.004445812299135   k=         1
        244        0.040657998904911   k=         1
        245        0.122600400880325   k=         1
        246        0.000061515378038   k=         1
        247        -0.000304349350564   k=         1
        248        -0.043819344945146   k=         1
        249        -0.105548663749372   k=         1
        250        0.001781662364588   k=         1
        251        -0.022296822593887   k=         1
        252        -0.034739961904955   k=         1
        253        -0.083940695147667   k=         1
        254        -0.001497406475114   k=         1
        255        -0.024495582433075   k=         1
        256        -0.039552884412293   k=         1
        257        -0.072913448385517   k=         1
        258        -0.002457921826537   k=         1
        259        0.012766325483633   k=         1
        260        0.022299274124928   k=         1
        261        0.064143479612969   k=         1
        262        -0.001810102890874   k=         1
        263        0.018039320996139   k=         1
        264        0.025328017818809   k=         1
        265        0.054442625657869   k=         1
        266        0.002635218407875   k=         1
        267        -0.014773641857436   k=         1
        268        0.040428544794056   k=         1
        269        0.118737024479985   k=         1
        270        -0.002307711943272   k=         1
        271        0.017877969344672   k=         1
        272        -0.021006684945436   k=         1
        273        -0.066753072296821   k=         1
        274        -0.001271142437637   k=         1
        275        0.008841666783026   k=         1
        276        -0.029728822433987   k=         1
        277        -0.091629323425047   k=         1
        278        0.001513703015052   k=         1
        279        0.002172463492900   k=         1
        280        0.017825795689492   k=         1
        281        0.068070485875321   k=         1
        282        -0.001573144186218   k=         1
        283        0.002665991184764   k=         1
        284        0.017811068066798   k=         1
        285        0.065009516614134   k=         1
        286        0.000356262002869   k=         1
        287        0.005067922984539   k=         1
        288        0.017012019297109   k=         1
        289        0.044512144564351   k=         1
        290        0.001003184082633   k=         1
        291        -0.002103991811995   k=         1
        292        -0.011924889822976   k=         1
        293        -0.028914315905819   k=         1
        294        -0.000891215190839   k=         1
        295        -0.000810072773005   k=         1
        296        -0.019631352840755   k=         1
        297        -0.044667670714200   k=         1
        298        0.001734098288649   k=         1
        299        0.003735084747529   k=         1
        300        -0.024897551682074   k=         1
        301        -0.074864714585221   k=         1
        302        0.001894120797717   k=         1
        303        -0.001333021756350   k=         1
        304        0.006354200644656   k=         1
        305        0.046005765252446   k=         1
        306        -0.001327312459956   k=         1
        307        -0.002672669138909   k=         1
        308        0.019253674366658   k=         1
        309        0.062610777247807   k=         1
        310        0.000282158074078   k=         1
        311        0.002069788605980   k=         1
        312        0.000890271144651   k=         1
        313        -0.039165842513845   k=         1
        314        0.001799560239867   k=         1
        315        -0.004290930560402   k=         1
        316        0.016473005565355   k=         1
        317        -0.031427113624937   k=         1
        318        -0.002638096005666   k=         1
        319        0.006354082969877   k=         1
        320        0.013536785833687   k=         1
        321        -0.037477235896448   k=         1
        322        0.000831269828393   k=         1
        323        -0.001297849450520   k=         1
        324        -0.005614128223670   k=         1
        325        0.022490424989768   k=         1
        326        -0.000723830352686   k=         1
        327        0.002198303506561   k=         1
        328        -0.005547636216797   k=         1
        329        0.015809988389415   k=         1
        330        -0.000500326795997   k=         1
        331        -0.002216883994913   k=         1
        332        -0.009251485368612   k=         1
        333        0.046194373759031   k=         1
        334        -0.000676636534603   k=         1
        335        0.000681182813772   k=         1
        336        0.005003870405793   k=         1
        337        -0.018524778934283   k=         1
        338        0.000349259291968   k=         1
        339        -0.003262028009497   k=         1
        340        0.008990075653770   k=         1
        341        -0.036747564912363   k=         1
        342        -0.000082296854280   k=         1
        343        0.001825695368382   k=         1
        344        -0.004595672356549   k=         1
        345        0.013137447896133   k=         1
        346        -0.000157935756474   k=         1
        347        0.000254312196772   k=         1
        348        -0.009070002391460   k=         1
        349        0.017632230789920   k=         1
        350        0.000966708149190   k=         1
        351        -0.001336170376044   k=         1
        352        -0.007166948887035   k=         1
        353        0.019262268524570   k=         1
        354        -0.000353553329026   k=         1
        355        0.000499287937571   k=         1
        356        0.002073655937310   k=         1
        357        -0.005914393591166   k=         1
        358        -0.000139507237247   k=         1
        359        0.000026011654778   k=         1
        360        0.002659283992902   k=         1
        361        -0.005737988723514   k=         1
        362        0.000140208472210   k=         1
        363        0.003588138436477   k=         1
        364        0.007956739404885   k=         1
        365        -0.020565258341515   k=         1
        366        0.000063170717434   k=         1
        367        -0.001097011004448   k=         1
        368        -0.001779868809862   k=         1
        369        0.004221535912645   k=         1
        370        -0.002767980066703   k=         1
        371        0.004594688126889   k=         1
        372        0.003590773853263   k=         1
        373        -0.003764102452266   k=         1
        374        -0.036945025483040   k=         1
        375        -0.107171017363209   k=         1
        376        0.002701704443240   k=         1
        377        -0.000639530330272   k=         1
        378        0.003540571245116   k=         1
        379        0.005275001045016   k=         1
        380        0.007301026861635   k=         1
        381        0.004021065748245   k=         1
        382        0.000811884423368   k=         1
        383        -0.002005498326388   k=         1
        384        -0.001379459292615   k=         1
        385        -0.001183662965758   k=         1
        386        0.002348961031907   k=         1
        387        -0.001205136638770   k=         1
        388        -0.002427176912049   k=         1
        389        0.004311248830977   k=         1
        390        0.000005488058102   k=         1
        391        0.000413444675265   k=         1
        392        -0.000150714946261   k=         1
        393        -0.000946873896885   k=         1
        394        0.000329541412177   k=         1
        395        -0.000039226782026   k=         1
        396        -0.000403203047945   k=         1
        397        -0.000059977417129   k=         1
        398        0.000680699973203   k=         1
        399        0.000253772306226   k=         1
        400        -0.001015158202343   k=         1
        401        -0.004921473608659   k=         1
        402        0.012619540308102   k=         1
        403        0.000048348231579   k=         1
        404        0.000081112410911   k=         1
        405        0.001449902268082   k=         1
        406        -0.002716863452025   k=         1
        407        0.000373015255650   k=         1
        408        -0.001368959990719   k=         1
        409        0.003980562356628   k=         1
        410        -0.002442273688370   k=         1
        411        -0.000488776017222   k=         1
        412        0.000129102508997   k=         1
        413        0.005732526265188   k=         1
        414        -0.004667659342467   k=         1
        415        0.000078017909598   k=         1
        416        0.000074009947808   k=         1
        417        -0.000927341924158   k=         1
        418        0.000743549025537   k=         1
        419        -0.000119588045877   k=         1
        420        0.000502310953779   k=         1
        421        -0.000612723916777   k=         1
        422        0.000537073245330   k=         1
        423        -0.000034805154560   k=         1
        424        -0.001074294419451   k=         1
        425        -0.004052889156914   k=         1
        426        0.004264443588680   k=         1
