# file_format= v0.04.05
       144       426
    188.97268778      0.00000000      0.00000000    0
      0.00000000    188.97268778      0.00000000    0
      0.00000000      0.00000000    188.97268778    0
 6
       4
     2     2     2     2
     0     1     1     1
 1.710E+00 1.625E+00 1.625E+00 1.625E+00
 0.000E+00 0.000E+00 0.000E+00 0.000E+00
 0.000E+00 0.000E+00 0.000E+00 0.000E+00
 0.000E+00 0.000E+00 0.000E+00 0.000E+00
      0.867458     -0.739181    -0.151564
 6
       4
     2     2     2     2
     0     1     1     1
 1.710E+00 1.625E+00 1.625E+00 1.625E+00
 0.000E+00 0.000E+00 0.000E+00 0.000E+00
 0.000E+00 0.000E+00 0.000E+00 0.000E+00
 0.000E+00 0.000E+00 0.000E+00 0.000E+00
      -0.931085     1.272744    0.546904
 6
       4
     2     2     2     2
     0     1     1     1
 1.710E+00 1.625E+00 1.625E+00 1.625E+00
 0.000E+00 0.000E+00 0.000E+00 0.000E+00
 0.000E+00 0.000E+00 0.000E+00 0.000E+00
 0.000E+00 0.000E+00 0.000E+00 0.000E+00
      0.023737     -3.143523    -1.029870
 6
       4
     2     2     2     2
     0     1     1     1
 1.710E+00 1.625E+00 1.625E+00 1.625E+00
 0.000E+00 0.000E+00 0.000E+00 0.000E+00
 0.000E+00 0.000E+00 0.000E+00 0.000E+00
 0.000E+00 0.000E+00 0.000E+00 0.000E+00
      -3.476058     0.812361    0.428563
 6
       4
     2     2     2     2
     0     1     1     1
 1.710E+00 1.625E+00 1.625E+00 1.625E+00
 0.000E+00 0.000E+00 0.000E+00 0.000E+00
 0.000E+00 0.000E+00 0.000E+00 0.000E+00
 0.000E+00 0.000E+00 0.000E+00 0.000E+00
      -4.455596     -1.594456    -0.285798
 6
       4
     2     2     2     2
     0     1     1     1
 1.710E+00 1.625E+00 1.625E+00 1.625E+00
 0.000E+00 0.000E+00 0.000E+00 0.000E+00
 0.000E+00 0.000E+00 0.000E+00 0.000E+00
 0.000E+00 0.000E+00 0.000E+00 0.000E+00
      -2.570362     -3.650816    -1.096396
 6
       4
     2     2     2     2
     0     1     1     1
 1.710E+00 1.625E+00 1.625E+00 1.625E+00
 0.000E+00 0.000E+00 0.000E+00 0.000E+00
 0.000E+00 0.000E+00 0.000E+00 0.000E+00
 0.000E+00 0.000E+00 0.000E+00 0.000E+00
      3.535747     -0.216332    -0.061688
 6
       4
     2     2     2     2
     0     1     1     1
 1.710E+00 1.625E+00 1.625E+00 1.625E+00
 0.000E+00 0.000E+00 0.000E+00 0.000E+00
 0.000E+00 0.000E+00 0.000E+00 0.000E+00
 0.000E+00 0.000E+00 0.000E+00 0.000E+00
      5.839429     0.174019    0.123110
 6
       4
     2     2     2     2
     0     1     1     1
 1.710E+00 1.625E+00 1.625E+00 1.625E+00
 0.000E+00 0.000E+00 0.000E+00 0.000E+00
 0.000E+00 0.000E+00 0.000E+00 0.000E+00
 0.000E+00 0.000E+00 0.000E+00 0.000E+00
      8.537846     0.621040    0.056355
 6
       4
     2     2     2     2
     0     1     1     1
 1.710E+00 1.625E+00 1.625E+00 1.625E+00
 0.000E+00 0.000E+00 0.000E+00 0.000E+00
 0.000E+00 0.000E+00 0.000E+00 0.000E+00
 0.000E+00 0.000E+00 0.000E+00 0.000E+00
      9.800712     2.934478    -0.716937
 6
       4
     2     2     2     2
     0     1     1     1
 1.710E+00 1.625E+00 1.625E+00 1.625E+00
 0.000E+00 0.000E+00 0.000E+00 0.000E+00
 0.000E+00 0.000E+00 0.000E+00 0.000E+00
 0.000E+00 0.000E+00 0.000E+00 0.000E+00
      10.173727     -1.459942    0.680405
 6
       4
     2     2     2     2
     0     1     1     1
 1.710E+00 1.625E+00 1.625E+00 1.625E+00
 0.000E+00 0.000E+00 0.000E+00 0.000E+00
 0.000E+00 0.000E+00 0.000E+00 0.000E+00
 0.000E+00 0.000E+00 0.000E+00 0.000E+00
      12.503340     3.161525    -0.626378
 6
       4
     2     2     2     2
     0     1     1     1
 1.710E+00 1.625E+00 1.625E+00 1.625E+00
 0.000E+00 0.000E+00 0.000E+00 0.000E+00
 0.000E+00 0.000E+00 0.000E+00 0.000E+00
 0.000E+00 0.000E+00 0.000E+00 0.000E+00
      12.789475     -1.217547    0.853608
 6
       4
     2     2     2     2
     0     1     1     1
 1.710E+00 1.625E+00 1.625E+00 1.625E+00
 0.000E+00 0.000E+00 0.000E+00 0.000E+00
 0.000E+00 0.000E+00 0.000E+00 0.000E+00
 0.000E+00 0.000E+00 0.000E+00 0.000E+00
      14.093450     1.091797    0.246951
 6
       4
     2     2     2     2
     0     1     1     1
 1.710E+00 1.625E+00 1.625E+00 1.625E+00
 0.000E+00 0.000E+00 0.000E+00 0.000E+00
 0.000E+00 0.000E+00 0.000E+00 0.000E+00
 0.000E+00 0.000E+00 0.000E+00 0.000E+00
      16.834947     1.288759    0.472900
 6
       4
     2     2     2     2
     0     1     1     1
 1.710E+00 1.625E+00 1.625E+00 1.625E+00
 0.000E+00 0.000E+00 0.000E+00 0.000E+00
 0.000E+00 0.000E+00 0.000E+00 0.000E+00
 0.000E+00 0.000E+00 0.000E+00 0.000E+00
      19.154529     1.492490    0.378688
 6
       4
     2     2     2     2
     0     1     1     1
 1.710E+00 1.625E+00 1.625E+00 1.625E+00
 0.000E+00 0.000E+00 0.000E+00 0.000E+00
 0.000E+00 0.000E+00 0.000E+00 0.000E+00
 0.000E+00 0.000E+00 0.000E+00 0.000E+00
      21.898551     1.335658    0.217698
 6
       4
     2     2     2     2
     0     1     1     1
 1.710E+00 1.625E+00 1.625E+00 1.625E+00
 0.000E+00 0.000E+00 0.000E+00 0.000E+00
 0.000E+00 0.000E+00 0.000E+00 0.000E+00
 0.000E+00 0.000E+00 0.000E+00 0.000E+00
      23.141581     -0.613284    1.628041
 6
       4
     2     2     2     2
     0     1     1     1
 1.710E+00 1.625E+00 1.625E+00 1.625E+00
 0.000E+00 0.000E+00 0.000E+00 0.000E+00
 0.000E+00 0.000E+00 0.000E+00 0.000E+00
 0.000E+00 0.000E+00 0.000E+00 0.000E+00
      23.349607     2.870275    -1.400077
 6
       4
     2     2     2     2
     0     1     1     1
 1.710E+00 1.625E+00 1.625E+00 1.625E+00
 0.000E+00 0.000E+00 0.000E+00 0.000E+00
 0.000E+00 0.000E+00 0.000E+00 0.000E+00
 0.000E+00 0.000E+00 0.000E+00 0.000E+00
      26.132860     2.722470    -1.463067
 6
       4
     2     2     2     2
     0     1     1     1
 1.710E+00 1.625E+00 1.625E+00 1.625E+00
 0.000E+00 0.000E+00 0.000E+00 0.000E+00
 0.000E+00 0.000E+00 0.000E+00 0.000E+00
 0.000E+00 0.000E+00 0.000E+00 0.000E+00
      25.838875     -0.915604    1.379026
 6
       4
     2     2     2     2
     0     1     1     1
 1.710E+00 1.625E+00 1.625E+00 1.625E+00
 0.000E+00 0.000E+00 0.000E+00 0.000E+00
 0.000E+00 0.000E+00 0.000E+00 0.000E+00
 0.000E+00 0.000E+00 0.000E+00 0.000E+00
      27.317822     0.815364    -0.083082
 6
       4
     2     2     2     2
     0     1     1     1
 1.710E+00 1.625E+00 1.625E+00 1.625E+00
 0.000E+00 0.000E+00 0.000E+00 0.000E+00
 0.000E+00 0.000E+00 0.000E+00 0.000E+00
 0.000E+00 0.000E+00 0.000E+00 0.000E+00
      30.091074     0.574497    0.014687
 6
       4
     2     2     2     2
     0     1     1     1
 1.710E+00 1.625E+00 1.625E+00 1.625E+00
 0.000E+00 0.000E+00 0.000E+00 0.000E+00
 0.000E+00 0.000E+00 0.000E+00 0.000E+00
 0.000E+00 0.000E+00 0.000E+00 0.000E+00
      32.298267     -0.081079    -0.025940
 6
       4
     2     2     2     2
     0     1     1     1
 1.710E+00 1.625E+00 1.625E+00 1.625E+00
 0.000E+00 0.000E+00 0.000E+00 0.000E+00
 0.000E+00 0.000E+00 0.000E+00 0.000E+00
 0.000E+00 0.000E+00 0.000E+00 0.000E+00
      34.988365     -0.199814    0.066849
 6
       4
     2     2     2     2
     0     1     1     1
 1.710E+00 1.625E+00 1.625E+00 1.625E+00
 0.000E+00 0.000E+00 0.000E+00 0.000E+00
 0.000E+00 0.000E+00 0.000E+00 0.000E+00
 0.000E+00 0.000E+00 0.000E+00 0.000E+00
      36.392050     -2.297383    0.790418
 6
       4
     2     2     2     2
     0     1     1     1
 1.710E+00 1.625E+00 1.625E+00 1.625E+00
 0.000E+00 0.000E+00 0.000E+00 0.000E+00
 0.000E+00 0.000E+00 0.000E+00 0.000E+00
 0.000E+00 0.000E+00 0.000E+00 0.000E+00
      36.457624     2.144089    -0.452164
 6
       4
     2     2     2     2
     0     1     1     1
 1.710E+00 1.625E+00 1.625E+00 1.625E+00
 0.000E+00 0.000E+00 0.000E+00 0.000E+00
 0.000E+00 0.000E+00 0.000E+00 0.000E+00
 0.000E+00 0.000E+00 0.000E+00 0.000E+00
      39.104521     2.243146    -0.487273
 6
       4
     2     2     2     2
     0     1     1     1
 1.710E+00 1.625E+00 1.625E+00 1.625E+00
 0.000E+00 0.000E+00 0.000E+00 0.000E+00
 0.000E+00 0.000E+00 0.000E+00 0.000E+00
 0.000E+00 0.000E+00 0.000E+00 0.000E+00
      39.130790     -2.288216    0.617602
 6
       4
     2     2     2     2
     0     1     1     1
 1.710E+00 1.625E+00 1.625E+00 1.625E+00
 0.000E+00 0.000E+00 0.000E+00 0.000E+00
 0.000E+00 0.000E+00 0.000E+00 0.000E+00
 0.000E+00 0.000E+00 0.000E+00 0.000E+00
      40.525625     -0.105188    -0.060934
 6
       4
     2     2     2     2
     0     1     1     1
 1.710E+00 1.625E+00 1.625E+00 1.625E+00
 0.000E+00 0.000E+00 0.000E+00 0.000E+00
 0.000E+00 0.000E+00 0.000E+00 0.000E+00
 0.000E+00 0.000E+00 0.000E+00 0.000E+00
      43.215514     -0.293919    -0.242758
 6
       4
     2     2     2     2
     0     1     1     1
 1.710E+00 1.625E+00 1.625E+00 1.625E+00
 0.000E+00 0.000E+00 0.000E+00 0.000E+00
 0.000E+00 0.000E+00 0.000E+00 0.000E+00
 0.000E+00 0.000E+00 0.000E+00 0.000E+00
      45.505843     -0.701126    -0.394333
 6
       4
     2     2     2     2
     0     1     1     1
 1.710E+00 1.625E+00 1.625E+00 1.625E+00
 0.000E+00 0.000E+00 0.000E+00 0.000E+00
 0.000E+00 0.000E+00 0.000E+00 0.000E+00
 0.000E+00 0.000E+00 0.000E+00 0.000E+00
      48.216659     -0.499893    -0.338820
 6
       4
     2     2     2     2
     0     1     1     1
 1.710E+00 1.625E+00 1.625E+00 1.625E+00
 0.000E+00 0.000E+00 0.000E+00 0.000E+00
 0.000E+00 0.000E+00 0.000E+00 0.000E+00
 0.000E+00 0.000E+00 0.000E+00 0.000E+00
      49.860133     -2.517818    0.757098
 6
       4
     2     2     2     2
     0     1     1     1
 1.710E+00 1.625E+00 1.625E+00 1.625E+00
 0.000E+00 0.000E+00 0.000E+00 0.000E+00
 0.000E+00 0.000E+00 0.000E+00 0.000E+00
 0.000E+00 0.000E+00 0.000E+00 0.000E+00
      49.440984     1.613968    -1.272524
 6
       4
     2     2     2     2
     0     1     1     1
 1.710E+00 1.625E+00 1.625E+00 1.625E+00
 0.000E+00 0.000E+00 0.000E+00 0.000E+00
 0.000E+00 0.000E+00 0.000E+00 0.000E+00
 0.000E+00 0.000E+00 0.000E+00 0.000E+00
      52.146100     1.786158    -1.120904
 6
       4
     2     2     2     2
     0     1     1     1
 1.710E+00 1.625E+00 1.625E+00 1.625E+00
 0.000E+00 0.000E+00 0.000E+00 0.000E+00
 0.000E+00 0.000E+00 0.000E+00 0.000E+00
 0.000E+00 0.000E+00 0.000E+00 0.000E+00
      52.420239     -2.081926    1.127660
 6
       4
     2     2     2     2
     0     1     1     1
 1.710E+00 1.625E+00 1.625E+00 1.625E+00
 0.000E+00 0.000E+00 0.000E+00 0.000E+00
 0.000E+00 0.000E+00 0.000E+00 0.000E+00
 0.000E+00 0.000E+00 0.000E+00 0.000E+00
      53.728064     0.008608    -0.026541
 6
       4
     2     2     2     2
     0     1     1     1
 1.710E+00 1.625E+00 1.625E+00 1.625E+00
 0.000E+00 0.000E+00 0.000E+00 0.000E+00
 0.000E+00 0.000E+00 0.000E+00 0.000E+00
 0.000E+00 0.000E+00 0.000E+00 0.000E+00
      56.425731     0.171982    -0.000769
 1
       1
     1
     0
 1.300E+00
 0.000E+00
 0.000E+00
 0.000E+00
      -4.807425     2.335119    1.120793
 1
       1
     1
     0
 1.300E+00
 0.000E+00
 0.000E+00
 0.000E+00
      -0.008164     3.084760    1.272753
 1
       1
     1
     0
 1.300E+00
 0.000E+00
 0.000E+00
 0.000E+00
      -6.178856     -1.997892    -0.235284
 1
       1
     1
     0
 1.300E+00
 0.000E+00
 0.000E+00
 0.000E+00
      -3.366653     -5.534461    -1.579269
 1
       1
     1
     0
 1.300E+00
 0.000E+00
 0.000E+00
 0.000E+00
      1.475596     -4.557719    -1.445631
 1
       1
     1
     0
 1.300E+00
 0.000E+00
 0.000E+00
 0.000E+00
      8.855473     4.639636    -1.375560
 1
       1
     1
     0
 1.300E+00
 0.000E+00
 0.000E+00
 0.000E+00
      9.315499     -3.402265    1.094157
 1
       1
     1
     0
 1.300E+00
 0.000E+00
 0.000E+00
 0.000E+00
      13.371616     4.999109    -1.201809
 1
       1
     1
     0
 1.300E+00
 0.000E+00
 0.000E+00
 0.000E+00
      13.936795     -2.967688    1.444735
 1
       1
     1
     0
 1.300E+00
 0.000E+00
 0.000E+00
 0.000E+00
      22.360279     4.280655    -2.606142
 1
       1
     1
     0
 1.300E+00
 0.000E+00
 0.000E+00
 0.000E+00
      27.224296     4.199217    -2.634422
 1
       1
     1
     0
 1.300E+00
 0.000E+00
 0.000E+00
 0.000E+00
      21.987780     -1.905369    2.875040
 1
       1
     1
     0
 1.300E+00
 0.000E+00
 0.000E+00
 0.000E+00
      26.925674     -2.429825    2.403866
 1
       1
     1
     0
 1.300E+00
 0.000E+00
 0.000E+00
 0.000E+00
      35.369875     3.935806    -0.946836
 1
       1
     1
     0
 1.300E+00
 0.000E+00
 0.000E+00
 0.000E+00
      35.346686     -4.042865    1.391683
 1
       1
     1
     0
 1.300E+00
 0.000E+00
 0.000E+00
 0.000E+00
      40.066929     4.043685    -0.842056
 1
       1
     1
     0
 1.300E+00
 0.000E+00
 0.000E+00
 0.000E+00
      40.256672     -4.006952    0.913265
 1
       1
     1
     0
 1.300E+00
 0.000E+00
 0.000E+00
 0.000E+00
      48.286825     3.204097    -2.015929
 1
       1
     1
     0
 1.300E+00
 0.000E+00
 0.000E+00
 0.000E+00
      48.925718     -4.259208    1.389704
 1
       1
     1
     0
 1.300E+00
 0.000E+00
 0.000E+00
 0.000E+00
      53.039659     3.502048    -1.876135
 1
       1
     1
     0
 1.300E+00
 0.000E+00
 0.000E+00
 0.000E+00
      53.652460     -3.502974    2.152458
 1
       1
     1
     0
 1.300E+00
 0.000E+00
 0.000E+00
 0.000E+00
      61.673196     3.954354    -1.458269
 1
       1
     1
     0
 1.300E+00
 0.000E+00
 0.000E+00
 0.000E+00
      61.780855     -3.778286    1.182265
 6
       4
     2     2     2     2
     0     1     1     1
 1.710E+00 1.625E+00 1.625E+00 1.625E+00
 0.000E+00 0.000E+00 0.000E+00 0.000E+00
 0.000E+00 0.000E+00 0.000E+00 0.000E+00
 0.000E+00 0.000E+00 0.000E+00 0.000E+00
      69.507514     0.286513    0.005178
 1
       1
     1
     0
 1.300E+00
 0.000E+00
 0.000E+00
 0.000E+00
      66.548611     4.165670    -1.367848
 1
       1
     1
     0
 1.300E+00
 0.000E+00
 0.000E+00
 0.000E+00
      66.623518     -3.687715    1.120509
 6
       4
     2     2     2     2
     0     1     1     1
 1.710E+00 1.625E+00 1.625E+00 1.625E+00
 0.000E+00 0.000E+00 0.000E+00 0.000E+00
 0.000E+00 0.000E+00 0.000E+00 0.000E+00
 0.000E+00 0.000E+00 0.000E+00 0.000E+00
      58.722364     0.324821    -0.011282
 6
       4
     2     2     2     2
     0     1     1     1
 1.710E+00 1.625E+00 1.625E+00 1.625E+00
 0.000E+00 0.000E+00 0.000E+00 0.000E+00
 0.000E+00 0.000E+00 0.000E+00 0.000E+00
 0.000E+00 0.000E+00 0.000E+00 0.000E+00
      61.393870     0.151382    -0.027034
 6
       4
     2     2     2     2
     0     1     1     1
 1.710E+00 1.625E+00 1.625E+00 1.625E+00
 0.000E+00 0.000E+00 0.000E+00 0.000E+00
 0.000E+00 0.000E+00 0.000E+00 0.000E+00
 0.000E+00 0.000E+00 0.000E+00 0.000E+00
      62.796292     -1.987614    0.482696
 6
       4
     2     2     2     2
     0     1     1     1
 1.710E+00 1.625E+00 1.625E+00 1.625E+00
 0.000E+00 0.000E+00 0.000E+00 0.000E+00
 0.000E+00 0.000E+00 0.000E+00 0.000E+00
 0.000E+00 0.000E+00 0.000E+00 0.000E+00
      62.868784     2.361834    -0.899345
 6
       4
     2     2     2     2
     0     1     1     1
 1.710E+00 1.625E+00 1.625E+00 1.625E+00
 0.000E+00 0.000E+00 0.000E+00 0.000E+00
 0.000E+00 0.000E+00 0.000E+00 0.000E+00
 0.000E+00 0.000E+00 0.000E+00 0.000E+00
      65.392178     2.414371    -0.841741
 6
       4
     2     2     2     2
     0     1     1     1
 1.710E+00 1.625E+00 1.625E+00 1.625E+00
 0.000E+00 0.000E+00 0.000E+00 0.000E+00
 0.000E+00 0.000E+00 0.000E+00 0.000E+00
 0.000E+00 0.000E+00 0.000E+00 0.000E+00
      65.495928     -1.982224    0.477972
 6
       4
     2     2     2     2
     0     1     1     1
 1.710E+00 1.625E+00 1.625E+00 1.625E+00
 0.000E+00 0.000E+00 0.000E+00 0.000E+00
 0.000E+00 0.000E+00 0.000E+00 0.000E+00
 0.000E+00 0.000E+00 0.000E+00 0.000E+00
      66.840341     0.088785    -0.144602
 6
       4
     2     2     2     2
     0     1     1     1
 1.710E+00 1.625E+00 1.625E+00 1.625E+00
 0.000E+00 0.000E+00 0.000E+00 0.000E+00
 0.000E+00 0.000E+00 0.000E+00 0.000E+00
 0.000E+00 0.000E+00 0.000E+00 0.000E+00
      80.091516     -0.226206    0.485064
 6
       4
     2     2     2     2
     0     1     1     1
 1.710E+00 1.625E+00 1.625E+00 1.625E+00
 0.000E+00 0.000E+00 0.000E+00 0.000E+00
 0.000E+00 0.000E+00 0.000E+00 0.000E+00
 0.000E+00 0.000E+00 0.000E+00 0.000E+00
      78.864968     2.080634    -0.055257
 6
       4
     2     2     2     2
     0     1     1     1
 1.710E+00 1.625E+00 1.625E+00 1.625E+00
 0.000E+00 0.000E+00 0.000E+00 0.000E+00
 0.000E+00 0.000E+00 0.000E+00 0.000E+00
 0.000E+00 0.000E+00 0.000E+00 0.000E+00
      78.457440     -2.353497    0.987688
 6
       4
     2     2     2     2
     0     1     1     1
 1.710E+00 1.625E+00 1.625E+00 1.625E+00
 0.000E+00 0.000E+00 0.000E+00 0.000E+00
 0.000E+00 0.000E+00 0.000E+00 0.000E+00
 0.000E+00 0.000E+00 0.000E+00 0.000E+00
      76.166360     2.334600    -0.285305
 6
       4
     2     2     2     2
     0     1     1     1
 1.710E+00 1.625E+00 1.625E+00 1.625E+00
 0.000E+00 0.000E+00 0.000E+00 0.000E+00
 0.000E+00 0.000E+00 0.000E+00 0.000E+00
 0.000E+00 0.000E+00 0.000E+00 0.000E+00
      74.592411     0.180329    0.160630
 6
       4
     2     2     2     2
     0     1     1     1
 1.710E+00 1.625E+00 1.625E+00 1.625E+00
 0.000E+00 0.000E+00 0.000E+00 0.000E+00
 0.000E+00 0.000E+00 0.000E+00 0.000E+00
 0.000E+00 0.000E+00 0.000E+00 0.000E+00
      75.842333     -2.111451    0.817473
 6
       4
     2     2     2     2
     0     1     1     1
 1.710E+00 1.625E+00 1.625E+00 1.625E+00
 0.000E+00 0.000E+00 0.000E+00 0.000E+00
 0.000E+00 0.000E+00 0.000E+00 0.000E+00
 0.000E+00 0.000E+00 0.000E+00 0.000E+00
      82.818457     -0.344667    0.417902
 6
       4
     2     2     2     2
     0     1     1     1
 1.710E+00 1.625E+00 1.625E+00 1.625E+00
 0.000E+00 0.000E+00 0.000E+00 0.000E+00
 0.000E+00 0.000E+00 0.000E+00 0.000E+00
 0.000E+00 0.000E+00 0.000E+00 0.000E+00
      85.126993     0.034225    0.298306
 6
       4
     2     2     2     2
     0     1     1     1
 1.710E+00 1.625E+00 1.625E+00 1.625E+00
 0.000E+00 0.000E+00 0.000E+00 0.000E+00
 0.000E+00 0.000E+00 0.000E+00 0.000E+00
 0.000E+00 0.000E+00 0.000E+00 0.000E+00
      87.846896     0.095167    0.099343
 6
       4
     2     2     2     2
     0     1     1     1
 1.710E+00 1.625E+00 1.625E+00 1.625E+00
 0.000E+00 0.000E+00 0.000E+00 0.000E+00
 0.000E+00 0.000E+00 0.000E+00 0.000E+00
 0.000E+00 0.000E+00 0.000E+00 0.000E+00
      89.121018     2.210140    -0.895978
 6
       4
     2     2     2     2
     0     1     1     1
 1.710E+00 1.625E+00 1.625E+00 1.625E+00
 0.000E+00 0.000E+00 0.000E+00 0.000E+00
 0.000E+00 0.000E+00 0.000E+00 0.000E+00
 0.000E+00 0.000E+00 0.000E+00 0.000E+00
      89.408279     -2.002864    0.736530
 6
       4
     2     2     2     2
     0     1     1     1
 1.710E+00 1.625E+00 1.625E+00 1.625E+00
 0.000E+00 0.000E+00 0.000E+00 0.000E+00
 0.000E+00 0.000E+00 0.000E+00 0.000E+00
 0.000E+00 0.000E+00 0.000E+00 0.000E+00
      91.819452     2.401779    -1.098581
 6
       4
     2     2     2     2
     0     1     1     1
 1.710E+00 1.625E+00 1.625E+00 1.625E+00
 0.000E+00 0.000E+00 0.000E+00 0.000E+00
 0.000E+00 0.000E+00 0.000E+00 0.000E+00
 0.000E+00 0.000E+00 0.000E+00 0.000E+00
      92.089554     -1.887252    0.419876
 6
       4
     2     2     2     2
     0     1     1     1
 1.710E+00 1.625E+00 1.625E+00 1.625E+00
 0.000E+00 0.000E+00 0.000E+00 0.000E+00
 0.000E+00 0.000E+00 0.000E+00 0.000E+00
 0.000E+00 0.000E+00 0.000E+00 0.000E+00
      93.364859     0.281140    -0.458795
 6
       4
     2     2     2     2
     0     1     1     1
 1.710E+00 1.625E+00 1.625E+00 1.625E+00
 0.000E+00 0.000E+00 0.000E+00 0.000E+00
 0.000E+00 0.000E+00 0.000E+00 0.000E+00
 0.000E+00 0.000E+00 0.000E+00 0.000E+00
      96.032749     0.416065    -0.254178
 6
       4
     2     2     2     2
     0     1     1     1
 1.710E+00 1.625E+00 1.625E+00 1.625E+00
 0.000E+00 0.000E+00 0.000E+00 0.000E+00
 0.000E+00 0.000E+00 0.000E+00 0.000E+00
 0.000E+00 0.000E+00 0.000E+00 0.000E+00
      98.340685     0.328041    0.014473
 6
       4
     2     2     2     2
     0     1     1     1
 1.710E+00 1.625E+00 1.625E+00 1.625E+00
 0.000E+00 0.000E+00 0.000E+00 0.000E+00
 0.000E+00 0.000E+00 0.000E+00 0.000E+00
 0.000E+00 0.000E+00 0.000E+00 0.000E+00
      101.031868     0.426814    -0.006126
 6
       4
     2     2     2     2
     0     1     1     1
 1.710E+00 1.625E+00 1.625E+00 1.625E+00
 0.000E+00 0.000E+00 0.000E+00 0.000E+00
 0.000E+00 0.000E+00 0.000E+00 0.000E+00
 0.000E+00 0.000E+00 0.000E+00 0.000E+00
      102.598169     -1.773056    0.695980
 6
       4
     2     2     2     2
     0     1     1     1
 1.710E+00 1.625E+00 1.625E+00 1.625E+00
 0.000E+00 0.000E+00 0.000E+00 0.000E+00
 0.000E+00 0.000E+00 0.000E+00 0.000E+00
 0.000E+00 0.000E+00 0.000E+00 0.000E+00
      102.401071     2.559592    -0.615624
 6
       4
     2     2     2     2
     0     1     1     1
 1.710E+00 1.625E+00 1.625E+00 1.625E+00
 0.000E+00 0.000E+00 0.000E+00 0.000E+00
 0.000E+00 0.000E+00 0.000E+00 0.000E+00
 0.000E+00 0.000E+00 0.000E+00 0.000E+00
      105.125228     2.569383    -0.692071
 6
       4
     2     2     2     2
     0     1     1     1
 1.710E+00 1.625E+00 1.625E+00 1.625E+00
 0.000E+00 0.000E+00 0.000E+00 0.000E+00
 0.000E+00 0.000E+00 0.000E+00 0.000E+00
 0.000E+00 0.000E+00 0.000E+00 0.000E+00
      105.211795     -1.670450    0.820362
 6
       4
     2     2     2     2
     0     1     1     1
 1.710E+00 1.625E+00 1.625E+00 1.625E+00
 0.000E+00 0.000E+00 0.000E+00 0.000E+00
 0.000E+00 0.000E+00 0.000E+00 0.000E+00
 0.000E+00 0.000E+00 0.000E+00 0.000E+00
      106.633779     0.569057    0.246443
 6
       4
     2     2     2     2
     0     1     1     1
 1.710E+00 1.625E+00 1.625E+00 1.625E+00
 0.000E+00 0.000E+00 0.000E+00 0.000E+00
 0.000E+00 0.000E+00 0.000E+00 0.000E+00
 0.000E+00 0.000E+00 0.000E+00 0.000E+00
      109.333727     0.658073    0.346795
 6
       4
     2     2     2     2
     0     1     1     1
 1.710E+00 1.625E+00 1.625E+00 1.625E+00
 0.000E+00 0.000E+00 0.000E+00 0.000E+00
 0.000E+00 0.000E+00 0.000E+00 0.000E+00
 0.000E+00 0.000E+00 0.000E+00 0.000E+00
      111.596011     0.963732    -0.109532
 6
       4
     2     2     2     2
     0     1     1     1
 1.710E+00 1.625E+00 1.625E+00 1.625E+00
 0.000E+00 0.000E+00 0.000E+00 0.000E+00
 0.000E+00 0.000E+00 0.000E+00 0.000E+00
 0.000E+00 0.000E+00 0.000E+00 0.000E+00
      114.310925     0.938483    -0.051435
 6
       4
     2     2     2     2
     0     1     1     1
 1.710E+00 1.625E+00 1.625E+00 1.625E+00
 0.000E+00 0.000E+00 0.000E+00 0.000E+00
 0.000E+00 0.000E+00 0.000E+00 0.000E+00
 0.000E+00 0.000E+00 0.000E+00 0.000E+00
      115.495319     -1.392832    -0.491633
 6
       4
     2     2     2     2
     0     1     1     1
 1.710E+00 1.625E+00 1.625E+00 1.625E+00
 0.000E+00 0.000E+00 0.000E+00 0.000E+00
 0.000E+00 0.000E+00 0.000E+00 0.000E+00
 0.000E+00 0.000E+00 0.000E+00 0.000E+00
      115.922038     3.040922    0.554374
 6
       4
     2     2     2     2
     0     1     1     1
 1.710E+00 1.625E+00 1.625E+00 1.625E+00
 0.000E+00 0.000E+00 0.000E+00 0.000E+00
 0.000E+00 0.000E+00 0.000E+00 0.000E+00
 0.000E+00 0.000E+00 0.000E+00 0.000E+00
      118.523523     2.720587    0.620061
 6
       4
     2     2     2     2
     0     1     1     1
 1.710E+00 1.625E+00 1.625E+00 1.625E+00
 0.000E+00 0.000E+00 0.000E+00 0.000E+00
 0.000E+00 0.000E+00 0.000E+00 0.000E+00
 0.000E+00 0.000E+00 0.000E+00 0.000E+00
      118.138913     -1.720781    -0.466169
 6
       4
     2     2     2     2
     0     1     1     1
 1.710E+00 1.625E+00 1.625E+00 1.625E+00
 0.000E+00 0.000E+00 0.000E+00 0.000E+00
 0.000E+00 0.000E+00 0.000E+00 0.000E+00
 0.000E+00 0.000E+00 0.000E+00 0.000E+00
      119.785649     0.410139    0.136342
 6
       4
     2     2     2     2
     0     1     1     1
 1.710E+00 1.625E+00 1.625E+00 1.625E+00
 0.000E+00 0.000E+00 0.000E+00 0.000E+00
 0.000E+00 0.000E+00 0.000E+00 0.000E+00
 0.000E+00 0.000E+00 0.000E+00 0.000E+00
      122.449680     0.136714    0.116398
 6
       4
     2     2     2     2
     0     1     1     1
 1.710E+00 1.625E+00 1.625E+00 1.625E+00
 0.000E+00 0.000E+00 0.000E+00 0.000E+00
 0.000E+00 0.000E+00 0.000E+00 0.000E+00
 0.000E+00 0.000E+00 0.000E+00 0.000E+00
      124.749670     -0.045465    0.061501
 6
       4
     2     2     2     2
     0     1     1     1
 1.710E+00 1.625E+00 1.625E+00 1.625E+00
 0.000E+00 0.000E+00 0.000E+00 0.000E+00
 0.000E+00 0.000E+00 0.000E+00 0.000E+00
 0.000E+00 0.000E+00 0.000E+00 0.000E+00
      127.435862     -0.217254    -0.149738
 6
       4
     2     2     2     2
     0     1     1     1
 1.710E+00 1.625E+00 1.625E+00 1.625E+00
 0.000E+00 0.000E+00 0.000E+00 0.000E+00
 0.000E+00 0.000E+00 0.000E+00 0.000E+00
 0.000E+00 0.000E+00 0.000E+00 0.000E+00
      128.714063     -2.337795    -1.116641
 6
       4
     2     2     2     2
     0     1     1     1
 1.710E+00 1.625E+00 1.625E+00 1.625E+00
 0.000E+00 0.000E+00 0.000E+00 0.000E+00
 0.000E+00 0.000E+00 0.000E+00 0.000E+00
 0.000E+00 0.000E+00 0.000E+00 0.000E+00
      128.961447     1.871312    0.571219
 6
       4
     2     2     2     2
     0     1     1     1
 1.710E+00 1.625E+00 1.625E+00 1.625E+00
 0.000E+00 0.000E+00 0.000E+00 0.000E+00
 0.000E+00 0.000E+00 0.000E+00 0.000E+00
 0.000E+00 0.000E+00 0.000E+00 0.000E+00
      131.662807     1.742460    0.571672
 6
       4
     2     2     2     2
     0     1     1     1
 1.710E+00 1.625E+00 1.625E+00 1.625E+00
 0.000E+00 0.000E+00 0.000E+00 0.000E+00
 0.000E+00 0.000E+00 0.000E+00 0.000E+00
 0.000E+00 0.000E+00 0.000E+00 0.000E+00
      131.371058     -2.573750    -1.042139
 6
       4
     2     2     2     2
     0     1     1     1
 1.710E+00 1.625E+00 1.625E+00 1.625E+00
 0.000E+00 0.000E+00 0.000E+00 0.000E+00
 0.000E+00 0.000E+00 0.000E+00 0.000E+00
 0.000E+00 0.000E+00 0.000E+00 0.000E+00
      132.901469     -0.628568    0.008515
 6
       4
     2     2     2     2
     0     1     1     1
 1.710E+00 1.625E+00 1.625E+00 1.625E+00
 0.000E+00 0.000E+00 0.000E+00 0.000E+00
 0.000E+00 0.000E+00 0.000E+00 0.000E+00
 0.000E+00 0.000E+00 0.000E+00 0.000E+00
      135.609670     -0.859005    0.338818
 1
       1
     1
     0
 1.300E+00
 0.000E+00
 0.000E+00
 0.000E+00
      75.291704     4.250927    -0.841788
 1
       1
     1
     0
 1.300E+00
 0.000E+00
 0.000E+00
 0.000E+00
      79.930846     3.839315    -0.444282
 6
       4
     2     2     2     2
     0     1     1     1
 1.710E+00 1.625E+00 1.625E+00 1.625E+00
 0.000E+00 0.000E+00 0.000E+00 0.000E+00
 0.000E+00 0.000E+00 0.000E+00 0.000E+00
 0.000E+00 0.000E+00 0.000E+00 0.000E+00
      71.851710     0.289652    -0.016641
 1
       1
     1
     0
 1.300E+00
 0.000E+00
 0.000E+00
 0.000E+00
      74.580546     -3.808437    1.266009
 1
       1
     1
     0
 1.300E+00
 0.000E+00
 0.000E+00
 0.000E+00
      79.349405     -4.094615    1.490145
 1
       1
     1
     0
 1.300E+00
 0.000E+00
 0.000E+00
 0.000E+00
      87.829626     3.818564    -1.639008
 1
       1
     1
     0
 1.300E+00
 0.000E+00
 0.000E+00
 0.000E+00
      88.519524     -3.834834    1.336282
 1
       1
     1
     0
 1.300E+00
 0.000E+00
 0.000E+00
 0.000E+00
      92.721044     4.160154    -1.905038
 1
       1
     1
     0
 1.300E+00
 0.000E+00
 0.000E+00
 0.000E+00
      93.339653     -3.575326    0.844938
 1
       1
     1
     0
 1.300E+00
 0.000E+00
 0.000E+00
 0.000E+00
      101.356026     4.379034    -1.210921
 1
       1
     1
     0
 1.300E+00
 0.000E+00
 0.000E+00
 0.000E+00
      106.238963     4.213930    -1.320552
 1
       1
     1
     0
 1.300E+00
 0.000E+00
 0.000E+00
 0.000E+00
      101.686299     -3.616242    1.052955
 1
       1
     1
     0
 1.300E+00
 0.000E+00
 0.000E+00
 0.000E+00
      106.257696     -3.397206    1.373545
 1
       1
     1
     0
 1.300E+00
 0.000E+00
 0.000E+00
 0.000E+00
      115.086752     4.936104    1.031889
 1
       1
     1
     0
 1.300E+00
 0.000E+00
 0.000E+00
 0.000E+00
      114.375127     -3.092304    -0.797389
 1
       1
     1
     0
 1.300E+00
 0.000E+00
 0.000E+00
 0.000E+00
      119.747803     4.423983    1.125387
 1
       1
     1
     0
 1.300E+00
 0.000E+00
 0.000E+00
 0.000E+00
      118.881778     -3.610063    -0.739025
 1
       1
     1
     0
 1.300E+00
 0.000E+00
 0.000E+00
 0.000E+00
      128.086321     3.754411    1.257050
 1
       1
     1
     0
 1.300E+00
 0.000E+00
 0.000E+00
 0.000E+00
      127.585810     -4.029759    -1.949967
 1
       1
     1
     0
 1.300E+00
 0.000E+00
 0.000E+00
 0.000E+00
      132.913397     3.400929    1.182865
 1
       1
     1
     0
 1.300E+00
 0.000E+00
 0.000E+00
 0.000E+00
      132.388201     -4.314643    -1.703015
 1
       1
     1
     0
 1.300E+00
 0.000E+00
 0.000E+00
 0.000E+00
      141.053541     1.947444    3.168188
 1
       1
     1
     0
 1.300E+00
 0.000E+00
 0.000E+00
 0.000E+00
      140.839815     -4.189636    -2.679962
 1
       1
     1
     0
 1.300E+00
 0.000E+00
 0.000E+00
 0.000E+00
      148.056452     -1.406706    -0.088581
 1
       1
     1
     0
 1.300E+00
 0.000E+00
 0.000E+00
 0.000E+00
      145.631408     1.863240    3.090069
 1
       1
     1
     0
 1.300E+00
 0.000E+00
 0.000E+00
 0.000E+00
      145.345421     -4.344981    -2.741875
 6
       4
     2     2     2     2
     0     1     1     1
 1.710E+00 1.625E+00 1.625E+00 1.625E+00
 0.000E+00 0.000E+00 0.000E+00 0.000E+00
 0.000E+00 0.000E+00 0.000E+00 0.000E+00
 0.000E+00 0.000E+00 0.000E+00 0.000E+00
      137.933866     -1.143226    0.455437
 6
       4
     2     2     2     2
     0     1     1     1
 1.710E+00 1.625E+00 1.625E+00 1.625E+00
 0.000E+00 0.000E+00 0.000E+00 0.000E+00
 0.000E+00 0.000E+00 0.000E+00 0.000E+00
 0.000E+00 0.000E+00 0.000E+00 0.000E+00
      140.643223     -1.266485    0.410254
 6
       4
     2     2     2     2
     0     1     1     1
 1.710E+00 1.625E+00 1.625E+00 1.625E+00
 0.000E+00 0.000E+00 0.000E+00 0.000E+00
 0.000E+00 0.000E+00 0.000E+00 0.000E+00
 0.000E+00 0.000E+00 0.000E+00 0.000E+00
      141.751703     -2.900476    -1.249141
 6
       4
     2     2     2     2
     0     1     1     1
 1.710E+00 1.625E+00 1.625E+00 1.625E+00
 0.000E+00 0.000E+00 0.000E+00 0.000E+00
 0.000E+00 0.000E+00 0.000E+00 0.000E+00
 0.000E+00 0.000E+00 0.000E+00 0.000E+00
      142.133440     0.548136    1.896374
 6
       4
     2     2     2     2
     0     1     1     1
 1.710E+00 1.625E+00 1.625E+00 1.625E+00
 0.000E+00 0.000E+00 0.000E+00 0.000E+00
 0.000E+00 0.000E+00 0.000E+00 0.000E+00
 0.000E+00 0.000E+00 0.000E+00 0.000E+00
      144.731842     0.496189    1.916560
 6
       4
     2     2     2     2
     0     1     1     1
 1.710E+00 1.625E+00 1.625E+00 1.625E+00
 0.000E+00 0.000E+00 0.000E+00 0.000E+00
 0.000E+00 0.000E+00 0.000E+00 0.000E+00
 0.000E+00 0.000E+00 0.000E+00 0.000E+00
      144.619560     -2.952141    -1.280189
 6
       4
     2     2     2     2
     0     1     1     1
 1.710E+00 1.625E+00 1.625E+00 1.625E+00
 0.000E+00 0.000E+00 0.000E+00 0.000E+00
 0.000E+00 0.000E+00 0.000E+00 0.000E+00
 0.000E+00 0.000E+00 0.000E+00 0.000E+00
      146.002033     -1.413311    0.183566
# LCAO coefficients .. are not included.
         1
        1        -0.000111786583399   k=         1
        2        0.001425871985008   k=         1
        3        0.002938432726624   k=         1
        4        -0.017926471750656   k=         1
        5        -0.001356960483907   k=         1
        6        -0.003126765851669   k=         1
        7        0.011284383055430   k=         1
        8        -0.019628435393630   k=         1
        9        0.001605982511671   k=         1
        10        0.001960021873943   k=         1
        11        0.009214908463534   k=         1
        12        -0.014699129495793   k=         1
        13        0.000373761870192   k=         1
        14        0.000952925853772   k=         1
        15        -0.002321610489720   k=         1
        16        0.004407710248586   k=         1
        17        0.000129334578721   k=         1
        18        0.002876487855571   k=         1
        19        -0.007536372749761   k=         1
        20        0.026921654108810   k=         1
        21        -0.000517378726729   k=         1
        22        -0.000249635126303   k=         1
        23        -0.003237857135684   k=         1
        24        0.008625868052668   k=         1
        25        -0.001068440094197   k=         1
        26        -0.004189762075931   k=         1
        27        0.006994832591857   k=         1
        28        0.033593927090132   k=         1
        29        0.001156558710895   k=         1
        30        0.000093941655130   k=         1
        31        0.000703362572920   k=         1
        32        0.022928791991918   k=         1
        33        -0.000536474861696   k=         1
        34        -0.000786847302238   k=         1
        35        -0.011885972599697   k=         1
        36        -0.039744711698557   k=         1
        37        0.000025910293982   k=         1
        38        -0.000725738489507   k=         1
        39        -0.008006142994607   k=         1
        40        -0.020026018173084   k=         1
        41        -0.000314585888951   k=         1
        42        0.003115065607789   k=         1
        43        -0.005636827071886   k=         1
        44        -0.020159295472026   k=         1
        45        0.001109208827840   k=         1
        46        0.000326211543732   k=         1
        47        0.007557292905852   k=         1
        48        0.029329540514058   k=         1
        49        -0.000340876286204   k=         1
        50        -0.004949975827704   k=         1
        51        0.005323255043338   k=         1
        52        0.026981383856611   k=         1
        53        -0.000525447513125   k=         1
        54        -0.005763388015455   k=         1
        55        0.013882522423951   k=         1
        56        0.033432415126559   k=         1
        57        -0.000349127109167   k=         1
        58        0.004797522326870   k=         1
        59        -0.025472951770971   k=         1
        60        -0.034184823927842   k=         1
        61        -0.000665428442880   k=         1
        62        -0.003483802320797   k=         1
        63        -0.017551213003724   k=         1
        64        -0.031957472950923   k=         1
        65        0.000438926532677   k=         1
        66        0.007709142822274   k=         1
        67        0.030786345644341   k=         1
        68        0.037133602676497   k=         1
        69        0.001467672944548   k=         1
        70        0.003811434349269   k=         1
        71        0.017338728254870   k=         1
        72        0.017929154842082   k=         1
        73        -0.001458421768046   k=         1
        74        0.001251815539476   k=         1
        75        0.023086794114938   k=         1
        76        0.021839114847923   k=         1
        77        0.001482032891068   k=         1
        78        0.002339726712276   k=         1
        79        -0.027370914593132   k=         1
        80        -0.028484301010179   k=         1
        81        -0.001163893363330   k=         1
        82        -0.007106408392966   k=         1
        83        -0.024687705016693   k=         1
        84        -0.027010771795497   k=         1
        85        -0.000244360049505   k=         1
        86        -0.002798547307027   k=         1
        87        -0.022533307269404   k=         1
        88        -0.036866119054629   k=         1
        89        0.003886398131475   k=         1
        90        0.005304872420403   k=         1
        91        0.020578314699515   k=         1
        92        0.063199564847043   k=         1
        93        -0.003411627795492   k=         1
        94        0.002452212335330   k=         1
        95        0.019144291264027   k=         1
        96        0.041458247798699   k=         1
        97        0.002093867225658   k=         1
        98        0.004630388750080   k=         1
        99        -0.024937462584953   k=         1
        100        -0.075080983523974   k=         1
        101        0.000238760855675   k=         1
        102        -0.002089016866838   k=         1
        103        -0.012282759220026   k=         1
        104        -0.040745308421760   k=         1
        105        -0.000781150244615   k=         1
        106        0.003310907691393   k=         1
        107        -0.008094659137411   k=         1
        108        -0.042348662612672   k=         1
        109        0.000833863781383   k=         1
        110        0.000626598654943   k=         1
        111        0.006696943936852   k=         1
        112        0.045180573446923   k=         1
        113        -0.001466994742545   k=         1
        114        0.004930004564685   k=         1
        115        0.013038556101003   k=         1
        116        0.069088633487036   k=         1
        117        0.000032339914448   k=         1
        118        0.009318343933933   k=         1
        119        0.018521658805897   k=         1
        120        0.068901224984615   k=         1
        121        -0.001663833358305   k=         1
        122        -0.012288476355571   k=         1
        123        -0.028205187357153   k=         1
        124        -0.074097866775707   k=         1
        125        0.001748908161519   k=         1
        126        -0.004530907992295   k=         1
        127        -0.021967464366451   k=         1
        128        -0.070993917147197   k=         1
        129        0.001443829514850   k=         1
        130        -0.004112007363994   k=         1
        131        0.034370869131260   k=         1
        132        0.077908651268370   k=         1
        133        -0.000774283953271   k=         1
        134        -0.015712241646060   k=         1
        135        0.023764066220810   k=         1
        136        0.047812278551793   k=         1
        137        -0.001653369082169   k=         1
        138        -0.004891282018275   k=         1
        139        0.025068308313046   k=         1
        140        0.054668207109912   k=         1
        141        0.001436690319899   k=         1
        142        0.007899175746009   k=         1
        143        -0.031371471179881   k=         1
        144        -0.058829090474215   k=         1
        145        -0.002499262697275   k=         1
        146        0.011304144650294   k=         1
        147        -0.022434281087385   k=         1
        148        -0.036663977801746   k=         1
        149        0.001194505634717   k=         1
        150        0.002538565909502   k=         1
        151        -0.043677499838828   k=         1
        152        -0.070965479835519   k=         1
        153        -0.002502294106590   k=         1
        154        -0.000586392771887   k=         1
        155        0.028937191547326   k=         1
        156        0.069779582245719   k=         1
        157        -0.001686124364558   k=         1
        158        0.000839540303281   k=         1
        159        -0.000219958338365   k=         1
        160        0.001853345746408   k=         1
        161        -0.000790744520473   k=         1
        162        0.000263732733472   k=         1
        163        -0.001672419739458   k=         1
        164        0.000118003493537   k=         1
        165        0.000676003211551   k=         1
        166        0.002351620812842   k=         1
        167        -0.001740952285520   k=         1
        168        -0.001063664019139   k=         1
        169        0.000949576567376   k=         1
        170        0.002598816767037   k=         1
        171        -0.000786483421483   k=         1
        172        -0.002571928281697   k=         1
        173        -0.000180424483254   k=         1
        174        0.002049663529766   k=         1
        175        0.000809246482542   k=         1
        176        0.002262595425230   k=         1
        177        0.002320625152383   k=         1
        178        -0.000768522579162   k=         1
        179        -0.000935713600451   k=         1
        180        -0.002064553732350   k=         1
        181        0.002369438720752   k=         1
        182        -0.013936472571625   k=         1
        183        -0.052915967018268   k=         1
        184        0.000115936946267   k=         1
        185        0.001612848473457   k=         1
        186        0.002203308041080   k=         1
        187        0.001003123399506   k=         1
        188        0.038162046398107   k=         1
        189        0.067942820229625   k=         1
        190        -0.002636136232723   k=         1
        191        -0.005256013885872   k=         1
        192        -0.025082761429372   k=         1
        193        -0.072167539718831   k=         1
        194        0.002729731334925   k=         1
        195        -0.006948937581087   k=         1
        196        -0.018456122137197   k=         1
        197        -0.068105199266498   k=         1
        198        -0.000571475418248   k=         1
        199        0.001977823818120   k=         1
        200        -0.011968176265841   k=         1
        201        -0.039256158494096   k=         1
        202        0.000730332912164   k=         1
        203        -0.002097489798192   k=         1
        204        0.011851398611528   k=         1
        205        0.037918284689985   k=         1
        206        -0.000494645814633   k=         1
        207        0.001092129207770   k=         1
        208        0.017931651932378   k=         1
        209        0.049370750894921   k=         1
        210        -0.001165285305687   k=         1
        211        -0.005355615942975   k=         1
        212        0.021307054492507   k=         1
        213        0.077735058837847   k=         1
        214        -0.000103983507082   k=         1
        215        -0.002279202590706   k=         1
        216        -0.012791821621501   k=         1
        217        -0.059134091249157   k=         1
        218        -0.000337811686422   k=         1
        219        0.003122699579746   k=         1
        220        -0.006885208708568   k=         1
        221        -0.026935817963632   k=         1
        222        0.000101444430213   k=         1
        223        0.002273682094197   k=         1
        224        -0.007023785829227   k=         1
        225        -0.026716385267056   k=         1
        226        -0.000236330848107   k=         1
        227        -0.005540254900801   k=         1
        228        0.012210056474378   k=         1
        229        0.048597556936447   k=         1
        230        -0.000306847533172   k=         1
        231        -0.000901075072050   k=         1
        232        0.011818363646607   k=         1
        233        0.047813402828127   k=         1
        234        -0.000372918594379   k=         1
        235        -0.002991363189848   k=         1
        236        0.012234161315552   k=         1
        237        0.040755816363101   k=         1
        238        -0.001158957223411   k=         1
        239        0.001747695478372   k=         1
        240        0.006957851355528   k=         1
        241        0.026658112449433   k=         1
        242        0.000649988282307   k=         1
        243        0.001125527570870   k=         1
        244        0.010208360511330   k=         1
        245        0.047501323077874   k=         1
        246        -0.000258136783677   k=         1
        247        -0.000546382624644   k=         1
        248        -0.005945772575153   k=         1
        249        -0.018915092820613   k=         1
        250        0.000242610044918   k=         1
        251        -0.002949019001638   k=         1
        252        -0.013025777925277   k=         1
        253        -0.023119815857251   k=         1
        254        -0.001444658302015   k=         1
        255        -0.002350754493892   k=         1
        256        -0.009630270115729   k=         1
        257        -0.024968637702766   k=         1
        258        0.000201030219515   k=         1
        259        0.001892724158699   k=         1
        260        0.003319081741006   k=         1
        261        0.008711551014218   k=         1
        262        0.000299698318101   k=         1
        263        0.001752976186790   k=         1
        264        0.003496218823547   k=         1
        265        0.008386841323880   k=         1
        266        -0.001341473621163   k=         1
        267        -0.001361925495460   k=         1
        268        0.009351991881216   k=         1
        269        0.028462132707016   k=         1
        270        -0.000149011352476   k=         1
        271        0.001054015649710   k=         1
        272        -0.002018577401191   k=         1
        273        -0.004304623526180   k=         1
        274        -0.000593796391337   k=         1
        275        0.001539292872818   k=         1
        276        -0.007012296622183   k=         1
        277        -0.020434411860394   k=         1
        278        0.000035440552146   k=         1
        279        -0.000184713368347   k=         1
        280        0.000442203858282   k=         1
        281        -0.001545313601147   k=         1
        282        -0.000190806608846   k=         1
        283        -0.000118589259938   k=         1
        284        0.001075051644865   k=         1
        285        0.007810628504971   k=         1
        286        0.000636793739664   k=         1
        287        0.001010391905684   k=         1
        288        0.002733949873714   k=         1
        289        0.010937383607565   k=         1
        290        -0.001059271430919   k=         1
        291        -0.002103407332343   k=         1
        292        0.004901115640582   k=         1
        293        0.004305389542331   k=         1
        294        0.000757721207019   k=         1
        295        0.000812236751146   k=         1
        296        0.002802434122490   k=         1
        297        0.002473770411513   k=         1
        298        0.000067868749876   k=         1
        299        0.001756480604353   k=         1
        300        -0.004817673562571   k=         1
        301        -0.005776285249799   k=         1
        302        -0.001356575213112   k=         1
        303        -0.002625184013714   k=         1
        304        0.004707631231665   k=         1
        305        -0.014057608237690   k=         1
        306        0.000353531697329   k=         1
        307        -0.000288030964405   k=         1
        308        0.004831393257940   k=         1
        309        -0.001294207723419   k=         1
        310        -0.000039385179332   k=         1
        311        -0.001116652363000   k=         1
        312        -0.005485790593460   k=         1
        313        0.019336908535319   k=         1
        314        0.000371491667823   k=         1
        315        -0.000659043106905   k=         1
        316        0.000016591382313   k=         1
        317        0.005993003673147   k=         1
        318        -0.000432539382918   k=         1
        319        0.000238341471152   k=         1
        320        -0.001190000926351   k=         1
        321        0.007967415143586   k=         1
        322        0.000387552178235   k=         1
        323        0.001043032654410   k=         1
        324        0.002460179080744   k=         1
        325        -0.013337864581900   k=         1
        326        0.000012657406674   k=         1
        327        0.000673357523707   k=         1
        328        0.002531636266088   k=         1
        329        -0.016130674619382   k=         1
        330        -0.000067479394672   k=         1
        331        0.001053682933726   k=         1
        332        0.004454259075239   k=         1
        333        -0.014924015560459   k=         1
        334        -0.000154760359503   k=         1
        335        -0.000718056744558   k=         1
        336        -0.006674377631683   k=         1
        337        0.018537297090690   k=         1
        338        0.000395653097958   k=         1
        339        0.001116329131185   k=         1
        340        -0.005517065973514   k=         1
        341        0.016836614287684   k=         1
        342        -0.000114712628122   k=         1
        343        -0.001829182392924   k=         1
        344        0.007182322689483   k=         1
        345        -0.018207817654178   k=         1
        346        -0.000073563167746   k=         1
        347        0.000067503406066   k=         1
        348        0.006225094060696   k=         1
        349        -0.012757760744716   k=         1
        350        -0.000391554409494   k=         1
        351        -0.000246639121155   k=         1
        352        0.005076772101950   k=         1
        353        -0.012720707504937   k=         1
        354        -0.000049895612606   k=         1
        355        -0.000533382022296   k=         1
        356        -0.003709397847135   k=         1
        357        0.011771084611140   k=         1
        358        0.000212362502978   k=         1
        359        -0.000843392624881   k=         1
        360        -0.004693214944539   k=         1
        361        0.011222950779470   k=         1
        362        0.000323870125020   k=         1
        363        -0.004885163746705   k=         1
        364        -0.006721598666906   k=         1
        365        0.019470468741544   k=         1
        366        -0.000339203651824   k=         1
        367        0.002865406122631   k=         1
        368        0.005297302275063   k=         1
        369        -0.011310547985683   k=         1
        370        0.000709045009653   k=         1
        371        0.000945026453628   k=         1
        372        0.001570013770501   k=         1
        373        -0.000370615688428   k=         1
        374        -0.019325475860145   k=         1
        375        -0.071882898963052   k=         1
        376        0.000254101792707   k=         1
        377        0.001393208424129   k=         1
        378        -0.000035544285385   k=         1
        379        0.000909571664385   k=         1
        380        0.001552559814806   k=         1
        381        0.000045039859668   k=         1
        382        -0.001663741687498   k=         1
        383        0.000769140537005   k=         1
        384        0.000884011760708   k=         1
        385        -0.001320022054246   k=         1
        386        0.000485024461838   k=         1
        387        -0.000482223346299   k=         1
        388        -0.000592487634918   k=         1
        389        0.000575613888733   k=         1
        390        -0.000293591334266   k=         1
        391        -0.000475304211886   k=         1
        392        0.000476410315865   k=         1
        393        0.000870328651594   k=         1
        394        -0.000170271900189   k=         1
        395        0.000674628854006   k=         1
        396        -0.000228934189418   k=         1
        397        0.000788190179029   k=         1
        398        -0.000531372420236   k=         1
        399        -0.000285388884493   k=         1
        400        -0.000049245814551   k=         1
        401        0.006796307519584   k=         1
        402        -0.017397580166031   k=         1
        403        0.000091572033797   k=         1
        404        0.000996331303680   k=         1
        405        -0.004605323809243   k=         1
        406        0.007315993898394   k=         1
        407        -0.000601511397342   k=         1
        408        0.000344180959406   k=         1
        409        -0.011403719636974   k=         1
        410        0.008737969576470   k=         1
        411        0.000447620300921   k=         1
        412        -0.001635808141511   k=         1
        413        -0.005255896030110   k=         1
        414        0.003538328280411   k=         1
        415        -0.000197770633090   k=         1
        416        0.000795579432856   k=         1
        417        0.002712272466961   k=         1
        418        -0.002839536820381   k=         1
        419        0.000091399478123   k=         1
        420        0.000137252243600   k=         1
        421        0.001913229477667   k=         1
        422        -0.001424786237829   k=         1
        423        -0.000189147616691   k=         1
        424        -0.000908396933120   k=         1
        425        0.007342310840259   k=         1
        426        -0.008320817535568   k=         1
