# file_format= v0.04.05
       144       426
    188.97268778      0.00000000      0.00000000    0
      0.00000000    188.97268778      0.00000000    0
      0.00000000      0.00000000    188.97268778    0
 6
       4
     2     2     2     2
     0     1     1     1
 1.710E+00 1.625E+00 1.625E+00 1.625E+00
 0.000E+00 0.000E+00 0.000E+00 0.000E+00
 0.000E+00 0.000E+00 0.000E+00 0.000E+00
 0.000E+00 0.000E+00 0.000E+00 0.000E+00
      0.823482     -0.606799    -0.249064
 6
       4
     2     2     2     2
     0     1     1     1
 1.710E+00 1.625E+00 1.625E+00 1.625E+00
 0.000E+00 0.000E+00 0.000E+00 0.000E+00
 0.000E+00 0.000E+00 0.000E+00 0.000E+00
 0.000E+00 0.000E+00 0.000E+00 0.000E+00
      -0.981225     1.287746    0.522764
 6
       4
     2     2     2     2
     0     1     1     1
 1.710E+00 1.625E+00 1.625E+00 1.625E+00
 0.000E+00 0.000E+00 0.000E+00 0.000E+00
 0.000E+00 0.000E+00 0.000E+00 0.000E+00
 0.000E+00 0.000E+00 0.000E+00 0.000E+00
      -0.222638     -2.925392    -1.075895
 6
       4
     2     2     2     2
     0     1     1     1
 1.710E+00 1.625E+00 1.625E+00 1.625E+00
 0.000E+00 0.000E+00 0.000E+00 0.000E+00
 0.000E+00 0.000E+00 0.000E+00 0.000E+00
 0.000E+00 0.000E+00 0.000E+00 0.000E+00
      -3.544697     0.799356    0.491642
 6
       4
     2     2     2     2
     0     1     1     1
 1.710E+00 1.625E+00 1.625E+00 1.625E+00
 0.000E+00 0.000E+00 0.000E+00 0.000E+00
 0.000E+00 0.000E+00 0.000E+00 0.000E+00
 0.000E+00 0.000E+00 0.000E+00 0.000E+00
      -4.736776     -1.528917    -0.261255
 6
       4
     2     2     2     2
     0     1     1     1
 1.710E+00 1.625E+00 1.625E+00 1.625E+00
 0.000E+00 0.000E+00 0.000E+00 0.000E+00
 0.000E+00 0.000E+00 0.000E+00 0.000E+00
 0.000E+00 0.000E+00 0.000E+00 0.000E+00
      -2.861837     -3.475253    -1.069991
 6
       4
     2     2     2     2
     0     1     1     1
 1.710E+00 1.625E+00 1.625E+00 1.625E+00
 0.000E+00 0.000E+00 0.000E+00 0.000E+00
 0.000E+00 0.000E+00 0.000E+00 0.000E+00
 0.000E+00 0.000E+00 0.000E+00 0.000E+00
      3.631638     -0.082634    -0.030946
 6
       4
     2     2     2     2
     0     1     1     1
 1.710E+00 1.625E+00 1.625E+00 1.625E+00
 0.000E+00 0.000E+00 0.000E+00 0.000E+00
 0.000E+00 0.000E+00 0.000E+00 0.000E+00
 0.000E+00 0.000E+00 0.000E+00 0.000E+00
      5.764513     0.515863    0.010647
 6
       4
     2     2     2     2
     0     1     1     1
 1.710E+00 1.625E+00 1.625E+00 1.625E+00
 0.000E+00 0.000E+00 0.000E+00 0.000E+00
 0.000E+00 0.000E+00 0.000E+00 0.000E+00
 0.000E+00 0.000E+00 0.000E+00 0.000E+00
      8.570813     0.808440    0.035493
 6
       4
     2     2     2     2
     0     1     1     1
 1.710E+00 1.625E+00 1.625E+00 1.625E+00
 0.000E+00 0.000E+00 0.000E+00 0.000E+00
 0.000E+00 0.000E+00 0.000E+00 0.000E+00
 0.000E+00 0.000E+00 0.000E+00 0.000E+00
      9.820657     3.082508    -0.746710
 6
       4
     2     2     2     2
     0     1     1     1
 1.710E+00 1.625E+00 1.625E+00 1.625E+00
 0.000E+00 0.000E+00 0.000E+00 0.000E+00
 0.000E+00 0.000E+00 0.000E+00 0.000E+00
 0.000E+00 0.000E+00 0.000E+00 0.000E+00
      10.183374     -1.239008    0.902703
 6
       4
     2     2     2     2
     0     1     1     1
 1.710E+00 1.625E+00 1.625E+00 1.625E+00
 0.000E+00 0.000E+00 0.000E+00 0.000E+00
 0.000E+00 0.000E+00 0.000E+00 0.000E+00
 0.000E+00 0.000E+00 0.000E+00 0.000E+00
      12.463716     3.267476    -0.699157
 6
       4
     2     2     2     2
     0     1     1     1
 1.710E+00 1.625E+00 1.625E+00 1.625E+00
 0.000E+00 0.000E+00 0.000E+00 0.000E+00
 0.000E+00 0.000E+00 0.000E+00 0.000E+00
 0.000E+00 0.000E+00 0.000E+00 0.000E+00
      12.810364     -0.999342    0.973322
 6
       4
     2     2     2     2
     0     1     1     1
 1.710E+00 1.625E+00 1.625E+00 1.625E+00
 0.000E+00 0.000E+00 0.000E+00 0.000E+00
 0.000E+00 0.000E+00 0.000E+00 0.000E+00
 0.000E+00 0.000E+00 0.000E+00 0.000E+00
      14.057417     1.262809    0.189560
 6
       4
     2     2     2     2
     0     1     1     1
 1.710E+00 1.625E+00 1.625E+00 1.625E+00
 0.000E+00 0.000E+00 0.000E+00 0.000E+00
 0.000E+00 0.000E+00 0.000E+00 0.000E+00
 0.000E+00 0.000E+00 0.000E+00 0.000E+00
      16.875633     1.417963    0.151337
 6
       4
     2     2     2     2
     0     1     1     1
 1.710E+00 1.625E+00 1.625E+00 1.625E+00
 0.000E+00 0.000E+00 0.000E+00 0.000E+00
 0.000E+00 0.000E+00 0.000E+00 0.000E+00
 0.000E+00 0.000E+00 0.000E+00 0.000E+00
      19.062112     1.306579    0.299085
 6
       4
     2     2     2     2
     0     1     1     1
 1.710E+00 1.625E+00 1.625E+00 1.625E+00
 0.000E+00 0.000E+00 0.000E+00 0.000E+00
 0.000E+00 0.000E+00 0.000E+00 0.000E+00
 0.000E+00 0.000E+00 0.000E+00 0.000E+00
      21.896644     1.275852    0.158969
 6
       4
     2     2     2     2
     0     1     1     1
 1.710E+00 1.625E+00 1.625E+00 1.625E+00
 0.000E+00 0.000E+00 0.000E+00 0.000E+00
 0.000E+00 0.000E+00 0.000E+00 0.000E+00
 0.000E+00 0.000E+00 0.000E+00 0.000E+00
      23.147531     -0.541548    1.642858
 6
       4
     2     2     2     2
     0     1     1     1
 1.710E+00 1.625E+00 1.625E+00 1.625E+00
 0.000E+00 0.000E+00 0.000E+00 0.000E+00
 0.000E+00 0.000E+00 0.000E+00 0.000E+00
 0.000E+00 0.000E+00 0.000E+00 0.000E+00
      23.329117     2.897396    -1.440500
 6
       4
     2     2     2     2
     0     1     1     1
 1.710E+00 1.625E+00 1.625E+00 1.625E+00
 0.000E+00 0.000E+00 0.000E+00 0.000E+00
 0.000E+00 0.000E+00 0.000E+00 0.000E+00
 0.000E+00 0.000E+00 0.000E+00 0.000E+00
      25.996376     2.517266    -1.541415
 6
       4
     2     2     2     2
     0     1     1     1
 1.710E+00 1.625E+00 1.625E+00 1.625E+00
 0.000E+00 0.000E+00 0.000E+00 0.000E+00
 0.000E+00 0.000E+00 0.000E+00 0.000E+00
 0.000E+00 0.000E+00 0.000E+00 0.000E+00
      25.868094     -0.931130    1.502956
 6
       4
     2     2     2     2
     0     1     1     1
 1.710E+00 1.625E+00 1.625E+00 1.625E+00
 0.000E+00 0.000E+00 0.000E+00 0.000E+00
 0.000E+00 0.000E+00 0.000E+00 0.000E+00
 0.000E+00 0.000E+00 0.000E+00 0.000E+00
      27.253912     0.675605    -0.047494
 6
       4
     2     2     2     2
     0     1     1     1
 1.710E+00 1.625E+00 1.625E+00 1.625E+00
 0.000E+00 0.000E+00 0.000E+00 0.000E+00
 0.000E+00 0.000E+00 0.000E+00 0.000E+00
 0.000E+00 0.000E+00 0.000E+00 0.000E+00
      30.071992     0.358447    -0.013394
 6
       4
     2     2     2     2
     0     1     1     1
 1.710E+00 1.625E+00 1.625E+00 1.625E+00
 0.000E+00 0.000E+00 0.000E+00 0.000E+00
 0.000E+00 0.000E+00 0.000E+00 0.000E+00
 0.000E+00 0.000E+00 0.000E+00 0.000E+00
      32.197943     0.101471    0.296037
 6
       4
     2     2     2     2
     0     1     1     1
 1.710E+00 1.625E+00 1.625E+00 1.625E+00
 0.000E+00 0.000E+00 0.000E+00 0.000E+00
 0.000E+00 0.000E+00 0.000E+00 0.000E+00
 0.000E+00 0.000E+00 0.000E+00 0.000E+00
      34.897407     0.015227    0.260971
 6
       4
     2     2     2     2
     0     1     1     1
 1.710E+00 1.625E+00 1.625E+00 1.625E+00
 0.000E+00 0.000E+00 0.000E+00 0.000E+00
 0.000E+00 0.000E+00 0.000E+00 0.000E+00
 0.000E+00 0.000E+00 0.000E+00 0.000E+00
      36.372892     -2.287521    0.682735
 6
       4
     2     2     2     2
     0     1     1     1
 1.710E+00 1.625E+00 1.625E+00 1.625E+00
 0.000E+00 0.000E+00 0.000E+00 0.000E+00
 0.000E+00 0.000E+00 0.000E+00 0.000E+00
 0.000E+00 0.000E+00 0.000E+00 0.000E+00
      36.311680     2.261318    -0.310206
 6
       4
     2     2     2     2
     0     1     1     1
 1.710E+00 1.625E+00 1.625E+00 1.625E+00
 0.000E+00 0.000E+00 0.000E+00 0.000E+00
 0.000E+00 0.000E+00 0.000E+00 0.000E+00
 0.000E+00 0.000E+00 0.000E+00 0.000E+00
      39.022182     2.190315    -0.441591
 6
       4
     2     2     2     2
     0     1     1     1
 1.710E+00 1.625E+00 1.625E+00 1.625E+00
 0.000E+00 0.000E+00 0.000E+00 0.000E+00
 0.000E+00 0.000E+00 0.000E+00 0.000E+00
 0.000E+00 0.000E+00 0.000E+00 0.000E+00
      39.044645     -2.328350    0.644215
 6
       4
     2     2     2     2
     0     1     1     1
 1.710E+00 1.625E+00 1.625E+00 1.625E+00
 0.000E+00 0.000E+00 0.000E+00 0.000E+00
 0.000E+00 0.000E+00 0.000E+00 0.000E+00
 0.000E+00 0.000E+00 0.000E+00 0.000E+00
      40.440433     -0.061796    -0.061582
 6
       4
     2     2     2     2
     0     1     1     1
 1.710E+00 1.625E+00 1.625E+00 1.625E+00
 0.000E+00 0.000E+00 0.000E+00 0.000E+00
 0.000E+00 0.000E+00 0.000E+00 0.000E+00
 0.000E+00 0.000E+00 0.000E+00 0.000E+00
      43.209796     -0.305646    -0.261617
 6
       4
     2     2     2     2
     0     1     1     1
 1.710E+00 1.625E+00 1.625E+00 1.625E+00
 0.000E+00 0.000E+00 0.000E+00 0.000E+00
 0.000E+00 0.000E+00 0.000E+00 0.000E+00
 0.000E+00 0.000E+00 0.000E+00 0.000E+00
      45.402256     -0.532653    -0.301372
 6
       4
     2     2     2     2
     0     1     1     1
 1.710E+00 1.625E+00 1.625E+00 1.625E+00
 0.000E+00 0.000E+00 0.000E+00 0.000E+00
 0.000E+00 0.000E+00 0.000E+00 0.000E+00
 0.000E+00 0.000E+00 0.000E+00 0.000E+00
      48.350745     -0.547164    -0.311945
 6
       4
     2     2     2     2
     0     1     1     1
 1.710E+00 1.625E+00 1.625E+00 1.625E+00
 0.000E+00 0.000E+00 0.000E+00 0.000E+00
 0.000E+00 0.000E+00 0.000E+00 0.000E+00
 0.000E+00 0.000E+00 0.000E+00 0.000E+00
      49.661806     -2.507339    0.918418
 6
       4
     2     2     2     2
     0     1     1     1
 1.710E+00 1.625E+00 1.625E+00 1.625E+00
 0.000E+00 0.000E+00 0.000E+00 0.000E+00
 0.000E+00 0.000E+00 0.000E+00 0.000E+00
 0.000E+00 0.000E+00 0.000E+00 0.000E+00
      49.575833     1.783939    -1.148855
 6
       4
     2     2     2     2
     0     1     1     1
 1.710E+00 1.625E+00 1.625E+00 1.625E+00
 0.000E+00 0.000E+00 0.000E+00 0.000E+00
 0.000E+00 0.000E+00 0.000E+00 0.000E+00
 0.000E+00 0.000E+00 0.000E+00 0.000E+00
      52.140911     1.993678    -1.046715
 6
       4
     2     2     2     2
     0     1     1     1
 1.710E+00 1.625E+00 1.625E+00 1.625E+00
 0.000E+00 0.000E+00 0.000E+00 0.000E+00
 0.000E+00 0.000E+00 0.000E+00 0.000E+00
 0.000E+00 0.000E+00 0.000E+00 0.000E+00
      52.409096     -2.063288    1.137900
 6
       4
     2     2     2     2
     0     1     1     1
 1.710E+00 1.625E+00 1.625E+00 1.625E+00
 0.000E+00 0.000E+00 0.000E+00 0.000E+00
 0.000E+00 0.000E+00 0.000E+00 0.000E+00
 0.000E+00 0.000E+00 0.000E+00 0.000E+00
      53.571222     0.044422    0.158325
 6
       4
     2     2     2     2
     0     1     1     1
 1.710E+00 1.625E+00 1.625E+00 1.625E+00
 0.000E+00 0.000E+00 0.000E+00 0.000E+00
 0.000E+00 0.000E+00 0.000E+00 0.000E+00
 0.000E+00 0.000E+00 0.000E+00 0.000E+00
      56.433811     0.198845    0.190658
 1
       1
     1
     0
 1.300E+00
 0.000E+00
 0.000E+00
 0.000E+00
      -4.618640     2.377608    0.838978
 1
       1
     1
     0
 1.300E+00
 0.000E+00
 0.000E+00
 0.000E+00
      -0.267066     3.051239    1.098564
 1
       1
     1
     0
 1.300E+00
 0.000E+00
 0.000E+00
 0.000E+00
      -6.404828     -1.953465    -0.364262
 1
       1
     1
     0
 1.300E+00
 0.000E+00
 0.000E+00
 0.000E+00
      -3.574562     -5.142373    -1.731887
 1
       1
     1
     0
 1.300E+00
 0.000E+00
 0.000E+00
 0.000E+00
      0.935885     -4.200426    -1.904547
 1
       1
     1
     0
 1.300E+00
 0.000E+00
 0.000E+00
 0.000E+00
      9.001012     4.679731    -1.413884
 1
       1
     1
     0
 1.300E+00
 0.000E+00
 0.000E+00
 0.000E+00
      9.412805     -2.906300    1.547224
 1
       1
     1
     0
 1.300E+00
 0.000E+00
 0.000E+00
 0.000E+00
      13.325433     4.796748    -1.504889
 1
       1
     1
     0
 1.300E+00
 0.000E+00
 0.000E+00
 0.000E+00
      13.896731     -2.433328    1.757589
 1
       1
     1
     0
 1.300E+00
 0.000E+00
 0.000E+00
 0.000E+00
      22.485007     4.217298    -2.517310
 1
       1
     1
     0
 1.300E+00
 0.000E+00
 0.000E+00
 0.000E+00
      27.051454     3.735527    -2.739496
 1
       1
     1
     0
 1.300E+00
 0.000E+00
 0.000E+00
 0.000E+00
      22.109229     -1.594881    2.888760
 1
       1
     1
     0
 1.300E+00
 0.000E+00
 0.000E+00
 0.000E+00
      26.798839     -2.340719    2.416491
 1
       1
     1
     0
 1.300E+00
 0.000E+00
 0.000E+00
 0.000E+00
      35.470593     4.004849    -0.622910
 1
       1
     1
     0
 1.300E+00
 0.000E+00
 0.000E+00
 0.000E+00
      35.349715     -3.788672    1.313575
 1
       1
     1
     0
 1.300E+00
 0.000E+00
 0.000E+00
 0.000E+00
      39.892114     3.850657    -0.761915
 1
       1
     1
     0
 1.300E+00
 0.000E+00
 0.000E+00
 0.000E+00
      40.142631     -3.847573    0.964418
 1
       1
     1
     0
 1.300E+00
 0.000E+00
 0.000E+00
 0.000E+00
      48.310335     3.048680    -1.849637
 1
       1
     1
     0
 1.300E+00
 0.000E+00
 0.000E+00
 0.000E+00
      48.741381     -3.957578    1.714981
 1
       1
     1
     0
 1.300E+00
 0.000E+00
 0.000E+00
 0.000E+00
      53.035957     3.434460    -1.913013
 1
       1
     1
     0
 1.300E+00
 0.000E+00
 0.000E+00
 0.000E+00
      53.485701     -3.330243    2.142020
 1
       1
     1
     0
 1.300E+00
 0.000E+00
 0.000E+00
 0.000E+00
      61.851482     3.926320    -1.244061
 1
       1
     1
     0
 1.300E+00
 0.000E+00
 0.000E+00
 0.000E+00
      61.605007     -3.663478    1.010620
 6
       4
     2     2     2     2
     0     1     1     1
 1.710E+00 1.625E+00 1.625E+00 1.625E+00
 0.000E+00 0.000E+00 0.000E+00 0.000E+00
 0.000E+00 0.000E+00 0.000E+00 0.000E+00
 0.000E+00 0.000E+00 0.000E+00 0.000E+00
      69.602461     0.029618    0.134904
 1
       1
     1
     0
 1.300E+00
 0.000E+00
 0.000E+00
 0.000E+00
      66.517918     3.925201    -1.280973
 1
       1
     1
     0
 1.300E+00
 0.000E+00
 0.000E+00
 0.000E+00
      66.441246     -3.895130    0.581353
 6
       4
     2     2     2     2
     0     1     1     1
 1.710E+00 1.625E+00 1.625E+00 1.625E+00
 0.000E+00 0.000E+00 0.000E+00 0.000E+00
 0.000E+00 0.000E+00 0.000E+00 0.000E+00
 0.000E+00 0.000E+00 0.000E+00 0.000E+00
      58.610375     0.150961    0.057965
 6
       4
     2     2     2     2
     0     1     1     1
 1.710E+00 1.625E+00 1.625E+00 1.625E+00
 0.000E+00 0.000E+00 0.000E+00 0.000E+00
 0.000E+00 0.000E+00 0.000E+00 0.000E+00
 0.000E+00 0.000E+00 0.000E+00 0.000E+00
      61.373574     0.206747    -0.139569
 6
       4
     2     2     2     2
     0     1     1     1
 1.710E+00 1.625E+00 1.625E+00 1.625E+00
 0.000E+00 0.000E+00 0.000E+00 0.000E+00
 0.000E+00 0.000E+00 0.000E+00 0.000E+00
 0.000E+00 0.000E+00 0.000E+00 0.000E+00
      62.754047     -2.141940    0.634370
 6
       4
     2     2     2     2
     0     1     1     1
 1.710E+00 1.625E+00 1.625E+00 1.625E+00
 0.000E+00 0.000E+00 0.000E+00 0.000E+00
 0.000E+00 0.000E+00 0.000E+00 0.000E+00
 0.000E+00 0.000E+00 0.000E+00 0.000E+00
      62.776372     2.318658    -0.833163
 6
       4
     2     2     2     2
     0     1     1     1
 1.710E+00 1.625E+00 1.625E+00 1.625E+00
 0.000E+00 0.000E+00 0.000E+00 0.000E+00
 0.000E+00 0.000E+00 0.000E+00 0.000E+00
 0.000E+00 0.000E+00 0.000E+00 0.000E+00
      65.531311     2.247453    -0.898807
 6
       4
     2     2     2     2
     0     1     1     1
 1.710E+00 1.625E+00 1.625E+00 1.625E+00
 0.000E+00 0.000E+00 0.000E+00 0.000E+00
 0.000E+00 0.000E+00 0.000E+00 0.000E+00
 0.000E+00 0.000E+00 0.000E+00 0.000E+00
      65.289727     -2.270402    0.597537
 6
       4
     2     2     2     2
     0     1     1     1
 1.710E+00 1.625E+00 1.625E+00 1.625E+00
 0.000E+00 0.000E+00 0.000E+00 0.000E+00
 0.000E+00 0.000E+00 0.000E+00 0.000E+00
 0.000E+00 0.000E+00 0.000E+00 0.000E+00
      66.800648     0.041502    -0.016847
 6
       4
     2     2     2     2
     0     1     1     1
 1.710E+00 1.625E+00 1.625E+00 1.625E+00
 0.000E+00 0.000E+00 0.000E+00 0.000E+00
 0.000E+00 0.000E+00 0.000E+00 0.000E+00
 0.000E+00 0.000E+00 0.000E+00 0.000E+00
      80.059457     -0.227357    0.291708
 6
       4
     2     2     2     2
     0     1     1     1
 1.710E+00 1.625E+00 1.625E+00 1.625E+00
 0.000E+00 0.000E+00 0.000E+00 0.000E+00
 0.000E+00 0.000E+00 0.000E+00 0.000E+00
 0.000E+00 0.000E+00 0.000E+00 0.000E+00
      78.791834     2.130666    -0.400248
 6
       4
     2     2     2     2
     0     1     1     1
 1.710E+00 1.625E+00 1.625E+00 1.625E+00
 0.000E+00 0.000E+00 0.000E+00 0.000E+00
 0.000E+00 0.000E+00 0.000E+00 0.000E+00
 0.000E+00 0.000E+00 0.000E+00 0.000E+00
      78.358626     -2.256274    0.965833
 6
       4
     2     2     2     2
     0     1     1     1
 1.710E+00 1.625E+00 1.625E+00 1.625E+00
 0.000E+00 0.000E+00 0.000E+00 0.000E+00
 0.000E+00 0.000E+00 0.000E+00 0.000E+00
 0.000E+00 0.000E+00 0.000E+00 0.000E+00
      76.125176     2.398994    -0.445429
 6
       4
     2     2     2     2
     0     1     1     1
 1.710E+00 1.625E+00 1.625E+00 1.625E+00
 0.000E+00 0.000E+00 0.000E+00 0.000E+00
 0.000E+00 0.000E+00 0.000E+00 0.000E+00
 0.000E+00 0.000E+00 0.000E+00 0.000E+00
      74.535075     0.200058    0.147499
 6
       4
     2     2     2     2
     0     1     1     1
 1.710E+00 1.625E+00 1.625E+00 1.625E+00
 0.000E+00 0.000E+00 0.000E+00 0.000E+00
 0.000E+00 0.000E+00 0.000E+00 0.000E+00
 0.000E+00 0.000E+00 0.000E+00 0.000E+00
      75.708296     -2.074972    0.872556
 6
       4
     2     2     2     2
     0     1     1     1
 1.710E+00 1.625E+00 1.625E+00 1.625E+00
 0.000E+00 0.000E+00 0.000E+00 0.000E+00
 0.000E+00 0.000E+00 0.000E+00 0.000E+00
 0.000E+00 0.000E+00 0.000E+00 0.000E+00
      82.884553     -0.240073    0.294618
 6
       4
     2     2     2     2
     0     1     1     1
 1.710E+00 1.625E+00 1.625E+00 1.625E+00
 0.000E+00 0.000E+00 0.000E+00 0.000E+00
 0.000E+00 0.000E+00 0.000E+00 0.000E+00
 0.000E+00 0.000E+00 0.000E+00 0.000E+00
      85.059384     -0.108559    0.186350
 6
       4
     2     2     2     2
     0     1     1     1
 1.710E+00 1.625E+00 1.625E+00 1.625E+00
 0.000E+00 0.000E+00 0.000E+00 0.000E+00
 0.000E+00 0.000E+00 0.000E+00 0.000E+00
 0.000E+00 0.000E+00 0.000E+00 0.000E+00
      87.896632     0.127260    -0.007714
 6
       4
     2     2     2     2
     0     1     1     1
 1.710E+00 1.625E+00 1.625E+00 1.625E+00
 0.000E+00 0.000E+00 0.000E+00 0.000E+00
 0.000E+00 0.000E+00 0.000E+00 0.000E+00
 0.000E+00 0.000E+00 0.000E+00 0.000E+00
      89.098900     2.274041    -1.017173
 6
       4
     2     2     2     2
     0     1     1     1
 1.710E+00 1.625E+00 1.625E+00 1.625E+00
 0.000E+00 0.000E+00 0.000E+00 0.000E+00
 0.000E+00 0.000E+00 0.000E+00 0.000E+00
 0.000E+00 0.000E+00 0.000E+00 0.000E+00
      89.466178     -1.964357    0.795590
 6
       4
     2     2     2     2
     0     1     1     1
 1.710E+00 1.625E+00 1.625E+00 1.625E+00
 0.000E+00 0.000E+00 0.000E+00 0.000E+00
 0.000E+00 0.000E+00 0.000E+00 0.000E+00
 0.000E+00 0.000E+00 0.000E+00 0.000E+00
      91.817727     2.393839    -1.287298
 6
       4
     2     2     2     2
     0     1     1     1
 1.710E+00 1.625E+00 1.625E+00 1.625E+00
 0.000E+00 0.000E+00 0.000E+00 0.000E+00
 0.000E+00 0.000E+00 0.000E+00 0.000E+00
 0.000E+00 0.000E+00 0.000E+00 0.000E+00
      92.180212     -1.962108    0.436965
 6
       4
     2     2     2     2
     0     1     1     1
 1.710E+00 1.625E+00 1.625E+00 1.625E+00
 0.000E+00 0.000E+00 0.000E+00 0.000E+00
 0.000E+00 0.000E+00 0.000E+00 0.000E+00
 0.000E+00 0.000E+00 0.000E+00 0.000E+00
      93.364921     0.338718    -0.433787
 6
       4
     2     2     2     2
     0     1     1     1
 1.710E+00 1.625E+00 1.625E+00 1.625E+00
 0.000E+00 0.000E+00 0.000E+00 0.000E+00
 0.000E+00 0.000E+00 0.000E+00 0.000E+00
 0.000E+00 0.000E+00 0.000E+00 0.000E+00
      96.220074     0.512496    -0.404925
 6
       4
     2     2     2     2
     0     1     1     1
 1.710E+00 1.625E+00 1.625E+00 1.625E+00
 0.000E+00 0.000E+00 0.000E+00 0.000E+00
 0.000E+00 0.000E+00 0.000E+00 0.000E+00
 0.000E+00 0.000E+00 0.000E+00 0.000E+00
      98.367203     0.307965    0.006890
 6
       4
     2     2     2     2
     0     1     1     1
 1.710E+00 1.625E+00 1.625E+00 1.625E+00
 0.000E+00 0.000E+00 0.000E+00 0.000E+00
 0.000E+00 0.000E+00 0.000E+00 0.000E+00
 0.000E+00 0.000E+00 0.000E+00 0.000E+00
      101.242253     0.220000    0.198933
 6
       4
     2     2     2     2
     0     1     1     1
 1.710E+00 1.625E+00 1.625E+00 1.625E+00
 0.000E+00 0.000E+00 0.000E+00 0.000E+00
 0.000E+00 0.000E+00 0.000E+00 0.000E+00
 0.000E+00 0.000E+00 0.000E+00 0.000E+00
      102.545707     -2.062800    0.785111
 6
       4
     2     2     2     2
     0     1     1     1
 1.710E+00 1.625E+00 1.625E+00 1.625E+00
 0.000E+00 0.000E+00 0.000E+00 0.000E+00
 0.000E+00 0.000E+00 0.000E+00 0.000E+00
 0.000E+00 0.000E+00 0.000E+00 0.000E+00
      102.629270     2.468513    -0.595010
 6
       4
     2     2     2     2
     0     1     1     1
 1.710E+00 1.625E+00 1.625E+00 1.625E+00
 0.000E+00 0.000E+00 0.000E+00 0.000E+00
 0.000E+00 0.000E+00 0.000E+00 0.000E+00
 0.000E+00 0.000E+00 0.000E+00 0.000E+00
      105.224839     2.499714    -0.777163
 6
       4
     2     2     2     2
     0     1     1     1
 1.710E+00 1.625E+00 1.625E+00 1.625E+00
 0.000E+00 0.000E+00 0.000E+00 0.000E+00
 0.000E+00 0.000E+00 0.000E+00 0.000E+00
 0.000E+00 0.000E+00 0.000E+00 0.000E+00
      105.268197     -2.018112    0.742216
 6
       4
     2     2     2     2
     0     1     1     1
 1.710E+00 1.625E+00 1.625E+00 1.625E+00
 0.000E+00 0.000E+00 0.000E+00 0.000E+00
 0.000E+00 0.000E+00 0.000E+00 0.000E+00
 0.000E+00 0.000E+00 0.000E+00 0.000E+00
      106.623815     0.150895    -0.086353
 6
       4
     2     2     2     2
     0     1     1     1
 1.710E+00 1.625E+00 1.625E+00 1.625E+00
 0.000E+00 0.000E+00 0.000E+00 0.000E+00
 0.000E+00 0.000E+00 0.000E+00 0.000E+00
 0.000E+00 0.000E+00 0.000E+00 0.000E+00
      109.424436     0.462543    -0.040792
 6
       4
     2     2     2     2
     0     1     1     1
 1.710E+00 1.625E+00 1.625E+00 1.625E+00
 0.000E+00 0.000E+00 0.000E+00 0.000E+00
 0.000E+00 0.000E+00 0.000E+00 0.000E+00
 0.000E+00 0.000E+00 0.000E+00 0.000E+00
      111.543372     0.975565    0.145649
 6
       4
     2     2     2     2
     0     1     1     1
 1.710E+00 1.625E+00 1.625E+00 1.625E+00
 0.000E+00 0.000E+00 0.000E+00 0.000E+00
 0.000E+00 0.000E+00 0.000E+00 0.000E+00
 0.000E+00 0.000E+00 0.000E+00 0.000E+00
      114.332427     0.921835    0.183519
 6
       4
     2     2     2     2
     0     1     1     1
 1.710E+00 1.625E+00 1.625E+00 1.625E+00
 0.000E+00 0.000E+00 0.000E+00 0.000E+00
 0.000E+00 0.000E+00 0.000E+00 0.000E+00
 0.000E+00 0.000E+00 0.000E+00 0.000E+00
      115.498106     -1.531978    -0.308989
 6
       4
     2     2     2     2
     0     1     1     1
 1.710E+00 1.625E+00 1.625E+00 1.625E+00
 0.000E+00 0.000E+00 0.000E+00 0.000E+00
 0.000E+00 0.000E+00 0.000E+00 0.000E+00
 0.000E+00 0.000E+00 0.000E+00 0.000E+00
      115.915121     3.142229    0.647981
 6
       4
     2     2     2     2
     0     1     1     1
 1.710E+00 1.625E+00 1.625E+00 1.625E+00
 0.000E+00 0.000E+00 0.000E+00 0.000E+00
 0.000E+00 0.000E+00 0.000E+00 0.000E+00
 0.000E+00 0.000E+00 0.000E+00 0.000E+00
      118.535655     2.853913    0.723270
 6
       4
     2     2     2     2
     0     1     1     1
 1.710E+00 1.625E+00 1.625E+00 1.625E+00
 0.000E+00 0.000E+00 0.000E+00 0.000E+00
 0.000E+00 0.000E+00 0.000E+00 0.000E+00
 0.000E+00 0.000E+00 0.000E+00 0.000E+00
      118.151402     -1.715529    -0.352475
 6
       4
     2     2     2     2
     0     1     1     1
 1.710E+00 1.625E+00 1.625E+00 1.625E+00
 0.000E+00 0.000E+00 0.000E+00 0.000E+00
 0.000E+00 0.000E+00 0.000E+00 0.000E+00
 0.000E+00 0.000E+00 0.000E+00 0.000E+00
      119.735854     0.508399    0.200946
 6
       4
     2     2     2     2
     0     1     1     1
 1.710E+00 1.625E+00 1.625E+00 1.625E+00
 0.000E+00 0.000E+00 0.000E+00 0.000E+00
 0.000E+00 0.000E+00 0.000E+00 0.000E+00
 0.000E+00 0.000E+00 0.000E+00 0.000E+00
      122.522183     0.132264    0.189651
 6
       4
     2     2     2     2
     0     1     1     1
 1.710E+00 1.625E+00 1.625E+00 1.625E+00
 0.000E+00 0.000E+00 0.000E+00 0.000E+00
 0.000E+00 0.000E+00 0.000E+00 0.000E+00
 0.000E+00 0.000E+00 0.000E+00 0.000E+00
      124.658978     -0.203516    -0.050756
 6
       4
     2     2     2     2
     0     1     1     1
 1.710E+00 1.625E+00 1.625E+00 1.625E+00
 0.000E+00 0.000E+00 0.000E+00 0.000E+00
 0.000E+00 0.000E+00 0.000E+00 0.000E+00
 0.000E+00 0.000E+00 0.000E+00 0.000E+00
      127.531889     -0.375506    -0.231765
 6
       4
     2     2     2     2
     0     1     1     1
 1.710E+00 1.625E+00 1.625E+00 1.625E+00
 0.000E+00 0.000E+00 0.000E+00 0.000E+00
 0.000E+00 0.000E+00 0.000E+00 0.000E+00
 0.000E+00 0.000E+00 0.000E+00 0.000E+00
      128.822479     -2.468831    -1.173662
 6
       4
     2     2     2     2
     0     1     1     1
 1.710E+00 1.625E+00 1.625E+00 1.625E+00
 0.000E+00 0.000E+00 0.000E+00 0.000E+00
 0.000E+00 0.000E+00 0.000E+00 0.000E+00
 0.000E+00 0.000E+00 0.000E+00 0.000E+00
      128.967752     1.717791    0.553535
 6
       4
     2     2     2     2
     0     1     1     1
 1.710E+00 1.625E+00 1.625E+00 1.625E+00
 0.000E+00 0.000E+00 0.000E+00 0.000E+00
 0.000E+00 0.000E+00 0.000E+00 0.000E+00
 0.000E+00 0.000E+00 0.000E+00 0.000E+00
      131.743219     1.614283    0.614849
 6
       4
     2     2     2     2
     0     1     1     1
 1.710E+00 1.625E+00 1.625E+00 1.625E+00
 0.000E+00 0.000E+00 0.000E+00 0.000E+00
 0.000E+00 0.000E+00 0.000E+00 0.000E+00
 0.000E+00 0.000E+00 0.000E+00 0.000E+00
      131.435048     -2.704330    -1.155320
 6
       4
     2     2     2     2
     0     1     1     1
 1.710E+00 1.625E+00 1.625E+00 1.625E+00
 0.000E+00 0.000E+00 0.000E+00 0.000E+00
 0.000E+00 0.000E+00 0.000E+00 0.000E+00
 0.000E+00 0.000E+00 0.000E+00 0.000E+00
      133.006534     -0.702742    -0.193321
 6
       4
     2     2     2     2
     0     1     1     1
 1.710E+00 1.625E+00 1.625E+00 1.625E+00
 0.000E+00 0.000E+00 0.000E+00 0.000E+00
 0.000E+00 0.000E+00 0.000E+00 0.000E+00
 0.000E+00 0.000E+00 0.000E+00 0.000E+00
      135.803932     -0.942552    0.112781
 1
       1
     1
     0
 1.300E+00
 0.000E+00
 0.000E+00
 0.000E+00
      75.192687     4.125351    -0.971045
 1
       1
     1
     0
 1.300E+00
 0.000E+00
 0.000E+00
 0.000E+00
      79.747705     3.769692    -0.695665
 6
       4
     2     2     2     2
     0     1     1     1
 1.710E+00 1.625E+00 1.625E+00 1.625E+00
 0.000E+00 0.000E+00 0.000E+00 0.000E+00
 0.000E+00 0.000E+00 0.000E+00 0.000E+00
 0.000E+00 0.000E+00 0.000E+00 0.000E+00
      71.806887     0.314144    0.070498
 1
       1
     1
     0
 1.300E+00
 0.000E+00
 0.000E+00
 0.000E+00
      74.588091     -3.585927    1.407784
 1
       1
     1
     0
 1.300E+00
 0.000E+00
 0.000E+00
 0.000E+00
      79.155540     -3.963884    1.239972
 1
       1
     1
     0
 1.300E+00
 0.000E+00
 0.000E+00
 0.000E+00
      87.975859     3.891331    -1.318713
 1
       1
     1
     0
 1.300E+00
 0.000E+00
 0.000E+00
 0.000E+00
      88.619505     -3.395998    1.777845
 1
       1
     1
     0
 1.300E+00
 0.000E+00
 0.000E+00
 0.000E+00
      92.636981     4.022718    -1.885098
 1
       1
     1
     0
 1.300E+00
 0.000E+00
 0.000E+00
 0.000E+00
      93.360735     -3.413251    0.897032
 1
       1
     1
     0
 1.300E+00
 0.000E+00
 0.000E+00
 0.000E+00
      101.546662     4.012147    -1.184359
 1
       1
     1
     0
 1.300E+00
 0.000E+00
 0.000E+00
 0.000E+00
      106.442823     3.900655    -1.240044
 1
       1
     1
     0
 1.300E+00
 0.000E+00
 0.000E+00
 0.000E+00
      101.690774     -3.667907    1.334976
 1
       1
     1
     0
 1.300E+00
 0.000E+00
 0.000E+00
 0.000E+00
      106.227057     -3.528803    1.388935
 1
       1
     1
     0
 1.300E+00
 0.000E+00
 0.000E+00
 0.000E+00
      115.102144     4.854921    0.959406
 1
       1
     1
     0
 1.300E+00
 0.000E+00
 0.000E+00
 0.000E+00
      114.495370     -3.031343    -0.899882
 1
       1
     1
     0
 1.300E+00
 0.000E+00
 0.000E+00
 0.000E+00
      119.694515     4.405401    0.920707
 1
       1
     1
     0
 1.300E+00
 0.000E+00
 0.000E+00
 0.000E+00
      119.007357     -3.337999    -0.831154
 1
       1
     1
     0
 1.300E+00
 0.000E+00
 0.000E+00
 0.000E+00
      128.191138     3.516693    0.923031
 1
       1
     1
     0
 1.300E+00
 0.000E+00
 0.000E+00
 0.000E+00
      127.852532     -4.104080    -1.794688
 1
       1
     1
     0
 1.300E+00
 0.000E+00
 0.000E+00
 0.000E+00
      132.978927     3.128678    1.141020
 1
       1
     1
     0
 1.300E+00
 0.000E+00
 0.000E+00
 0.000E+00
      132.428074     -4.241384    -1.781522
 1
       1
     1
     0
 1.300E+00
 0.000E+00
 0.000E+00
 0.000E+00
      141.463472     1.751716    3.356909
 1
       1
     1
     0
 1.300E+00
 0.000E+00
 0.000E+00
 0.000E+00
      141.073266     -4.019266    -2.384220
 1
       1
     1
     0
 1.300E+00
 0.000E+00
 0.000E+00
 0.000E+00
      147.940417     -1.720114    0.274282
 1
       1
     1
     0
 1.300E+00
 0.000E+00
 0.000E+00
 0.000E+00
      145.828747     1.587708    3.064548
 1
       1
     1
     0
 1.300E+00
 0.000E+00
 0.000E+00
 0.000E+00
      145.468601     -4.111328    -2.831418
 6
       4
     2     2     2     2
     0     1     1     1
 1.710E+00 1.625E+00 1.625E+00 1.625E+00
 0.000E+00 0.000E+00 0.000E+00 0.000E+00
 0.000E+00 0.000E+00 0.000E+00 0.000E+00
 0.000E+00 0.000E+00 0.000E+00 0.000E+00
      137.995558     -0.969099    0.448593
 6
       4
     2     2     2     2
     0     1     1     1
 1.710E+00 1.625E+00 1.625E+00 1.625E+00
 0.000E+00 0.000E+00 0.000E+00 0.000E+00
 0.000E+00 0.000E+00 0.000E+00 0.000E+00
 0.000E+00 0.000E+00 0.000E+00 0.000E+00
      140.774894     -0.987274    0.486741
 6
       4
     2     2     2     2
     0     1     1     1
 1.710E+00 1.625E+00 1.625E+00 1.625E+00
 0.000E+00 0.000E+00 0.000E+00 0.000E+00
 0.000E+00 0.000E+00 0.000E+00 0.000E+00
 0.000E+00 0.000E+00 0.000E+00 0.000E+00
      142.080972     -2.803363    -1.254931
 6
       4
     2     2     2     2
     0     1     1     1
 1.710E+00 1.625E+00 1.625E+00 1.625E+00
 0.000E+00 0.000E+00 0.000E+00 0.000E+00
 0.000E+00 0.000E+00 0.000E+00 0.000E+00
 0.000E+00 0.000E+00 0.000E+00 0.000E+00
      142.216460     0.500369    2.009196
 6
       4
     2     2     2     2
     0     1     1     1
 1.710E+00 1.625E+00 1.625E+00 1.625E+00
 0.000E+00 0.000E+00 0.000E+00 0.000E+00
 0.000E+00 0.000E+00 0.000E+00 0.000E+00
 0.000E+00 0.000E+00 0.000E+00 0.000E+00
      145.016954     0.359672    1.864814
 6
       4
     2     2     2     2
     0     1     1     1
 1.710E+00 1.625E+00 1.625E+00 1.625E+00
 0.000E+00 0.000E+00 0.000E+00 0.000E+00
 0.000E+00 0.000E+00 0.000E+00 0.000E+00
 0.000E+00 0.000E+00 0.000E+00 0.000E+00
      144.729370     -2.918395    -1.482624
 6
       4
     2     2     2     2
     0     1     1     1
 1.710E+00 1.625E+00 1.625E+00 1.625E+00
 0.000E+00 0.000E+00 0.000E+00 0.000E+00
 0.000E+00 0.000E+00 0.000E+00 0.000E+00
 0.000E+00 0.000E+00 0.000E+00 0.000E+00
      146.205683     -1.385851    0.189303
# LCAO coefficients .. are not included.
         1
        1        -0.000100729545985   k=         1
        2        -0.000710950731686   k=         1
        3        -0.000810241490478   k=         1
        4        0.005465517589939   k=         1
        5        0.000439165467292   k=         1
        6        0.001724268667940   k=         1
        7        -0.002855735601382   k=         1
        8        0.004544193677808   k=         1
        9        -0.000275116970738   k=         1
        10        0.000423424835550   k=         1
        11        -0.002870920232513   k=         1
        12        0.003603788082695   k=         1
        13        -0.000232001470398   k=         1
        14        -0.000620610679082   k=         1
        15        0.000714709189528   k=         1
        16        -0.001596695808292   k=         1
        17        0.000038399262598   k=         1
        18        0.000075857751689   k=         1
        19        0.001887184338776   k=         1
        20        -0.006738824639711   k=         1
        21        -0.000016289762522   k=         1
        22        -0.000551357018030   k=         1
        23        0.001288383494207   k=         1
        24        -0.002341976067816   k=         1
        25        -0.000222797698960   k=         1
        26        0.001562546922903   k=         1
        27        -0.001965239722553   k=         1
        28        -0.008870734475878   k=         1
        29        -0.000041020520315   k=         1
        30        -0.000252282295387   k=         1
        31        -0.000607458894677   k=         1
        32        -0.006132677929272   k=         1
        33        -0.000164427267523   k=         1
        34        0.000006866103082   k=         1
        35        0.003816015236968   k=         1
        36        0.012232527189407   k=         1
        37        -0.000071621793949   k=         1
        38        -0.000227263007707   k=         1
        39        0.002732426878245   k=         1
        40        0.005973500355364   k=         1
        41        0.000016589142227   k=         1
        42        -0.001246705654248   k=         1
        43        0.003042870679820   k=         1
        44        0.006389795729388   k=         1
        45        -0.000206730777345   k=         1
        46        0.000219546242284   k=         1
        47        -0.003654062494924   k=         1
        48        -0.007304778051153   k=         1
        49        0.000107098526728   k=         1
        50        0.001254898724932   k=         1
        51        -0.002730425335993   k=         1
        52        -0.006546057826938   k=         1
        53        -0.000168924365089   k=         1
        54        -0.000006104235627   k=         1
        55        -0.004324138439208   k=         1
        56        -0.011433469207616   k=         1
        57        -0.000155958484412   k=         1
        58        0.000045553608135   k=         1
        59        0.004924897624968   k=         1
        60        0.007288634789549   k=         1
        61        -0.000053683747054   k=         1
        62        -0.000628269957684   k=         1
        63        0.004227896282588   k=         1
        64        0.008688870714844   k=         1
        65        0.000014486773835   k=         1
        66        -0.000031901216222   k=         1
        67        -0.006283282719791   k=         1
        68        -0.007965282523035   k=         1
        69        -0.000284332270251   k=         1
        70        -0.001742068201936   k=         1
        71        -0.005716803953232   k=         1
        72        -0.005360504753807   k=         1
        73        0.000166954335343   k=         1
        74        -0.001761741355743   k=         1
        75        -0.004722021217044   k=         1
        76        -0.004038153042359   k=         1
        77        -0.000258957286245   k=         1
        78        0.001250062352821   k=         1
        79        0.004274632441841   k=         1
        80        0.004455110380776   k=         1
        81        0.000152932327787   k=         1
        82        0.001826675966355   k=         1
        83        0.003848860767800   k=         1
        84        0.003765555034114   k=         1
        85        0.000060724098128   k=         1
        86        0.000055658479947   k=         1
        87        0.006393082384314   k=         1
        88        0.008202125758780   k=         1
        89        0.000003772973466   k=         1
        90        0.000970548571912   k=         1
        91        -0.002817839760465   k=         1
        92        -0.005967297460264   k=         1
        93        -0.000246505309073   k=         1
        94        -0.000067119878485   k=         1
        95        -0.004232180154375   k=         1
        96        -0.006544412265540   k=         1
        97        0.000045563072205   k=         1
        98        0.000553766127143   k=         1
        99        0.001828190853104   k=         1
        100        0.006062440472869   k=         1
        101        -0.000461080992351   k=         1
        102        0.000625715180293   k=         1
        103        0.000975924776566   k=         1
        104        0.005569099554008   k=         1
        105        0.000103124866099   k=         1
        106        -0.000270608067858   k=         1
        107        0.000904761219767   k=         1
        108        0.006436663456476   k=         1
        109        -0.000021160903773   k=         1
        110        0.000296577651798   k=         1
        111        -0.000397699640422   k=         1
        112        -0.002232599022944   k=         1
        113        0.000021703103080   k=         1
        114        -0.000117397179009   k=         1
        115        -0.000542994755223   k=         1
        116        -0.002289109526096   k=         1
        117        0.000021717455338   k=         1
        118        -0.001003639539234   k=         1
        119        -0.001901641490629   k=         1
        120        -0.007819218509261   k=         1
        121        -0.000115628909462   k=         1
        122        0.000016258814097   k=         1
        123        -0.000790749747338   k=         1
        124        -0.000969622544508   k=         1
        125        0.000006676954723   k=         1
        126        -0.000007168271638   k=         1
        127        0.000887541600221   k=         1
        128        0.004293963177145   k=         1
        129        -0.000316278921564   k=         1
        130        -0.000333528498151   k=         1
        131        0.002442145161983   k=         1
        132        0.005846385848218   k=         1
        133        -0.000096511091319   k=         1
        134        -0.000287200562807   k=         1
        135        -0.000207343450527   k=         1
        136        -0.000414506865995   k=         1
        137        0.000004162723443   k=         1
        138        -0.000451284110135   k=         1
        139        0.000255098344256   k=         1
        140        0.000738352578020   k=         1
        141        0.000172006794963   k=         1
        142        0.000955099256328   k=         1
        143        -0.003159366284237   k=         1
        144        -0.003800629305044   k=         1
        145        -0.000037743185268   k=         1
        146        0.001562651997335   k=         1
        147        -0.004088955686404   k=         1
        148        -0.006564463257690   k=         1
        149        -0.000083436827341   k=         1
        150        -0.000347901499041   k=         1
        151        -0.001348114877809   k=         1
        152        -0.003460995213878   k=         1
        153        0.000242776903603   k=         1
        154        0.000898114404712   k=         1
        155        0.005568451155231   k=         1
        156        0.013444140912153   k=         1
        157        0.000740224270691   k=         1
        158        -0.000247081217736   k=         1
        159        -0.000213283874210   k=         1
        160        -0.000404983373472   k=         1
        161        0.000599648893002   k=         1
        162        0.000345798234714   k=         1
        163        -0.000032574182715   k=         1
        164        -0.000164525593009   k=         1
        165        0.000430461718240   k=         1
        166        -0.000034567655867   k=         1
        167        0.000694473025036   k=         1
        168        0.000621377173850   k=         1
        169        -0.000007261287802   k=         1
        170        -0.000014966193615   k=         1
        171        0.000173036554563   k=         1
        172        0.000310947768212   k=         1
        173        -0.000098292518130   k=         1
        174        0.000423763488740   k=         1
        175        -0.000110347506246   k=         1
        176        -0.000018828030792   k=         1
        177        0.000310715875196   k=         1
        178        0.000874235818711   k=         1
        179        -0.000846814868723   k=         1
        180        -0.000632020438314   k=         1
        181        0.001613865766739   k=         1
        182        -0.006907300828384   k=         1
        183        -0.019300433155733   k=         1
        184        -0.000293697766308   k=         1
        185        0.001243419677522   k=         1
        186        -0.000251156532815   k=         1
        187        0.000084757039462   k=         1
        188        0.002500044013263   k=         1
        189        0.005989281623504   k=         1
        190        0.000595095745230   k=         1
        191        -0.000462775785244   k=         1
        192        -0.008888229948951   k=         1
        193        -0.020896362372235   k=         1
        194        -0.000237670925434   k=         1
        195        -0.000867069190835   k=         1
        196        -0.001316072770593   k=         1
        197        -0.008310777019533   k=         1
        198        -0.000275615227711   k=         1
        199        -0.000545949914121   k=         1
        200        -0.002172207366728   k=         1
        201        -0.010711584143538   k=         1
        202        -0.000358774312958   k=         1
        203        0.000292677007452   k=         1
        204        0.004671719894545   k=         1
        205        0.018928423296714   k=         1
        206        0.000306969635209   k=         1
        207        0.001153676557484   k=         1
        208        0.000630975523603   k=         1
        209        0.012347550774739   k=         1
        210        0.000299341575062   k=         1
        211        -0.001965646788967   k=         1
        212        0.008164301973925   k=         1
        213        0.018914440413797   k=         1
        214        0.000107845606350   k=         1
        215        -0.000609664775420   k=         1
        216        -0.008608494096624   k=         1
        217        -0.024253700818626   k=         1
        218        -0.000089255939917   k=         1
        219        0.000205822708700   k=         1
        220        -0.002002081964468   k=         1
        221        -0.012393077632708   k=         1
        222        -0.000211479660062   k=         1
        223        -0.000117839387143   k=         1
        224        -0.002648422545568   k=         1
        225        -0.014856444335691   k=         1
        226        0.000252791949656   k=         1
        227        -0.000542011166042   k=         1
        228        0.003940812612269   k=         1
        229        0.015833591681978   k=         1
        230        -0.000330127699622   k=         1
        231        -0.000047869445334   k=         1
        232        0.007618587692893   k=         1
        233        0.022257444305622   k=         1
        234        -0.000220962647666   k=         1
        235        0.000265353420796   k=         1
        236        0.004431249372929   k=         1
        237        0.015053549950523   k=         1
        238        0.000142468597976   k=         1
        239        0.000334936141818   k=         1
        240        0.005156968601484   k=         1
        241        0.012602189989307   k=         1
        242        -0.000510489310606   k=         1
        243        -0.000451284311903   k=         1
        244        0.006015982428429   k=         1
        245        0.016751569839875   k=         1
        246        -0.000099483236955   k=         1
        247        -0.000179625752828   k=         1
        248        -0.006187404149933   k=         1
        249        -0.014215424059228   k=         1
        250        0.000328288738404   k=         1
        251        -0.002645910562785   k=         1
        252        -0.004188521429325   k=         1
        253        -0.010695355892807   k=         1
        254        0.000014815926794   k=         1
        255        -0.003123018127095   k=         1
        256        -0.005617995250426   k=         1
        257        -0.010571142055535   k=         1
        258        -0.000331923801314   k=         1
        259        0.001545921096017   k=         1
        260        0.003411415620679   k=         1
        261        0.009313724914643   k=         1
        262        -0.000243046652985   k=         1
        263        0.002098489754338   k=         1
        264        0.003290712416496   k=         1
        265        0.007224382845032   k=         1
        266        0.000483791544493   k=         1
        267        -0.001586104202708   k=         1
        268        0.005904080365707   k=         1
        269        0.015809981466039   k=         1
        270        -0.000154783222354   k=         1
        271        0.002162899712817   k=         1
        272        -0.002840420338479   k=         1
        273        -0.008537583104604   k=         1
        274        -0.000179264228470   k=         1
        275        0.001283447886201   k=         1
        276        -0.003846879826550   k=         1
        277        -0.010815441277849   k=         1
        278        0.000232284325204   k=         1
        279        0.000105541731841   k=         1
        280        0.002918692956100   k=         1
        281        0.010586205697951   k=         1
        282        -0.000138815862807   k=         1
        283        0.000631064945528   k=         1
        284        0.002537560750347   k=         1
        285        0.008674155198780   k=         1
        286        0.000073938501534   k=         1
        287        0.000560346400669   k=         1
        288        0.002558928733239   k=         1
        289        0.006144086334540   k=         1
        290        0.000158269206557   k=         1
        291        -0.000367172913413   k=         1
        292        -0.001889005125952   k=         1
        293        -0.005306842867538   k=         1
        294        -0.000057712632624   k=         1
        295        -0.000434505705422   k=         1
        296        -0.002777570266426   k=         1
        297        -0.005788123809342   k=         1
        298        0.000330605381970   k=         1
        299        0.000144389569332   k=         1
        300        -0.003551856321476   k=         1
        301        -0.011568702952321   k=         1
        302        -0.000144499871825   k=         1
        303        -0.000491324057260   k=         1
        304        0.000437457254203   k=         1
        305        0.005537197851359   k=         1
        306        0.000372940420166   k=         1
        307        -0.000898991482511   k=         1
        308        0.001947436063914   k=         1
        309        0.007726313496772   k=         1
        310        0.000001571693142   k=         1
        311        0.000329330082661   k=         1
        312        0.000301635812887   k=         1
        313        -0.005695352941730   k=         1
        314        0.000142278112167   k=         1
        315        -0.000442403122873   k=         1
        316        0.002179106081568   k=         1
        317        -0.004213335599753   k=         1
        318        -0.000209932342927   k=         1
        319        0.000675762596480   k=         1
        320        0.001633014420507   k=         1
        321        -0.005135235410521   k=         1
        322        0.000138389005660   k=         1
        323        -0.000077596719337   k=         1
        324        -0.000573509484178   k=         1
        325        0.002373506964296   k=         1
        326        -0.000057734677651   k=         1
        327        0.000298712115084   k=         1
        328        -0.000878947830480   k=         1
        329        0.002551520865655   k=         1
        330        -0.000113336153883   k=         1
        331        -0.000239176710056   k=         1
        332        -0.001336768368514   k=         1
        333        0.006707105105527   k=         1
        334        -0.000058133336870   k=         1
        335        0.000063656893070   k=         1
        336        0.000377306806955   k=         1
        337        -0.001580709282890   k=         1
        338        0.000035042790517   k=         1
        339        -0.000414352801947   k=         1
        340        0.000917019234994   k=         1
        341        -0.003861343378571   k=         1
        342        -0.000021817310494   k=         1
        343        0.000197329392496   k=         1
        344        -0.000372956078887   k=         1
        345        0.001000083449930   k=         1
        346        -0.000024206530697   k=         1
        347        0.000015936492745   k=         1
        348        -0.000587705509691   k=         1
        349        0.001390362402921   k=         1
        350        0.000103781422943   k=         1
        351        -0.000202938028220   k=         1
        352        -0.000596124947615   k=         1
        353        0.001704633481247   k=         1
        354        -0.000054074083939   k=         1
        355        0.000090012667595   k=         1
        356        0.000123196893874   k=         1
        357        -0.000314224424427   k=         1
        358        -0.000007075153188   k=         1
        359        0.000034804273474   k=         1
        360        0.000199431151328   k=         1
        361        -0.000438270196115   k=         1
        362        0.000028443723537   k=         1
        363        0.000227346954768   k=         1
        364        0.000693680444150   k=         1
        365        -0.001653369382524   k=         1
        366        -0.000014560084664   k=         1
        367        -0.000012919920775   k=         1
        368        0.000022414167804   k=         1
        369        0.000136580514989   k=         1
        370        -0.000618052736020   k=         1
        371        0.000658441269723   k=         1
        372        0.000227188310047   k=         1
        373        -0.000024162840320   k=         1
        374        -0.006825870206204   k=         1
        375        -0.017100182610915   k=         1
        376        0.000465013155130   k=         1
        377        -0.000374470273077   k=         1
        378        0.000420685365110   k=         1
        379        0.000470809010583   k=         1
        380        0.000619631170705   k=         1
        381        0.000484609094003   k=         1
        382        0.000070470544969   k=         1
        383        -0.000251000863204   k=         1
        384        -0.000259287214765   k=         1
        385        -0.000046947367231   k=         1
        386        0.000215298594640   k=         1
        387        -0.000115661294488   k=         1
        388        -0.000254016422562   k=         1
        389        0.000398500325819   k=         1
        390        0.000024075607653   k=         1
        391        0.000033111453003   k=         1
        392        0.000007961135963   k=         1
        393        -0.000021784768607   k=         1
        394        0.000014798477629   k=         1
        395        -0.000012351649725   k=         1
        396        0.000006712109561   k=         1
        397        -0.000017361595732   k=         1
        398        0.000033080581024   k=         1
        399        0.000033186432370   k=         1
        400        -0.000086985599808   k=         1
        401        -0.000311655613732   k=         1
        402        0.000841433277233   k=         1
        403        -0.000007150615365   k=         1
        404        0.000021390819599   k=         1
        405        -0.000090807003546   k=         1
        406        0.000005046939998   k=         1
        407        0.000033277884150   k=         1
        408        -0.000062756823498   k=         1
        409        0.000167211357329   k=         1
        410        -0.000041123339432   k=         1
        411        -0.000020073480123   k=         1
        412        0.000037149276633   k=         1
        413        0.000303315407899   k=         1
        414        -0.000222227973934   k=         1
        415        0.000004035298987   k=         1
        416        -0.000009170851352   k=         1
        417        0.000093007987451   k=         1
        418        -0.000109048397185   k=         1
        419        -0.000009577568452   k=         1
        420        0.000015231973032   k=         1
        421        -0.000031480687597   k=         1
        422        0.000006248900978   k=         1
        423        -0.000004865107864   k=         1
        424        -0.000013278786987   k=         1
        425        -0.000103451029703   k=         1
        426        0.000120615682265   k=         1
