# file_format= v0.04.05
       144       426
    188.97268778      0.00000000      0.00000000    0
      0.00000000    188.97268778      0.00000000    0
      0.00000000      0.00000000    188.97268778    0
 6
       4
     2     2     2     2
     0     1     1     1
 1.710E+00 1.625E+00 1.625E+00 1.625E+00
 0.000E+00 0.000E+00 0.000E+00 0.000E+00
 0.000E+00 0.000E+00 0.000E+00 0.000E+00
 0.000E+00 0.000E+00 0.000E+00 0.000E+00
      1.083660     -0.763646    -0.114098
 6
       4
     2     2     2     2
     0     1     1     1
 1.710E+00 1.625E+00 1.625E+00 1.625E+00
 0.000E+00 0.000E+00 0.000E+00 0.000E+00
 0.000E+00 0.000E+00 0.000E+00 0.000E+00
 0.000E+00 0.000E+00 0.000E+00 0.000E+00
      -0.800955     1.137579    0.542820
 6
       4
     2     2     2     2
     0     1     1     1
 1.710E+00 1.625E+00 1.625E+00 1.625E+00
 0.000E+00 0.000E+00 0.000E+00 0.000E+00
 0.000E+00 0.000E+00 0.000E+00 0.000E+00
 0.000E+00 0.000E+00 0.000E+00 0.000E+00
      0.075924     -3.106866    -0.797274
 6
       4
     2     2     2     2
     0     1     1     1
 1.710E+00 1.625E+00 1.625E+00 1.625E+00
 0.000E+00 0.000E+00 0.000E+00 0.000E+00
 0.000E+00 0.000E+00 0.000E+00 0.000E+00
 0.000E+00 0.000E+00 0.000E+00 0.000E+00
      -3.267266     0.526852    0.409230
 6
       4
     2     2     2     2
     0     1     1     1
 1.710E+00 1.625E+00 1.625E+00 1.625E+00
 0.000E+00 0.000E+00 0.000E+00 0.000E+00
 0.000E+00 0.000E+00 0.000E+00 0.000E+00
 0.000E+00 0.000E+00 0.000E+00 0.000E+00
      -4.215202     -1.687402    -0.364751
 6
       4
     2     2     2     2
     0     1     1     1
 1.710E+00 1.625E+00 1.625E+00 1.625E+00
 0.000E+00 0.000E+00 0.000E+00 0.000E+00
 0.000E+00 0.000E+00 0.000E+00 0.000E+00
 0.000E+00 0.000E+00 0.000E+00 0.000E+00
      -2.387742     -3.663461    -1.008530
 6
       4
     2     2     2     2
     0     1     1     1
 1.710E+00 1.625E+00 1.625E+00 1.625E+00
 0.000E+00 0.000E+00 0.000E+00 0.000E+00
 0.000E+00 0.000E+00 0.000E+00 0.000E+00
 0.000E+00 0.000E+00 0.000E+00 0.000E+00
      3.829622     -0.269949    0.002285
 6
       4
     2     2     2     2
     0     1     1     1
 1.710E+00 1.625E+00 1.625E+00 1.625E+00
 0.000E+00 0.000E+00 0.000E+00 0.000E+00
 0.000E+00 0.000E+00 0.000E+00 0.000E+00
 0.000E+00 0.000E+00 0.000E+00 0.000E+00
      5.963423     0.161925    -0.131489
 6
       4
     2     2     2     2
     0     1     1     1
 1.710E+00 1.625E+00 1.625E+00 1.625E+00
 0.000E+00 0.000E+00 0.000E+00 0.000E+00
 0.000E+00 0.000E+00 0.000E+00 0.000E+00
 0.000E+00 0.000E+00 0.000E+00 0.000E+00
      8.700692     0.317453    -0.000680
 6
       4
     2     2     2     2
     0     1     1     1
 1.710E+00 1.625E+00 1.625E+00 1.625E+00
 0.000E+00 0.000E+00 0.000E+00 0.000E+00
 0.000E+00 0.000E+00 0.000E+00 0.000E+00
 0.000E+00 0.000E+00 0.000E+00 0.000E+00
      9.814813     2.639883    -0.527887
 6
       4
     2     2     2     2
     0     1     1     1
 1.710E+00 1.625E+00 1.625E+00 1.625E+00
 0.000E+00 0.000E+00 0.000E+00 0.000E+00
 0.000E+00 0.000E+00 0.000E+00 0.000E+00
 0.000E+00 0.000E+00 0.000E+00 0.000E+00
      10.247655     -1.696345    0.660883
 6
       4
     2     2     2     2
     0     1     1     1
 1.710E+00 1.625E+00 1.625E+00 1.625E+00
 0.000E+00 0.000E+00 0.000E+00 0.000E+00
 0.000E+00 0.000E+00 0.000E+00 0.000E+00
 0.000E+00 0.000E+00 0.000E+00 0.000E+00
      12.439758     2.991875    -0.441909
 6
       4
     2     2     2     2
     0     1     1     1
 1.710E+00 1.625E+00 1.625E+00 1.625E+00
 0.000E+00 0.000E+00 0.000E+00 0.000E+00
 0.000E+00 0.000E+00 0.000E+00 0.000E+00
 0.000E+00 0.000E+00 0.000E+00 0.000E+00
      12.869754     -1.404087    0.736640
 6
       4
     2     2     2     2
     0     1     1     1
 1.710E+00 1.625E+00 1.625E+00 1.625E+00
 0.000E+00 0.000E+00 0.000E+00 0.000E+00
 0.000E+00 0.000E+00 0.000E+00 0.000E+00
 0.000E+00 0.000E+00 0.000E+00 0.000E+00
      14.029534     0.946084    0.317648
 6
       4
     2     2     2     2
     0     1     1     1
 1.710E+00 1.625E+00 1.625E+00 1.625E+00
 0.000E+00 0.000E+00 0.000E+00 0.000E+00
 0.000E+00 0.000E+00 0.000E+00 0.000E+00
 0.000E+00 0.000E+00 0.000E+00 0.000E+00
      16.835459     1.309656    0.453066
 6
       4
     2     2     2     2
     0     1     1     1
 1.710E+00 1.625E+00 1.625E+00 1.625E+00
 0.000E+00 0.000E+00 0.000E+00 0.000E+00
 0.000E+00 0.000E+00 0.000E+00 0.000E+00
 0.000E+00 0.000E+00 0.000E+00 0.000E+00
      19.020145     1.486500    0.323780
 6
       4
     2     2     2     2
     0     1     1     1
 1.710E+00 1.625E+00 1.625E+00 1.625E+00
 0.000E+00 0.000E+00 0.000E+00 0.000E+00
 0.000E+00 0.000E+00 0.000E+00 0.000E+00
 0.000E+00 0.000E+00 0.000E+00 0.000E+00
      21.828508     1.312696    0.213467
 6
       4
     2     2     2     2
     0     1     1     1
 1.710E+00 1.625E+00 1.625E+00 1.625E+00
 0.000E+00 0.000E+00 0.000E+00 0.000E+00
 0.000E+00 0.000E+00 0.000E+00 0.000E+00
 0.000E+00 0.000E+00 0.000E+00 0.000E+00
      23.154642     -0.611355    1.492296
 6
       4
     2     2     2     2
     0     1     1     1
 1.710E+00 1.625E+00 1.625E+00 1.625E+00
 0.000E+00 0.000E+00 0.000E+00 0.000E+00
 0.000E+00 0.000E+00 0.000E+00 0.000E+00
 0.000E+00 0.000E+00 0.000E+00 0.000E+00
      23.314553     2.977724    -1.189957
 6
       4
     2     2     2     2
     0     1     1     1
 1.710E+00 1.625E+00 1.625E+00 1.625E+00
 0.000E+00 0.000E+00 0.000E+00 0.000E+00
 0.000E+00 0.000E+00 0.000E+00 0.000E+00
 0.000E+00 0.000E+00 0.000E+00 0.000E+00
      26.040929     2.756770    -1.331100
 6
       4
     2     2     2     2
     0     1     1     1
 1.710E+00 1.625E+00 1.625E+00 1.625E+00
 0.000E+00 0.000E+00 0.000E+00 0.000E+00
 0.000E+00 0.000E+00 0.000E+00 0.000E+00
 0.000E+00 0.000E+00 0.000E+00 0.000E+00
      25.871093     -0.819117    1.434266
 6
       4
     2     2     2     2
     0     1     1     1
 1.710E+00 1.625E+00 1.625E+00 1.625E+00
 0.000E+00 0.000E+00 0.000E+00 0.000E+00
 0.000E+00 0.000E+00 0.000E+00 0.000E+00
 0.000E+00 0.000E+00 0.000E+00 0.000E+00
      27.350033     0.877275    0.014666
 6
       4
     2     2     2     2
     0     1     1     1
 1.710E+00 1.625E+00 1.625E+00 1.625E+00
 0.000E+00 0.000E+00 0.000E+00 0.000E+00
 0.000E+00 0.000E+00 0.000E+00 0.000E+00
 0.000E+00 0.000E+00 0.000E+00 0.000E+00
      30.114842     0.472660    -0.215019
 6
       4
     2     2     2     2
     0     1     1     1
 1.710E+00 1.625E+00 1.625E+00 1.625E+00
 0.000E+00 0.000E+00 0.000E+00 0.000E+00
 0.000E+00 0.000E+00 0.000E+00 0.000E+00
 0.000E+00 0.000E+00 0.000E+00 0.000E+00
      32.317672     0.156976    -0.139891
 6
       4
     2     2     2     2
     0     1     1     1
 1.710E+00 1.625E+00 1.625E+00 1.625E+00
 0.000E+00 0.000E+00 0.000E+00 0.000E+00
 0.000E+00 0.000E+00 0.000E+00 0.000E+00
 0.000E+00 0.000E+00 0.000E+00 0.000E+00
      35.180851     -0.127853    0.014332
 6
       4
     2     2     2     2
     0     1     1     1
 1.710E+00 1.625E+00 1.625E+00 1.625E+00
 0.000E+00 0.000E+00 0.000E+00 0.000E+00
 0.000E+00 0.000E+00 0.000E+00 0.000E+00
 0.000E+00 0.000E+00 0.000E+00 0.000E+00
      36.534280     -2.326674    0.643960
 6
       4
     2     2     2     2
     0     1     1     1
 1.710E+00 1.625E+00 1.625E+00 1.625E+00
 0.000E+00 0.000E+00 0.000E+00 0.000E+00
 0.000E+00 0.000E+00 0.000E+00 0.000E+00
 0.000E+00 0.000E+00 0.000E+00 0.000E+00
      36.538952     2.030027    -0.638752
 6
       4
     2     2     2     2
     0     1     1     1
 1.710E+00 1.625E+00 1.625E+00 1.625E+00
 0.000E+00 0.000E+00 0.000E+00 0.000E+00
 0.000E+00 0.000E+00 0.000E+00 0.000E+00
 0.000E+00 0.000E+00 0.000E+00 0.000E+00
      39.204125     1.959614    -0.596407
 6
       4
     2     2     2     2
     0     1     1     1
 1.710E+00 1.625E+00 1.625E+00 1.625E+00
 0.000E+00 0.000E+00 0.000E+00 0.000E+00
 0.000E+00 0.000E+00 0.000E+00 0.000E+00
 0.000E+00 0.000E+00 0.000E+00 0.000E+00
      39.142975     -2.419203    0.666584
 6
       4
     2     2     2     2
     0     1     1     1
 1.710E+00 1.625E+00 1.625E+00 1.625E+00
 0.000E+00 0.000E+00 0.000E+00 0.000E+00
 0.000E+00 0.000E+00 0.000E+00 0.000E+00
 0.000E+00 0.000E+00 0.000E+00 0.000E+00
      40.528874     -0.242450    0.002712
 6
       4
     2     2     2     2
     0     1     1     1
 1.710E+00 1.625E+00 1.625E+00 1.625E+00
 0.000E+00 0.000E+00 0.000E+00 0.000E+00
 0.000E+00 0.000E+00 0.000E+00 0.000E+00
 0.000E+00 0.000E+00 0.000E+00 0.000E+00
      43.333734     -0.231936    -0.252660
 6
       4
     2     2     2     2
     0     1     1     1
 1.710E+00 1.625E+00 1.625E+00 1.625E+00
 0.000E+00 0.000E+00 0.000E+00 0.000E+00
 0.000E+00 0.000E+00 0.000E+00 0.000E+00
 0.000E+00 0.000E+00 0.000E+00 0.000E+00
      45.492133     -0.615467    -0.319349
 6
       4
     2     2     2     2
     0     1     1     1
 1.710E+00 1.625E+00 1.625E+00 1.625E+00
 0.000E+00 0.000E+00 0.000E+00 0.000E+00
 0.000E+00 0.000E+00 0.000E+00 0.000E+00
 0.000E+00 0.000E+00 0.000E+00 0.000E+00
      48.242747     -0.598714    -0.329617
 6
       4
     2     2     2     2
     0     1     1     1
 1.710E+00 1.625E+00 1.625E+00 1.625E+00
 0.000E+00 0.000E+00 0.000E+00 0.000E+00
 0.000E+00 0.000E+00 0.000E+00 0.000E+00
 0.000E+00 0.000E+00 0.000E+00 0.000E+00
      49.752035     -2.430734    0.871774
 6
       4
     2     2     2     2
     0     1     1     1
 1.710E+00 1.625E+00 1.625E+00 1.625E+00
 0.000E+00 0.000E+00 0.000E+00 0.000E+00
 0.000E+00 0.000E+00 0.000E+00 0.000E+00
 0.000E+00 0.000E+00 0.000E+00 0.000E+00
      49.540567     1.554114    -1.415809
 6
       4
     2     2     2     2
     0     1     1     1
 1.710E+00 1.625E+00 1.625E+00 1.625E+00
 0.000E+00 0.000E+00 0.000E+00 0.000E+00
 0.000E+00 0.000E+00 0.000E+00 0.000E+00
 0.000E+00 0.000E+00 0.000E+00 0.000E+00
      52.087700     1.881234    -1.339459
 6
       4
     2     2     2     2
     0     1     1     1
 1.710E+00 1.625E+00 1.625E+00 1.625E+00
 0.000E+00 0.000E+00 0.000E+00 0.000E+00
 0.000E+00 0.000E+00 0.000E+00 0.000E+00
 0.000E+00 0.000E+00 0.000E+00 0.000E+00
      52.450031     -2.276094    0.768474
 6
       4
     2     2     2     2
     0     1     1     1
 1.710E+00 1.625E+00 1.625E+00 1.625E+00
 0.000E+00 0.000E+00 0.000E+00 0.000E+00
 0.000E+00 0.000E+00 0.000E+00 0.000E+00
 0.000E+00 0.000E+00 0.000E+00 0.000E+00
      53.685246     -0.086158    -0.083246
 6
       4
     2     2     2     2
     0     1     1     1
 1.710E+00 1.625E+00 1.625E+00 1.625E+00
 0.000E+00 0.000E+00 0.000E+00 0.000E+00
 0.000E+00 0.000E+00 0.000E+00 0.000E+00
 0.000E+00 0.000E+00 0.000E+00 0.000E+00
      56.390011     0.194840    -0.064018
 1
       1
     1
     0
 1.300E+00
 0.000E+00
 0.000E+00
 0.000E+00
      -4.805881     1.951752    0.903419
 1
       1
     1
     0
 1.300E+00
 0.000E+00
 0.000E+00
 0.000E+00
      0.024963     2.993014    0.969414
 1
       1
     1
     0
 1.300E+00
 0.000E+00
 0.000E+00
 0.000E+00
      -5.812667     -2.139916    -0.703751
 1
       1
     1
     0
 1.300E+00
 0.000E+00
 0.000E+00
 0.000E+00
      -3.046803     -5.500272    -1.739349
 1
       1
     1
     0
 1.300E+00
 0.000E+00
 0.000E+00
 0.000E+00
      1.538437     -4.661066    -1.275180
 1
       1
     1
     0
 1.300E+00
 0.000E+00
 0.000E+00
 0.000E+00
      8.726430     4.397536    -1.094414
 1
       1
     1
     0
 1.300E+00
 0.000E+00
 0.000E+00
 0.000E+00
      9.416796     -3.617553    1.124837
 1
       1
     1
     0
 1.300E+00
 0.000E+00
 0.000E+00
 0.000E+00
      13.196883     4.945498    -0.768604
 1
       1
     1
     0
 1.300E+00
 0.000E+00
 0.000E+00
 0.000E+00
      14.029375     -3.163101    1.162164
 1
       1
     1
     0
 1.300E+00
 0.000E+00
 0.000E+00
 0.000E+00
      22.345352     4.556407    -2.300757
 1
       1
     1
     0
 1.300E+00
 0.000E+00
 0.000E+00
 0.000E+00
      27.006917     4.077258    -2.631058
 1
       1
     1
     0
 1.300E+00
 0.000E+00
 0.000E+00
 0.000E+00
      22.099399     -2.130696    2.546874
 1
       1
     1
     0
 1.300E+00
 0.000E+00
 0.000E+00
 0.000E+00
      26.858600     -2.341626    2.548656
 1
       1
     1
     0
 1.300E+00
 0.000E+00
 0.000E+00
 0.000E+00
      35.587908     3.804024    -1.170201
 1
       1
     1
     0
 1.300E+00
 0.000E+00
 0.000E+00
 0.000E+00
      35.351809     -4.075103    0.988395
 1
       1
     1
     0
 1.300E+00
 0.000E+00
 0.000E+00
 0.000E+00
      40.272606     3.751206    -1.193761
 1
       1
     1
     0
 1.300E+00
 0.000E+00
 0.000E+00
 0.000E+00
      40.308469     -4.133715    1.228845
 1
       1
     1
     0
 1.300E+00
 0.000E+00
 0.000E+00
 0.000E+00
      48.156471     2.878472    -2.414766
 1
       1
     1
     0
 1.300E+00
 0.000E+00
 0.000E+00
 0.000E+00
      48.864283     -4.212691    1.713517
 1
       1
     1
     0
 1.300E+00
 0.000E+00
 0.000E+00
 0.000E+00
      53.272228     3.581424    -2.011725
 1
       1
     1
     0
 1.300E+00
 0.000E+00
 0.000E+00
 0.000E+00
      53.590668     -3.899845    1.473363
 1
       1
     1
     0
 1.300E+00
 0.000E+00
 0.000E+00
 0.000E+00
      61.624029     4.247072    -1.423903
 1
       1
     1
     0
 1.300E+00
 0.000E+00
 0.000E+00
 0.000E+00
      61.720252     -3.626469    0.990787
 6
       4
     2     2     2     2
     0     1     1     1
 1.710E+00 1.625E+00 1.625E+00 1.625E+00
 0.000E+00 0.000E+00 0.000E+00 0.000E+00
 0.000E+00 0.000E+00 0.000E+00 0.000E+00
 0.000E+00 0.000E+00 0.000E+00 0.000E+00
      69.796024     0.368151    -0.280811
 1
       1
     1
     0
 1.300E+00
 0.000E+00
 0.000E+00
 0.000E+00
      66.380214     4.264335    -1.599560
 1
       1
     1
     0
 1.300E+00
 0.000E+00
 0.000E+00
 0.000E+00
      66.789857     -3.383292    1.079980
 6
       4
     2     2     2     2
     0     1     1     1
 1.710E+00 1.625E+00 1.625E+00 1.625E+00
 0.000E+00 0.000E+00 0.000E+00 0.000E+00
 0.000E+00 0.000E+00 0.000E+00 0.000E+00
 0.000E+00 0.000E+00 0.000E+00 0.000E+00
      58.635523     0.147582    -0.077135
 6
       4
     2     2     2     2
     0     1     1     1
 1.710E+00 1.625E+00 1.625E+00 1.625E+00
 0.000E+00 0.000E+00 0.000E+00 0.000E+00
 0.000E+00 0.000E+00 0.000E+00 0.000E+00
 0.000E+00 0.000E+00 0.000E+00 0.000E+00
      61.433626     0.343174    -0.224224
 6
       4
     2     2     2     2
     0     1     1     1
 1.710E+00 1.625E+00 1.625E+00 1.625E+00
 0.000E+00 0.000E+00 0.000E+00 0.000E+00
 0.000E+00 0.000E+00 0.000E+00 0.000E+00
 0.000E+00 0.000E+00 0.000E+00 0.000E+00
      62.975818     -1.938437    0.541344
 6
       4
     2     2     2     2
     0     1     1     1
 1.710E+00 1.625E+00 1.625E+00 1.625E+00
 0.000E+00 0.000E+00 0.000E+00 0.000E+00
 0.000E+00 0.000E+00 0.000E+00 0.000E+00
 0.000E+00 0.000E+00 0.000E+00 0.000E+00
      62.778799     2.502757    -0.825438
 6
       4
     2     2     2     2
     0     1     1     1
 1.710E+00 1.625E+00 1.625E+00 1.625E+00
 0.000E+00 0.000E+00 0.000E+00 0.000E+00
 0.000E+00 0.000E+00 0.000E+00 0.000E+00
 0.000E+00 0.000E+00 0.000E+00 0.000E+00
      65.486922     2.526155    -0.881145
 6
       4
     2     2     2     2
     0     1     1     1
 1.710E+00 1.625E+00 1.625E+00 1.625E+00
 0.000E+00 0.000E+00 0.000E+00 0.000E+00
 0.000E+00 0.000E+00 0.000E+00 0.000E+00
 0.000E+00 0.000E+00 0.000E+00 0.000E+00
      65.471250     -1.881107    0.486839
 6
       4
     2     2     2     2
     0     1     1     1
 1.710E+00 1.625E+00 1.625E+00 1.625E+00
 0.000E+00 0.000E+00 0.000E+00 0.000E+00
 0.000E+00 0.000E+00 0.000E+00 0.000E+00
 0.000E+00 0.000E+00 0.000E+00 0.000E+00
      66.919769     0.423391    -0.176389
 6
       4
     2     2     2     2
     0     1     1     1
 1.710E+00 1.625E+00 1.625E+00 1.625E+00
 0.000E+00 0.000E+00 0.000E+00 0.000E+00
 0.000E+00 0.000E+00 0.000E+00 0.000E+00
 0.000E+00 0.000E+00 0.000E+00 0.000E+00
      80.071470     -0.181495    0.604724
 6
       4
     2     2     2     2
     0     1     1     1
 1.710E+00 1.625E+00 1.625E+00 1.625E+00
 0.000E+00 0.000E+00 0.000E+00 0.000E+00
 0.000E+00 0.000E+00 0.000E+00 0.000E+00
 0.000E+00 0.000E+00 0.000E+00 0.000E+00
      78.894781     2.138212    0.083841
 6
       4
     2     2     2     2
     0     1     1     1
 1.710E+00 1.625E+00 1.625E+00 1.625E+00
 0.000E+00 0.000E+00 0.000E+00 0.000E+00
 0.000E+00 0.000E+00 0.000E+00 0.000E+00
 0.000E+00 0.000E+00 0.000E+00 0.000E+00
      78.584242     -2.375890    0.954799
 6
       4
     2     2     2     2
     0     1     1     1
 1.710E+00 1.625E+00 1.625E+00 1.625E+00
 0.000E+00 0.000E+00 0.000E+00 0.000E+00
 0.000E+00 0.000E+00 0.000E+00 0.000E+00
 0.000E+00 0.000E+00 0.000E+00 0.000E+00
      76.282813     2.274945    -0.094910
 6
       4
     2     2     2     2
     0     1     1     1
 1.710E+00 1.625E+00 1.625E+00 1.625E+00
 0.000E+00 0.000E+00 0.000E+00 0.000E+00
 0.000E+00 0.000E+00 0.000E+00 0.000E+00
 0.000E+00 0.000E+00 0.000E+00 0.000E+00
      74.756717     0.042111    0.253516
 6
       4
     2     2     2     2
     0     1     1     1
 1.710E+00 1.625E+00 1.625E+00 1.625E+00
 0.000E+00 0.000E+00 0.000E+00 0.000E+00
 0.000E+00 0.000E+00 0.000E+00 0.000E+00
 0.000E+00 0.000E+00 0.000E+00 0.000E+00
      75.963663     -2.222191    0.809349
 6
       4
     2     2     2     2
     0     1     1     1
 1.710E+00 1.625E+00 1.625E+00 1.625E+00
 0.000E+00 0.000E+00 0.000E+00 0.000E+00
 0.000E+00 0.000E+00 0.000E+00 0.000E+00
 0.000E+00 0.000E+00 0.000E+00 0.000E+00
      82.884049     -0.184093    0.615348
 6
       4
     2     2     2     2
     0     1     1     1
 1.710E+00 1.625E+00 1.625E+00 1.625E+00
 0.000E+00 0.000E+00 0.000E+00 0.000E+00
 0.000E+00 0.000E+00 0.000E+00 0.000E+00
 0.000E+00 0.000E+00 0.000E+00 0.000E+00
      85.078656     -0.138806    0.421396
 6
       4
     2     2     2     2
     0     1     1     1
 1.710E+00 1.625E+00 1.625E+00 1.625E+00
 0.000E+00 0.000E+00 0.000E+00 0.000E+00
 0.000E+00 0.000E+00 0.000E+00 0.000E+00
 0.000E+00 0.000E+00 0.000E+00 0.000E+00
      87.831883     0.074234    0.004220
 6
       4
     2     2     2     2
     0     1     1     1
 1.710E+00 1.625E+00 1.625E+00 1.625E+00
 0.000E+00 0.000E+00 0.000E+00 0.000E+00
 0.000E+00 0.000E+00 0.000E+00 0.000E+00
 0.000E+00 0.000E+00 0.000E+00 0.000E+00
      89.068000     2.312994    -0.816415
 6
       4
     2     2     2     2
     0     1     1     1
 1.710E+00 1.625E+00 1.625E+00 1.625E+00
 0.000E+00 0.000E+00 0.000E+00 0.000E+00
 0.000E+00 0.000E+00 0.000E+00 0.000E+00
 0.000E+00 0.000E+00 0.000E+00 0.000E+00
      89.299757     -2.091929    0.587204
 6
       4
     2     2     2     2
     0     1     1     1
 1.710E+00 1.625E+00 1.625E+00 1.625E+00
 0.000E+00 0.000E+00 0.000E+00 0.000E+00
 0.000E+00 0.000E+00 0.000E+00 0.000E+00
 0.000E+00 0.000E+00 0.000E+00 0.000E+00
      91.756706     2.348068    -0.967028
 6
       4
     2     2     2     2
     0     1     1     1
 1.710E+00 1.625E+00 1.625E+00 1.625E+00
 0.000E+00 0.000E+00 0.000E+00 0.000E+00
 0.000E+00 0.000E+00 0.000E+00 0.000E+00
 0.000E+00 0.000E+00 0.000E+00 0.000E+00
      91.929804     -1.958223    0.557921
 6
       4
     2     2     2     2
     0     1     1     1
 1.710E+00 1.625E+00 1.625E+00 1.625E+00
 0.000E+00 0.000E+00 0.000E+00 0.000E+00
 0.000E+00 0.000E+00 0.000E+00 0.000E+00
 0.000E+00 0.000E+00 0.000E+00 0.000E+00
      93.221271     0.257124    -0.102769
 6
       4
     2     2     2     2
     0     1     1     1
 1.710E+00 1.625E+00 1.625E+00 1.625E+00
 0.000E+00 0.000E+00 0.000E+00 0.000E+00
 0.000E+00 0.000E+00 0.000E+00 0.000E+00
 0.000E+00 0.000E+00 0.000E+00 0.000E+00
      96.060296     0.278861    -0.241807
 6
       4
     2     2     2     2
     0     1     1     1
 1.710E+00 1.625E+00 1.625E+00 1.625E+00
 0.000E+00 0.000E+00 0.000E+00 0.000E+00
 0.000E+00 0.000E+00 0.000E+00 0.000E+00
 0.000E+00 0.000E+00 0.000E+00 0.000E+00
      98.264092     0.395703    -0.235329
 6
       4
     2     2     2     2
     0     1     1     1
 1.710E+00 1.625E+00 1.625E+00 1.625E+00
 0.000E+00 0.000E+00 0.000E+00 0.000E+00
 0.000E+00 0.000E+00 0.000E+00 0.000E+00
 0.000E+00 0.000E+00 0.000E+00 0.000E+00
      101.077839     0.508805    -0.082007
 6
       4
     2     2     2     2
     0     1     1     1
 1.710E+00 1.625E+00 1.625E+00 1.625E+00
 0.000E+00 0.000E+00 0.000E+00 0.000E+00
 0.000E+00 0.000E+00 0.000E+00 0.000E+00
 0.000E+00 0.000E+00 0.000E+00 0.000E+00
      102.484506     -1.633802    0.722335
 6
       4
     2     2     2     2
     0     1     1     1
 1.710E+00 1.625E+00 1.625E+00 1.625E+00
 0.000E+00 0.000E+00 0.000E+00 0.000E+00
 0.000E+00 0.000E+00 0.000E+00 0.000E+00
 0.000E+00 0.000E+00 0.000E+00 0.000E+00
      102.416506     2.734726    -0.780200
 6
       4
     2     2     2     2
     0     1     1     1
 1.710E+00 1.625E+00 1.625E+00 1.625E+00
 0.000E+00 0.000E+00 0.000E+00 0.000E+00
 0.000E+00 0.000E+00 0.000E+00 0.000E+00
 0.000E+00 0.000E+00 0.000E+00 0.000E+00
      104.950583     3.016120    -0.416019
 6
       4
     2     2     2     2
     0     1     1     1
 1.710E+00 1.625E+00 1.625E+00 1.625E+00
 0.000E+00 0.000E+00 0.000E+00 0.000E+00
 0.000E+00 0.000E+00 0.000E+00 0.000E+00
 0.000E+00 0.000E+00 0.000E+00 0.000E+00
      105.141793     -1.444939    0.968568
 6
       4
     2     2     2     2
     0     1     1     1
 1.710E+00 1.625E+00 1.625E+00 1.625E+00
 0.000E+00 0.000E+00 0.000E+00 0.000E+00
 0.000E+00 0.000E+00 0.000E+00 0.000E+00
 0.000E+00 0.000E+00 0.000E+00 0.000E+00
      106.444404     0.847631    0.325545
 6
       4
     2     2     2     2
     0     1     1     1
 1.710E+00 1.625E+00 1.625E+00 1.625E+00
 0.000E+00 0.000E+00 0.000E+00 0.000E+00
 0.000E+00 0.000E+00 0.000E+00 0.000E+00
 0.000E+00 0.000E+00 0.000E+00 0.000E+00
      109.250642     0.989831    0.230280
 6
       4
     2     2     2     2
     0     1     1     1
 1.710E+00 1.625E+00 1.625E+00 1.625E+00
 0.000E+00 0.000E+00 0.000E+00 0.000E+00
 0.000E+00 0.000E+00 0.000E+00 0.000E+00
 0.000E+00 0.000E+00 0.000E+00 0.000E+00
      111.469947     1.013965    0.121844
 6
       4
     2     2     2     2
     0     1     1     1
 1.710E+00 1.625E+00 1.625E+00 1.625E+00
 0.000E+00 0.000E+00 0.000E+00 0.000E+00
 0.000E+00 0.000E+00 0.000E+00 0.000E+00
 0.000E+00 0.000E+00 0.000E+00 0.000E+00
      114.335378     0.813826    -0.172800
 6
       4
     2     2     2     2
     0     1     1     1
 1.710E+00 1.625E+00 1.625E+00 1.625E+00
 0.000E+00 0.000E+00 0.000E+00 0.000E+00
 0.000E+00 0.000E+00 0.000E+00 0.000E+00
 0.000E+00 0.000E+00 0.000E+00 0.000E+00
      115.507422     -1.483176    -0.737976
 6
       4
     2     2     2     2
     0     1     1     1
 1.710E+00 1.625E+00 1.625E+00 1.625E+00
 0.000E+00 0.000E+00 0.000E+00 0.000E+00
 0.000E+00 0.000E+00 0.000E+00 0.000E+00
 0.000E+00 0.000E+00 0.000E+00 0.000E+00
      115.893357     2.915653    0.403691
 6
       4
     2     2     2     2
     0     1     1     1
 1.710E+00 1.625E+00 1.625E+00 1.625E+00
 0.000E+00 0.000E+00 0.000E+00 0.000E+00
 0.000E+00 0.000E+00 0.000E+00 0.000E+00
 0.000E+00 0.000E+00 0.000E+00 0.000E+00
      118.497218     2.706704    0.556972
 6
       4
     2     2     2     2
     0     1     1     1
 1.710E+00 1.625E+00 1.625E+00 1.625E+00
 0.000E+00 0.000E+00 0.000E+00 0.000E+00
 0.000E+00 0.000E+00 0.000E+00 0.000E+00
 0.000E+00 0.000E+00 0.000E+00 0.000E+00
      118.164691     -1.769696    -0.513567
 6
       4
     2     2     2     2
     0     1     1     1
 1.710E+00 1.625E+00 1.625E+00 1.625E+00
 0.000E+00 0.000E+00 0.000E+00 0.000E+00
 0.000E+00 0.000E+00 0.000E+00 0.000E+00
 0.000E+00 0.000E+00 0.000E+00 0.000E+00
      119.723358     0.408731    0.064948
 6
       4
     2     2     2     2
     0     1     1     1
 1.710E+00 1.625E+00 1.625E+00 1.625E+00
 0.000E+00 0.000E+00 0.000E+00 0.000E+00
 0.000E+00 0.000E+00 0.000E+00 0.000E+00
 0.000E+00 0.000E+00 0.000E+00 0.000E+00
      122.521327     0.136232    0.039282
 6
       4
     2     2     2     2
     0     1     1     1
 1.710E+00 1.625E+00 1.625E+00 1.625E+00
 0.000E+00 0.000E+00 0.000E+00 0.000E+00
 0.000E+00 0.000E+00 0.000E+00 0.000E+00
 0.000E+00 0.000E+00 0.000E+00 0.000E+00
      124.754430     0.110033    -0.034019
 6
       4
     2     2     2     2
     0     1     1     1
 1.710E+00 1.625E+00 1.625E+00 1.625E+00
 0.000E+00 0.000E+00 0.000E+00 0.000E+00
 0.000E+00 0.000E+00 0.000E+00 0.000E+00
 0.000E+00 0.000E+00 0.000E+00 0.000E+00
      127.475354     -0.007068    -0.146618
 6
       4
     2     2     2     2
     0     1     1     1
 1.710E+00 1.625E+00 1.625E+00 1.625E+00
 0.000E+00 0.000E+00 0.000E+00 0.000E+00
 0.000E+00 0.000E+00 0.000E+00 0.000E+00
 0.000E+00 0.000E+00 0.000E+00 0.000E+00
      128.680625     -2.304988    -0.943287
 6
       4
     2     2     2     2
     0     1     1     1
 1.710E+00 1.625E+00 1.625E+00 1.625E+00
 0.000E+00 0.000E+00 0.000E+00 0.000E+00
 0.000E+00 0.000E+00 0.000E+00 0.000E+00
 0.000E+00 0.000E+00 0.000E+00 0.000E+00
      128.983244     2.062933    0.652536
 6
       4
     2     2     2     2
     0     1     1     1
 1.710E+00 1.625E+00 1.625E+00 1.625E+00
 0.000E+00 0.000E+00 0.000E+00 0.000E+00
 0.000E+00 0.000E+00 0.000E+00 0.000E+00
 0.000E+00 0.000E+00 0.000E+00 0.000E+00
      131.618495     1.811686    0.814360
 6
       4
     2     2     2     2
     0     1     1     1
 1.710E+00 1.625E+00 1.625E+00 1.625E+00
 0.000E+00 0.000E+00 0.000E+00 0.000E+00
 0.000E+00 0.000E+00 0.000E+00 0.000E+00
 0.000E+00 0.000E+00 0.000E+00 0.000E+00
      131.274979     -2.539727    -0.828063
 6
       4
     2     2     2     2
     0     1     1     1
 1.710E+00 1.625E+00 1.625E+00 1.625E+00
 0.000E+00 0.000E+00 0.000E+00 0.000E+00
 0.000E+00 0.000E+00 0.000E+00 0.000E+00
 0.000E+00 0.000E+00 0.000E+00 0.000E+00
      132.748789     -0.483783    0.052856
 6
       4
     2     2     2     2
     0     1     1     1
 1.710E+00 1.625E+00 1.625E+00 1.625E+00
 0.000E+00 0.000E+00 0.000E+00 0.000E+00
 0.000E+00 0.000E+00 0.000E+00 0.000E+00
 0.000E+00 0.000E+00 0.000E+00 0.000E+00
      135.440309     -0.814200    0.315199
 1
       1
     1
     0
 1.300E+00
 0.000E+00
 0.000E+00
 0.000E+00
      75.362076     4.105543    -0.454292
 1
       1
     1
     0
 1.300E+00
 0.000E+00
 0.000E+00
 0.000E+00
      79.996725     3.934806    -0.322879
 6
       4
     2     2     2     2
     0     1     1     1
 1.710E+00 1.625E+00 1.625E+00 1.625E+00
 0.000E+00 0.000E+00 0.000E+00 0.000E+00
 0.000E+00 0.000E+00 0.000E+00 0.000E+00
 0.000E+00 0.000E+00 0.000E+00 0.000E+00
      71.955554     0.300846    -0.005061
 1
       1
     1
     0
 1.300E+00
 0.000E+00
 0.000E+00
 0.000E+00
      74.773071     -3.944098    1.000102
 1
       1
     1
     0
 1.300E+00
 0.000E+00
 0.000E+00
 0.000E+00
      79.744014     -4.158104    1.528046
 1
       1
     1
     0
 1.300E+00
 0.000E+00
 0.000E+00
 0.000E+00
      87.850011     3.970084    -1.357978
 1
       1
     1
     0
 1.300E+00
 0.000E+00
 0.000E+00
 0.000E+00
      88.296270     -3.883090    1.115311
 1
       1
     1
     0
 1.300E+00
 0.000E+00
 0.000E+00
 0.000E+00
      92.799031     4.109268    -1.638009
 1
       1
     1
     0
 1.300E+00
 0.000E+00
 0.000E+00
 0.000E+00
      93.154411     -3.590786    1.177452
 1
       1
     1
     0
 1.300E+00
 0.000E+00
 0.000E+00
 0.000E+00
      101.176827     4.343851    -1.459991
 1
       1
     1
     0
 1.300E+00
 0.000E+00
 0.000E+00
 0.000E+00
      106.180948     4.715985    -0.828246
 1
       1
     1
     0
 1.300E+00
 0.000E+00
 0.000E+00
 0.000E+00
      101.509345     -3.475648    1.199694
 1
       1
     1
     0
 1.300E+00
 0.000E+00
 0.000E+00
 0.000E+00
      106.251441     -3.159337    1.604324
 1
       1
     1
     0
 1.300E+00
 0.000E+00
 0.000E+00
 0.000E+00
      114.931252     4.787967    0.765655
 1
       1
     1
     0
 1.300E+00
 0.000E+00
 0.000E+00
 0.000E+00
      114.414318     -3.282373    -1.200802
 1
       1
     1
     0
 1.300E+00
 0.000E+00
 0.000E+00
 0.000E+00
      119.692077     4.356829    1.158213
 1
       1
     1
     0
 1.300E+00
 0.000E+00
 0.000E+00
 0.000E+00
      118.970270     -3.721934    -0.913647
 1
       1
     1
     0
 1.300E+00
 0.000E+00
 0.000E+00
 0.000E+00
      128.164119     3.895492    1.380912
 1
       1
     1
     0
 1.300E+00
 0.000E+00
 0.000E+00
 0.000E+00
      127.389509     -3.848242    -1.699423
 1
       1
     1
     0
 1.300E+00
 0.000E+00
 0.000E+00
 0.000E+00
      132.764633     3.389505    1.561758
 1
       1
     1
     0
 1.300E+00
 0.000E+00
 0.000E+00
 0.000E+00
      132.396567     -4.325908    -1.355842
 1
       1
     1
     0
 1.300E+00
 0.000E+00
 0.000E+00
 0.000E+00
      140.963171     1.792651    3.148327
 1
       1
     1
     0
 1.300E+00
 0.000E+00
 0.000E+00
 0.000E+00
      140.944151     -4.623364    -2.300331
 1
       1
     1
     0
 1.300E+00
 0.000E+00
 0.000E+00
 0.000E+00
      147.733558     -1.329097    0.183211
 1
       1
     1
     0
 1.300E+00
 0.000E+00
 0.000E+00
 0.000E+00
      145.340952     1.846376    3.120830
 1
       1
     1
     0
 1.300E+00
 0.000E+00
 0.000E+00
 0.000E+00
      145.344521     -4.639746    -2.339462
 6
       4
     2     2     2     2
     0     1     1     1
 1.710E+00 1.625E+00 1.625E+00 1.625E+00
 0.000E+00 0.000E+00 0.000E+00 0.000E+00
 0.000E+00 0.000E+00 0.000E+00 0.000E+00
 0.000E+00 0.000E+00 0.000E+00 0.000E+00
      137.585720     -1.082208    0.402198
 6
       4
     2     2     2     2
     0     1     1     1
 1.710E+00 1.625E+00 1.625E+00 1.625E+00
 0.000E+00 0.000E+00 0.000E+00 0.000E+00
 0.000E+00 0.000E+00 0.000E+00 0.000E+00
 0.000E+00 0.000E+00 0.000E+00 0.000E+00
      140.448893     -1.230981    0.395344
 6
       4
     2     2     2     2
     0     1     1     1
 1.710E+00 1.625E+00 1.625E+00 1.625E+00
 0.000E+00 0.000E+00 0.000E+00 0.000E+00
 0.000E+00 0.000E+00 0.000E+00 0.000E+00
 0.000E+00 0.000E+00 0.000E+00 0.000E+00
      141.798536     -3.071394    -1.144641
 6
       4
     2     2     2     2
     0     1     1     1
 1.710E+00 1.625E+00 1.625E+00 1.625E+00
 0.000E+00 0.000E+00 0.000E+00 0.000E+00
 0.000E+00 0.000E+00 0.000E+00 0.000E+00
 0.000E+00 0.000E+00 0.000E+00 0.000E+00
      141.833320     0.410454    1.865976
 6
       4
     2     2     2     2
     0     1     1     1
 1.710E+00 1.625E+00 1.625E+00 1.625E+00
 0.000E+00 0.000E+00 0.000E+00 0.000E+00
 0.000E+00 0.000E+00 0.000E+00 0.000E+00
 0.000E+00 0.000E+00 0.000E+00 0.000E+00
      144.523898     0.394962    1.687045
 6
       4
     2     2     2     2
     0     1     1     1
 1.710E+00 1.625E+00 1.625E+00 1.625E+00
 0.000E+00 0.000E+00 0.000E+00 0.000E+00
 0.000E+00 0.000E+00 0.000E+00 0.000E+00
 0.000E+00 0.000E+00 0.000E+00 0.000E+00
      144.469720     -3.015910    -1.211409
 6
       4
     2     2     2     2
     0     1     1     1
 1.710E+00 1.625E+00 1.625E+00 1.625E+00
 0.000E+00 0.000E+00 0.000E+00 0.000E+00
 0.000E+00 0.000E+00 0.000E+00 0.000E+00
 0.000E+00 0.000E+00 0.000E+00 0.000E+00
      145.737717     -1.240220    0.230473
# LCAO coefficients .. are not included.
         1
        1        -0.000028291906868   k=         1
        2        0.000185568335786   k=         1
        3        -0.001736041983776   k=         1
        4        0.008721492228455   k=         1
        5        0.000199577377904   k=         1
        6        0.001350902003978   k=         1
        7        -0.002718089397476   k=         1
        8        0.007934438327662   k=         1
        9        -0.000275545135898   k=         1
        10        -0.000166721879667   k=         1
        11        -0.002020981069247   k=         1
        12        0.003979787169691   k=         1
        13        -0.000099918259721   k=         1
        14        -0.000498593393438   k=         1
        15        0.000631802044002   k=         1
        16        -0.001860171996621   k=         1
        17        -0.000079023008698   k=         1
        18        0.001053809648042   k=         1
        19        0.003125145987800   k=         1
        20        -0.009117886428943   k=         1
        21        0.000116270440691   k=         1
        22        -0.000027743726614   k=         1
        23        0.002119368601372   k=         1
        24        -0.004669640036815   k=         1
        25        -0.000376581172000   k=         1
        26        0.000036664902990   k=         1
        27        -0.000785156200029   k=         1
        28        -0.007664551614737   k=         1
        29        0.000442937774582   k=         1
        30        -0.000050391726574   k=         1
        31        0.000433533465768   k=         1
        32        -0.008219019954457   k=         1
        33        -0.000103699866113   k=         1
        34        -0.000411509849566   k=         1
        35        0.001439610624937   k=         1
        36        0.007316758318005   k=         1
        37        -0.000134008484757   k=         1
        38        0.000065478593822   k=         1
        39        0.002116091162778   k=         1
        40        0.005993177486032   k=         1
        41        0.000364515903039   k=         1
        42        -0.000495599004116   k=         1
        43        0.002335186040339   k=         1
        44        0.006295489376479   k=         1
        45        0.000223665414778   k=         1
        46        0.000217849393439   k=         1
        47        -0.000958993397599   k=         1
        48        -0.002850709506455   k=         1
        49        -0.000194969419946   k=         1
        50        -0.000172499585491   k=         1
        51        -0.001037750702788   k=         1
        52        -0.002736784316672   k=         1
        53        -0.000129483888654   k=         1
        54        0.001631768137548   k=         1
        55        -0.002124257642488   k=         1
        56        -0.009614882139816   k=         1
        57        0.000079135095433   k=         1
        58        -0.000112356512880   k=         1
        59        -0.002703979634252   k=         1
        60        -0.001713823370688   k=         1
        61        -0.000043106798148   k=         1
        62        0.000658385744962   k=         1
        63        0.001034452027143   k=         1
        64        0.005592371747287   k=         1
        65        0.000004545859056   k=         1
        66        0.000603411518907   k=         1
        67        0.006349377679503   k=         1
        68        0.008851805596491   k=         1
        69        0.000084515655994   k=         1
        70        0.001032053348594   k=         1
        71        -0.000229920787403   k=         1
        72        -0.000118290589524   k=         1
        73        -0.000077050764946   k=         1
        74        -0.000565954592262   k=         1
        75        -0.000142158134538   k=         1
        76        -0.000308172120003   k=         1
        77        0.000861716249214   k=         1
        78        0.000161559863546   k=         1
        79        -0.010765960287750   k=         1
        80        -0.008946339060977   k=         1
        81        -0.000947366830052   k=         1
        82        -0.003127792213603   k=         1
        83        -0.009967092807761   k=         1
        84        -0.008702224262571   k=         1
        85        0.000051353088570   k=         1
        86        0.000020992573730   k=         1
        87        -0.000926270073263   k=         1
        88        -0.005312733222432   k=         1
        89        -0.001145621778148   k=         1
        90        0.002382926919677   k=         1
        91        0.008658400194768   k=         1
        92        0.032858249780807   k=         1
        93        0.000778580242162   k=         1
        94        0.000385190544473   k=         1
        95        0.002768278171686   k=         1
        96        0.012275806686638   k=         1
        97        -0.000758043985524   k=         1
        98        0.001937604779262   k=         1
        99        -0.017715451736230   k=         1
        100        -0.058305862356098   k=         1
        101        0.001112859866492   k=         1
        102        0.003879933647882   k=         1
        103        -0.004200565103825   k=         1
        104        -0.020791343332509   k=         1
        105        0.000314197757400   k=         1
        106        0.001469971813490   k=         1
        107        -0.005252912038750   k=         1
        108        -0.018823921683263   k=         1
        109        0.001310974802083   k=         1
        110        0.001588288010550   k=         1
        111        0.013930609880707   k=         1
        112        0.051447190905019   k=         1
        113        -0.002323121356994   k=         1
        114        -0.005429250574207   k=         1
        115        0.008295583415830   k=         1
        116        0.046226514936925   k=         1
        117        0.001005985213313   k=         1
        118        0.008800851245966   k=         1
        119        0.016199481254130   k=         1
        120        0.042602859449586   k=         1
        121        -0.001741449563570   k=         1
        122        -0.016101451761700   k=         1
        123        -0.047669250828385   k=         1
        124        -0.082064402344332   k=         1
        125        0.002162462637044   k=         1
        126        0.000441961024626   k=         1
        127        -0.024430681225580   k=         1
        128        -0.048927672295563   k=         1
        129        -0.003063743811284   k=         1
        130        -0.009974549921304   k=         1
        131        0.073255092116271   k=         1
        132        0.118599317940882   k=         1
        133        0.003990830832893   k=         1
        134        0.001972853991643   k=         1
        135        0.036111515135814   k=         1
        136        0.064927004765830   k=         1
        137        0.000176333755088   k=         1
        138        -0.007722869544242   k=         1
        139        0.026377006107101   k=         1
        140        0.046162692235616   k=         1
        141        0.001714832323984   k=         1
        142        0.013239481736491   k=         1
        143        -0.041953789280093   k=         1
        144        -0.076884121881670   k=         1
        145        0.000973009971568   k=         1
        146        -0.004697441875947   k=         1
        147        -0.043111446691558   k=         1
        148        -0.099344810855649   k=         1
        149        -0.002916119319894   k=         1
        150        0.015042512157483   k=         1
        151        -0.051735223955065   k=         1
        152        -0.113372932817376   k=         1
        153        0.002979349330347   k=         1
        154        -0.005716996725565   k=         1
        155        0.038320314964337   k=         1
        156        0.120595386300803   k=         1
        157        0.000590194340292   k=         1
        158        -0.000171412760366   k=         1
        159        -0.000239400033092   k=         1
        160        -0.000263462436504   k=         1
        161        0.000416621575347   k=         1
        162        0.000109468690933   k=         1
        163        -0.000363144015385   k=         1
        164        -0.000380130877857   k=         1
        165        0.000065373077848   k=         1
        166        0.001017254609073   k=         1
        167        -0.000645111437338   k=         1
        168        -0.001140343395529   k=         1
        169        0.000449423165094   k=         1
        170        0.000663582148145   k=         1
        171        -0.002850544585573   k=         1
        172        -0.002003554082128   k=         1
        173        -0.000027847592587   k=         1
        174        0.000118972115324   k=         1
        175        0.000603901202362   k=         1
        176        -0.001264068032361   k=         1
        177        -0.002499116353384   k=         1
        178        -0.003902353289274   k=         1
        179        0.002374630532978   k=         1
        180        0.005849403526415   k=         1
        181        0.001083318156141   k=         1
        182        -0.023562121665701   k=         1
        183        -0.110913919785268   k=         1
        184        0.000399920855821   k=         1
        185        -0.003414431012432   k=         1
        186        -0.000623267347876   k=         1
        187        0.007456736366274   k=         1
        188        0.044476207902668   k=         1
        189        0.111699445411520   k=         1
        190        0.004186663246922   k=         1
        191        -0.005636477410830   k=         1
        192        -0.042711888703346   k=         1
        193        -0.149593884763323   k=         1
        194        -0.001080867646848   k=         1
        195        0.004052489077068   k=         1
        196        -0.026403664935805   k=         1
        197        -0.079390634120564   k=         1
        198        -0.002134174380876   k=         1
        199        0.005342761432989   k=         1
        200        -0.031413078025975   k=         1
        201        -0.106232598856778   k=         1
        202        0.000040695324718   k=         1
        203        -0.002826215464036   k=         1
        204        0.044066983752038   k=         1
        205        0.105156924087519   k=         1
        206        0.000457713756944   k=         1
        207        -0.001946751747214   k=         1
        208        0.025710730669003   k=         1
        209        0.061377451587599   k=         1
        210        0.003787733073579   k=         1
        211        0.007204389628944   k=         1
        212        0.042700136890032   k=         1
        213        0.155256646481391   k=         1
        214        0.000457027330207   k=         1
        215        0.010718013617049   k=         1
        216        -0.028044739199106   k=         1
        217        -0.142271052423960   k=         1
        218        0.000192335673925   k=         1
        219        -0.000180110167054   k=         1
        220        -0.018223460283296   k=         1
        221        -0.077136601993160   k=         1
        222        0.002808931398073   k=         1
        223        0.004179132694909   k=         1
        224        -0.023923228511453   k=         1
        225        -0.099471886975549   k=         1
        226        0.000022715467802   k=         1
        227        -0.001701954505116   k=         1
        228        0.017298087898863   k=         1
        229        0.094504348600376   k=         1
        230        0.001119125797906   k=         1
        231        -0.017661436123188   k=         1
        232        0.029915090862885   k=         1
        233        0.142848367858207   k=         1
        234        -0.000027818161858   k=         1
        235        -0.002315386218801   k=         1
        236        0.012281606788480   k=         1
        237        0.083627437842524   k=         1
        238        0.001364365804440   k=         1
        239        -0.001000058274214   k=         1
        240        0.027171750650744   k=         1
        241        0.113905893979446   k=         1
        242        0.003705884721751   k=         1
        243        0.024609137119347   k=         1
        244        0.024883874517720   k=         1
        245        0.113319351990374   k=         1
        246        0.001690094881637   k=         1
        247        -0.025915526429596   k=         1
        248        -0.038082465222877   k=         1
        249        -0.131990493535839   k=         1
        250        -0.000344050708628   k=         1
        251        -0.000158858937518   k=         1
        252        -0.029533537554007   k=         1
        253        -0.085344271846036   k=         1
        254        -0.000848678419654   k=         1
        255        0.010681796844956   k=         1
        256        -0.031552701124238   k=         1
        257        -0.090038448996277   k=         1
        258        -0.000756274259038   k=         1
        259        -0.004397774123458   k=         1
        260        0.034938499294925   k=         1
        261        0.083428677280289   k=         1
        262        0.001252295523598   k=         1
        263        -0.011934839258902   k=         1
        264        0.023630805246537   k=         1
        265        0.074593082566514   k=         1
        266        0.004261815040228   k=         1
        267        0.002348323994188   k=         1
        268        0.047972215605215   k=         1
        269        0.132604315984561   k=         1
        270        0.003464298527114   k=         1
        271        -0.005336559029736   k=         1
        272        -0.037024320181692   k=         1
        273        -0.101775276067263   k=         1
        274        -0.002322657419619   k=         1
        275        0.001356171202135   k=         1
        276        -0.037617389079839   k=         1
        277        -0.102457327819517   k=         1
        278        0.002805464329235   k=         1
        279        -0.008770662064036   k=         1
        280        0.043895164821428   k=         1
        281        0.126448115919490   k=         1
        282        -0.000815763672702   k=         1
        283        -0.012780260470943   k=         1
        284        0.027439974315320   k=         1
        285        0.085518685950558   k=         1
        286        -0.003575015927529   k=         1
        287        -0.019192507298701   k=         1
        288        0.025359961811565   k=         1
        289        0.073914829945640   k=         1
        290        -0.000007618457667   k=         1
        291        0.021135651572437   k=         1
        292        -0.029257446144458   k=         1
        293        -0.068415443139247   k=         1
        294        -0.002899865884717   k=         1
        295        0.007960616832638   k=         1
        296        -0.029681658682106   k=         1
        297        -0.077533551497083   k=         1
        298        0.001731736507586   k=         1
        299        0.000488736982977   k=         1
        300        -0.034982489671898   k=         1
        301        -0.138164850853839   k=         1
        302        -0.004523175230464   k=         1
        303        0.007283234971831   k=         1
        304        -0.004771168430092   k=         1
        305        0.087128961019709   k=         1
        306        0.006425649640918   k=         1
        307        0.016799476196501   k=         1
        308        0.017898466737420   k=         1
        309        0.104178203188667   k=         1
        310        0.000012006417933   k=         1
        311        -0.009938467339973   k=         1
        312        0.021326307530172   k=         1
        313        -0.105453863671739   k=         1
        314        0.004020241805410   k=         1
        315        0.006985903465620   k=         1
        316        0.018994368433945   k=         1
        317        -0.058376451867537   k=         1
        318        -0.002542414872200   k=         1
        319        0.018493396136214   k=         1
        320        0.024810394429743   k=         1
        321        -0.070240673941357   k=         1
        322        0.001372615101587   k=         1
        323        -0.014850899890491   k=         1
        324        -0.014549167563721   k=         1
        325        0.056580569942838   k=         1
        326        0.001372397741244   k=         1
        327        -0.013921057511214   k=         1
        328        -0.018553952271970   k=         1
        329        0.074870900863455   k=         1
        330        -0.000757669133049   k=         1
        331        -0.000454453928956   k=         1
        332        -0.024277766426090   k=         1
        333        0.108369541434560   k=         1
        334        0.002212166821300   k=         1
        335        -0.005438266849130   k=         1
        336        0.023954108742237   k=         1
        337        -0.079551548972193   k=         1
        338        -0.001467547268638   k=         1
        339        -0.005168699017894   k=         1
        340        0.022056782117882   k=         1
        341        -0.086471006058202   k=         1
        342        0.000194212475532   k=         1
        343        0.002185132563412   k=         1
        344        -0.026220481181885   k=         1
        345        0.082158753337256   k=         1
        346        0.000263572482386   k=         1
        347        -0.003971690482940   k=         1
        348        -0.026547780780412   k=         1
        349        0.061284263337780   k=         1
        350        0.000500152326531   k=         1
        351        -0.006993025649353   k=         1
        352        -0.028629629441420   k=         1
        353        0.062750968058211   k=         1
        354        -0.000829819427082   k=         1
        355        0.006249846618380   k=         1
        356        0.017540279731574   k=         1
        357        -0.042308066400883   k=         1
        358        -0.000645082393206   k=         1
        359        0.003711692723059   k=         1
        360        0.013679525730629   k=         1
        361        -0.039108867117541   k=         1
        362        0.001423217757991   k=         1
        363        0.013328506079404   k=         1
        364        0.031789576889232   k=         1
        365        -0.090684652396761   k=         1
        366        0.000225911436107   k=         1
        367        -0.004895776764044   k=         1
        368        -0.013978373743577   k=         1
        369        0.030274907631397   k=         1
        370        -0.001248677817765   k=         1
        371        -0.001382758961297   k=         1
        372        -0.002556151371317   k=         1
        373        0.017120572559830   k=         1
        374        -0.029216335864296   k=         1
        375        -0.109290770010069   k=         1
        376        -0.001855309799137   k=         1
        377        -0.001896865682750   k=         1
        378        -0.005903579984496   k=         1
        379        -0.004075715702502   k=         1
        380        0.000045456235970   k=         1
        381        -0.002867562404770   k=         1
        382        0.006479195081182   k=         1
        383        0.001882700935159   k=         1
        384        0.000569293709608   k=         1
        385        0.004774358043945   k=         1
        386        -0.002479430783766   k=         1
        387        -0.005731566780812   k=         1
        388        -0.006784587301235   k=         1
        389        -0.000265694938355   k=         1
        390        -0.000249648339492   k=         1
        391        0.001824494308700   k=         1
        392        0.001714208954941   k=         1
        393        -0.001746108608168   k=         1
        394        0.001287245099757   k=         1
        395        -0.000433221919913   k=         1
        396        -0.000382690368101   k=         1
        397        -0.001344649690099   k=         1
        398        0.001991649748443   k=         1
        399        0.000139381438854   k=         1
        400        -0.003533542853598   k=         1
        401        -0.023977678060945   k=         1
        402        0.062548652778399   k=         1
        403        0.000300059212871   k=         1
        404        0.000319020727701   k=         1
        405        0.014008160046293   k=         1
        406        -0.021681965732304   k=         1
        407        0.001763390482560   k=         1
        408        -0.005410970822273   k=         1
        409        0.022109829196221   k=         1
        410        -0.021162451356211   k=         1
        411        -0.001588417769920   k=         1
        412        0.000745041838935   k=         1
        413        0.025327463890023   k=         1
        414        -0.023258351514564   k=         1
        415        0.000184102784799   k=         1
        416        -0.000216575830824   k=         1
        417        -0.006973548780128   k=         1
        418        0.006513312072997   k=         1
        419        -0.000646056753255   k=         1
        420        0.001762588452956   k=         1
        421        -0.004938246448201   k=         1
        422        0.005791527442009   k=         1
        423        -0.000108248560839   k=         1
        424        -0.000311217995442   k=         1
        425        -0.021181724093149   k=         1
        426        0.025367574871952   k=         1
