# file_format= v0.04.05
       144       426
    188.97268778      0.00000000      0.00000000    0
      0.00000000    188.97268778      0.00000000    0
      0.00000000      0.00000000    188.97268778    0
 6
       4
     2     2     2     2
     0     1     1     1
 1.710E+00 1.625E+00 1.625E+00 1.625E+00
 0.000E+00 0.000E+00 0.000E+00 0.000E+00
 0.000E+00 0.000E+00 0.000E+00 0.000E+00
 0.000E+00 0.000E+00 0.000E+00 0.000E+00
      1.095828     -0.774841    -0.104938
 6
       4
     2     2     2     2
     0     1     1     1
 1.710E+00 1.625E+00 1.625E+00 1.625E+00
 0.000E+00 0.000E+00 0.000E+00 0.000E+00
 0.000E+00 0.000E+00 0.000E+00 0.000E+00
 0.000E+00 0.000E+00 0.000E+00 0.000E+00
      -0.797774     1.145066    0.544252
 6
       4
     2     2     2     2
     0     1     1     1
 1.710E+00 1.625E+00 1.625E+00 1.625E+00
 0.000E+00 0.000E+00 0.000E+00 0.000E+00
 0.000E+00 0.000E+00 0.000E+00 0.000E+00
 0.000E+00 0.000E+00 0.000E+00 0.000E+00
      0.093075     -3.110661    -0.795420
 6
       4
     2     2     2     2
     0     1     1     1
 1.710E+00 1.625E+00 1.625E+00 1.625E+00
 0.000E+00 0.000E+00 0.000E+00 0.000E+00
 0.000E+00 0.000E+00 0.000E+00 0.000E+00
 0.000E+00 0.000E+00 0.000E+00 0.000E+00
      -3.251805     0.523176    0.407984
 6
       4
     2     2     2     2
     0     1     1     1
 1.710E+00 1.625E+00 1.625E+00 1.625E+00
 0.000E+00 0.000E+00 0.000E+00 0.000E+00
 0.000E+00 0.000E+00 0.000E+00 0.000E+00
 0.000E+00 0.000E+00 0.000E+00 0.000E+00
      -4.231338     -1.678148    -0.362504
 6
       4
     2     2     2     2
     0     1     1     1
 1.710E+00 1.625E+00 1.625E+00 1.625E+00
 0.000E+00 0.000E+00 0.000E+00 0.000E+00
 0.000E+00 0.000E+00 0.000E+00 0.000E+00
 0.000E+00 0.000E+00 0.000E+00 0.000E+00
      -2.377761     -3.684043    -1.010435
 6
       4
     2     2     2     2
     0     1     1     1
 1.710E+00 1.625E+00 1.625E+00 1.625E+00
 0.000E+00 0.000E+00 0.000E+00 0.000E+00
 0.000E+00 0.000E+00 0.000E+00 0.000E+00
 0.000E+00 0.000E+00 0.000E+00 0.000E+00
      3.832946     -0.268417    0.001268
 6
       4
     2     2     2     2
     0     1     1     1
 1.710E+00 1.625E+00 1.625E+00 1.625E+00
 0.000E+00 0.000E+00 0.000E+00 0.000E+00
 0.000E+00 0.000E+00 0.000E+00 0.000E+00
 0.000E+00 0.000E+00 0.000E+00 0.000E+00
      5.992510     0.157917    -0.140694
 6
       4
     2     2     2     2
     0     1     1     1
 1.710E+00 1.625E+00 1.625E+00 1.625E+00
 0.000E+00 0.000E+00 0.000E+00 0.000E+00
 0.000E+00 0.000E+00 0.000E+00 0.000E+00
 0.000E+00 0.000E+00 0.000E+00 0.000E+00
      8.695807     0.308010    -0.006501
 6
       4
     2     2     2     2
     0     1     1     1
 1.710E+00 1.625E+00 1.625E+00 1.625E+00
 0.000E+00 0.000E+00 0.000E+00 0.000E+00
 0.000E+00 0.000E+00 0.000E+00 0.000E+00
 0.000E+00 0.000E+00 0.000E+00 0.000E+00
      9.813685     2.631154    -0.522330
 6
       4
     2     2     2     2
     0     1     1     1
 1.710E+00 1.625E+00 1.625E+00 1.625E+00
 0.000E+00 0.000E+00 0.000E+00 0.000E+00
 0.000E+00 0.000E+00 0.000E+00 0.000E+00
 0.000E+00 0.000E+00 0.000E+00 0.000E+00
      10.260679     -1.710761    0.661087
 6
       4
     2     2     2     2
     0     1     1     1
 1.710E+00 1.625E+00 1.625E+00 1.625E+00
 0.000E+00 0.000E+00 0.000E+00 0.000E+00
 0.000E+00 0.000E+00 0.000E+00 0.000E+00
 0.000E+00 0.000E+00 0.000E+00 0.000E+00
      12.441737     2.983159    -0.429376
 6
       4
     2     2     2     2
     0     1     1     1
 1.710E+00 1.625E+00 1.625E+00 1.625E+00
 0.000E+00 0.000E+00 0.000E+00 0.000E+00
 0.000E+00 0.000E+00 0.000E+00 0.000E+00
 0.000E+00 0.000E+00 0.000E+00 0.000E+00
      12.877165     -1.417149    0.740160
 6
       4
     2     2     2     2
     0     1     1     1
 1.710E+00 1.625E+00 1.625E+00 1.625E+00
 0.000E+00 0.000E+00 0.000E+00 0.000E+00
 0.000E+00 0.000E+00 0.000E+00 0.000E+00
 0.000E+00 0.000E+00 0.000E+00 0.000E+00
      14.043678     0.938268    0.321484
 6
       4
     2     2     2     2
     0     1     1     1
 1.710E+00 1.625E+00 1.625E+00 1.625E+00
 0.000E+00 0.000E+00 0.000E+00 0.000E+00
 0.000E+00 0.000E+00 0.000E+00 0.000E+00
 0.000E+00 0.000E+00 0.000E+00 0.000E+00
      16.820719     1.310655    0.439894
 6
       4
     2     2     2     2
     0     1     1     1
 1.710E+00 1.625E+00 1.625E+00 1.625E+00
 0.000E+00 0.000E+00 0.000E+00 0.000E+00
 0.000E+00 0.000E+00 0.000E+00 0.000E+00
 0.000E+00 0.000E+00 0.000E+00 0.000E+00
      19.034450     1.473089    0.324307
 6
       4
     2     2     2     2
     0     1     1     1
 1.710E+00 1.625E+00 1.625E+00 1.625E+00
 0.000E+00 0.000E+00 0.000E+00 0.000E+00
 0.000E+00 0.000E+00 0.000E+00 0.000E+00
 0.000E+00 0.000E+00 0.000E+00 0.000E+00
      21.813451     1.313018    0.210327
 6
       4
     2     2     2     2
     0     1     1     1
 1.710E+00 1.625E+00 1.625E+00 1.625E+00
 0.000E+00 0.000E+00 0.000E+00 0.000E+00
 0.000E+00 0.000E+00 0.000E+00 0.000E+00
 0.000E+00 0.000E+00 0.000E+00 0.000E+00
      23.143563     -0.601122    1.484406
 6
       4
     2     2     2     2
     0     1     1     1
 1.710E+00 1.625E+00 1.625E+00 1.625E+00
 0.000E+00 0.000E+00 0.000E+00 0.000E+00
 0.000E+00 0.000E+00 0.000E+00 0.000E+00
 0.000E+00 0.000E+00 0.000E+00 0.000E+00
      23.293698     2.988953    -1.174786
 6
       4
     2     2     2     2
     0     1     1     1
 1.710E+00 1.625E+00 1.625E+00 1.625E+00
 0.000E+00 0.000E+00 0.000E+00 0.000E+00
 0.000E+00 0.000E+00 0.000E+00 0.000E+00
 0.000E+00 0.000E+00 0.000E+00 0.000E+00
      26.049385     2.753404    -1.325800
 6
       4
     2     2     2     2
     0     1     1     1
 1.710E+00 1.625E+00 1.625E+00 1.625E+00
 0.000E+00 0.000E+00 0.000E+00 0.000E+00
 0.000E+00 0.000E+00 0.000E+00 0.000E+00
 0.000E+00 0.000E+00 0.000E+00 0.000E+00
      25.896425     -0.816144    1.433317
 6
       4
     2     2     2     2
     0     1     1     1
 1.710E+00 1.625E+00 1.625E+00 1.625E+00
 0.000E+00 0.000E+00 0.000E+00 0.000E+00
 0.000E+00 0.000E+00 0.000E+00 0.000E+00
 0.000E+00 0.000E+00 0.000E+00 0.000E+00
      27.351025     0.869607    0.017771
 6
       4
     2     2     2     2
     0     1     1     1
 1.710E+00 1.625E+00 1.625E+00 1.625E+00
 0.000E+00 0.000E+00 0.000E+00 0.000E+00
 0.000E+00 0.000E+00 0.000E+00 0.000E+00
 0.000E+00 0.000E+00 0.000E+00 0.000E+00
      30.083750     0.470954    -0.223436
 6
       4
     2     2     2     2
     0     1     1     1
 1.710E+00 1.625E+00 1.625E+00 1.625E+00
 0.000E+00 0.000E+00 0.000E+00 0.000E+00
 0.000E+00 0.000E+00 0.000E+00 0.000E+00
 0.000E+00 0.000E+00 0.000E+00 0.000E+00
      32.353679     0.162301    -0.133881
 6
       4
     2     2     2     2
     0     1     1     1
 1.710E+00 1.625E+00 1.625E+00 1.625E+00
 0.000E+00 0.000E+00 0.000E+00 0.000E+00
 0.000E+00 0.000E+00 0.000E+00 0.000E+00
 0.000E+00 0.000E+00 0.000E+00 0.000E+00
      35.169976     -0.116279    0.002381
 6
       4
     2     2     2     2
     0     1     1     1
 1.710E+00 1.625E+00 1.625E+00 1.625E+00
 0.000E+00 0.000E+00 0.000E+00 0.000E+00
 0.000E+00 0.000E+00 0.000E+00 0.000E+00
 0.000E+00 0.000E+00 0.000E+00 0.000E+00
      36.529694     -2.325416    0.634273
 6
       4
     2     2     2     2
     0     1     1     1
 1.710E+00 1.625E+00 1.625E+00 1.625E+00
 0.000E+00 0.000E+00 0.000E+00 0.000E+00
 0.000E+00 0.000E+00 0.000E+00 0.000E+00
 0.000E+00 0.000E+00 0.000E+00 0.000E+00
      36.534628     2.020924    -0.643183
 6
       4
     2     2     2     2
     0     1     1     1
 1.710E+00 1.625E+00 1.625E+00 1.625E+00
 0.000E+00 0.000E+00 0.000E+00 0.000E+00
 0.000E+00 0.000E+00 0.000E+00 0.000E+00
 0.000E+00 0.000E+00 0.000E+00 0.000E+00
      39.217529     1.946418    -0.604166
 6
       4
     2     2     2     2
     0     1     1     1
 1.710E+00 1.625E+00 1.625E+00 1.625E+00
 0.000E+00 0.000E+00 0.000E+00 0.000E+00
 0.000E+00 0.000E+00 0.000E+00 0.000E+00
 0.000E+00 0.000E+00 0.000E+00 0.000E+00
      39.147749     -2.426070    0.673506
 6
       4
     2     2     2     2
     0     1     1     1
 1.710E+00 1.625E+00 1.625E+00 1.625E+00
 0.000E+00 0.000E+00 0.000E+00 0.000E+00
 0.000E+00 0.000E+00 0.000E+00 0.000E+00
 0.000E+00 0.000E+00 0.000E+00 0.000E+00
      40.541560     -0.241324    -0.007034
 6
       4
     2     2     2     2
     0     1     1     1
 1.710E+00 1.625E+00 1.625E+00 1.625E+00
 0.000E+00 0.000E+00 0.000E+00 0.000E+00
 0.000E+00 0.000E+00 0.000E+00 0.000E+00
 0.000E+00 0.000E+00 0.000E+00 0.000E+00
      43.324198     -0.244498    -0.244355
 6
       4
     2     2     2     2
     0     1     1     1
 1.710E+00 1.625E+00 1.625E+00 1.625E+00
 0.000E+00 0.000E+00 0.000E+00 0.000E+00
 0.000E+00 0.000E+00 0.000E+00 0.000E+00
 0.000E+00 0.000E+00 0.000E+00 0.000E+00
      45.511775     -0.604395    -0.309174
 6
       4
     2     2     2     2
     0     1     1     1
 1.710E+00 1.625E+00 1.625E+00 1.625E+00
 0.000E+00 0.000E+00 0.000E+00 0.000E+00
 0.000E+00 0.000E+00 0.000E+00 0.000E+00
 0.000E+00 0.000E+00 0.000E+00 0.000E+00
      48.240853     -0.604281    -0.330596
 6
       4
     2     2     2     2
     0     1     1     1
 1.710E+00 1.625E+00 1.625E+00 1.625E+00
 0.000E+00 0.000E+00 0.000E+00 0.000E+00
 0.000E+00 0.000E+00 0.000E+00 0.000E+00
 0.000E+00 0.000E+00 0.000E+00 0.000E+00
      49.732221     -2.435320    0.878912
 6
       4
     2     2     2     2
     0     1     1     1
 1.710E+00 1.625E+00 1.625E+00 1.625E+00
 0.000E+00 0.000E+00 0.000E+00 0.000E+00
 0.000E+00 0.000E+00 0.000E+00 0.000E+00
 0.000E+00 0.000E+00 0.000E+00 0.000E+00
      49.543436     1.545921    -1.425040
 6
       4
     2     2     2     2
     0     1     1     1
 1.710E+00 1.625E+00 1.625E+00 1.625E+00
 0.000E+00 0.000E+00 0.000E+00 0.000E+00
 0.000E+00 0.000E+00 0.000E+00 0.000E+00
 0.000E+00 0.000E+00 0.000E+00 0.000E+00
      52.093283     1.880113    -1.349618
 6
       4
     2     2     2     2
     0     1     1     1
 1.710E+00 1.625E+00 1.625E+00 1.625E+00
 0.000E+00 0.000E+00 0.000E+00 0.000E+00
 0.000E+00 0.000E+00 0.000E+00 0.000E+00
 0.000E+00 0.000E+00 0.000E+00 0.000E+00
      52.450053     -2.265689    0.747640
 6
       4
     2     2     2     2
     0     1     1     1
 1.710E+00 1.625E+00 1.625E+00 1.625E+00
 0.000E+00 0.000E+00 0.000E+00 0.000E+00
 0.000E+00 0.000E+00 0.000E+00 0.000E+00
 0.000E+00 0.000E+00 0.000E+00 0.000E+00
      53.697552     -0.095187    -0.089928
 6
       4
     2     2     2     2
     0     1     1     1
 1.710E+00 1.625E+00 1.625E+00 1.625E+00
 0.000E+00 0.000E+00 0.000E+00 0.000E+00
 0.000E+00 0.000E+00 0.000E+00 0.000E+00
 0.000E+00 0.000E+00 0.000E+00 0.000E+00
      56.361261     0.193922    -0.066857
 1
       1
     1
     0
 1.300E+00
 0.000E+00
 0.000E+00
 0.000E+00
      -4.704176     1.913726    0.906768
 1
       1
     1
     0
 1.300E+00
 0.000E+00
 0.000E+00
 0.000E+00
      -0.034350     2.909173    0.944712
 1
       1
     1
     0
 1.300E+00
 0.000E+00
 0.000E+00
 0.000E+00
      -5.847532     -2.199607    -0.758557
 1
       1
     1
     0
 1.300E+00
 0.000E+00
 0.000E+00
 0.000E+00
      -2.970421     -5.463566    -1.712574
 1
       1
     1
     0
 1.300E+00
 0.000E+00
 0.000E+00
 0.000E+00
      1.535886     -4.618082    -1.236087
 1
       1
     1
     0
 1.300E+00
 0.000E+00
 0.000E+00
 0.000E+00
      8.742135     4.349768    -1.066843
 1
       1
     1
     0
 1.300E+00
 0.000E+00
 0.000E+00
 0.000E+00
      9.467351     -3.539610    1.085765
 1
       1
     1
     0
 1.300E+00
 0.000E+00
 0.000E+00
 0.000E+00
      13.123312     4.887013    -0.719729
 1
       1
     1
     0
 1.300E+00
 0.000E+00
 0.000E+00
 0.000E+00
      13.955334     -3.105275    1.127046
 1
       1
     1
     0
 1.300E+00
 0.000E+00
 0.000E+00
 0.000E+00
      22.370244     4.524263    -2.246389
 1
       1
     1
     0
 1.300E+00
 0.000E+00
 0.000E+00
 0.000E+00
      26.962008     3.995981    -2.548241
 1
       1
     1
     0
 1.300E+00
 0.000E+00
 0.000E+00
 0.000E+00
      22.116616     -2.052437    2.473923
 1
       1
     1
     0
 1.300E+00
 0.000E+00
 0.000E+00
 0.000E+00
      26.837569     -2.268344    2.519882
 1
       1
     1
     0
 1.300E+00
 0.000E+00
 0.000E+00
 0.000E+00
      35.641742     3.709447    -1.165175
 1
       1
     1
     0
 1.300E+00
 0.000E+00
 0.000E+00
 0.000E+00
      35.374533     -3.999435    0.947579
 1
       1
     1
     0
 1.300E+00
 0.000E+00
 0.000E+00
 0.000E+00
      40.238483     3.701888    -1.187933
 1
       1
     1
     0
 1.300E+00
 0.000E+00
 0.000E+00
 0.000E+00
      40.282079     -4.087974    1.221423
 1
       1
     1
     0
 1.300E+00
 0.000E+00
 0.000E+00
 0.000E+00
      48.212963     2.863617    -2.382391
 1
       1
     1
     0
 1.300E+00
 0.000E+00
 0.000E+00
 0.000E+00
      48.882207     -4.177052    1.703841
 1
       1
     1
     0
 1.300E+00
 0.000E+00
 0.000E+00
 0.000E+00
      53.272661     3.548803    -1.959444
 1
       1
     1
     0
 1.300E+00
 0.000E+00
 0.000E+00
 0.000E+00
      53.554525     -3.818908    1.398393
 1
       1
     1
     0
 1.300E+00
 0.000E+00
 0.000E+00
 0.000E+00
      61.661024     4.201611    -1.403511
 1
       1
     1
     0
 1.300E+00
 0.000E+00
 0.000E+00
 0.000E+00
      61.793110     -3.518581    0.997528
 6
       4
     2     2     2     2
     0     1     1     1
 1.710E+00 1.625E+00 1.625E+00 1.625E+00
 0.000E+00 0.000E+00 0.000E+00 0.000E+00
 0.000E+00 0.000E+00 0.000E+00 0.000E+00
 0.000E+00 0.000E+00 0.000E+00 0.000E+00
      69.790905     0.371783    -0.287418
 1
       1
     1
     0
 1.300E+00
 0.000E+00
 0.000E+00
 0.000E+00
      66.342794     4.177842    -1.583764
 1
       1
     1
     0
 1.300E+00
 0.000E+00
 0.000E+00
 0.000E+00
      66.739039     -3.302665    1.092791
 6
       4
     2     2     2     2
     0     1     1     1
 1.710E+00 1.625E+00 1.625E+00 1.625E+00
 0.000E+00 0.000E+00 0.000E+00 0.000E+00
 0.000E+00 0.000E+00 0.000E+00 0.000E+00
 0.000E+00 0.000E+00 0.000E+00 0.000E+00
      58.649111     0.138999    -0.084841
 6
       4
     2     2     2     2
     0     1     1     1
 1.710E+00 1.625E+00 1.625E+00 1.625E+00
 0.000E+00 0.000E+00 0.000E+00 0.000E+00
 0.000E+00 0.000E+00 0.000E+00 0.000E+00
 0.000E+00 0.000E+00 0.000E+00 0.000E+00
      61.420235     0.357865    -0.231200
 6
       4
     2     2     2     2
     0     1     1     1
 1.710E+00 1.625E+00 1.625E+00 1.625E+00
 0.000E+00 0.000E+00 0.000E+00 0.000E+00
 0.000E+00 0.000E+00 0.000E+00 0.000E+00
 0.000E+00 0.000E+00 0.000E+00 0.000E+00
      62.990132     -1.934191    0.540250
 6
       4
     2     2     2     2
     0     1     1     1
 1.710E+00 1.625E+00 1.625E+00 1.625E+00
 0.000E+00 0.000E+00 0.000E+00 0.000E+00
 0.000E+00 0.000E+00 0.000E+00 0.000E+00
 0.000E+00 0.000E+00 0.000E+00 0.000E+00
      62.777476     2.496415    -0.815026
 6
       4
     2     2     2     2
     0     1     1     1
 1.710E+00 1.625E+00 1.625E+00 1.625E+00
 0.000E+00 0.000E+00 0.000E+00 0.000E+00
 0.000E+00 0.000E+00 0.000E+00 0.000E+00
 0.000E+00 0.000E+00 0.000E+00 0.000E+00
      65.502786     2.530993    -0.882940
 6
       4
     2     2     2     2
     0     1     1     1
 1.710E+00 1.625E+00 1.625E+00 1.625E+00
 0.000E+00 0.000E+00 0.000E+00 0.000E+00
 0.000E+00 0.000E+00 0.000E+00 0.000E+00
 0.000E+00 0.000E+00 0.000E+00 0.000E+00
      65.478733     -1.868085    0.477636
 6
       4
     2     2     2     2
     0     1     1     1
 1.710E+00 1.625E+00 1.625E+00 1.625E+00
 0.000E+00 0.000E+00 0.000E+00 0.000E+00
 0.000E+00 0.000E+00 0.000E+00 0.000E+00
 0.000E+00 0.000E+00 0.000E+00 0.000E+00
      66.925014     0.438001    -0.180427
 6
       4
     2     2     2     2
     0     1     1     1
 1.710E+00 1.625E+00 1.625E+00 1.625E+00
 0.000E+00 0.000E+00 0.000E+00 0.000E+00
 0.000E+00 0.000E+00 0.000E+00 0.000E+00
 0.000E+00 0.000E+00 0.000E+00 0.000E+00
      80.083252     -0.176678    0.610485
 6
       4
     2     2     2     2
     0     1     1     1
 1.710E+00 1.625E+00 1.625E+00 1.625E+00
 0.000E+00 0.000E+00 0.000E+00 0.000E+00
 0.000E+00 0.000E+00 0.000E+00 0.000E+00
 0.000E+00 0.000E+00 0.000E+00 0.000E+00
      78.897137     2.139470    0.092173
 6
       4
     2     2     2     2
     0     1     1     1
 1.710E+00 1.625E+00 1.625E+00 1.625E+00
 0.000E+00 0.000E+00 0.000E+00 0.000E+00
 0.000E+00 0.000E+00 0.000E+00 0.000E+00
 0.000E+00 0.000E+00 0.000E+00 0.000E+00
      78.591686     -2.369762    0.948620
 6
       4
     2     2     2     2
     0     1     1     1
 1.710E+00 1.625E+00 1.625E+00 1.625E+00
 0.000E+00 0.000E+00 0.000E+00 0.000E+00
 0.000E+00 0.000E+00 0.000E+00 0.000E+00
 0.000E+00 0.000E+00 0.000E+00 0.000E+00
      76.274844     2.279119    -0.086608
 6
       4
     2     2     2     2
     0     1     1     1
 1.710E+00 1.625E+00 1.625E+00 1.625E+00
 0.000E+00 0.000E+00 0.000E+00 0.000E+00
 0.000E+00 0.000E+00 0.000E+00 0.000E+00
 0.000E+00 0.000E+00 0.000E+00 0.000E+00
      74.761215     0.026690    0.260818
 6
       4
     2     2     2     2
     0     1     1     1
 1.710E+00 1.625E+00 1.625E+00 1.625E+00
 0.000E+00 0.000E+00 0.000E+00 0.000E+00
 0.000E+00 0.000E+00 0.000E+00 0.000E+00
 0.000E+00 0.000E+00 0.000E+00 0.000E+00
      75.958785     -2.221354    0.804252
 6
       4
     2     2     2     2
     0     1     1     1
 1.710E+00 1.625E+00 1.625E+00 1.625E+00
 0.000E+00 0.000E+00 0.000E+00 0.000E+00
 0.000E+00 0.000E+00 0.000E+00 0.000E+00
 0.000E+00 0.000E+00 0.000E+00 0.000E+00
      82.865618     -0.180473    0.628277
 6
       4
     2     2     2     2
     0     1     1     1
 1.710E+00 1.625E+00 1.625E+00 1.625E+00
 0.000E+00 0.000E+00 0.000E+00 0.000E+00
 0.000E+00 0.000E+00 0.000E+00 0.000E+00
 0.000E+00 0.000E+00 0.000E+00 0.000E+00
      85.107801     -0.135671    0.416726
 6
       4
     2     2     2     2
     0     1     1     1
 1.710E+00 1.625E+00 1.625E+00 1.625E+00
 0.000E+00 0.000E+00 0.000E+00 0.000E+00
 0.000E+00 0.000E+00 0.000E+00 0.000E+00
 0.000E+00 0.000E+00 0.000E+00 0.000E+00
      87.825495     0.074886    -0.009074
 6
       4
     2     2     2     2
     0     1     1     1
 1.710E+00 1.625E+00 1.625E+00 1.625E+00
 0.000E+00 0.000E+00 0.000E+00 0.000E+00
 0.000E+00 0.000E+00 0.000E+00 0.000E+00
 0.000E+00 0.000E+00 0.000E+00 0.000E+00
      89.042963     2.315574    -0.801879
 6
       4
     2     2     2     2
     0     1     1     1
 1.710E+00 1.625E+00 1.625E+00 1.625E+00
 0.000E+00 0.000E+00 0.000E+00 0.000E+00
 0.000E+00 0.000E+00 0.000E+00 0.000E+00
 0.000E+00 0.000E+00 0.000E+00 0.000E+00
      89.286773     -2.095821    0.590670
 6
       4
     2     2     2     2
     0     1     1     1
 1.710E+00 1.625E+00 1.625E+00 1.625E+00
 0.000E+00 0.000E+00 0.000E+00 0.000E+00
 0.000E+00 0.000E+00 0.000E+00 0.000E+00
 0.000E+00 0.000E+00 0.000E+00 0.000E+00
      91.761999     2.345755    -0.954776
 6
       4
     2     2     2     2
     0     1     1     1
 1.710E+00 1.625E+00 1.625E+00 1.625E+00
 0.000E+00 0.000E+00 0.000E+00 0.000E+00
 0.000E+00 0.000E+00 0.000E+00 0.000E+00
 0.000E+00 0.000E+00 0.000E+00 0.000E+00
      91.943034     -1.962533    0.566203
 6
       4
     2     2     2     2
     0     1     1     1
 1.710E+00 1.625E+00 1.625E+00 1.625E+00
 0.000E+00 0.000E+00 0.000E+00 0.000E+00
 0.000E+00 0.000E+00 0.000E+00 0.000E+00
 0.000E+00 0.000E+00 0.000E+00 0.000E+00
      93.220508     0.243072    -0.096181
 6
       4
     2     2     2     2
     0     1     1     1
 1.710E+00 1.625E+00 1.625E+00 1.625E+00
 0.000E+00 0.000E+00 0.000E+00 0.000E+00
 0.000E+00 0.000E+00 0.000E+00 0.000E+00
 0.000E+00 0.000E+00 0.000E+00 0.000E+00
      96.040714     0.282387    -0.236376
 6
       4
     2     2     2     2
     0     1     1     1
 1.710E+00 1.625E+00 1.625E+00 1.625E+00
 0.000E+00 0.000E+00 0.000E+00 0.000E+00
 0.000E+00 0.000E+00 0.000E+00 0.000E+00
 0.000E+00 0.000E+00 0.000E+00 0.000E+00
      98.280635     0.394637    -0.249778
 6
       4
     2     2     2     2
     0     1     1     1
 1.710E+00 1.625E+00 1.625E+00 1.625E+00
 0.000E+00 0.000E+00 0.000E+00 0.000E+00
 0.000E+00 0.000E+00 0.000E+00 0.000E+00
 0.000E+00 0.000E+00 0.000E+00 0.000E+00
      101.071751     0.509557    -0.089102
 6
       4
     2     2     2     2
     0     1     1     1
 1.710E+00 1.625E+00 1.625E+00 1.625E+00
 0.000E+00 0.000E+00 0.000E+00 0.000E+00
 0.000E+00 0.000E+00 0.000E+00 0.000E+00
 0.000E+00 0.000E+00 0.000E+00 0.000E+00
      102.477219     -1.624306    0.730379
 6
       4
     2     2     2     2
     0     1     1     1
 1.710E+00 1.625E+00 1.625E+00 1.625E+00
 0.000E+00 0.000E+00 0.000E+00 0.000E+00
 0.000E+00 0.000E+00 0.000E+00 0.000E+00
 0.000E+00 0.000E+00 0.000E+00 0.000E+00
      102.415951     2.751575    -0.786502
 6
       4
     2     2     2     2
     0     1     1     1
 1.710E+00 1.625E+00 1.625E+00 1.625E+00
 0.000E+00 0.000E+00 0.000E+00 0.000E+00
 0.000E+00 0.000E+00 0.000E+00 0.000E+00
 0.000E+00 0.000E+00 0.000E+00 0.000E+00
      104.948440     3.035085    -0.403400
 6
       4
     2     2     2     2
     0     1     1     1
 1.710E+00 1.625E+00 1.625E+00 1.625E+00
 0.000E+00 0.000E+00 0.000E+00 0.000E+00
 0.000E+00 0.000E+00 0.000E+00 0.000E+00
 0.000E+00 0.000E+00 0.000E+00 0.000E+00
      105.144585     -1.419330    0.970786
 6
       4
     2     2     2     2
     0     1     1     1
 1.710E+00 1.625E+00 1.625E+00 1.625E+00
 0.000E+00 0.000E+00 0.000E+00 0.000E+00
 0.000E+00 0.000E+00 0.000E+00 0.000E+00
 0.000E+00 0.000E+00 0.000E+00 0.000E+00
      106.443985     0.846886    0.325095
 6
       4
     2     2     2     2
     0     1     1     1
 1.710E+00 1.625E+00 1.625E+00 1.625E+00
 0.000E+00 0.000E+00 0.000E+00 0.000E+00
 0.000E+00 0.000E+00 0.000E+00 0.000E+00
 0.000E+00 0.000E+00 0.000E+00 0.000E+00
      109.215602     1.007031    0.226782
 6
       4
     2     2     2     2
     0     1     1     1
 1.710E+00 1.625E+00 1.625E+00 1.625E+00
 0.000E+00 0.000E+00 0.000E+00 0.000E+00
 0.000E+00 0.000E+00 0.000E+00 0.000E+00
 0.000E+00 0.000E+00 0.000E+00 0.000E+00
      111.486157     1.014365    0.124465
 6
       4
     2     2     2     2
     0     1     1     1
 1.710E+00 1.625E+00 1.625E+00 1.625E+00
 0.000E+00 0.000E+00 0.000E+00 0.000E+00
 0.000E+00 0.000E+00 0.000E+00 0.000E+00
 0.000E+00 0.000E+00 0.000E+00 0.000E+00
      114.331903     0.802623    -0.163960
 6
       4
     2     2     2     2
     0     1     1     1
 1.710E+00 1.625E+00 1.625E+00 1.625E+00
 0.000E+00 0.000E+00 0.000E+00 0.000E+00
 0.000E+00 0.000E+00 0.000E+00 0.000E+00
 0.000E+00 0.000E+00 0.000E+00 0.000E+00
      115.510731     -1.482426    -0.748505
 6
       4
     2     2     2     2
     0     1     1     1
 1.710E+00 1.625E+00 1.625E+00 1.625E+00
 0.000E+00 0.000E+00 0.000E+00 0.000E+00
 0.000E+00 0.000E+00 0.000E+00 0.000E+00
 0.000E+00 0.000E+00 0.000E+00 0.000E+00
      115.890324     2.909913    0.397566
 6
       4
     2     2     2     2
     0     1     1     1
 1.710E+00 1.625E+00 1.625E+00 1.625E+00
 0.000E+00 0.000E+00 0.000E+00 0.000E+00
 0.000E+00 0.000E+00 0.000E+00 0.000E+00
 0.000E+00 0.000E+00 0.000E+00 0.000E+00
      118.500023     2.699502    0.546936
 6
       4
     2     2     2     2
     0     1     1     1
 1.710E+00 1.625E+00 1.625E+00 1.625E+00
 0.000E+00 0.000E+00 0.000E+00 0.000E+00
 0.000E+00 0.000E+00 0.000E+00 0.000E+00
 0.000E+00 0.000E+00 0.000E+00 0.000E+00
      118.165239     -1.774751    -0.527608
 6
       4
     2     2     2     2
     0     1     1     1
 1.710E+00 1.625E+00 1.625E+00 1.625E+00
 0.000E+00 0.000E+00 0.000E+00 0.000E+00
 0.000E+00 0.000E+00 0.000E+00 0.000E+00
 0.000E+00 0.000E+00 0.000E+00 0.000E+00
      119.732971     0.418710    0.070846
 6
       4
     2     2     2     2
     0     1     1     1
 1.710E+00 1.625E+00 1.625E+00 1.625E+00
 0.000E+00 0.000E+00 0.000E+00 0.000E+00
 0.000E+00 0.000E+00 0.000E+00 0.000E+00
 0.000E+00 0.000E+00 0.000E+00 0.000E+00
      122.485383     0.139630    0.037968
 6
       4
     2     2     2     2
     0     1     1     1
 1.710E+00 1.625E+00 1.625E+00 1.625E+00
 0.000E+00 0.000E+00 0.000E+00 0.000E+00
 0.000E+00 0.000E+00 0.000E+00 0.000E+00
 0.000E+00 0.000E+00 0.000E+00 0.000E+00
      124.771333     0.118416    -0.046725
 6
       4
     2     2     2     2
     0     1     1     1
 1.710E+00 1.625E+00 1.625E+00 1.625E+00
 0.000E+00 0.000E+00 0.000E+00 0.000E+00
 0.000E+00 0.000E+00 0.000E+00 0.000E+00
 0.000E+00 0.000E+00 0.000E+00 0.000E+00
      127.455266     -0.000223    -0.143432
 6
       4
     2     2     2     2
     0     1     1     1
 1.710E+00 1.625E+00 1.625E+00 1.625E+00
 0.000E+00 0.000E+00 0.000E+00 0.000E+00
 0.000E+00 0.000E+00 0.000E+00 0.000E+00
 0.000E+00 0.000E+00 0.000E+00 0.000E+00
      128.677985     -2.301955    -0.930794
 6
       4
     2     2     2     2
     0     1     1     1
 1.710E+00 1.625E+00 1.625E+00 1.625E+00
 0.000E+00 0.000E+00 0.000E+00 0.000E+00
 0.000E+00 0.000E+00 0.000E+00 0.000E+00
 0.000E+00 0.000E+00 0.000E+00 0.000E+00
      128.976822     2.075006    0.655176
 6
       4
     2     2     2     2
     0     1     1     1
 1.710E+00 1.625E+00 1.625E+00 1.625E+00
 0.000E+00 0.000E+00 0.000E+00 0.000E+00
 0.000E+00 0.000E+00 0.000E+00 0.000E+00
 0.000E+00 0.000E+00 0.000E+00 0.000E+00
      131.637728     1.811348    0.825317
 6
       4
     2     2     2     2
     0     1     1     1
 1.710E+00 1.625E+00 1.625E+00 1.625E+00
 0.000E+00 0.000E+00 0.000E+00 0.000E+00
 0.000E+00 0.000E+00 0.000E+00 0.000E+00
 0.000E+00 0.000E+00 0.000E+00 0.000E+00
      131.282961     -2.528850    -0.813317
 6
       4
     2     2     2     2
     0     1     1     1
 1.710E+00 1.625E+00 1.625E+00 1.625E+00
 0.000E+00 0.000E+00 0.000E+00 0.000E+00
 0.000E+00 0.000E+00 0.000E+00 0.000E+00
 0.000E+00 0.000E+00 0.000E+00 0.000E+00
      132.744411     -0.484157    0.059171
 6
       4
     2     2     2     2
     0     1     1     1
 1.710E+00 1.625E+00 1.625E+00 1.625E+00
 0.000E+00 0.000E+00 0.000E+00 0.000E+00
 0.000E+00 0.000E+00 0.000E+00 0.000E+00
 0.000E+00 0.000E+00 0.000E+00 0.000E+00
      135.424620     -0.809748    0.307549
 1
       1
     1
     0
 1.300E+00
 0.000E+00
 0.000E+00
 0.000E+00
      75.430325     4.014362    -0.423257
 1
       1
     1
     0
 1.300E+00
 0.000E+00
 0.000E+00
 0.000E+00
      79.986048     3.869004    -0.313812
 6
       4
     2     2     2     2
     0     1     1     1
 1.710E+00 1.625E+00 1.625E+00 1.625E+00
 0.000E+00 0.000E+00 0.000E+00 0.000E+00
 0.000E+00 0.000E+00 0.000E+00 0.000E+00
 0.000E+00 0.000E+00 0.000E+00 0.000E+00
      71.965698     0.295141    -0.005081
 1
       1
     1
     0
 1.300E+00
 0.000E+00
 0.000E+00
 0.000E+00
      74.836776     -3.870561    0.993949
 1
       1
     1
     0
 1.300E+00
 0.000E+00
 0.000E+00
 0.000E+00
      79.731914     -4.128660    1.535089
 1
       1
     1
     0
 1.300E+00
 0.000E+00
 0.000E+00
 0.000E+00
      87.894330     3.870701    -1.331739
 1
       1
     1
     0
 1.300E+00
 0.000E+00
 0.000E+00
 0.000E+00
      88.301362     -3.812123    1.061004
 1
       1
     1
     0
 1.300E+00
 0.000E+00
 0.000E+00
 0.000E+00
      92.773601     4.016210    -1.608482
 1
       1
     1
     0
 1.300E+00
 0.000E+00
 0.000E+00
 0.000E+00
      93.102890     -3.533927    1.159923
 1
       1
     1
     0
 1.300E+00
 0.000E+00
 0.000E+00
 0.000E+00
      101.202578     4.248425    -1.424543
 1
       1
     1
     0
 1.300E+00
 0.000E+00
 0.000E+00
 0.000E+00
      106.137613     4.701907    -0.787460
 1
       1
     1
     0
 1.300E+00
 0.000E+00
 0.000E+00
 0.000E+00
      101.536232     -3.419455    1.186508
 1
       1
     1
     0
 1.300E+00
 0.000E+00
 0.000E+00
 0.000E+00
      106.206386     -3.094810    1.592746
 1
       1
     1
     0
 1.300E+00
 0.000E+00
 0.000E+00
 0.000E+00
      114.984545     4.716350    0.748621
 1
       1
     1
     0
 1.300E+00
 0.000E+00
 0.000E+00
 0.000E+00
      114.426989     -3.245637    -1.181005
 1
       1
     1
     0
 1.300E+00
 0.000E+00
 0.000E+00
 0.000E+00
      119.615148     4.292305    1.124799
 1
       1
     1
     0
 1.300E+00
 0.000E+00
 0.000E+00
 0.000E+00
      118.947413     -3.698009    -0.904572
 1
       1
     1
     0
 1.300E+00
 0.000E+00
 0.000E+00
 0.000E+00
      128.156980     3.795350    1.356266
 1
       1
     1
     0
 1.300E+00
 0.000E+00
 0.000E+00
 0.000E+00
      127.419269     -3.737304    -1.650674
 1
       1
     1
     0
 1.300E+00
 0.000E+00
 0.000E+00
 0.000E+00
      132.678068     3.327129    1.560555
 1
       1
     1
     0
 1.300E+00
 0.000E+00
 0.000E+00
 0.000E+00
      132.328915     -4.283742    -1.340322
 1
       1
     1
     0
 1.300E+00
 0.000E+00
 0.000E+00
 0.000E+00
      141.018844     1.696005    3.119894
 1
       1
     1
     0
 1.300E+00
 0.000E+00
 0.000E+00
 0.000E+00
      140.986297     -4.577574    -2.225776
 1
       1
     1
     0
 1.300E+00
 0.000E+00
 0.000E+00
 0.000E+00
      147.535283     -1.373700    0.132035
 1
       1
     1
     0
 1.300E+00
 0.000E+00
 0.000E+00
 0.000E+00
      145.265463     1.820545    3.108628
 1
       1
     1
     0
 1.300E+00
 0.000E+00
 0.000E+00
 0.000E+00
      145.274981     -4.578532    -2.274266
 6
       4
     2     2     2     2
     0     1     1     1
 1.710E+00 1.625E+00 1.625E+00 1.625E+00
 0.000E+00 0.000E+00 0.000E+00 0.000E+00
 0.000E+00 0.000E+00 0.000E+00 0.000E+00
 0.000E+00 0.000E+00 0.000E+00 0.000E+00
      137.589630     -1.083641    0.393067
 6
       4
     2     2     2     2
     0     1     1     1
 1.710E+00 1.625E+00 1.625E+00 1.625E+00
 0.000E+00 0.000E+00 0.000E+00 0.000E+00
 0.000E+00 0.000E+00 0.000E+00 0.000E+00
 0.000E+00 0.000E+00 0.000E+00 0.000E+00
      140.448657     -1.215084    0.406603
 6
       4
     2     2     2     2
     0     1     1     1
 1.710E+00 1.625E+00 1.625E+00 1.625E+00
 0.000E+00 0.000E+00 0.000E+00 0.000E+00
 0.000E+00 0.000E+00 0.000E+00 0.000E+00
 0.000E+00 0.000E+00 0.000E+00 0.000E+00
      141.793216     -3.087725    -1.139378
 6
       4
     2     2     2     2
     0     1     1     1
 1.710E+00 1.625E+00 1.625E+00 1.625E+00
 0.000E+00 0.000E+00 0.000E+00 0.000E+00
 0.000E+00 0.000E+00 0.000E+00 0.000E+00
 0.000E+00 0.000E+00 0.000E+00 0.000E+00
      141.800420     0.404154    1.861981
 6
       4
     2     2     2     2
     0     1     1     1
 1.710E+00 1.625E+00 1.625E+00 1.625E+00
 0.000E+00 0.000E+00 0.000E+00 0.000E+00
 0.000E+00 0.000E+00 0.000E+00 0.000E+00
 0.000E+00 0.000E+00 0.000E+00 0.000E+00
      144.508321     0.398562    1.675236
 6
       4
     2     2     2     2
     0     1     1     1
 1.710E+00 1.625E+00 1.625E+00 1.625E+00
 0.000E+00 0.000E+00 0.000E+00 0.000E+00
 0.000E+00 0.000E+00 0.000E+00 0.000E+00
 0.000E+00 0.000E+00 0.000E+00 0.000E+00
      144.466182     -3.022301    -1.218648
 6
       4
     2     2     2     2
     0     1     1     1
 1.710E+00 1.625E+00 1.625E+00 1.625E+00
 0.000E+00 0.000E+00 0.000E+00 0.000E+00
 0.000E+00 0.000E+00 0.000E+00 0.000E+00
 0.000E+00 0.000E+00 0.000E+00 0.000E+00
      145.751799     -1.238409    0.241216
# LCAO coefficients .. are not included.
         1
        1        -0.000016277602957   k=         1
        2        -0.000001358143177   k=         1
        3        -0.000272052519015   k=         1
        4        0.000344764338454   k=         1
        5        -0.000070087522974   k=         1
        6        -0.000168626502143   k=         1
        7        0.000202196227925   k=         1
        8        -0.000116786698683   k=         1
        9        0.000079365187255   k=         1
        10        0.000113314967308   k=         1
        11        0.000307108334306   k=         1
        12        -0.000289533335912   k=         1
        13        0.000013725577041   k=         1
        14        0.000016378092490   k=         1
        15        -0.000000178963544   k=         1
        16        -0.000058927998356   k=         1
        17        0.000007731091728   k=         1
        18        0.000000399688929   k=         1
        19        -0.000008947514640   k=         1
        20        0.000110723178757   k=         1
        21        -0.000022694156609   k=         1
        22        -0.000035890000586   k=         1
        23        0.000098086474944   k=         1
        24        -0.000338074655404   k=         1
        25        0.000053628201594   k=         1
        26        -0.000071519758710   k=         1
        27        0.000656598703464   k=         1
        28        0.001464167380571   k=         1
        29        -0.000011682138087   k=         1
        30        -0.000073763199263   k=         1
        31        0.000281558324362   k=         1
        32        -0.000035408797287   k=         1
        33        0.000027972887060   k=         1
        34        0.000265336578500   k=         1
        35        -0.000982858743278   k=         1
        36        -0.002791727277248   k=         1
        37        -0.000078211998193   k=         1
        38        -0.000045365779077   k=         1
        39        0.000001516904454   k=         1
        40        -0.000556373165773   k=         1
        41        0.000052839142645   k=         1
        42        -0.000016115267152   k=         1
        43        0.000027893093865   k=         1
        44        -0.000577533102968   k=         1
        45        0.000120220944629   k=         1
        46        0.000107196205008   k=         1
        47        0.000257007734403   k=         1
        48        0.003050267028399   k=         1
        49        -0.000205907833802   k=         1
        50        -0.000409609738317   k=         1
        51        0.000038208560617   k=         1
        52        0.003003069888487   k=         1
        53        0.000005447265435   k=         1
        54        -0.000374215978170   k=         1
        55        0.000882774515829   k=         1
        56        0.001488185328784   k=         1
        57        -0.000157613882247   k=         1
        58        0.000610829090726   k=         1
        59        -0.003939050851911   k=         1
        60        -0.005665691847638   k=         1
        61        -0.000046337281053   k=         1
        62        -0.000406927544183   k=         1
        63        -0.001646009156207   k=         1
        64        -0.002291166511388   k=         1
        65        -0.000093996474022   k=         1
        66        0.001152210599458   k=         1
        67        0.006172017106931   k=         1
        68        0.009263459108883   k=         1
        69        0.000160580295662   k=         1
        70        0.000180213570596   k=         1
        71        0.002573823235840   k=         1
        72        0.003204477562244   k=         1
        73        -0.000145798537552   k=         1
        74        -0.000114956321252   k=         1
        75        0.002441201461907   k=         1
        76        0.002783409778408   k=         1
        77        0.000544554510119   k=         1
        78        -0.000030408650008   k=         1
        79        -0.008640415719730   k=         1
        80        -0.007577838515897   k=         1
        81        -0.000644582755428   k=         1
        82        -0.001586581053380   k=         1
        83        -0.007795469069967   k=         1
        84        -0.007302496946937   k=         1
        85        -0.000060981252499   k=         1
        86        -0.001043729593434   k=         1
        87        -0.003711476053625   k=         1
        88        -0.007504832483812   k=         1
        89        -0.000956728523605   k=         1
        90        0.001891333379646   k=         1
        91        0.006456831755015   k=         1
        92        0.021278376129131   k=         1
        93        0.000519607427177   k=         1
        94        0.000127559595179   k=         1
        95        0.004431838467320   k=         1
        96        0.011252597908914   k=         1
        97        -0.000422073932245   k=         1
        98        0.001043930333566   k=         1
        99        -0.009725085589925   k=         1
        100        -0.030846003168147   k=         1
        101        0.000610811552191   k=         1
        102        0.001913209883460   k=         1
        103        -0.002346575257747   k=         1
        104        -0.013214563298794   k=         1
        105        0.000024262277053   k=         1
        106        0.001031394805855   k=         1
        107        -0.003356020083205   k=         1
        108        -0.012759861107661   k=         1
        109        0.000690288295847   k=         1
        110        0.000788002434867   k=         1
        111        0.007132071964856   k=         1
        112        0.026759294305827   k=         1
        113        -0.001101826003424   k=         1
        114        -0.002727269315488   k=         1
        115        0.004179948851191   k=         1
        116        0.023171637233359   k=         1
        117        0.000364202616087   k=         1
        118        0.004408527440948   k=         1
        119        0.009273003206971   k=         1
        120        0.024452354699808   k=         1
        121        -0.000634752423152   k=         1
        122        -0.007279079107685   k=         1
        123        -0.022751713073635   k=         1
        124        -0.038755924568103   k=         1
        125        0.000956300248698   k=         1
        126        -0.000089249911890   k=         1
        127        -0.012826029301914   k=         1
        128        -0.026320082917764   k=         1
        129        -0.001426427693660   k=         1
        130        -0.003910846578550   k=         1
        131        0.032391900617919   k=         1
        132        0.051169728117718   k=         1
        133        0.002015927789945   k=         1
        134        0.001014377933766   k=         1
        135        0.017703871100324   k=         1
        136        0.031601593406977   k=         1
        137        0.000026181081897   k=         1
        138        -0.003379680398566   k=         1
        139        0.012037156723486   k=         1
        140        0.021603891543665   k=         1
        141        0.000695431561937   k=         1
        142        0.005623226863653   k=         1
        143        -0.016954846979904   k=         1
        144        -0.033068274824322   k=         1
        145        0.000504555887401   k=         1
        146        -0.002234657494291   k=         1
        147        -0.017961965395486   k=         1
        148        -0.043279223157011   k=         1
        149        -0.001370239021034   k=         1
        150        0.007040522261938   k=         1
        151        -0.023705657690723   k=         1
        152        -0.050783111896317   k=         1
        153        0.001454333367929   k=         1
        154        -0.002526356387349   k=         1
        155        0.015757041557959   k=         1
        156        0.048054808626991   k=         1
        157        -0.000076224857088   k=         1
        158        0.000041978850936   k=         1
        159        -0.000014640976203   k=         1
        160        0.000072051158902   k=         1
        161        -0.000023603762566   k=         1
        162        0.000252711741319   k=         1
        163        -0.000271850333792   k=         1
        164        -0.000119910360122   k=         1
        165        0.000212003288614   k=         1
        166        0.000837133948012   k=         1
        167        -0.000386212424706   k=         1
        168        -0.000615631577779   k=         1
        169        0.000533784936865   k=         1
        170        0.000415395760994   k=         1
        171        -0.001459545606873   k=         1
        172        -0.001159565056076   k=         1
        173        0.000165596894801   k=         1
        174        -0.000276332840950   k=         1
        175        0.000477864918474   k=         1
        176        -0.000350793475758   k=         1
        177        -0.001245721650404   k=         1
        178        -0.001281787360020   k=         1
        179        0.000743892796897   k=         1
        180        0.001618980152528   k=         1
        181        0.000042552105899   k=         1
        182        -0.006458092346832   k=         1
        183        -0.029351161175910   k=         1
        184        -0.000001015532142   k=         1
        185        -0.001164986234818   k=         1
        186        -0.000528895472362   k=         1
        187        0.003318343910483   k=         1
        188        0.021167082282201   k=         1
        189        0.051309118667688   k=         1
        190        0.001568619006254   k=         1
        191        -0.002170758414050   k=         1
        192        -0.014576445119942   k=         1
        193        -0.051267015995122   k=         1
        194        -0.000218542131360   k=         1
        195        0.001176175864786   k=         1
        196        -0.010539244575375   k=         1
        197        -0.031232843045817   k=         1
        198        -0.001097232765781   k=         1
        199        0.002212744151039   k=         1
        200        -0.012962349460956   k=         1
        201        -0.044879729968040   k=         1
        202        0.000129565686920   k=         1
        203        -0.001156257400002   k=         1
        204        0.014418799463317   k=         1
        205        0.033710280739408   k=         1
        206        -0.000024786171059   k=         1
        207        -0.000939856144064   k=         1
        208        0.008061290018206   k=         1
        209        0.018445211735471   k=         1
        210        0.001561471123607   k=         1
        211        0.002706750646043   k=         1
        212        0.015896225375826   k=         1
        213        0.057816602344913   k=         1
        214        0.000005378302603   k=         1
        215        0.002550087379634   k=         1
        216        -0.006784122435487   k=         1
        217        -0.035804713257490   k=         1
        218        0.000162082055795   k=         1
        219        -0.000201277637669   k=         1
        220        -0.003665695136499   k=         1
        221        -0.014509895406017   k=         1
        222        0.000690227282465   k=         1
        223        0.000559766442736   k=         1
        224        -0.005326040750451   k=         1
        225        -0.021031408548682   k=         1
        226        -0.000029141497197   k=         1
        227        -0.000701448788495   k=         1
        228        0.004843158103665   k=         1
        229        0.026904947610956   k=         1
        230        0.000408539080186   k=         1
        231        -0.004542876093756   k=         1
        232        0.006750458336043   k=         1
        233        0.031839157066374   k=         1
        234        -0.000093965929030   k=         1
        235        -0.000467740637917   k=         1
        236        0.003333252882121   k=         1
        237        0.023750849370675   k=         1
        238        0.000343787425704   k=         1
        239        -0.000452431365027   k=         1
        240        0.003632437888083   k=         1
        241        0.018220572395426   k=         1
        242        0.000630456201633   k=         1
        243        0.005437167296092   k=         1
        244        0.005303427293886   k=         1
        245        0.026551705010309   k=         1
        246        0.000345756742216   k=         1
        247        -0.003504661158784   k=         1
        248        -0.003823849918330   k=         1
        249        -0.014509363009553   k=         1
        250        -0.000106522695555   k=         1
        251        -0.000161308204488   k=         1
        252        -0.005352878673155   k=         1
        253        -0.015100349574703   k=         1
        254        -0.000357518669110   k=         1
        255        0.001975734484428   k=         1
        256        -0.005788294396950   k=         1
        257        -0.016196705882255   k=         1
        258        0.000016286962205   k=         1
        259        -0.000721234218901   k=         1
        260        0.003071721761729   k=         1
        261        0.007074434297820   k=         1
        262        0.000280059560770   k=         1
        263        -0.001675542367965   k=         1
        264        0.001557136335047   k=         1
        265        0.005216070968687   k=         1
        266        0.000601753407418   k=         1
        267        0.000559308571846   k=         1
        268        0.006710485914187   k=         1
        269        0.018469565287162   k=         1
        270        0.000225137729910   k=         1
        271        -0.000567252788317   k=         1
        272        -0.001206319956883   k=         1
        273        -0.002852455547754   k=         1
        274        0.000041407696140   k=         1
        275        0.000439121272982   k=         1
        276        -0.004024345462559   k=         1
        277        -0.010786190718196   k=         1
        278        0.000082071962049   k=         1
        279        -0.000078333439130   k=         1
        280        0.000028112579268   k=         1
        281        -0.000767736368208   k=         1
        282        -0.000163040507606   k=         1
        283        -0.000808730490571   k=         1
        284        0.001286361945945   k=         1
        285        0.004752620383372   k=         1
        286        -0.000006080433100   k=         1
        287        -0.000562047227023   k=         1
        288        0.001009965536273   k=         1
        289        0.003757109428421   k=         1
        290        -0.000249911364374   k=         1
        291        -0.000980419873952   k=         1
        292        0.001431403661709   k=         1
        293        0.001514017549962   k=         1
        294        0.000380376179510   k=         1
        295        0.000331156471098   k=         1
        296        0.001744967933362   k=         1
        297        0.002387686694287   k=         1
        298        -0.000114852376500   k=         1
        299        -0.000153950410835   k=         1
        300        -0.001813689588881   k=         1
        301        -0.002788590645642   k=         1
        302        0.000189096177201   k=         1
        303        -0.000342947755687   k=         1
        304        0.002354263737348   k=         1
        305        -0.007133054200493   k=         1
        306        -0.000358752223900   k=         1
        307        -0.000679425928694   k=         1
        308        0.001874155604775   k=         1
        309        -0.001108529345724   k=         1
        310        -0.000030882394866   k=         1
        311        0.001195961720162   k=         1
        312        -0.003426451290124   k=         1
        313        0.011479375663219   k=         1
        314        0.000028830356557   k=         1
        315        -0.001214399205812   k=         1
        316        -0.000204653306901   k=         1
        317        0.003163666211071   k=         1
        318        -0.000160032371533   k=         1
        319        -0.000981565469029   k=         1
        320        -0.001093738305850   k=         1
        321        0.005424497347707   k=         1
        322        0.000009873911885   k=         1
        323        0.001608807592463   k=         1
        324        0.001671356717649   k=         1
        325        -0.007374778210286   k=         1
        326        -0.000263387585079   k=         1
        327        0.002036871543362   k=         1
        328        0.002193969787528   k=         1
        329        -0.009784867858977   k=         1
        330        0.000069270312354   k=         1
        331        -0.000071343629774   k=         1
        332        0.002345102908716   k=         1
        333        -0.009618618084943   k=         1
        334        -0.000222568231163   k=         1
        335        0.000738099780335   k=         1
        336        -0.003538106427885   k=         1
        337        0.011772352174706   k=         1
        338        0.000164782499685   k=         1
        339        0.000629569119090   k=         1
        340        -0.002708239466289   k=         1
        341        0.010238546559323   k=         1
        342        -0.000023570875660   k=         1
        343        -0.000282937840820   k=         1
        344        0.003629317952153   k=         1
        345        -0.011642978803696   k=         1
        346        -0.000049455037478   k=         1
        347        0.000607807422849   k=         1
        348        0.003589146385748   k=         1
        349        -0.008187712248790   k=         1
        350        -0.000017232941677   k=         1
        351        0.000985597739350   k=         1
        352        0.003883367769919   k=         1
        353        -0.008341091927311   k=         1
        354        0.000094482039507   k=         1
        355        -0.000963766097880   k=         1
        356        -0.002559826450558   k=         1
        357        0.006048394340278   k=         1
        358        0.000081016243747   k=         1
        359        -0.000577857054863   k=         1
        360        -0.001980206989495   k=         1
        361        0.005481828593318   k=         1
        362        -0.000172091009840   k=         1
        363        -0.001640668677158   k=         1
        364        -0.004188307778238   k=         1
        365        0.012088749055307   k=         1
        366        -0.000022510806614   k=         1
        367        0.000634596274953   k=         1
        368        0.002048684840390   k=         1
        369        -0.004512991934942   k=         1
        370        -0.000266874579265   k=         1
        371        -0.000332170386808   k=         1
        372        -0.000913385573993   k=         1
        373        0.005695767109413   k=         1
        374        -0.010336367031152   k=         1
        375        -0.037616925242172   k=         1
        376        -0.000529656452473   k=         1
        377        -0.000544550208365   k=         1
        378        -0.000693151904979   k=         1
        379        -0.000500616252993   k=         1
        380        -0.000035283657817   k=         1
        381        -0.000497262247038   k=         1
        382        -0.000398128340761   k=         1
        383        0.000273484001392   k=         1
        384        0.000410542976752   k=         1
        385        -0.000203862750858   k=         1
        386        0.000551171173766   k=         1
        387        0.000363230399088   k=         1
        388        0.000227021945757   k=         1
        389        0.000489214502677   k=         1
        390        0.000058158176646   k=         1
        391        -0.000288009404928   k=         1
        392        -0.000261459533918   k=         1
        393        0.000227368009326   k=         1
        394        -0.000218529537229   k=         1
        395        0.000055319625385   k=         1
        396        0.000090178289537   k=         1
        397        0.000184329160845   k=         1
        398        -0.000308141909968   k=         1
        399        0.000011686869046   k=         1
        400        0.000595226117669   k=         1
        401        0.003324521235268   k=         1
        402        -0.008791295672646   k=         1
        403        -0.000044668124243   k=         1
        404        -0.000126117770782   k=         1
        405        -0.001969473425539   k=         1
        406        0.003151840560778   k=         1
        407        -0.000261190323022   k=         1
        408        0.000866263718360   k=         1
        409        -0.003112494839054   k=         1
        410        0.002917051148696   k=         1
        411        0.000205321474472   k=         1
        412        -0.000014680129871   k=         1
        413        -0.003642842712434   k=         1
        414        0.003231121086647   k=         1
        415        -0.000005207881751   k=         1
        416        -0.000033296673416   k=         1
        417        0.001095163564026   k=         1
        418        -0.001000251944187   k=         1
        419        0.000102649177102   k=         1
        420        -0.000309654794643   k=         1
        421        0.000663079334023   k=         1
        422        -0.000742822195452   k=         1
        423        -0.000018946628116   k=         1
        424        0.000074979945366   k=         1
        425        0.002969090939073   k=         1
        426        -0.003616369582497   k=         1
