# file_format= v0.04.05
       144       426
    188.97268778      0.00000000      0.00000000    0
      0.00000000    188.97268778      0.00000000    0
      0.00000000      0.00000000    188.97268778    0
 6
       4
     2     2     2     2
     0     1     1     1
 1.710E+00 1.625E+00 1.625E+00 1.625E+00
 0.000E+00 0.000E+00 0.000E+00 0.000E+00
 0.000E+00 0.000E+00 0.000E+00 0.000E+00
 0.000E+00 0.000E+00 0.000E+00 0.000E+00
      1.403035     -0.783879    -0.015560
 6
       4
     2     2     2     2
     0     1     1     1
 1.710E+00 1.625E+00 1.625E+00 1.625E+00
 0.000E+00 0.000E+00 0.000E+00 0.000E+00
 0.000E+00 0.000E+00 0.000E+00 0.000E+00
 0.000E+00 0.000E+00 0.000E+00 0.000E+00
      -0.497057     1.034674    0.547658
 6
       4
     2     2     2     2
     0     1     1     1
 1.710E+00 1.625E+00 1.625E+00 1.625E+00
 0.000E+00 0.000E+00 0.000E+00 0.000E+00
 0.000E+00 0.000E+00 0.000E+00 0.000E+00
 0.000E+00 0.000E+00 0.000E+00 0.000E+00
      0.512116     -3.367824    -0.683089
 6
       4
     2     2     2     2
     0     1     1     1
 1.710E+00 1.625E+00 1.625E+00 1.625E+00
 0.000E+00 0.000E+00 0.000E+00 0.000E+00
 0.000E+00 0.000E+00 0.000E+00 0.000E+00
 0.000E+00 0.000E+00 0.000E+00 0.000E+00
      -3.130193     0.437046    0.300323
 6
       4
     2     2     2     2
     0     1     1     1
 1.710E+00 1.625E+00 1.625E+00 1.625E+00
 0.000E+00 0.000E+00 0.000E+00 0.000E+00
 0.000E+00 0.000E+00 0.000E+00 0.000E+00
 0.000E+00 0.000E+00 0.000E+00 0.000E+00
      -4.070823     -2.004132    -0.467078
 6
       4
     2     2     2     2
     0     1     1     1
 1.710E+00 1.625E+00 1.625E+00 1.625E+00
 0.000E+00 0.000E+00 0.000E+00 0.000E+00
 0.000E+00 0.000E+00 0.000E+00 0.000E+00
 0.000E+00 0.000E+00 0.000E+00 0.000E+00
      -2.120754     -3.970261    -0.855301
 6
       4
     2     2     2     2
     0     1     1     1
 1.710E+00 1.625E+00 1.625E+00 1.625E+00
 0.000E+00 0.000E+00 0.000E+00 0.000E+00
 0.000E+00 0.000E+00 0.000E+00 0.000E+00
 0.000E+00 0.000E+00 0.000E+00 0.000E+00
      4.002370     -0.512719    -0.045699
 6
       4
     2     2     2     2
     0     1     1     1
 1.710E+00 1.625E+00 1.625E+00 1.625E+00
 0.000E+00 0.000E+00 0.000E+00 0.000E+00
 0.000E+00 0.000E+00 0.000E+00 0.000E+00
 0.000E+00 0.000E+00 0.000E+00 0.000E+00
      6.279958     -0.414313    -0.165119
 6
       4
     2     2     2     2
     0     1     1     1
 1.710E+00 1.625E+00 1.625E+00 1.625E+00
 0.000E+00 0.000E+00 0.000E+00 0.000E+00
 0.000E+00 0.000E+00 0.000E+00 0.000E+00
 0.000E+00 0.000E+00 0.000E+00 0.000E+00
      8.951131     -0.078356    -0.024935
 6
       4
     2     2     2     2
     0     1     1     1
 1.710E+00 1.625E+00 1.625E+00 1.625E+00
 0.000E+00 0.000E+00 0.000E+00 0.000E+00
 0.000E+00 0.000E+00 0.000E+00 0.000E+00
 0.000E+00 0.000E+00 0.000E+00 0.000E+00
      10.006683     2.422211    -0.175283
 6
       4
     2     2     2     2
     0     1     1     1
 1.710E+00 1.625E+00 1.625E+00 1.625E+00
 0.000E+00 0.000E+00 0.000E+00 0.000E+00
 0.000E+00 0.000E+00 0.000E+00 0.000E+00
 0.000E+00 0.000E+00 0.000E+00 0.000E+00
      10.626417     -2.047567    0.459950
 6
       4
     2     2     2     2
     0     1     1     1
 1.710E+00 1.625E+00 1.625E+00 1.625E+00
 0.000E+00 0.000E+00 0.000E+00 0.000E+00
 0.000E+00 0.000E+00 0.000E+00 0.000E+00
 0.000E+00 0.000E+00 0.000E+00 0.000E+00
      12.673353     2.820397    -0.068795
 6
       4
     2     2     2     2
     0     1     1     1
 1.710E+00 1.625E+00 1.625E+00 1.625E+00
 0.000E+00 0.000E+00 0.000E+00 0.000E+00
 0.000E+00 0.000E+00 0.000E+00 0.000E+00
 0.000E+00 0.000E+00 0.000E+00 0.000E+00
      13.270824     -1.600927    0.636800
 6
       4
     2     2     2     2
     0     1     1     1
 1.710E+00 1.625E+00 1.625E+00 1.625E+00
 0.000E+00 0.000E+00 0.000E+00 0.000E+00
 0.000E+00 0.000E+00 0.000E+00 0.000E+00
 0.000E+00 0.000E+00 0.000E+00 0.000E+00
      14.364300     0.756678    0.303414
 6
       4
     2     2     2     2
     0     1     1     1
 1.710E+00 1.625E+00 1.625E+00 1.625E+00
 0.000E+00 0.000E+00 0.000E+00 0.000E+00
 0.000E+00 0.000E+00 0.000E+00 0.000E+00
 0.000E+00 0.000E+00 0.000E+00 0.000E+00
      17.048363     0.920055    0.271665
 6
       4
     2     2     2     2
     0     1     1     1
 1.710E+00 1.625E+00 1.625E+00 1.625E+00
 0.000E+00 0.000E+00 0.000E+00 0.000E+00
 0.000E+00 0.000E+00 0.000E+00 0.000E+00
 0.000E+00 0.000E+00 0.000E+00 0.000E+00
      19.306958     1.299198    0.129845
 6
       4
     2     2     2     2
     0     1     1     1
 1.710E+00 1.625E+00 1.625E+00 1.625E+00
 0.000E+00 0.000E+00 0.000E+00 0.000E+00
 0.000E+00 0.000E+00 0.000E+00 0.000E+00
 0.000E+00 0.000E+00 0.000E+00 0.000E+00
      21.964962     1.233934    0.310378
 6
       4
     2     2     2     2
     0     1     1     1
 1.710E+00 1.625E+00 1.625E+00 1.625E+00
 0.000E+00 0.000E+00 0.000E+00 0.000E+00
 0.000E+00 0.000E+00 0.000E+00 0.000E+00
 0.000E+00 0.000E+00 0.000E+00 0.000E+00
      23.295652     -0.769385    1.625448
 6
       4
     2     2     2     2
     0     1     1     1
 1.710E+00 1.625E+00 1.625E+00 1.625E+00
 0.000E+00 0.000E+00 0.000E+00 0.000E+00
 0.000E+00 0.000E+00 0.000E+00 0.000E+00
 0.000E+00 0.000E+00 0.000E+00 0.000E+00
      23.461319     3.113065    -0.962317
 6
       4
     2     2     2     2
     0     1     1     1
 1.710E+00 1.625E+00 1.625E+00 1.625E+00
 0.000E+00 0.000E+00 0.000E+00 0.000E+00
 0.000E+00 0.000E+00 0.000E+00 0.000E+00
 0.000E+00 0.000E+00 0.000E+00 0.000E+00
      26.016744     2.938955    -1.091362
 6
       4
     2     2     2     2
     0     1     1     1
 1.710E+00 1.625E+00 1.625E+00 1.625E+00
 0.000E+00 0.000E+00 0.000E+00 0.000E+00
 0.000E+00 0.000E+00 0.000E+00 0.000E+00
 0.000E+00 0.000E+00 0.000E+00 0.000E+00
      25.802115     -0.956315    1.345424
 6
       4
     2     2     2     2
     0     1     1     1
 1.710E+00 1.625E+00 1.625E+00 1.625E+00
 0.000E+00 0.000E+00 0.000E+00 0.000E+00
 0.000E+00 0.000E+00 0.000E+00 0.000E+00
 0.000E+00 0.000E+00 0.000E+00 0.000E+00
      27.372645     0.870298    0.037063
 6
       4
     2     2     2     2
     0     1     1     1
 1.710E+00 1.625E+00 1.625E+00 1.625E+00
 0.000E+00 0.000E+00 0.000E+00 0.000E+00
 0.000E+00 0.000E+00 0.000E+00 0.000E+00
 0.000E+00 0.000E+00 0.000E+00 0.000E+00
      29.982521     0.543185    -0.114799
 6
       4
     2     2     2     2
     0     1     1     1
 1.710E+00 1.625E+00 1.625E+00 1.625E+00
 0.000E+00 0.000E+00 0.000E+00 0.000E+00
 0.000E+00 0.000E+00 0.000E+00 0.000E+00
 0.000E+00 0.000E+00 0.000E+00 0.000E+00
      32.360647     0.336840    -0.309953
 6
       4
     2     2     2     2
     0     1     1     1
 1.710E+00 1.625E+00 1.625E+00 1.625E+00
 0.000E+00 0.000E+00 0.000E+00 0.000E+00
 0.000E+00 0.000E+00 0.000E+00 0.000E+00
 0.000E+00 0.000E+00 0.000E+00 0.000E+00
      34.974956     0.075740    -0.242922
 6
       4
     2     2     2     2
     0     1     1     1
 1.710E+00 1.625E+00 1.625E+00 1.625E+00
 0.000E+00 0.000E+00 0.000E+00 0.000E+00
 0.000E+00 0.000E+00 0.000E+00 0.000E+00
 0.000E+00 0.000E+00 0.000E+00 0.000E+00
      36.239515     -2.226849    0.469950
 6
       4
     2     2     2     2
     0     1     1     1
 1.710E+00 1.625E+00 1.625E+00 1.625E+00
 0.000E+00 0.000E+00 0.000E+00 0.000E+00
 0.000E+00 0.000E+00 0.000E+00 0.000E+00
 0.000E+00 0.000E+00 0.000E+00 0.000E+00
      36.721394     2.071676    -1.074978
 6
       4
     2     2     2     2
     0     1     1     1
 1.710E+00 1.625E+00 1.625E+00 1.625E+00
 0.000E+00 0.000E+00 0.000E+00 0.000E+00
 0.000E+00 0.000E+00 0.000E+00 0.000E+00
 0.000E+00 0.000E+00 0.000E+00 0.000E+00
      39.328741     1.731110    -0.990613
 6
       4
     2     2     2     2
     0     1     1     1
 1.710E+00 1.625E+00 1.625E+00 1.625E+00
 0.000E+00 0.000E+00 0.000E+00 0.000E+00
 0.000E+00 0.000E+00 0.000E+00 0.000E+00
 0.000E+00 0.000E+00 0.000E+00 0.000E+00
      38.823493     -2.569606    0.542777
 6
       4
     2     2     2     2
     0     1     1     1
 1.710E+00 1.625E+00 1.625E+00 1.625E+00
 0.000E+00 0.000E+00 0.000E+00 0.000E+00
 0.000E+00 0.000E+00 0.000E+00 0.000E+00
 0.000E+00 0.000E+00 0.000E+00 0.000E+00
      40.547333     -0.612031    -0.088645
 6
       4
     2     2     2     2
     0     1     1     1
 1.710E+00 1.625E+00 1.625E+00 1.625E+00
 0.000E+00 0.000E+00 0.000E+00 0.000E+00
 0.000E+00 0.000E+00 0.000E+00 0.000E+00
 0.000E+00 0.000E+00 0.000E+00 0.000E+00
      43.225976     -0.608214    0.057962
 6
       4
     2     2     2     2
     0     1     1     1
 1.710E+00 1.625E+00 1.625E+00 1.625E+00
 0.000E+00 0.000E+00 0.000E+00 0.000E+00
 0.000E+00 0.000E+00 0.000E+00 0.000E+00
 0.000E+00 0.000E+00 0.000E+00 0.000E+00
      45.524338     -0.523913    -0.078641
 6
       4
     2     2     2     2
     0     1     1     1
 1.710E+00 1.625E+00 1.625E+00 1.625E+00
 0.000E+00 0.000E+00 0.000E+00 0.000E+00
 0.000E+00 0.000E+00 0.000E+00 0.000E+00
 0.000E+00 0.000E+00 0.000E+00 0.000E+00
      48.289521     -0.327017    -0.310004
 6
       4
     2     2     2     2
     0     1     1     1
 1.710E+00 1.625E+00 1.625E+00 1.625E+00
 0.000E+00 0.000E+00 0.000E+00 0.000E+00
 0.000E+00 0.000E+00 0.000E+00 0.000E+00
 0.000E+00 0.000E+00 0.000E+00 0.000E+00
      49.857833     -2.355988    0.578128
 6
       4
     2     2     2     2
     0     1     1     1
 1.710E+00 1.625E+00 1.625E+00 1.625E+00
 0.000E+00 0.000E+00 0.000E+00 0.000E+00
 0.000E+00 0.000E+00 0.000E+00 0.000E+00
 0.000E+00 0.000E+00 0.000E+00 0.000E+00
      49.735243     1.694933    -1.469302
 6
       4
     2     2     2     2
     0     1     1     1
 1.710E+00 1.625E+00 1.625E+00 1.625E+00
 0.000E+00 0.000E+00 0.000E+00 0.000E+00
 0.000E+00 0.000E+00 0.000E+00 0.000E+00
 0.000E+00 0.000E+00 0.000E+00 0.000E+00
      52.328965     1.585261    -1.687333
 6
       4
     2     2     2     2
     0     1     1     1
 1.710E+00 1.625E+00 1.625E+00 1.625E+00
 0.000E+00 0.000E+00 0.000E+00 0.000E+00
 0.000E+00 0.000E+00 0.000E+00 0.000E+00
 0.000E+00 0.000E+00 0.000E+00 0.000E+00
      52.480896     -2.330257    0.579656
 6
       4
     2     2     2     2
     0     1     1     1
 1.710E+00 1.625E+00 1.625E+00 1.625E+00
 0.000E+00 0.000E+00 0.000E+00 0.000E+00
 0.000E+00 0.000E+00 0.000E+00 0.000E+00
 0.000E+00 0.000E+00 0.000E+00 0.000E+00
      53.861885     -0.283909    -0.489579
 6
       4
     2     2     2     2
     0     1     1     1
 1.710E+00 1.625E+00 1.625E+00 1.625E+00
 0.000E+00 0.000E+00 0.000E+00 0.000E+00
 0.000E+00 0.000E+00 0.000E+00 0.000E+00
 0.000E+00 0.000E+00 0.000E+00 0.000E+00
      56.626590     -0.138965    -0.558097
 1
       1
     1
     0
 1.300E+00
 0.000E+00
 0.000E+00
 0.000E+00
      -4.566343     1.926615    0.582979
 1
       1
     1
     0
 1.300E+00
 0.000E+00
 0.000E+00
 0.000E+00
      0.410301     2.760425    1.155012
 1
       1
     1
     0
 1.300E+00
 0.000E+00
 0.000E+00
 0.000E+00
      -5.785508     -2.678154    -0.668867
 1
       1
     1
     0
 1.300E+00
 0.000E+00
 0.000E+00
 0.000E+00
      -2.833177     -5.977706    -1.356026
 1
       1
     1
     0
 1.300E+00
 0.000E+00
 0.000E+00
 0.000E+00
      2.025268     -4.681866    -1.076190
 1
       1
     1
     0
 1.300E+00
 0.000E+00
 0.000E+00
 0.000E+00
      8.933220     4.078167    -0.308494
 1
       1
     1
     0
 1.300E+00
 0.000E+00
 0.000E+00
 0.000E+00
      9.862918     -4.041874    0.641804
 1
       1
     1
     0
 1.300E+00
 0.000E+00
 0.000E+00
 0.000E+00
      13.276459     4.797912    -0.318477
 1
       1
     1
     0
 1.300E+00
 0.000E+00
 0.000E+00
 0.000E+00
      14.509949     -3.299027    1.047787
 1
       1
     1
     0
 1.300E+00
 0.000E+00
 0.000E+00
 0.000E+00
      22.512950     4.651086    -1.996403
 1
       1
     1
     0
 1.300E+00
 0.000E+00
 0.000E+00
 0.000E+00
      27.025177     4.564166    -2.182350
 1
       1
     1
     0
 1.300E+00
 0.000E+00
 0.000E+00
 0.000E+00
      22.288519     -2.254392    2.798722
 1
       1
     1
     0
 1.300E+00
 0.000E+00
 0.000E+00
 0.000E+00
      26.764552     -2.691701    2.139283
 1
       1
     1
     0
 1.300E+00
 0.000E+00
 0.000E+00
 0.000E+00
      36.022378     3.942577    -1.926912
 1
       1
     1
     0
 1.300E+00
 0.000E+00
 0.000E+00
 0.000E+00
      34.944186     -3.799056    1.027984
 1
       1
     1
     0
 1.300E+00
 0.000E+00
 0.000E+00
 0.000E+00
      40.448013     3.273034    -1.651173
 1
       1
     1
     0
 1.300E+00
 0.000E+00
 0.000E+00
 0.000E+00
      39.668699     -4.389304    0.958671
 1
       1
     1
     0
 1.300E+00
 0.000E+00
 0.000E+00
 0.000E+00
      48.702623     3.330168    -2.142057
 1
       1
     1
     0
 1.300E+00
 0.000E+00
 0.000E+00
 0.000E+00
      48.981754     -3.999316    1.391371
 1
       1
     1
     0
 1.300E+00
 0.000E+00
 0.000E+00
 0.000E+00
      53.383771     2.838495    -2.655577
 1
       1
     1
     0
 1.300E+00
 0.000E+00
 0.000E+00
 0.000E+00
      53.572161     -4.017444    1.348361
 1
       1
     1
     0
 1.300E+00
 0.000E+00
 0.000E+00
 0.000E+00
      61.735953     4.272565    -1.408235
 1
       1
     1
     0
 1.300E+00
 0.000E+00
 0.000E+00
 0.000E+00
      61.910885     -3.285088    1.147595
 6
       4
     2     2     2     2
     0     1     1     1
 1.710E+00 1.625E+00 1.625E+00 1.625E+00
 0.000E+00 0.000E+00 0.000E+00 0.000E+00
 0.000E+00 0.000E+00 0.000E+00 0.000E+00
 0.000E+00 0.000E+00 0.000E+00 0.000E+00
      69.780182     0.592764    -0.274109
 1
       1
     1
     0
 1.300E+00
 0.000E+00
 0.000E+00
 0.000E+00
      66.462610     4.696629    -1.610999
 1
       1
     1
     0
 1.300E+00
 0.000E+00
 0.000E+00
 0.000E+00
      67.021387     -3.185573    0.744446
 6
       4
     2     2     2     2
     0     1     1     1
 1.710E+00 1.625E+00 1.625E+00 1.625E+00
 0.000E+00 0.000E+00 0.000E+00 0.000E+00
 0.000E+00 0.000E+00 0.000E+00 0.000E+00
 0.000E+00 0.000E+00 0.000E+00 0.000E+00
      58.925426     0.241887    -0.244177
 6
       4
     2     2     2     2
     0     1     1     1
 1.710E+00 1.625E+00 1.625E+00 1.625E+00
 0.000E+00 0.000E+00 0.000E+00 0.000E+00
 0.000E+00 0.000E+00 0.000E+00 0.000E+00
 0.000E+00 0.000E+00 0.000E+00 0.000E+00
      61.572878     0.460386    -0.205360
 6
       4
     2     2     2     2
     0     1     1     1
 1.710E+00 1.625E+00 1.625E+00 1.625E+00
 0.000E+00 0.000E+00 0.000E+00 0.000E+00
 0.000E+00 0.000E+00 0.000E+00 0.000E+00
 0.000E+00 0.000E+00 0.000E+00 0.000E+00
      63.131044     -1.708084    0.481464
 6
       4
     2     2     2     2
     0     1     1     1
 1.710E+00 1.625E+00 1.625E+00 1.625E+00
 0.000E+00 0.000E+00 0.000E+00 0.000E+00
 0.000E+00 0.000E+00 0.000E+00 0.000E+00
 0.000E+00 0.000E+00 0.000E+00 0.000E+00
      62.861229     2.736251    -0.896104
 6
       4
     2     2     2     2
     0     1     1     1
 1.710E+00 1.625E+00 1.625E+00 1.625E+00
 0.000E+00 0.000E+00 0.000E+00 0.000E+00
 0.000E+00 0.000E+00 0.000E+00 0.000E+00
 0.000E+00 0.000E+00 0.000E+00 0.000E+00
      65.561503     2.787576    -0.966687
 6
       4
     2     2     2     2
     0     1     1     1
 1.710E+00 1.625E+00 1.625E+00 1.625E+00
 0.000E+00 0.000E+00 0.000E+00 0.000E+00
 0.000E+00 0.000E+00 0.000E+00 0.000E+00
 0.000E+00 0.000E+00 0.000E+00 0.000E+00
      65.640296     -1.616846    0.409997
 6
       4
     2     2     2     2
     0     1     1     1
 1.710E+00 1.625E+00 1.625E+00 1.625E+00
 0.000E+00 0.000E+00 0.000E+00 0.000E+00
 0.000E+00 0.000E+00 0.000E+00 0.000E+00
 0.000E+00 0.000E+00 0.000E+00 0.000E+00
      67.039989     0.735026    -0.238228
 6
       4
     2     2     2     2
     0     1     1     1
 1.710E+00 1.625E+00 1.625E+00 1.625E+00
 0.000E+00 0.000E+00 0.000E+00 0.000E+00
 0.000E+00 0.000E+00 0.000E+00 0.000E+00
 0.000E+00 0.000E+00 0.000E+00 0.000E+00
      80.137982     -0.079138    0.784781
 6
       4
     2     2     2     2
     0     1     1     1
 1.710E+00 1.625E+00 1.625E+00 1.625E+00
 0.000E+00 0.000E+00 0.000E+00 0.000E+00
 0.000E+00 0.000E+00 0.000E+00 0.000E+00
 0.000E+00 0.000E+00 0.000E+00 0.000E+00
      78.772304     2.316128    0.493084
 6
       4
     2     2     2     2
     0     1     1     1
 1.710E+00 1.625E+00 1.625E+00 1.625E+00
 0.000E+00 0.000E+00 0.000E+00 0.000E+00
 0.000E+00 0.000E+00 0.000E+00 0.000E+00
 0.000E+00 0.000E+00 0.000E+00 0.000E+00
      78.704619     -2.340148    1.003564
 6
       4
     2     2     2     2
     0     1     1     1
 1.710E+00 1.625E+00 1.625E+00 1.625E+00
 0.000E+00 0.000E+00 0.000E+00 0.000E+00
 0.000E+00 0.000E+00 0.000E+00 0.000E+00
 0.000E+00 0.000E+00 0.000E+00 0.000E+00
      76.147072     2.261361    0.205268
 6
       4
     2     2     2     2
     0     1     1     1
 1.710E+00 1.625E+00 1.625E+00 1.625E+00
 0.000E+00 0.000E+00 0.000E+00 0.000E+00
 0.000E+00 0.000E+00 0.000E+00 0.000E+00
 0.000E+00 0.000E+00 0.000E+00 0.000E+00
      74.722542     -0.057193    0.260215
 6
       4
     2     2     2     2
     0     1     1     1
 1.710E+00 1.625E+00 1.625E+00 1.625E+00
 0.000E+00 0.000E+00 0.000E+00 0.000E+00
 0.000E+00 0.000E+00 0.000E+00 0.000E+00
 0.000E+00 0.000E+00 0.000E+00 0.000E+00
      76.092680     -2.335512    0.676399
 6
       4
     2     2     2     2
     0     1     1     1
 1.710E+00 1.625E+00 1.625E+00 1.625E+00
 0.000E+00 0.000E+00 0.000E+00 0.000E+00
 0.000E+00 0.000E+00 0.000E+00 0.000E+00
 0.000E+00 0.000E+00 0.000E+00 0.000E+00
      82.816990     -0.025657    0.554451
 6
       4
     2     2     2     2
     0     1     1     1
 1.710E+00 1.625E+00 1.625E+00 1.625E+00
 0.000E+00 0.000E+00 0.000E+00 0.000E+00
 0.000E+00 0.000E+00 0.000E+00 0.000E+00
 0.000E+00 0.000E+00 0.000E+00 0.000E+00
      85.148101     -0.143716    0.311964
 6
       4
     2     2     2     2
     0     1     1     1
 1.710E+00 1.625E+00 1.625E+00 1.625E+00
 0.000E+00 0.000E+00 0.000E+00 0.000E+00
 0.000E+00 0.000E+00 0.000E+00 0.000E+00
 0.000E+00 0.000E+00 0.000E+00 0.000E+00
      87.845349     -0.119121    0.162807
 6
       4
     2     2     2     2
     0     1     1     1
 1.710E+00 1.625E+00 1.625E+00 1.625E+00
 0.000E+00 0.000E+00 0.000E+00 0.000E+00
 0.000E+00 0.000E+00 0.000E+00 0.000E+00
 0.000E+00 0.000E+00 0.000E+00 0.000E+00
      89.254340     2.221925    -0.424826
 6
       4
     2     2     2     2
     0     1     1     1
 1.710E+00 1.625E+00 1.625E+00 1.625E+00
 0.000E+00 0.000E+00 0.000E+00 0.000E+00
 0.000E+00 0.000E+00 0.000E+00 0.000E+00
 0.000E+00 0.000E+00 0.000E+00 0.000E+00
      89.357923     -2.240325    0.797493
 6
       4
     2     2     2     2
     0     1     1     1
 1.710E+00 1.625E+00 1.625E+00 1.625E+00
 0.000E+00 0.000E+00 0.000E+00 0.000E+00
 0.000E+00 0.000E+00 0.000E+00 0.000E+00
 0.000E+00 0.000E+00 0.000E+00 0.000E+00
      91.780699     2.353414    -0.464283
 6
       4
     2     2     2     2
     0     1     1     1
 1.710E+00 1.625E+00 1.625E+00 1.625E+00
 0.000E+00 0.000E+00 0.000E+00 0.000E+00
 0.000E+00 0.000E+00 0.000E+00 0.000E+00
 0.000E+00 0.000E+00 0.000E+00 0.000E+00
      91.935239     -2.191882    0.614573
 6
       4
     2     2     2     2
     0     1     1     1
 1.710E+00 1.625E+00 1.625E+00 1.625E+00
 0.000E+00 0.000E+00 0.000E+00 0.000E+00
 0.000E+00 0.000E+00 0.000E+00 0.000E+00
 0.000E+00 0.000E+00 0.000E+00 0.000E+00
      93.304743     0.105275    -0.022803
 6
       4
     2     2     2     2
     0     1     1     1
 1.710E+00 1.625E+00 1.625E+00 1.625E+00
 0.000E+00 0.000E+00 0.000E+00 0.000E+00
 0.000E+00 0.000E+00 0.000E+00 0.000E+00
 0.000E+00 0.000E+00 0.000E+00 0.000E+00
      95.980260     0.132351    -0.255393
 6
       4
     2     2     2     2
     0     1     1     1
 1.710E+00 1.625E+00 1.625E+00 1.625E+00
 0.000E+00 0.000E+00 0.000E+00 0.000E+00
 0.000E+00 0.000E+00 0.000E+00 0.000E+00
 0.000E+00 0.000E+00 0.000E+00 0.000E+00
      98.264723     0.526366    -0.303292
 6
       4
     2     2     2     2
     0     1     1     1
 1.710E+00 1.625E+00 1.625E+00 1.625E+00
 0.000E+00 0.000E+00 0.000E+00 0.000E+00
 0.000E+00 0.000E+00 0.000E+00 0.000E+00
 0.000E+00 0.000E+00 0.000E+00 0.000E+00
      100.906458     0.906653    -0.063782
 6
       4
     2     2     2     2
     0     1     1     1
 1.710E+00 1.625E+00 1.625E+00 1.625E+00
 0.000E+00 0.000E+00 0.000E+00 0.000E+00
 0.000E+00 0.000E+00 0.000E+00 0.000E+00
 0.000E+00 0.000E+00 0.000E+00 0.000E+00
      102.491056     -1.196310    0.730749
 6
       4
     2     2     2     2
     0     1     1     1
 1.710E+00 1.625E+00 1.625E+00 1.625E+00
 0.000E+00 0.000E+00 0.000E+00 0.000E+00
 0.000E+00 0.000E+00 0.000E+00 0.000E+00
 0.000E+00 0.000E+00 0.000E+00 0.000E+00
      102.179690     3.232860    -0.618757
 6
       4
     2     2     2     2
     0     1     1     1
 1.710E+00 1.625E+00 1.625E+00 1.625E+00
 0.000E+00 0.000E+00 0.000E+00 0.000E+00
 0.000E+00 0.000E+00 0.000E+00 0.000E+00
 0.000E+00 0.000E+00 0.000E+00 0.000E+00
      104.822615     3.469501    -0.486988
 6
       4
     2     2     2     2
     0     1     1     1
 1.710E+00 1.625E+00 1.625E+00 1.625E+00
 0.000E+00 0.000E+00 0.000E+00 0.000E+00
 0.000E+00 0.000E+00 0.000E+00 0.000E+00
 0.000E+00 0.000E+00 0.000E+00 0.000E+00
      105.072852     -0.872296    1.047341
 6
       4
     2     2     2     2
     0     1     1     1
 1.710E+00 1.625E+00 1.625E+00 1.625E+00
 0.000E+00 0.000E+00 0.000E+00 0.000E+00
 0.000E+00 0.000E+00 0.000E+00 0.000E+00
 0.000E+00 0.000E+00 0.000E+00 0.000E+00
      106.362604     1.470171    0.252197
 6
       4
     2     2     2     2
     0     1     1     1
 1.710E+00 1.625E+00 1.625E+00 1.625E+00
 0.000E+00 0.000E+00 0.000E+00 0.000E+00
 0.000E+00 0.000E+00 0.000E+00 0.000E+00
 0.000E+00 0.000E+00 0.000E+00 0.000E+00
      109.095370     1.321829    0.256181
 6
       4
     2     2     2     2
     0     1     1     1
 1.710E+00 1.625E+00 1.625E+00 1.625E+00
 0.000E+00 0.000E+00 0.000E+00 0.000E+00
 0.000E+00 0.000E+00 0.000E+00 0.000E+00
 0.000E+00 0.000E+00 0.000E+00 0.000E+00
      111.382111     0.818703    0.080888
 6
       4
     2     2     2     2
     0     1     1     1
 1.710E+00 1.625E+00 1.625E+00 1.625E+00
 0.000E+00 0.000E+00 0.000E+00 0.000E+00
 0.000E+00 0.000E+00 0.000E+00 0.000E+00
 0.000E+00 0.000E+00 0.000E+00 0.000E+00
      114.012513     0.656644    -0.067081
 6
       4
     2     2     2     2
     0     1     1     1
 1.710E+00 1.625E+00 1.625E+00 1.625E+00
 0.000E+00 0.000E+00 0.000E+00 0.000E+00
 0.000E+00 0.000E+00 0.000E+00 0.000E+00
 0.000E+00 0.000E+00 0.000E+00 0.000E+00
      115.286188     -1.682317    -0.724383
 6
       4
     2     2     2     2
     0     1     1     1
 1.710E+00 1.625E+00 1.625E+00 1.625E+00
 0.000E+00 0.000E+00 0.000E+00 0.000E+00
 0.000E+00 0.000E+00 0.000E+00 0.000E+00
 0.000E+00 0.000E+00 0.000E+00 0.000E+00
      115.564218     2.801364    0.430582
 6
       4
     2     2     2     2
     0     1     1     1
 1.710E+00 1.625E+00 1.625E+00 1.625E+00
 0.000E+00 0.000E+00 0.000E+00 0.000E+00
 0.000E+00 0.000E+00 0.000E+00 0.000E+00
 0.000E+00 0.000E+00 0.000E+00 0.000E+00
      118.192562     2.731281    0.345226
 6
       4
     2     2     2     2
     0     1     1     1
 1.710E+00 1.625E+00 1.625E+00 1.625E+00
 0.000E+00 0.000E+00 0.000E+00 0.000E+00
 0.000E+00 0.000E+00 0.000E+00 0.000E+00
 0.000E+00 0.000E+00 0.000E+00 0.000E+00
      118.005602     -1.750661    -0.895719
 6
       4
     2     2     2     2
     0     1     1     1
 1.710E+00 1.625E+00 1.625E+00 1.625E+00
 0.000E+00 0.000E+00 0.000E+00 0.000E+00
 0.000E+00 0.000E+00 0.000E+00 0.000E+00
 0.000E+00 0.000E+00 0.000E+00 0.000E+00
      119.452566     0.390442    -0.392957
 6
       4
     2     2     2     2
     0     1     1     1
 1.710E+00 1.625E+00 1.625E+00 1.625E+00
 0.000E+00 0.000E+00 0.000E+00 0.000E+00
 0.000E+00 0.000E+00 0.000E+00 0.000E+00
 0.000E+00 0.000E+00 0.000E+00 0.000E+00
      122.137985     0.327353    -0.356752
 6
       4
     2     2     2     2
     0     1     1     1
 1.710E+00 1.625E+00 1.625E+00 1.625E+00
 0.000E+00 0.000E+00 0.000E+00 0.000E+00
 0.000E+00 0.000E+00 0.000E+00 0.000E+00
 0.000E+00 0.000E+00 0.000E+00 0.000E+00
      124.485080     0.502387    -0.103219
 6
       4
     2     2     2     2
     0     1     1     1
 1.710E+00 1.625E+00 1.625E+00 1.625E+00
 0.000E+00 0.000E+00 0.000E+00 0.000E+00
 0.000E+00 0.000E+00 0.000E+00 0.000E+00
 0.000E+00 0.000E+00 0.000E+00 0.000E+00
      127.212051     0.236123    0.068555
 6
       4
     2     2     2     2
     0     1     1     1
 1.710E+00 1.625E+00 1.625E+00 1.625E+00
 0.000E+00 0.000E+00 0.000E+00 0.000E+00
 0.000E+00 0.000E+00 0.000E+00 0.000E+00
 0.000E+00 0.000E+00 0.000E+00 0.000E+00
      128.381285     -2.126091    -0.596957
 6
       4
     2     2     2     2
     0     1     1     1
 1.710E+00 1.625E+00 1.625E+00 1.625E+00
 0.000E+00 0.000E+00 0.000E+00 0.000E+00
 0.000E+00 0.000E+00 0.000E+00 0.000E+00
 0.000E+00 0.000E+00 0.000E+00 0.000E+00
      128.775162     2.258848    0.949557
 6
       4
     2     2     2     2
     0     1     1     1
 1.710E+00 1.625E+00 1.625E+00 1.625E+00
 0.000E+00 0.000E+00 0.000E+00 0.000E+00
 0.000E+00 0.000E+00 0.000E+00 0.000E+00
 0.000E+00 0.000E+00 0.000E+00 0.000E+00
      131.409022     1.945874    1.057143
 6
       4
     2     2     2     2
     0     1     1     1
 1.710E+00 1.625E+00 1.625E+00 1.625E+00
 0.000E+00 0.000E+00 0.000E+00 0.000E+00
 0.000E+00 0.000E+00 0.000E+00 0.000E+00
 0.000E+00 0.000E+00 0.000E+00 0.000E+00
      130.949040     -2.419817    -0.430648
 6
       4
     2     2     2     2
     0     1     1     1
 1.710E+00 1.625E+00 1.625E+00 1.625E+00
 0.000E+00 0.000E+00 0.000E+00 0.000E+00
 0.000E+00 0.000E+00 0.000E+00 0.000E+00
 0.000E+00 0.000E+00 0.000E+00 0.000E+00
      132.556555     -0.347471    0.258539
 6
       4
     2     2     2     2
     0     1     1     1
 1.710E+00 1.625E+00 1.625E+00 1.625E+00
 0.000E+00 0.000E+00 0.000E+00 0.000E+00
 0.000E+00 0.000E+00 0.000E+00 0.000E+00
 0.000E+00 0.000E+00 0.000E+00 0.000E+00
      135.235975     -0.668012    0.264756
 1
       1
     1
     0
 1.300E+00
 0.000E+00
 0.000E+00
 0.000E+00
      75.170964     4.193995    -0.185906
 1
       1
     1
     0
 1.300E+00
 0.000E+00
 0.000E+00
 0.000E+00
      79.714563     4.135484    0.469321
 6
       4
     2     2     2     2
     0     1     1     1
 1.710E+00 1.625E+00 1.625E+00 1.625E+00
 0.000E+00 0.000E+00 0.000E+00 0.000E+00
 0.000E+00 0.000E+00 0.000E+00 0.000E+00
 0.000E+00 0.000E+00 0.000E+00 0.000E+00
      71.993490     0.133537    -0.013139
 1
       1
     1
     0
 1.300E+00
 0.000E+00
 0.000E+00
 0.000E+00
      74.926290     -4.170448    0.905842
 1
       1
     1
     0
 1.300E+00
 0.000E+00
 0.000E+00
 0.000E+00
      79.671770     -3.853888    1.219281
 1
       1
     1
     0
 1.300E+00
 0.000E+00
 0.000E+00
 0.000E+00
      88.045573     3.946322    -0.981550
 1
       1
     1
     0
 1.300E+00
 0.000E+00
 0.000E+00
 0.000E+00
      88.373986     -4.083065    1.294442
 1
       1
     1
     0
 1.300E+00
 0.000E+00
 0.000E+00
 0.000E+00
      92.707481     4.138679    -1.107034
 1
       1
     1
     0
 1.300E+00
 0.000E+00
 0.000E+00
 0.000E+00
      93.058511     -4.013665    0.767682
 1
       1
     1
     0
 1.300E+00
 0.000E+00
 0.000E+00
 0.000E+00
      100.906271     4.827154    -1.339784
 1
       1
     1
     0
 1.300E+00
 0.000E+00
 0.000E+00
 0.000E+00
      105.827550     5.146514    -0.967455
 1
       1
     1
     0
 1.300E+00
 0.000E+00
 0.000E+00
 0.000E+00
      101.638754     -3.028316    1.106047
 1
       1
     1
     0
 1.300E+00
 0.000E+00
 0.000E+00
 0.000E+00
      106.199450     -2.461308    1.692108
 1
       1
     1
     0
 1.300E+00
 0.000E+00
 0.000E+00
 0.000E+00
      114.551867     4.521574    1.123709
 1
       1
     1
     0
 1.300E+00
 0.000E+00
 0.000E+00
 0.000E+00
      114.389037     -3.409948    -0.984345
 1
       1
     1
     0
 1.300E+00
 0.000E+00
 0.000E+00
 0.000E+00
      119.481527     4.379850    0.816930
 1
       1
     1
     0
 1.300E+00
 0.000E+00
 0.000E+00
 0.000E+00
      118.763131     -3.535626    -1.179374
 1
       1
     1
     0
 1.300E+00
 0.000E+00
 0.000E+00
 0.000E+00
      127.937156     4.121063    1.599642
 1
       1
     1
     0
 1.300E+00
 0.000E+00
 0.000E+00
 0.000E+00
      127.024939     -3.650457    -1.092371
 1
       1
     1
     0
 1.300E+00
 0.000E+00
 0.000E+00
 0.000E+00
      132.455842     3.649373    1.864011
 1
       1
     1
     0
 1.300E+00
 0.000E+00
 0.000E+00
 0.000E+00
      131.799561     -4.228215    -0.882821
 1
       1
     1
     0
 1.300E+00
 0.000E+00
 0.000E+00
 0.000E+00
      140.337715     1.865384    2.973754
 1
       1
     1
     0
 1.300E+00
 0.000E+00
 0.000E+00
 0.000E+00
      140.779059     -4.937642    -1.943636
 1
       1
     1
     0
 1.300E+00
 0.000E+00
 0.000E+00
 0.000E+00
      147.705745     -1.250819    0.211020
 1
       1
     1
     0
 1.300E+00
 0.000E+00
 0.000E+00
 0.000E+00
      145.045138     1.842456    2.765261
 1
       1
     1
     0
 1.300E+00
 0.000E+00
 0.000E+00
 0.000E+00
      144.978765     -4.793343    -2.067668
 6
       4
     2     2     2     2
     0     1     1     1
 1.710E+00 1.625E+00 1.625E+00 1.625E+00
 0.000E+00 0.000E+00 0.000E+00 0.000E+00
 0.000E+00 0.000E+00 0.000E+00 0.000E+00
 0.000E+00 0.000E+00 0.000E+00 0.000E+00
      137.472581     -1.145066    0.240061
 6
       4
     2     2     2     2
     0     1     1     1
 1.710E+00 1.625E+00 1.625E+00 1.625E+00
 0.000E+00 0.000E+00 0.000E+00 0.000E+00
 0.000E+00 0.000E+00 0.000E+00 0.000E+00
 0.000E+00 0.000E+00 0.000E+00 0.000E+00
      140.159234     -1.364205    0.323595
 6
       4
     2     2     2     2
     0     1     1     1
 1.710E+00 1.625E+00 1.625E+00 1.625E+00
 0.000E+00 0.000E+00 0.000E+00 0.000E+00
 0.000E+00 0.000E+00 0.000E+00 0.000E+00
 0.000E+00 0.000E+00 0.000E+00 0.000E+00
      141.576334     -3.301007    -0.995780
 6
       4
     2     2     2     2
     0     1     1     1
 1.710E+00 1.625E+00 1.625E+00 1.625E+00
 0.000E+00 0.000E+00 0.000E+00 0.000E+00
 0.000E+00 0.000E+00 0.000E+00 0.000E+00
 0.000E+00 0.000E+00 0.000E+00 0.000E+00
      141.460755     0.456246    1.684770
 6
       4
     2     2     2     2
     0     1     1     1
 1.710E+00 1.625E+00 1.625E+00 1.625E+00
 0.000E+00 0.000E+00 0.000E+00 0.000E+00
 0.000E+00 0.000E+00 0.000E+00 0.000E+00
 0.000E+00 0.000E+00 0.000E+00 0.000E+00
      144.288142     0.487546    1.702445
 6
       4
     2     2     2     2
     0     1     1     1
 1.710E+00 1.625E+00 1.625E+00 1.625E+00
 0.000E+00 0.000E+00 0.000E+00 0.000E+00
 0.000E+00 0.000E+00 0.000E+00 0.000E+00
 0.000E+00 0.000E+00 0.000E+00 0.000E+00
      144.294370     -3.311367    -1.072391
 6
       4
     2     2     2     2
     0     1     1     1
 1.710E+00 1.625E+00 1.625E+00 1.625E+00
 0.000E+00 0.000E+00 0.000E+00 0.000E+00
 0.000E+00 0.000E+00 0.000E+00 0.000E+00
 0.000E+00 0.000E+00 0.000E+00 0.000E+00
      145.621807     -1.171738    0.344393
# LCAO coefficients .. are not included.
         1
        1        -0.000012161640356   k=         1
        2        -0.000284012280036   k=         1
        3        0.000580654968994   k=         1
        4        -0.003556937518252   k=         1
        5        -0.000054627486453   k=         1
        6        -0.000019708765501   k=         1
        7        0.001140662835156   k=         1
        8        -0.002686528114780   k=         1
        9        0.000117234000495   k=         1
        10        0.000145745166159   k=         1
        11        0.001225528199677   k=         1
        12        -0.002742514125799   k=         1
        13        0.000010748262914   k=         1
        14        -0.000173096259996   k=         1
        15        -0.000535530137682   k=         1
        16        0.001571943913981   k=         1
        17        -0.000060772408607   k=         1
        18        -0.000192801847713   k=         1
        19        -0.000909382001796   k=         1
        20        0.003888538834257   k=         1
        21        -0.000045083372625   k=         1
        22        -0.000143863765300   k=         1
        23        -0.000333145302349   k=         1
        24        0.001045186037325   k=         1
        25        0.000003207293404   k=         1
        26        0.000332321806497   k=         1
        27        -0.000047057766162   k=         1
        28        0.003115205346440   k=         1
        29        -0.000085840890161   k=         1
        30        0.000023866791688   k=         1
        31        -0.000387749205811   k=         1
        32        0.004281424069412   k=         1
        33        0.000003463885900   k=         1
        34        0.000195658793064   k=         1
        35        -0.000050022105109   k=         1
        36        -0.002042514535683   k=         1
        37        0.000146461390952   k=         1
        38        0.000212993979959   k=         1
        39        -0.000393510339369   k=         1
        40        -0.003042233477386   k=         1
        41        -0.000106539235511   k=         1
        42        0.000571185826746   k=         1
        43        -0.000648852100317   k=         1
        44        -0.003151663855560   k=         1
        45        -0.000244898290370   k=         1
        46        -0.000441456526722   k=         1
        47        0.000439034159000   k=         1
        48        -0.000065962272963   k=         1
        49        0.000227739521719   k=         1
        50        0.000115700077524   k=         1
        51        0.000478155374548   k=         1
        52        0.000100957986034   k=         1
        53        0.000051383719277   k=         1
        54        0.000093958026677   k=         1
        55        0.000338954331492   k=         1
        56        0.004173730335338   k=         1
        57        -0.000089482953677   k=         1
        58        -0.000329992069680   k=         1
        59        0.003006771218752   k=         1
        60        0.002461496766994   k=         1
        61        0.000126547709752   k=         1
        62        -0.000012450628484   k=         1
        63        0.000052988034034   k=         1
        64        -0.003121549254429   k=         1
        65        0.000012005513987   k=         1
        66        0.000341885303397   k=         1
        67        -0.004780198959127   k=         1
        68        -0.006077765382423   k=         1
        69        0.000109352251987   k=         1
        70        -0.000589221511830   k=         1
        71        0.000733535084576   k=         1
        72        0.000177939089724   k=         1
        73        -0.000049468147129   k=         1
        74        0.000443414923689   k=         1
        75        0.000456360523417   k=         1
        76        0.000135687525061   k=         1
        77        -0.000307992595930   k=         1
        78        0.000143086296126   k=         1
        79        0.004447537568145   k=         1
        80        0.006070077314889   k=         1
        81        0.000135031054798   k=         1
        82        0.001873213098172   k=         1
        83        0.003729234173286   k=         1
        84        0.005684512519067   k=         1
        85        0.000067969584879   k=         1
        86        0.000370036789547   k=         1
        87        0.000437060707068   k=         1
        88        0.001600435818051   k=         1
        89        -0.000250367118789   k=         1
        90        -0.001688719258495   k=         1
        91        -0.004443032597812   k=         1
        92        -0.013760742995502   k=         1
        93        0.000230927286571   k=         1
        94        -0.000022540946887   k=         1
        95        -0.001265227776259   k=         1
        96        -0.004859606837496   k=         1
        97        0.000213431252813   k=         1
        98        0.000046450880312   k=         1
        99        0.006192983324329   k=         1
        100        0.017009391005393   k=         1
        101        0.000102313857856   k=         1
        102        0.000529947238782   k=         1
        103        0.002279023324274   k=         1
        104        0.007282688479757   k=         1
        105        0.000136636626980   k=         1
        106        0.000668703637972   k=         1
        107        0.002412037586089   k=         1
        108        0.005414870176639   k=         1
        109        -0.000304247936332   k=         1
        110        -0.001024534467337   k=         1
        111        -0.004484754635794   k=         1
        112        -0.013200760365500   k=         1
        113        -0.000055486966189   k=         1
        114        -0.000447349361097   k=         1
        115        -0.003244780693754   k=         1
        116        -0.013467180201013   k=         1
        117        0.000083353609750   k=         1
        118        0.001123913459232   k=         1
        119        -0.005125561292712   k=         1
        120        -0.012701479730589   k=         1
        121        0.000821784821951   k=         1
        122        -0.000907010768288   k=         1
        123        0.008771800290640   k=         1
        124        0.019612779640382   k=         1
        125        -0.000316834566697   k=         1
        126        0.001108451992437   k=         1
        127        0.006241174682845   k=         1
        128        0.014295802507056   k=         1
        129        0.000158721152039   k=         1
        130        -0.002159172019559   k=         1
        131        -0.012095828618227   k=         1
        132        -0.026150980280520   k=         1
        133        -0.000098056497075   k=         1
        134        -0.000314173582702   k=         1
        135        -0.006665288136750   k=         1
        136        -0.013404518599361   k=         1
        137        -0.000080156485405   k=         1
        138        -0.002089468494155   k=         1
        139        -0.006409009231549   k=         1
        140        -0.012118933817292   k=         1
        141        -0.000466103834811   k=         1
        142        0.001826049231106   k=         1
        143        0.011852403100164   k=         1
        144        0.015876322151098   k=         1
        145        0.001012062183853   k=         1
        146        0.001082884005842   k=         1
        147        0.010312838241695   k=         1
        148        0.016999072851081   k=         1
        149        0.000435045720769   k=         1
        150        -0.001328766062121   k=         1
        151        0.012051341762690   k=         1
        152        0.021990937740993   k=         1
        153        0.001654031473689   k=         1
        154        0.003989113216904   k=         1
        155        -0.010348336333509   k=         1
        156        -0.028959284020312   k=         1
        157        -0.000131239998711   k=         1
        158        0.000206688709931   k=         1
        159        -0.000022434435771   k=         1
        160        0.000179217735744   k=         1
        161        -0.000050558708840   k=         1
        162        -0.000185625385223   k=         1
        163        0.000178133855899   k=         1
        164        0.000052817126903   k=         1
        165        -0.000203588008992   k=         1
        166        0.000046206579073   k=         1
        167        -0.000071422748552   k=         1
        168        0.000170112915405   k=         1
        169        0.000230074800941   k=         1
        170        -0.000231520763072   k=         1
        171        0.000256575378718   k=         1
        172        -0.000198519194127   k=         1
        173        -0.000408731896212   k=         1
        174        -0.000782748391110   k=         1
        175        0.000510196560843   k=         1
        176        0.000729969383535   k=         1
        177        0.000065074660793   k=         1
        178        -0.000200496936189   k=         1
        179        -0.000352000487142   k=         1
        180        -0.000202960749316   k=         1
        181        -0.000975994746754   k=         1
        182        0.003675743898249   k=         1
        183        0.018377720821830   k=         1
        184        -0.000532246859906   k=         1
        185        -0.000785399075738   k=         1
        186        -0.001124837023381   k=         1
        187        0.004591767222827   k=         1
        188        -0.010780843950759   k=         1
        189        -0.023070908295291   k=         1
        190        0.000066857450495   k=         1
        191        -0.002137503148167   k=         1
        192        0.009594539100862   k=         1
        193        0.029624758635942   k=         1
        194        -0.000581425097834   k=         1
        195        0.002135395394881   k=         1
        196        0.004447772817599   k=         1
        197        0.016159317123908   k=         1
        198        0.000255084764360   k=         1
        199        0.000408812241433   k=         1
        200        0.008445574275439   k=         1
        201        0.025892755726504   k=         1
        202        0.000440243679449   k=         1
        203        -0.000460571642470   k=         1
        204        -0.006352380037568   k=         1
        205        -0.017332243959922   k=         1
        206        0.000119624268740   k=         1
        207        -0.001739342504693   k=         1
        208        -0.004547099633400   k=         1
        209        -0.016067141471279   k=         1
        210        -0.000851055317085   k=         1
        211        0.000225981559647   k=         1
        212        -0.009735015189859   k=         1
        213        -0.032535180816713   k=         1
        214        0.000245827526592   k=         1
        215        0.002017555168340   k=         1
        216        0.001840476261089   k=         1
        217        0.024493471990623   k=         1
        218        -0.000159244073399   k=         1
        219        -0.002663254650548   k=         1
        220        0.001355158789573   k=         1
        221        0.006580326481278   k=         1
        222        0.000144227916630   k=         1
        223        -0.001145213762321   k=         1
        224        0.001085999541857   k=         1
        225        0.007032892907071   k=         1
        226        -0.000048269990744   k=         1
        227        0.004354726850894   k=         1
        228        -0.001318266412235   k=         1
        229        -0.016215079900506   k=         1
        230        -0.000069979766064   k=         1
        231        0.001372618541651   k=         1
        232        -0.002112648486629   k=         1
        233        -0.016420808403842   k=         1
        234        0.000868517012408   k=         1
        235        0.002669824955417   k=         1
        236        -0.002435263516926   k=         1
        237        -0.018130853178307   k=         1
        238        0.000596664153431   k=         1
        239        -0.000659911323704   k=         1
        240        0.002439963796235   k=         1
        241        -0.000105082342766   k=         1
        242        0.000007154877332   k=         1
        243        -0.001841523161871   k=         1
        244        -0.000631331310291   k=         1
        245        -0.018415014196251   k=         1
        246        0.000422536258937   k=         1
        247        0.000204963495059   k=         1
        248        -0.004035525541819   k=         1
        249        -0.009240839215142   k=         1
        250        -0.000417431378187   k=         1
        251        0.000189281775593   k=         1
        252        0.002802083166280   k=         1
        253        0.006085441747472   k=         1
        254        0.000553979772011   k=         1
        255        -0.000866842031091   k=         1
        256        0.003577622898184   k=         1
        257        0.007583429668344   k=         1
        258        0.000572687665816   k=         1
        259        0.000936028316702   k=         1
        260        0.002030492619966   k=         1
        261        0.010257031751927   k=         1
        262        -0.000064787899145   k=         1
        263        0.001601842782919   k=         1
        264        0.001845256736722   k=         1
        265        0.012820564564271   k=         1
        266        -0.000051109501256   k=         1
        267        -0.000361577331290   k=         1
        268        -0.000179458193604   k=         1
        269        -0.004440166912428   k=         1
        270        0.000434726498332   k=         1
        271        -0.001250106264390   k=         1
        272        -0.007256507097778   k=         1
        273        -0.024510347147476   k=         1
        274        0.000018178678518   k=         1
        275        0.001034474196381   k=         1
        276        -0.001691132338733   k=         1
        277        -0.004046438019328   k=         1
        278        0.000452976730679   k=         1
        279        -0.005549187802805   k=         1
        280        0.008094947222445   k=         1
        281        0.034403297408197   k=         1
        282        0.000450005425857   k=         1
        283        -0.000209682154940   k=         1
        284        0.003143399987789   k=         1
        285        0.007795972673499   k=         1
        286        -0.000478829591628   k=         1
        287        -0.002168226778503   k=         1
        288        0.005383216154125   k=         1
        289        0.012761063355638   k=         1
        290        0.002156630469785   k=         1
        291        0.005409190922225   k=         1
        292        -0.013936459076526   k=         1
        293        -0.024046051669278   k=         1
        294        -0.002853849609698   k=         1
        295        -0.000531787167326   k=         1
        296        -0.015156843657761   k=         1
        297        -0.024711662373373   k=         1
        298        0.000186071620484   k=         1
        299        -0.000168558166079   k=         1
        300        -0.003307500959502   k=         1
        301        -0.024960709470769   k=         1
        302        0.000328921439406   k=         1
        303        0.000590512465916   k=         1
        304        -0.010418652972505   k=         1
        305        0.052480349680062   k=         1
        306        -0.000550021846321   k=         1
        307        0.002315114705791   k=         1
        308        -0.001526597573213   k=         1
        309        0.033065098514988   k=         1
        310        -0.000312196822108   k=         1
        311        -0.003462808401182   k=         1
        312        0.013656652374708   k=         1
        313        -0.055777692362491   k=         1
        314        0.000905998363470   k=         1
        315        -0.004923094993134   k=         1
        316        0.009287748088550   k=         1
        317        -0.037399140530181   k=         1
        318        0.000031730721271   k=         1
        319        -0.000805836519976   k=         1
        320        0.009275921130757   k=         1
        321        -0.024810912643063   k=         1
        322        -0.000032351121764   k=         1
        323        0.000391582043072   k=         1
        324        -0.011624549737663   k=         1
        325        0.039600927190488   k=         1
        326        -0.000613440325813   k=         1
        327        0.002678024397295   k=         1
        328        -0.006065145257665   k=         1
        329        0.037577314023191   k=         1
        330        -0.000161906511309   k=         1
        331        -0.000277322613402   k=         1
        332        -0.015038936034712   k=         1
        333        0.049872932126126   k=         1
        334        0.000390860136937   k=         1
        335        0.002881779870927   k=         1
        336        0.016707875136848   k=         1
        337        -0.049951705331368   k=         1
        338        -0.000353089129718   k=         1
        339        0.005412924359838   k=         1
        340        0.016688119368123   k=         1
        341        -0.052467716868623   k=         1
        342        0.000278496809589   k=         1
        343        -0.005382689640219   k=         1
        344        -0.016744863364818   k=         1
        345        0.048469951964903   k=         1
        346        -0.001032998737516   k=         1
        347        -0.003432557597758   k=         1
        348        -0.010619912712829   k=         1
        349        0.036035923248154   k=         1
        350        -0.000600724349641   k=         1
        351        -0.004252170977856   k=         1
        352        -0.014513317382572   k=         1
        353        0.038917501206849   k=         1
        354        0.000458486553662   k=         1
        355        0.003419737136641   k=         1
        356        0.010384207410633   k=         1
        357        -0.027580799189112   k=         1
        358        -0.000133097244719   k=         1
        359        0.002539501671001   k=         1
        360        0.007315446295175   k=         1
        361        -0.026755003966038   k=         1
        362        0.000601994324241   k=         1
        363        0.000001593332322   k=         1
        364        0.019142834080151   k=         1
        365        -0.055085803691598   k=         1
        366        -0.000727439165248   k=         1
        367        -0.000244156136986   k=         1
        368        -0.011256940999863   k=         1
        369        0.025280446585726   k=         1
        370        -0.000752998915956   k=         1
        371        -0.000830693430424   k=         1
        372        0.000438741343043   k=         1
        373        -0.001295563786708   k=         1
        374        0.007225232328699   k=         1
        375        0.026316596920200   k=         1
        376        -0.000316517303574   k=         1
        377        -0.000730120934281   k=         1
        378        0.000896702361173   k=         1
        379        -0.000607346312296   k=         1
        380        -0.000675043409523   k=         1
        381        0.000999183876127   k=         1
        382        0.002465540010173   k=         1
        383        -0.001525188493456   k=         1
        384        -0.003042092378059   k=         1
        385        0.001398911067198   k=         1
        386        0.000144775243996   k=         1
        387        0.000618790868218   k=         1
        388        -0.000179269684261   k=         1
        389        0.000253838398480   k=         1
        390        0.000063275261050   k=         1
        391        -0.000260087508308   k=         1
        392        0.001028238437307   k=         1
        393        0.001027720672522   k=         1
        394        0.001024828059015   k=         1
        395        -0.000383653402555   k=         1
        396        -0.000179339441438   k=         1
        397        -0.000931797850606   k=         1
        398        0.001130048307724   k=         1
        399        -0.000172391057964   k=         1
        400        -0.004602971917319   k=         1
        401        -0.015481156377410   k=         1
        402        0.044481718290003   k=         1
        403        -0.000369449470539   k=         1
        404        0.002422041376320   k=         1
        405        0.008700931525674   k=         1
        406        -0.017168988118212   k=         1
        407        0.001713047529941   k=         1
        408        -0.003879468089798   k=         1
        409        0.012270550579692   k=         1
        410        -0.012509756926027   k=         1
        411        -0.000153929207534   k=         1
        412        0.000544169056307   k=         1
        413        0.024238315079157   k=         1
        414        -0.026249866417436   k=         1
        415        -0.000005217129879   k=         1
        416        0.000271212470163   k=         1
        417        -0.002897925806454   k=         1
        418        0.002885151476560   k=         1
        419        -0.000486177554368   k=         1
        420        0.001898492309291   k=         1
        421        -0.006303898263688   k=         1
        422        0.008596832656497   k=         1
        423        -0.000206889180345   k=         1
        424        0.001082422848527   k=         1
        425        -0.016055817500882   k=         1
        426        0.022408408391665   k=         1
