# file_format= v0.04.05
       144       426
    188.97268778      0.00000000      0.00000000    0
      0.00000000    188.97268778      0.00000000    0
      0.00000000      0.00000000    188.97268778    0
 6
       4
     2     2     2     2
     0     1     1     1
 1.710E+00 1.625E+00 1.625E+00 1.625E+00
 0.000E+00 0.000E+00 0.000E+00 0.000E+00
 0.000E+00 0.000E+00 0.000E+00 0.000E+00
 0.000E+00 0.000E+00 0.000E+00 0.000E+00
      1.152075     -0.760893    -0.023654
 6
       4
     2     2     2     2
     0     1     1     1
 1.710E+00 1.625E+00 1.625E+00 1.625E+00
 0.000E+00 0.000E+00 0.000E+00 0.000E+00
 0.000E+00 0.000E+00 0.000E+00 0.000E+00
 0.000E+00 0.000E+00 0.000E+00 0.000E+00
      -0.644032     1.106336    0.523588
 6
       4
     2     2     2     2
     0     1     1     1
 1.710E+00 1.625E+00 1.625E+00 1.625E+00
 0.000E+00 0.000E+00 0.000E+00 0.000E+00
 0.000E+00 0.000E+00 0.000E+00 0.000E+00
 0.000E+00 0.000E+00 0.000E+00 0.000E+00
      0.259225     -3.173215    -0.783359
 6
       4
     2     2     2     2
     0     1     1     1
 1.710E+00 1.625E+00 1.625E+00 1.625E+00
 0.000E+00 0.000E+00 0.000E+00 0.000E+00
 0.000E+00 0.000E+00 0.000E+00 0.000E+00
 0.000E+00 0.000E+00 0.000E+00 0.000E+00
      -3.276974     0.564867    0.421581
 6
       4
     2     2     2     2
     0     1     1     1
 1.710E+00 1.625E+00 1.625E+00 1.625E+00
 0.000E+00 0.000E+00 0.000E+00 0.000E+00
 0.000E+00 0.000E+00 0.000E+00 0.000E+00
 0.000E+00 0.000E+00 0.000E+00 0.000E+00
      -4.262551     -1.812807    -0.430393
 6
       4
     2     2     2     2
     0     1     1     1
 1.710E+00 1.625E+00 1.625E+00 1.625E+00
 0.000E+00 0.000E+00 0.000E+00 0.000E+00
 0.000E+00 0.000E+00 0.000E+00 0.000E+00
 0.000E+00 0.000E+00 0.000E+00 0.000E+00
      -2.360270     -3.721985    -0.999752
 6
       4
     2     2     2     2
     0     1     1     1
 1.710E+00 1.625E+00 1.625E+00 1.625E+00
 0.000E+00 0.000E+00 0.000E+00 0.000E+00
 0.000E+00 0.000E+00 0.000E+00 0.000E+00
 0.000E+00 0.000E+00 0.000E+00 0.000E+00
      3.844392     -0.259951    -0.022898
 6
       4
     2     2     2     2
     0     1     1     1
 1.710E+00 1.625E+00 1.625E+00 1.625E+00
 0.000E+00 0.000E+00 0.000E+00 0.000E+00
 0.000E+00 0.000E+00 0.000E+00 0.000E+00
 0.000E+00 0.000E+00 0.000E+00 0.000E+00
      6.074590     0.075633    -0.173280
 6
       4
     2     2     2     2
     0     1     1     1
 1.710E+00 1.625E+00 1.625E+00 1.625E+00
 0.000E+00 0.000E+00 0.000E+00 0.000E+00
 0.000E+00 0.000E+00 0.000E+00 0.000E+00
 0.000E+00 0.000E+00 0.000E+00 0.000E+00
      8.681679     0.280241    -0.043443
 6
       4
     2     2     2     2
     0     1     1     1
 1.710E+00 1.625E+00 1.625E+00 1.625E+00
 0.000E+00 0.000E+00 0.000E+00 0.000E+00
 0.000E+00 0.000E+00 0.000E+00 0.000E+00
 0.000E+00 0.000E+00 0.000E+00 0.000E+00
      9.862567     2.611775    -0.501116
 6
       4
     2     2     2     2
     0     1     1     1
 1.710E+00 1.625E+00 1.625E+00 1.625E+00
 0.000E+00 0.000E+00 0.000E+00 0.000E+00
 0.000E+00 0.000E+00 0.000E+00 0.000E+00
 0.000E+00 0.000E+00 0.000E+00 0.000E+00
      10.346469     -1.769598    0.642225
 6
       4
     2     2     2     2
     0     1     1     1
 1.710E+00 1.625E+00 1.625E+00 1.625E+00
 0.000E+00 0.000E+00 0.000E+00 0.000E+00
 0.000E+00 0.000E+00 0.000E+00 0.000E+00
 0.000E+00 0.000E+00 0.000E+00 0.000E+00
      12.432596     2.901527    -0.313570
 6
       4
     2     2     2     2
     0     1     1     1
 1.710E+00 1.625E+00 1.625E+00 1.625E+00
 0.000E+00 0.000E+00 0.000E+00 0.000E+00
 0.000E+00 0.000E+00 0.000E+00 0.000E+00
 0.000E+00 0.000E+00 0.000E+00 0.000E+00
      12.913397     -1.470719    0.757667
 6
       4
     2     2     2     2
     0     1     1     1
 1.710E+00 1.625E+00 1.625E+00 1.625E+00
 0.000E+00 0.000E+00 0.000E+00 0.000E+00
 0.000E+00 0.000E+00 0.000E+00 0.000E+00
 0.000E+00 0.000E+00 0.000E+00 0.000E+00
      14.130243     0.930068    0.320284
 6
       4
     2     2     2     2
     0     1     1     1
 1.710E+00 1.625E+00 1.625E+00 1.625E+00
 0.000E+00 0.000E+00 0.000E+00 0.000E+00
 0.000E+00 0.000E+00 0.000E+00 0.000E+00
 0.000E+00 0.000E+00 0.000E+00 0.000E+00
      16.794734     1.296378    0.352704
 6
       4
     2     2     2     2
     0     1     1     1
 1.710E+00 1.625E+00 1.625E+00 1.625E+00
 0.000E+00 0.000E+00 0.000E+00 0.000E+00
 0.000E+00 0.000E+00 0.000E+00 0.000E+00
 0.000E+00 0.000E+00 0.000E+00 0.000E+00
      19.044456     1.372342    0.328871
 6
       4
     2     2     2     2
     0     1     1     1
 1.710E+00 1.625E+00 1.625E+00 1.625E+00
 0.000E+00 0.000E+00 0.000E+00 0.000E+00
 0.000E+00 0.000E+00 0.000E+00 0.000E+00
 0.000E+00 0.000E+00 0.000E+00 0.000E+00
      21.753728     1.321782    0.202577
 6
       4
     2     2     2     2
     0     1     1     1
 1.710E+00 1.625E+00 1.625E+00 1.625E+00
 0.000E+00 0.000E+00 0.000E+00 0.000E+00
 0.000E+00 0.000E+00 0.000E+00 0.000E+00
 0.000E+00 0.000E+00 0.000E+00 0.000E+00
      23.173005     -0.567233    1.445852
 6
       4
     2     2     2     2
     0     1     1     1
 1.710E+00 1.625E+00 1.625E+00 1.625E+00
 0.000E+00 0.000E+00 0.000E+00 0.000E+00
 0.000E+00 0.000E+00 0.000E+00 0.000E+00
 0.000E+00 0.000E+00 0.000E+00 0.000E+00
      23.276445     3.066005    -1.101805
 6
       4
     2     2     2     2
     0     1     1     1
 1.710E+00 1.625E+00 1.625E+00 1.625E+00
 0.000E+00 0.000E+00 0.000E+00 0.000E+00
 0.000E+00 0.000E+00 0.000E+00 0.000E+00
 0.000E+00 0.000E+00 0.000E+00 0.000E+00
      25.975333     2.728558    -1.273883
 6
       4
     2     2     2     2
     0     1     1     1
 1.710E+00 1.625E+00 1.625E+00 1.625E+00
 0.000E+00 0.000E+00 0.000E+00 0.000E+00
 0.000E+00 0.000E+00 0.000E+00 0.000E+00
 0.000E+00 0.000E+00 0.000E+00 0.000E+00
      25.909555     -0.786727    1.440489
 6
       4
     2     2     2     2
     0     1     1     1
 1.710E+00 1.625E+00 1.625E+00 1.625E+00
 0.000E+00 0.000E+00 0.000E+00 0.000E+00
 0.000E+00 0.000E+00 0.000E+00 0.000E+00
 0.000E+00 0.000E+00 0.000E+00 0.000E+00
      27.371009     0.828728    -0.005253
 6
       4
     2     2     2     2
     0     1     1     1
 1.710E+00 1.625E+00 1.625E+00 1.625E+00
 0.000E+00 0.000E+00 0.000E+00 0.000E+00
 0.000E+00 0.000E+00 0.000E+00 0.000E+00
 0.000E+00 0.000E+00 0.000E+00 0.000E+00
      30.165632     0.445129    -0.242681
 6
       4
     2     2     2     2
     0     1     1     1
 1.710E+00 1.625E+00 1.625E+00 1.625E+00
 0.000E+00 0.000E+00 0.000E+00 0.000E+00
 0.000E+00 0.000E+00 0.000E+00 0.000E+00
 0.000E+00 0.000E+00 0.000E+00 0.000E+00
      32.323599     0.189985    -0.099383
 6
       4
     2     2     2     2
     0     1     1     1
 1.710E+00 1.625E+00 1.625E+00 1.625E+00
 0.000E+00 0.000E+00 0.000E+00 0.000E+00
 0.000E+00 0.000E+00 0.000E+00 0.000E+00
 0.000E+00 0.000E+00 0.000E+00 0.000E+00
      35.068556     -0.042517    -0.084023
 6
       4
     2     2     2     2
     0     1     1     1
 1.710E+00 1.625E+00 1.625E+00 1.625E+00
 0.000E+00 0.000E+00 0.000E+00 0.000E+00
 0.000E+00 0.000E+00 0.000E+00 0.000E+00
 0.000E+00 0.000E+00 0.000E+00 0.000E+00
      36.502822     -2.334305    0.575293
 6
       4
     2     2     2     2
     0     1     1     1
 1.710E+00 1.625E+00 1.625E+00 1.625E+00
 0.000E+00 0.000E+00 0.000E+00 0.000E+00
 0.000E+00 0.000E+00 0.000E+00 0.000E+00
 0.000E+00 0.000E+00 0.000E+00 0.000E+00
      36.591985     1.971322    -0.665206
 6
       4
     2     2     2     2
     0     1     1     1
 1.710E+00 1.625E+00 1.625E+00 1.625E+00
 0.000E+00 0.000E+00 0.000E+00 0.000E+00
 0.000E+00 0.000E+00 0.000E+00 0.000E+00
 0.000E+00 0.000E+00 0.000E+00 0.000E+00
      39.254358     1.891451    -0.668621
 6
       4
     2     2     2     2
     0     1     1     1
 1.710E+00 1.625E+00 1.625E+00 1.625E+00
 0.000E+00 0.000E+00 0.000E+00 0.000E+00
 0.000E+00 0.000E+00 0.000E+00 0.000E+00
 0.000E+00 0.000E+00 0.000E+00 0.000E+00
      39.146721     -2.432935    0.704390
 6
       4
     2     2     2     2
     0     1     1     1
 1.710E+00 1.625E+00 1.625E+00 1.625E+00
 0.000E+00 0.000E+00 0.000E+00 0.000E+00
 0.000E+00 0.000E+00 0.000E+00 0.000E+00
 0.000E+00 0.000E+00 0.000E+00 0.000E+00
      40.641137     -0.229335    -0.070222
 6
       4
     2     2     2     2
     0     1     1     1
 1.710E+00 1.625E+00 1.625E+00 1.625E+00
 0.000E+00 0.000E+00 0.000E+00 0.000E+00
 0.000E+00 0.000E+00 0.000E+00 0.000E+00
 0.000E+00 0.000E+00 0.000E+00 0.000E+00
      43.315267     -0.356442    -0.178250
 6
       4
     2     2     2     2
     0     1     1     1
 1.710E+00 1.625E+00 1.625E+00 1.625E+00
 0.000E+00 0.000E+00 0.000E+00 0.000E+00
 0.000E+00 0.000E+00 0.000E+00 0.000E+00
 0.000E+00 0.000E+00 0.000E+00 0.000E+00
      45.560080     -0.524255    -0.245336
 6
       4
     2     2     2     2
     0     1     1     1
 1.710E+00 1.625E+00 1.625E+00 1.625E+00
 0.000E+00 0.000E+00 0.000E+00 0.000E+00
 0.000E+00 0.000E+00 0.000E+00 0.000E+00
 0.000E+00 0.000E+00 0.000E+00 0.000E+00
      48.256126     -0.634198    -0.310138
 6
       4
     2     2     2     2
     0     1     1     1
 1.710E+00 1.625E+00 1.625E+00 1.625E+00
 0.000E+00 0.000E+00 0.000E+00 0.000E+00
 0.000E+00 0.000E+00 0.000E+00 0.000E+00
 0.000E+00 0.000E+00 0.000E+00 0.000E+00
      49.672111     -2.447261    0.862191
 6
       4
     2     2     2     2
     0     1     1     1
 1.710E+00 1.625E+00 1.625E+00 1.625E+00
 0.000E+00 0.000E+00 0.000E+00 0.000E+00
 0.000E+00 0.000E+00 0.000E+00 0.000E+00
 0.000E+00 0.000E+00 0.000E+00 0.000E+00
      49.579938     1.512943    -1.494560
 6
       4
     2     2     2     2
     0     1     1     1
 1.710E+00 1.625E+00 1.625E+00 1.625E+00
 0.000E+00 0.000E+00 0.000E+00 0.000E+00
 0.000E+00 0.000E+00 0.000E+00 0.000E+00
 0.000E+00 0.000E+00 0.000E+00 0.000E+00
      52.140237     1.827626    -1.349514
 6
       4
     2     2     2     2
     0     1     1     1
 1.710E+00 1.625E+00 1.625E+00 1.625E+00
 0.000E+00 0.000E+00 0.000E+00 0.000E+00
 0.000E+00 0.000E+00 0.000E+00 0.000E+00
 0.000E+00 0.000E+00 0.000E+00 0.000E+00
      52.406325     -2.197411    0.643973
 6
       4
     2     2     2     2
     0     1     1     1
 1.710E+00 1.625E+00 1.625E+00 1.625E+00
 0.000E+00 0.000E+00 0.000E+00 0.000E+00
 0.000E+00 0.000E+00 0.000E+00 0.000E+00
 0.000E+00 0.000E+00 0.000E+00 0.000E+00
      53.700440     -0.122566    -0.177702
 6
       4
     2     2     2     2
     0     1     1     1
 1.710E+00 1.625E+00 1.625E+00 1.625E+00
 0.000E+00 0.000E+00 0.000E+00 0.000E+00
 0.000E+00 0.000E+00 0.000E+00 0.000E+00
 0.000E+00 0.000E+00 0.000E+00 0.000E+00
      56.408553     0.162165    -0.088008
 1
       1
     1
     0
 1.300E+00
 0.000E+00
 0.000E+00
 0.000E+00
      -4.465458     2.288891    1.070178
 1
       1
     1
     0
 1.300E+00
 0.000E+00
 0.000E+00
 0.000E+00
      -0.213327     3.218326    1.113778
 1
       1
     1
     0
 1.300E+00
 0.000E+00
 0.000E+00
 0.000E+00
      -6.292691     -2.120970    -0.737898
 1
       1
     1
     0
 1.300E+00
 0.000E+00
 0.000E+00
 0.000E+00
      -2.907245     -5.701009    -1.671330
 1
       1
     1
     0
 1.300E+00
 0.000E+00
 0.000E+00
 0.000E+00
      1.682004     -4.695497    -1.151076
 1
       1
     1
     0
 1.300E+00
 0.000E+00
 0.000E+00
 0.000E+00
      8.518123     4.181640    -0.966606
 1
       1
     1
     0
 1.300E+00
 0.000E+00
 0.000E+00
 0.000E+00
      9.444841     -3.775618    1.000411
 1
       1
     1
     0
 1.300E+00
 0.000E+00
 0.000E+00
 0.000E+00
      13.183985     4.923381    -0.579424
 1
       1
     1
     0
 1.300E+00
 0.000E+00
 0.000E+00
 0.000E+00
      14.164061     -3.286063    1.168208
 1
       1
     1
     0
 1.300E+00
 0.000E+00
 0.000E+00
 0.000E+00
      22.408991     4.725120    -2.185279
 1
       1
     1
     0
 1.300E+00
 0.000E+00
 0.000E+00
 0.000E+00
      27.153675     4.136051    -2.564568
 1
       1
     1
     0
 1.300E+00
 0.000E+00
 0.000E+00
 0.000E+00
      21.979605     -2.079400    2.504361
 1
       1
     1
     0
 1.300E+00
 0.000E+00
 0.000E+00
 0.000E+00
      26.819231     -2.357622    2.653081
 1
       1
     1
     0
 1.300E+00
 0.000E+00
 0.000E+00
 0.000E+00
      35.608712     3.844602    -1.314473
 1
       1
     1
     0
 1.300E+00
 0.000E+00
 0.000E+00
 0.000E+00
      35.352678     -4.129034    0.975917
 1
       1
     1
     0
 1.300E+00
 0.000E+00
 0.000E+00
 0.000E+00
      40.281575     3.685089    -1.239632
 1
       1
     1
     0
 1.300E+00
 0.000E+00
 0.000E+00
 0.000E+00
      40.104772     -4.268432    1.243952
 1
       1
     1
     0
 1.300E+00
 0.000E+00
 0.000E+00
 0.000E+00
      48.446903     3.092586    -2.365550
 1
       1
     1
     0
 1.300E+00
 0.000E+00
 0.000E+00
 0.000E+00
      48.853215     -4.160517    1.828164
 1
       1
     1
     0
 1.300E+00
 0.000E+00
 0.000E+00
 0.000E+00
      53.048798     3.653300    -1.965580
 1
       1
     1
     0
 1.300E+00
 0.000E+00
 0.000E+00
 0.000E+00
      53.604459     -3.909410    1.334143
 1
       1
     1
     0
 1.300E+00
 0.000E+00
 0.000E+00
 0.000E+00
      61.917129     4.344822    -1.345086
 1
       1
     1
     0
 1.300E+00
 0.000E+00
 0.000E+00
 0.000E+00
      61.961150     -3.662138    1.280346
 6
       4
     2     2     2     2
     0     1     1     1
 1.710E+00 1.625E+00 1.625E+00 1.625E+00
 0.000E+00 0.000E+00 0.000E+00 0.000E+00
 0.000E+00 0.000E+00 0.000E+00 0.000E+00
 0.000E+00 0.000E+00 0.000E+00 0.000E+00
      69.734670     0.393054    -0.294004
 1
       1
     1
     0
 1.300E+00
 0.000E+00
 0.000E+00
 0.000E+00
      66.487399     4.387388    -1.627500
 1
       1
     1
     0
 1.300E+00
 0.000E+00
 0.000E+00
 0.000E+00
      66.626731     -3.497686    1.238662
 6
       4
     2     2     2     2
     0     1     1     1
 1.710E+00 1.625E+00 1.625E+00 1.625E+00
 0.000E+00 0.000E+00 0.000E+00 0.000E+00
 0.000E+00 0.000E+00 0.000E+00 0.000E+00
 0.000E+00 0.000E+00 0.000E+00 0.000E+00
      58.596040     0.122679    -0.143171
 6
       4
     2     2     2     2
     0     1     1     1
 1.710E+00 1.625E+00 1.625E+00 1.625E+00
 0.000E+00 0.000E+00 0.000E+00 0.000E+00
 0.000E+00 0.000E+00 0.000E+00 0.000E+00
 0.000E+00 0.000E+00 0.000E+00 0.000E+00
      61.359947     0.384650    -0.226769
 6
       4
     2     2     2     2
     0     1     1     1
 1.710E+00 1.625E+00 1.625E+00 1.625E+00
 0.000E+00 0.000E+00 0.000E+00 0.000E+00
 0.000E+00 0.000E+00 0.000E+00 0.000E+00
 0.000E+00 0.000E+00 0.000E+00 0.000E+00
      63.009931     -1.831649    0.498462
 6
       4
     2     2     2     2
     0     1     1     1
 1.710E+00 1.625E+00 1.625E+00 1.625E+00
 0.000E+00 0.000E+00 0.000E+00 0.000E+00
 0.000E+00 0.000E+00 0.000E+00 0.000E+00
 0.000E+00 0.000E+00 0.000E+00 0.000E+00
      62.761625     2.458651    -0.773951
 6
       4
     2     2     2     2
     0     1     1     1
 1.710E+00 1.625E+00 1.625E+00 1.625E+00
 0.000E+00 0.000E+00 0.000E+00 0.000E+00
 0.000E+00 0.000E+00 0.000E+00 0.000E+00
 0.000E+00 0.000E+00 0.000E+00 0.000E+00
      65.559523     2.523472    -0.886157
 6
       4
     2     2     2     2
     0     1     1     1
 1.710E+00 1.625E+00 1.625E+00 1.625E+00
 0.000E+00 0.000E+00 0.000E+00 0.000E+00
 0.000E+00 0.000E+00 0.000E+00 0.000E+00
 0.000E+00 0.000E+00 0.000E+00 0.000E+00
      65.587583     -1.753036    0.451310
 6
       4
     2     2     2     2
     0     1     1     1
 1.710E+00 1.625E+00 1.625E+00 1.625E+00
 0.000E+00 0.000E+00 0.000E+00 0.000E+00
 0.000E+00 0.000E+00 0.000E+00 0.000E+00
 0.000E+00 0.000E+00 0.000E+00 0.000E+00
      66.977947     0.530287    -0.248117
 6
       4
     2     2     2     2
     0     1     1     1
 1.710E+00 1.625E+00 1.625E+00 1.625E+00
 0.000E+00 0.000E+00 0.000E+00 0.000E+00
 0.000E+00 0.000E+00 0.000E+00 0.000E+00
 0.000E+00 0.000E+00 0.000E+00 0.000E+00
      80.181569     -0.158125    0.648348
 6
       4
     2     2     2     2
     0     1     1     1
 1.710E+00 1.625E+00 1.625E+00 1.625E+00
 0.000E+00 0.000E+00 0.000E+00 0.000E+00
 0.000E+00 0.000E+00 0.000E+00 0.000E+00
 0.000E+00 0.000E+00 0.000E+00 0.000E+00
      78.864700     2.145676    0.128086
 6
       4
     2     2     2     2
     0     1     1     1
 1.710E+00 1.625E+00 1.625E+00 1.625E+00
 0.000E+00 0.000E+00 0.000E+00 0.000E+00
 0.000E+00 0.000E+00 0.000E+00 0.000E+00
 0.000E+00 0.000E+00 0.000E+00 0.000E+00
      78.666989     -2.314895    0.941911
 6
       4
     2     2     2     2
     0     1     1     1
 1.710E+00 1.625E+00 1.625E+00 1.625E+00
 0.000E+00 0.000E+00 0.000E+00 0.000E+00
 0.000E+00 0.000E+00 0.000E+00 0.000E+00
 0.000E+00 0.000E+00 0.000E+00 0.000E+00
      76.269793     2.238802    -0.015879
 6
       4
     2     2     2     2
     0     1     1     1
 1.710E+00 1.625E+00 1.625E+00 1.625E+00
 0.000E+00 0.000E+00 0.000E+00 0.000E+00
 0.000E+00 0.000E+00 0.000E+00 0.000E+00
 0.000E+00 0.000E+00 0.000E+00 0.000E+00
      74.744428     0.034344    0.276786
 6
       4
     2     2     2     2
     0     1     1     1
 1.710E+00 1.625E+00 1.625E+00 1.625E+00
 0.000E+00 0.000E+00 0.000E+00 0.000E+00
 0.000E+00 0.000E+00 0.000E+00 0.000E+00
 0.000E+00 0.000E+00 0.000E+00 0.000E+00
      75.977452     -2.234954    0.768487
 6
       4
     2     2     2     2
     0     1     1     1
 1.710E+00 1.625E+00 1.625E+00 1.625E+00
 0.000E+00 0.000E+00 0.000E+00 0.000E+00
 0.000E+00 0.000E+00 0.000E+00 0.000E+00
 0.000E+00 0.000E+00 0.000E+00 0.000E+00
      82.913965     -0.172487    0.684459
 6
       4
     2     2     2     2
     0     1     1     1
 1.710E+00 1.625E+00 1.625E+00 1.625E+00
 0.000E+00 0.000E+00 0.000E+00 0.000E+00
 0.000E+00 0.000E+00 0.000E+00 0.000E+00
 0.000E+00 0.000E+00 0.000E+00 0.000E+00
      85.096124     -0.092941    0.378368
 6
       4
     2     2     2     2
     0     1     1     1
 1.710E+00 1.625E+00 1.625E+00 1.625E+00
 0.000E+00 0.000E+00 0.000E+00 0.000E+00
 0.000E+00 0.000E+00 0.000E+00 0.000E+00
 0.000E+00 0.000E+00 0.000E+00 0.000E+00
      87.779497     0.050068    -0.045922
 6
       4
     2     2     2     2
     0     1     1     1
 1.710E+00 1.625E+00 1.625E+00 1.625E+00
 0.000E+00 0.000E+00 0.000E+00 0.000E+00
 0.000E+00 0.000E+00 0.000E+00 0.000E+00
 0.000E+00 0.000E+00 0.000E+00 0.000E+00
      89.006927     2.274370    -0.714288
 6
       4
     2     2     2     2
     0     1     1     1
 1.710E+00 1.625E+00 1.625E+00 1.625E+00
 0.000E+00 0.000E+00 0.000E+00 0.000E+00
 0.000E+00 0.000E+00 0.000E+00 0.000E+00
 0.000E+00 0.000E+00 0.000E+00 0.000E+00
      89.279917     -2.084986    0.595419
 6
       4
     2     2     2     2
     0     1     1     1
 1.710E+00 1.625E+00 1.625E+00 1.625E+00
 0.000E+00 0.000E+00 0.000E+00 0.000E+00
 0.000E+00 0.000E+00 0.000E+00 0.000E+00
 0.000E+00 0.000E+00 0.000E+00 0.000E+00
      91.725162     2.301416    -0.849352
 6
       4
     2     2     2     2
     0     1     1     1
 1.710E+00 1.625E+00 1.625E+00 1.625E+00
 0.000E+00 0.000E+00 0.000E+00 0.000E+00
 0.000E+00 0.000E+00 0.000E+00 0.000E+00
 0.000E+00 0.000E+00 0.000E+00 0.000E+00
      91.955794     -2.002076    0.629951
 6
       4
     2     2     2     2
     0     1     1     1
 1.710E+00 1.625E+00 1.625E+00 1.625E+00
 0.000E+00 0.000E+00 0.000E+00 0.000E+00
 0.000E+00 0.000E+00 0.000E+00 0.000E+00
 0.000E+00 0.000E+00 0.000E+00 0.000E+00
      93.238353     0.200067    -0.106261
 6
       4
     2     2     2     2
     0     1     1     1
 1.710E+00 1.625E+00 1.625E+00 1.625E+00
 0.000E+00 0.000E+00 0.000E+00 0.000E+00
 0.000E+00 0.000E+00 0.000E+00 0.000E+00
 0.000E+00 0.000E+00 0.000E+00 0.000E+00
      96.029487     0.318642    -0.195477
 6
       4
     2     2     2     2
     0     1     1     1
 1.710E+00 1.625E+00 1.625E+00 1.625E+00
 0.000E+00 0.000E+00 0.000E+00 0.000E+00
 0.000E+00 0.000E+00 0.000E+00 0.000E+00
 0.000E+00 0.000E+00 0.000E+00 0.000E+00
      98.267070     0.385975    -0.331532
 6
       4
     2     2     2     2
     0     1     1     1
 1.710E+00 1.625E+00 1.625E+00 1.625E+00
 0.000E+00 0.000E+00 0.000E+00 0.000E+00
 0.000E+00 0.000E+00 0.000E+00 0.000E+00
 0.000E+00 0.000E+00 0.000E+00 0.000E+00
      101.026144     0.478074    -0.140416
 6
       4
     2     2     2     2
     0     1     1     1
 1.710E+00 1.625E+00 1.625E+00 1.625E+00
 0.000E+00 0.000E+00 0.000E+00 0.000E+00
 0.000E+00 0.000E+00 0.000E+00 0.000E+00
 0.000E+00 0.000E+00 0.000E+00 0.000E+00
      102.462292     -1.507933    0.770211
 6
       4
     2     2     2     2
     0     1     1     1
 1.710E+00 1.625E+00 1.625E+00 1.625E+00
 0.000E+00 0.000E+00 0.000E+00 0.000E+00
 0.000E+00 0.000E+00 0.000E+00 0.000E+00
 0.000E+00 0.000E+00 0.000E+00 0.000E+00
      102.395887     2.829199    -0.777836
 6
       4
     2     2     2     2
     0     1     1     1
 1.710E+00 1.625E+00 1.625E+00 1.625E+00
 0.000E+00 0.000E+00 0.000E+00 0.000E+00
 0.000E+00 0.000E+00 0.000E+00 0.000E+00
 0.000E+00 0.000E+00 0.000E+00 0.000E+00
      104.950659     3.093264    -0.342199
 6
       4
     2     2     2     2
     0     1     1     1
 1.710E+00 1.625E+00 1.625E+00 1.625E+00
 0.000E+00 0.000E+00 0.000E+00 0.000E+00
 0.000E+00 0.000E+00 0.000E+00 0.000E+00
 0.000E+00 0.000E+00 0.000E+00 0.000E+00
      105.141478     -1.260631    0.966714
 6
       4
     2     2     2     2
     0     1     1     1
 1.710E+00 1.625E+00 1.625E+00 1.625E+00
 0.000E+00 0.000E+00 0.000E+00 0.000E+00
 0.000E+00 0.000E+00 0.000E+00 0.000E+00
 0.000E+00 0.000E+00 0.000E+00 0.000E+00
      106.444803     0.866647    0.328928
 6
       4
     2     2     2     2
     0     1     1     1
 1.710E+00 1.625E+00 1.625E+00 1.625E+00
 0.000E+00 0.000E+00 0.000E+00 0.000E+00
 0.000E+00 0.000E+00 0.000E+00 0.000E+00
 0.000E+00 0.000E+00 0.000E+00 0.000E+00
      109.209648     1.089875    0.214403
 6
       4
     2     2     2     2
     0     1     1     1
 1.710E+00 1.625E+00 1.625E+00 1.625E+00
 0.000E+00 0.000E+00 0.000E+00 0.000E+00
 0.000E+00 0.000E+00 0.000E+00 0.000E+00
 0.000E+00 0.000E+00 0.000E+00 0.000E+00
      111.423071     1.001079    0.119427
 6
       4
     2     2     2     2
     0     1     1     1
 1.710E+00 1.625E+00 1.625E+00 1.625E+00
 0.000E+00 0.000E+00 0.000E+00 0.000E+00
 0.000E+00 0.000E+00 0.000E+00 0.000E+00
 0.000E+00 0.000E+00 0.000E+00 0.000E+00
      114.255553     0.774071    -0.096871
 6
       4
     2     2     2     2
     0     1     1     1
 1.710E+00 1.625E+00 1.625E+00 1.625E+00
 0.000E+00 0.000E+00 0.000E+00 0.000E+00
 0.000E+00 0.000E+00 0.000E+00 0.000E+00
 0.000E+00 0.000E+00 0.000E+00 0.000E+00
      115.563804     -1.510407    -0.779261
 6
       4
     2     2     2     2
     0     1     1     1
 1.710E+00 1.625E+00 1.625E+00 1.625E+00
 0.000E+00 0.000E+00 0.000E+00 0.000E+00
 0.000E+00 0.000E+00 0.000E+00 0.000E+00
 0.000E+00 0.000E+00 0.000E+00 0.000E+00
      115.860603     2.847794    0.360237
 6
       4
     2     2     2     2
     0     1     1     1
 1.710E+00 1.625E+00 1.625E+00 1.625E+00
 0.000E+00 0.000E+00 0.000E+00 0.000E+00
 0.000E+00 0.000E+00 0.000E+00 0.000E+00
 0.000E+00 0.000E+00 0.000E+00 0.000E+00
      118.498441     2.649258    0.483534
 6
       4
     2     2     2     2
     0     1     1     1
 1.710E+00 1.625E+00 1.625E+00 1.625E+00
 0.000E+00 0.000E+00 0.000E+00 0.000E+00
 0.000E+00 0.000E+00 0.000E+00 0.000E+00
 0.000E+00 0.000E+00 0.000E+00 0.000E+00
      118.142041     -1.750107    -0.619847
 6
       4
     2     2     2     2
     0     1     1     1
 1.710E+00 1.625E+00 1.625E+00 1.625E+00
 0.000E+00 0.000E+00 0.000E+00 0.000E+00
 0.000E+00 0.000E+00 0.000E+00 0.000E+00
 0.000E+00 0.000E+00 0.000E+00 0.000E+00
      119.783014     0.375114    0.071333
 6
       4
     2     2     2     2
     0     1     1     1
 1.710E+00 1.625E+00 1.625E+00 1.625E+00
 0.000E+00 0.000E+00 0.000E+00 0.000E+00
 0.000E+00 0.000E+00 0.000E+00 0.000E+00
 0.000E+00 0.000E+00 0.000E+00 0.000E+00
      122.466559     0.178039    0.031328
 6
       4
     2     2     2     2
     0     1     1     1
 1.710E+00 1.625E+00 1.625E+00 1.625E+00
 0.000E+00 0.000E+00 0.000E+00 0.000E+00
 0.000E+00 0.000E+00 0.000E+00 0.000E+00
 0.000E+00 0.000E+00 0.000E+00 0.000E+00
      124.640627     0.174957    -0.118446
 6
       4
     2     2     2     2
     0     1     1     1
 1.710E+00 1.625E+00 1.625E+00 1.625E+00
 0.000E+00 0.000E+00 0.000E+00 0.000E+00
 0.000E+00 0.000E+00 0.000E+00 0.000E+00
 0.000E+00 0.000E+00 0.000E+00 0.000E+00
      127.382880     0.053007    -0.117658
 6
       4
     2     2     2     2
     0     1     1     1
 1.710E+00 1.625E+00 1.625E+00 1.625E+00
 0.000E+00 0.000E+00 0.000E+00 0.000E+00
 0.000E+00 0.000E+00 0.000E+00 0.000E+00
 0.000E+00 0.000E+00 0.000E+00 0.000E+00
      128.670114     -2.225715    -0.845197
 6
       4
     2     2     2     2
     0     1     1     1
 1.710E+00 1.625E+00 1.625E+00 1.625E+00
 0.000E+00 0.000E+00 0.000E+00 0.000E+00
 0.000E+00 0.000E+00 0.000E+00 0.000E+00
 0.000E+00 0.000E+00 0.000E+00 0.000E+00
      128.969895     2.077997    0.673347
 6
       4
     2     2     2     2
     0     1     1     1
 1.710E+00 1.625E+00 1.625E+00 1.625E+00
 0.000E+00 0.000E+00 0.000E+00 0.000E+00
 0.000E+00 0.000E+00 0.000E+00 0.000E+00
 0.000E+00 0.000E+00 0.000E+00 0.000E+00
      131.629374     1.789032    0.867401
 6
       4
     2     2     2     2
     0     1     1     1
 1.710E+00 1.625E+00 1.625E+00 1.625E+00
 0.000E+00 0.000E+00 0.000E+00 0.000E+00
 0.000E+00 0.000E+00 0.000E+00 0.000E+00
 0.000E+00 0.000E+00 0.000E+00 0.000E+00
      131.260456     -2.467663    -0.736521
 6
       4
     2     2     2     2
     0     1     1     1
 1.710E+00 1.625E+00 1.625E+00 1.625E+00
 0.000E+00 0.000E+00 0.000E+00 0.000E+00
 0.000E+00 0.000E+00 0.000E+00 0.000E+00
 0.000E+00 0.000E+00 0.000E+00 0.000E+00
      132.754294     -0.464789    0.125790
 6
       4
     2     2     2     2
     0     1     1     1
 1.710E+00 1.625E+00 1.625E+00 1.625E+00
 0.000E+00 0.000E+00 0.000E+00 0.000E+00
 0.000E+00 0.000E+00 0.000E+00 0.000E+00
 0.000E+00 0.000E+00 0.000E+00 0.000E+00
      135.398909     -0.789514    0.256887
 1
       1
     1
     0
 1.300E+00
 0.000E+00
 0.000E+00
 0.000E+00
      75.276169     4.205680    -0.439015
 1
       1
     1
     0
 1.300E+00
 0.000E+00
 0.000E+00
 0.000E+00
      80.160517     3.822668    -0.212146
 6
       4
     2     2     2     2
     0     1     1     1
 1.710E+00 1.625E+00 1.625E+00 1.625E+00
 0.000E+00 0.000E+00 0.000E+00 0.000E+00
 0.000E+00 0.000E+00 0.000E+00 0.000E+00
 0.000E+00 0.000E+00 0.000E+00 0.000E+00
      72.013682     0.235496    -0.005684
 1
       1
     1
     0
 1.300E+00
 0.000E+00
 0.000E+00
 0.000E+00
      74.857349     -4.102049    1.093426
 1
       1
     1
     0
 1.300E+00
 0.000E+00
 0.000E+00
 0.000E+00
      79.432041     -4.205838    1.456831
 1
       1
     1
     0
 1.300E+00
 0.000E+00
 0.000E+00
 0.000E+00
      87.844523     4.084134    -1.387654
 1
       1
     1
     0
 1.300E+00
 0.000E+00
 0.000E+00
 0.000E+00
      88.194997     -3.929353    0.968976
 1
       1
     1
     0
 1.300E+00
 0.000E+00
 0.000E+00
 0.000E+00
      92.780688     4.058980    -1.648485
 1
       1
     1
     0
 1.300E+00
 0.000E+00
 0.000E+00
 0.000E+00
      93.033096     -3.826674    1.209202
 1
       1
     1
     0
 1.300E+00
 0.000E+00
 0.000E+00
 0.000E+00
      101.108047     4.488672    -1.526152
 1
       1
     1
     0
 1.300E+00
 0.000E+00
 0.000E+00
 0.000E+00
      105.820067     5.015010    -0.679632
 1
       1
     1
     0
 1.300E+00
 0.000E+00
 0.000E+00
 0.000E+00
      101.544706     -3.374996    1.258147
 1
       1
     1
     0
 1.300E+00
 0.000E+00
 0.000E+00
 0.000E+00
      106.209143     -3.002463    1.621300
 1
       1
     1
     0
 1.300E+00
 0.000E+00
 0.000E+00
 0.000E+00
      115.025710     4.817174    0.816144
 1
       1
     1
     0
 1.300E+00
 0.000E+00
 0.000E+00
 0.000E+00
      114.307853     -3.158297    -1.176041
 1
       1
     1
     0
 1.300E+00
 0.000E+00
 0.000E+00
 0.000E+00
      119.566212     4.509160    1.016620
 1
       1
     1
     0
 1.300E+00
 0.000E+00
 0.000E+00
 0.000E+00
      119.098372     -3.610106    -0.886926
 1
       1
     1
     0
 1.300E+00
 0.000E+00
 0.000E+00
 0.000E+00
      127.847894     3.862137    1.362551
 1
       1
     1
     0
 1.300E+00
 0.000E+00
 0.000E+00
 0.000E+00
      127.351106     -3.869970    -1.580767
 1
       1
     1
     0
 1.300E+00
 0.000E+00
 0.000E+00
 0.000E+00
      132.798731     3.447996    1.749450
 1
       1
     1
     0
 1.300E+00
 0.000E+00
 0.000E+00
 0.000E+00
      132.080574     -4.355437    -1.366820
 1
       1
     1
     0
 1.300E+00
 0.000E+00
 0.000E+00
 0.000E+00
      140.800560     1.689143    3.388500
 1
       1
     1
     0
 1.300E+00
 0.000E+00
 0.000E+00
 0.000E+00
      140.534997     -4.655780    -2.074721
 1
       1
     1
     0
 1.300E+00
 0.000E+00
 0.000E+00
 0.000E+00
      148.213519     -1.394126    0.015358
 1
       1
     1
     0
 1.300E+00
 0.000E+00
 0.000E+00
 0.000E+00
      145.427894     1.810227    2.977428
 1
       1
     1
     0
 1.300E+00
 0.000E+00
 0.000E+00
 0.000E+00
      145.568875     -4.621068    -2.326328
 6
       4
     2     2     2     2
     0     1     1     1
 1.710E+00 1.625E+00 1.625E+00 1.625E+00
 0.000E+00 0.000E+00 0.000E+00 0.000E+00
 0.000E+00 0.000E+00 0.000E+00 0.000E+00
 0.000E+00 0.000E+00 0.000E+00 0.000E+00
      137.645354     -1.102982    0.331974
 6
       4
     2     2     2     2
     0     1     1     1
 1.710E+00 1.625E+00 1.625E+00 1.625E+00
 0.000E+00 0.000E+00 0.000E+00 0.000E+00
 0.000E+00 0.000E+00 0.000E+00 0.000E+00
 0.000E+00 0.000E+00 0.000E+00 0.000E+00
      140.353147     -1.216800    0.401417
 6
       4
     2     2     2     2
     0     1     1     1
 1.710E+00 1.625E+00 1.625E+00 1.625E+00
 0.000E+00 0.000E+00 0.000E+00 0.000E+00
 0.000E+00 0.000E+00 0.000E+00 0.000E+00
 0.000E+00 0.000E+00 0.000E+00 0.000E+00
      141.800565     -3.118243    -1.071322
 6
       4
     2     2     2     2
     0     1     1     1
 1.710E+00 1.625E+00 1.625E+00 1.625E+00
 0.000E+00 0.000E+00 0.000E+00 0.000E+00
 0.000E+00 0.000E+00 0.000E+00 0.000E+00
 0.000E+00 0.000E+00 0.000E+00 0.000E+00
      141.679379     0.370796    1.826522
 6
       4
     2     2     2     2
     0     1     1     1
 1.710E+00 1.625E+00 1.625E+00 1.625E+00
 0.000E+00 0.000E+00 0.000E+00 0.000E+00
 0.000E+00 0.000E+00 0.000E+00 0.000E+00
 0.000E+00 0.000E+00 0.000E+00 0.000E+00
      144.385348     0.468932    1.686609
 6
       4
     2     2     2     2
     0     1     1     1
 1.710E+00 1.625E+00 1.625E+00 1.625E+00
 0.000E+00 0.000E+00 0.000E+00 0.000E+00
 0.000E+00 0.000E+00 0.000E+00 0.000E+00
 0.000E+00 0.000E+00 0.000E+00 0.000E+00
      144.312986     -3.060483    -1.229059
 6
       4
     2     2     2     2
     0     1     1     1
 1.710E+00 1.625E+00 1.625E+00 1.625E+00
 0.000E+00 0.000E+00 0.000E+00 0.000E+00
 0.000E+00 0.000E+00 0.000E+00 0.000E+00
 0.000E+00 0.000E+00 0.000E+00 0.000E+00
      145.782057     -1.258181    0.260521
# LCAO coefficients .. are not included.
         1
        1        -0.000233784661583   k=         1
        2        -0.000493422066413   k=         1
        3        0.000877764748667   k=         1
        4        -0.009223217717805   k=         1
        5        -0.000395525893885   k=         1
        6        -0.001810453558187   k=         1
        7        0.003556931018529   k=         1
        8        -0.009322356212462   k=         1
        9        0.000884533735661   k=         1
        10        0.001280962490896   k=         1
        11        0.004835068650658   k=         1
        12        -0.008696658644038   k=         1
        13        0.000092357323490   k=         1
        14        0.000553318977770   k=         1
        15        -0.001400699330282   k=         1
        16        0.003757198168753   k=         1
        17        0.000063515642723   k=         1
        18        -0.001138188502191   k=         1
        19        -0.004286740701320   k=         1
        20        0.012096122121535   k=         1
        21        -0.000343895006982   k=         1
        22        -0.000621122955353   k=         1
        23        -0.001530045968760   k=         1
        24        0.003133308154542   k=         1
        25        0.000488239608243   k=         1
        26        0.000547606973721   k=         1
        27        0.003906138069132   k=         1
        28        0.017558771813028   k=         1
        29        -0.000432742507602   k=         1
        30        0.000073700579104   k=         1
        31        0.000941124155732   k=         1
        32        0.012224027790341   k=         1
        33        0.000102050968900   k=         1
        34        0.001595244299575   k=         1
        35        -0.004767635839869   k=         1
        36        -0.018346675441175   k=         1
        37        0.000209891277090   k=         1
        38        0.001108164157738   k=         1
        39        -0.002838506764625   k=         1
        40        -0.012062423923173   k=         1
        41        -0.000333201222693   k=         1
        42        0.001479603589290   k=         1
        43        -0.003161141399827   k=         1
        44        -0.011716268115232   k=         1
        45        -0.000080490483970   k=         1
        46        -0.001180033452026   k=         1
        47        0.001933073912529   k=         1
        48        0.011002434168430   k=         1
        49        -0.000030754033486   k=         1
        50        -0.000879887933705   k=         1
        51        0.001552863610716   k=         1
        52        0.009832413231225   k=         1
        53        0.000134444231956   k=         1
        54        -0.001724241250871   k=         1
        55        0.005022385447748   k=         1
        56        0.019637671041209   k=         1
        57        0.000003328741361   k=         1
        58        0.000407115045263   k=         1
        59        -0.002452902232190   k=         1
        60        -0.008475207524869   k=         1
        61        -0.000157896237169   k=         1
        62        -0.000887024521577   k=         1
        63        -0.004297244508026   k=         1
        64        -0.015876128773732   k=         1
        65        -0.000068697211309   k=         1
        66        0.000441898717311   k=         1
        67        0.001590920546808   k=         1
        68        0.004080388821629   k=         1
        69        0.000286239446769   k=         1
        70        -0.001125013937888   k=         1
        71        0.006302454212749   k=         1
        72        0.007372457893956   k=         1
        73        -0.000309851536917   k=         1
        74        0.001522840056971   k=         1
        75        0.005010720458518   k=         1
        76        0.005656060976061   k=         1
        77        -0.000143389750426   k=         1
        78        -0.000551942705914   k=         1
        79        0.000057594681547   k=         1
        80        -0.000736467345797   k=         1
        81        0.000189420443516   k=         1
        82        0.001391222066536   k=         1
        83        0.001157820497433   k=         1
        84        0.000246218493950   k=         1
        85        -0.000121853026956   k=         1
        86        -0.001799042350039   k=         1
        87        -0.005523599049397   k=         1
        88        -0.005773244944750   k=         1
        89        0.000261558666029   k=         1
        90        0.000168593065185   k=         1
        91        -0.001012611422657   k=         1
        92        -0.007652364569878   k=         1
        93        -0.000080946954948   k=         1
        94        -0.000001204459944   k=         1
        95        0.002749019640305   k=         1
        96        0.000513969111240   k=         1
        97        -0.000066826798906   k=         1
        98        0.000256078416436   k=         1
        99        0.003619003781308   k=         1
        100        0.014069946521051   k=         1
        101        0.000011308219113   k=         1
        102        -0.001221964599575   k=         1
        103        0.001360388184071   k=         1
        104        0.003450638543443   k=         1
        105        -0.000100353989397   k=         1
        106        0.000213387780468   k=         1
        107        0.001318708350021   k=         1
        108        0.003236653434571   k=         1
        109        -0.000408385414615   k=         1
        110        -0.000805302827297   k=         1
        111        -0.003111967623831   k=         1
        112        -0.013429349436049   k=         1
        113        0.000266008905077   k=         1
        114        0.001716205414989   k=         1
        115        -0.001772557643563   k=         1
        116        -0.010057430181424   k=         1
        117        0.000060964611474   k=         1
        118        -0.001161562827665   k=         1
        119        -0.004216184744180   k=         1
        120        -0.009216024243822   k=         1
        121        -0.000078981191583   k=         1
        122        0.001994788153025   k=         1
        123        0.010445619314357   k=         1
        124        0.015910378595552   k=         1
        125        -0.000056541326067   k=         1
        126        0.000426371429776   k=         1
        127        0.006660471092127   k=         1
        128        0.011731898995786   k=         1
        129        0.000477220269363   k=         1
        130        0.000126242434631   k=         1
        131        -0.012581874306423   k=         1
        132        -0.018424936613926   k=         1
        133        -0.000581442291725   k=         1
        134        -0.001129342941508   k=         1
        135        -0.007127851733313   k=         1
        136        -0.012175430935350   k=         1
        137        0.000281422006712   k=         1
        138        0.001496221997926   k=         1
        139        -0.005514816515651   k=         1
        140        -0.010895093598094   k=         1
        141        -0.000074028855607   k=         1
        142        -0.002173570414550   k=         1
        143        0.004387677850986   k=         1
        144        0.009938406044264   k=         1
        145        -0.000168476434115   k=         1
        146        0.001120455635395   k=         1
        147        0.007181737646499   k=         1
        148        0.017532486880541   k=         1
        149        0.000386272922469   k=         1
        150        -0.002720879384960   k=         1
        151        0.009073105394796   k=         1
        152        0.019470918125849   k=         1
        153        -0.000872476634764   k=         1
        154        0.000960798099752   k=         1
        155        -0.005582809821923   k=         1
        156        -0.018779312847995   k=         1
        157        -0.000661970363030   k=         1
        158        0.000449531663076   k=         1
        159        0.000095537759394   k=         1
        160        0.000685031050001   k=         1
        161        -0.000309254581618   k=         1
        162        0.000184126423568   k=         1
        163        -0.000243921250529   k=         1
        164        -0.000178103097013   k=         1
        165        -0.000013364108610   k=         1
        166        0.000083588677922   k=         1
        167        0.000065754825711   k=         1
        168        0.000265756303009   k=         1
        169        0.000310514893462   k=         1
        170        -0.000190233114205   k=         1
        171        0.000553191780861   k=         1
        172        0.000404263036739   k=         1
        173        0.000112318031049   k=         1
        174        0.000077914956745   k=         1
        175        -0.000523779303370   k=         1
        176        -0.000122829045784   k=         1
        177        0.000729993428102   k=         1
        178        0.000666161966060   k=         1
        179        -0.000933555655290   k=         1
        180        -0.000819710920190   k=         1
        181        -0.000596595175069   k=         1
        182        0.004154240375888   k=         1
        183        0.022001749331446   k=         1
        184        -0.000460980579525   k=         1
        185        0.000816163433705   k=         1
        186        0.000624030813278   k=         1
        187        -0.000829321968222   k=         1
        188        -0.007016667264734   k=         1
        189        -0.017976988188070   k=         1
        190        -0.000507268028623   k=         1
        191        0.000453112806712   k=         1
        192        0.005873169680581   k=         1
        193        0.023115132595012   k=         1
        194        -0.000169846082742   k=         1
        195        0.000048410423573   k=         1
        196        0.004903961145772   k=         1
        197        0.011716333444766   k=         1
        198        0.000284235195163   k=         1
        199        -0.000182340650984   k=         1
        200        0.005020805639561   k=         1
        201        0.017266746660373   k=         1
        202        0.000159607216165   k=         1
        203        0.000062361801692   k=         1
        204        -0.007720159234328   k=         1
        205        -0.018714781855014   k=         1
        206        -0.000126696457727   k=         1
        207        -0.000190335448063   k=         1
        208        -0.005099781568729   k=         1
        209        -0.009949092845211   k=         1
        210        -0.000495750520632   k=         1
        211        -0.000839071639058   k=         1
        212        -0.005466272723998   k=         1
        213        -0.022194954157007   k=         1
        214        -0.000009617335125   k=         1
        215        -0.002308012542234   k=         1
        216        0.004069824345126   k=         1
        217        0.024070810984101   k=         1
        218        -0.000166062688861   k=         1
        219        0.000148406002571   k=         1
        220        0.002677712591188   k=         1
        221        0.011044154693682   k=         1
        222        -0.000282079790154   k=         1
        223        -0.000057155554422   k=         1
        224        0.002983683509993   k=         1
        225        0.013084608333694   k=         1
        226        -0.000063196006993   k=         1
        227        0.000082947306864   k=         1
        228        -0.003087627332916   k=         1
        229        -0.015187026450855   k=         1
        230        -0.000222873613494   k=         1
        231        0.003066051930369   k=         1
        232        -0.003691966302568   k=         1
        233        -0.021436445665165   k=         1
        234        0.000185880954068   k=         1
        235        0.000072587155077   k=         1
        236        -0.003026795939953   k=         1
        237        -0.017530889553624   k=         1
        238        -0.000442834882494   k=         1
        239        0.000425741728555   k=         1
        240        -0.001747470351487   k=         1
        241        -0.010689978213249   k=         1
        242        -0.000179665306160   k=         1
        243        -0.004563664926639   k=         1
        244        -0.003230214472584   k=         1
        245        -0.017692671845217   k=         1
        246        -0.000375165612421   k=         1
        247        0.002221694232310   k=         1
        248        0.001447193979734   k=         1
        249        0.006175470585561   k=         1
        250        0.000267230613148   k=         1
        251        -0.000340018408585   k=         1
        252        0.003003947120725   k=         1
        253        0.009613203971107   k=         1
        254        0.000466442776823   k=         1
        255        -0.001860881524989   k=         1
        256        0.003721905528229   k=         1
        257        0.010435505290871   k=         1
        258        -0.000194643434711   k=         1
        259        0.000732786697841   k=         1
        260        -0.000568960877112   k=         1
        261        -0.001171445505639   k=         1
        262        -0.000330743888798   k=         1
        263        0.001114921114343   k=         1
        264        0.000101765303719   k=         1
        265        0.000359523086139   k=         1
        266        0.000045808019296   k=         1
        267        -0.000385849733613   k=         1
        268        -0.003736292860122   k=         1
        269        -0.010383786990667   k=         1
        270        -0.000371099092586   k=         1
        271        0.000053574252083   k=         1
        272        -0.002533644250357   k=         1
        273        -0.006401622634109   k=         1
        274        -0.000160916793947   k=         1
        275        -0.000161955332071   k=         1
        276        0.001344096015887   k=         1
        277        0.003928828055807   k=         1
        278        -0.000079039172096   k=         1
        279        -0.001431266552929   k=         1
        280        0.004838664102514   k=         1
        281        0.013584093982663   k=         1
        282        0.000235850190442   k=         1
        283        0.000133520451864   k=         1
        284        0.000993541498571   k=         1
        285        0.002004401595822   k=         1
        286        -0.000468228841132   k=         1
        287        -0.001491485177262   k=         1
        288        0.000891521414774   k=         1
        289        0.002005720483019   k=         1
        290        0.000964212560980   k=         1
        291        0.004625441414375   k=         1
        292        -0.004890894359721   k=         1
        293        -0.008467738433816   k=         1
        294        -0.001074238385020   k=         1
        295        -0.000253776962450   k=         1
        296        -0.007009731515412   k=         1
        297        -0.013329717856819   k=         1
        298        0.000444462039173   k=         1
        299        0.000009555289883   k=         1
        300        0.000116021088143   k=         1
        301        -0.009385490964645   k=         1
        302        -0.001163099912082   k=         1
        303        0.001663726838255   k=         1
        304        -0.006608007406088   k=         1
        305        0.025750788547183   k=         1
        306        0.001355612444728   k=         1
        307        0.002624124386071   k=         1
        308        -0.002350284878309   k=         1
        309        0.013922259633087   k=         1
        310        -0.000892261808921   k=         1
        311        -0.003603631102012   k=         1
        312        0.011410551422152   k=         1
        313        -0.040480032128567   k=         1
        314        0.000696004951221   k=         1
        315        0.002556556657381   k=         1
        316        0.003289265253014   k=         1
        317        -0.015050826654721   k=         1
        318        0.000536922470449   k=         1
        319        0.003022177107329   k=         1
        320        0.004459086844440   k=         1
        321        -0.020130356252102   k=         1
        322        -0.000277538040798   k=         1
        323        -0.005208219549756   k=         1
        324        -0.005151872269173   k=         1
        325        0.029340461160264   k=         1
        326        -0.000067722978371   k=         1
        327        -0.005091293630362   k=         1
        328        -0.006272616068373   k=         1
        329        0.027776000655650   k=         1
        330        0.000728472103178   k=         1
        331        -0.000484548621887   k=         1
        332        -0.009591521971968   k=         1
        333        0.035058063661126   k=         1
        334        -0.000186253718267   k=         1
        335        -0.003022293990014   k=         1
        336        0.010811455643641   k=         1
        337        -0.035653316023565   k=         1
        338        0.000429859021010   k=         1
        339        -0.002172609939042   k=         1
        340        0.009441396795061   k=         1
        341        -0.033200953887821   k=         1
        342        0.000230839714900   k=         1
        343        -0.000552970889290   k=         1
        344        -0.013234256861641   k=         1
        345        0.043426436816203   k=         1
        346        -0.000026920969641   k=         1
        347        -0.002157837952955   k=         1
        348        -0.010523432657343   k=         1
        349        0.026669490692761   k=         1
        350        -0.000518523790836   k=         1
        351        -0.004289789806754   k=         1
        352        -0.012538596190487   k=         1
        353        0.027830357214976   k=         1
        354        0.000199989849818   k=         1
        355        0.005020012378666   k=         1
        356        0.010304845806939   k=         1
        357        -0.025772594554687   k=         1
        358        -0.000203572841881   k=         1
        359        0.002152729642814   k=         1
        360        0.008574676934753   k=         1
        361        -0.023317987622515   k=         1
        362        -0.000035052706821   k=         1
        363        0.003330712615389   k=         1
        364        0.015188183593432   k=         1
        365        -0.041431152439876   k=         1
        366        -0.000196929742215   k=         1
        367        -0.002187696249116   k=         1
        368        -0.013277808985018   k=         1
        369        0.025538165243691   k=         1
        370        0.000087622491032   k=         1
        371        0.000542001814063   k=         1
        372        0.000176086667967   k=         1
        373        -0.003487877903891   k=         1
        374        0.005306966715207   k=         1
        375        0.021755444524771   k=         1
        376        0.000553666499901   k=         1
        377        0.000217971641563   k=         1
        378        0.000457899893993   k=         1
        379        0.000349401449880   k=         1
        380        0.000297137986074   k=         1
        381        0.000522686987432   k=         1
        382        0.001364129120877   k=         1
        383        -0.000244235538729   k=         1
        384        -0.000876595329521   k=         1
        385        0.001038995676145   k=         1
        386        -0.002367394632180   k=         1
        387        -0.001174850998504   k=         1
        388        -0.000215416937858   k=         1
        389        -0.000905578509794   k=         1
        390        0.000031545695151   k=         1
        391        0.001054036167098   k=         1
        392        0.001192322845975   k=         1
        393        -0.000259665398363   k=         1
        394        0.002276587907196   k=         1
        395        -0.000480366533630   k=         1
        396        -0.001358164964381   k=         1
        397        -0.001089933701746   k=         1
        398        0.002675166295298   k=         1
        399        -0.000427356812776   k=         1
        400        -0.004280312416774   k=         1
        401        -0.015304872118168   k=         1
        402        0.037271341214160   k=         1
        403        0.000191142340460   k=         1
        404        0.002294199744376   k=         1
        405        0.011714220372333   k=         1
        406        -0.019190770159447   k=         1
        407        0.001481842176455   k=         1
        408        -0.004837510198352   k=         1
        409        0.015668495136215   k=         1
        410        -0.013783183721378   k=         1
        411        -0.000642984022386   k=         1
        412        -0.001695841790520   k=         1
        413        0.021456352829295   k=         1
        414        -0.017593653256552   k=         1
        415        -0.000530212402591   k=         1
        416        0.001411918197936   k=         1
        417        -0.007608009264747   k=         1
        418        0.007366789761563   k=         1
        419        -0.000893120198215   k=         1
        420        0.001484517232657   k=         1
        421        -0.004353147338508   k=         1
        422        0.004864907486545   k=         1
        423        0.000872441462266   k=         1
        424        0.000174050635619   k=         1
        425        -0.019006650162058   k=         1
        426        0.025061448843493   k=         1
