# file_format= v0.04.05
       144       426
    188.97268778      0.00000000      0.00000000    0
      0.00000000    188.97268778      0.00000000    0
      0.00000000      0.00000000    188.97268778    0
 6
       4
     2     2     2     2
     0     1     1     1
 1.710E+00 1.625E+00 1.625E+00 1.625E+00
 0.000E+00 0.000E+00 0.000E+00 0.000E+00
 0.000E+00 0.000E+00 0.000E+00 0.000E+00
 0.000E+00 0.000E+00 0.000E+00 0.000E+00
      1.136922     -0.839583    -0.074278
 6
       4
     2     2     2     2
     0     1     1     1
 1.710E+00 1.625E+00 1.625E+00 1.625E+00
 0.000E+00 0.000E+00 0.000E+00 0.000E+00
 0.000E+00 0.000E+00 0.000E+00 0.000E+00
 0.000E+00 0.000E+00 0.000E+00 0.000E+00
      -0.605156     1.002052    0.608928
 6
       4
     2     2     2     2
     0     1     1     1
 1.710E+00 1.625E+00 1.625E+00 1.625E+00
 0.000E+00 0.000E+00 0.000E+00 0.000E+00
 0.000E+00 0.000E+00 0.000E+00 0.000E+00
 0.000E+00 0.000E+00 0.000E+00 0.000E+00
      0.458340     -3.329002    -0.678602
 6
       4
     2     2     2     2
     0     1     1     1
 1.710E+00 1.625E+00 1.625E+00 1.625E+00
 0.000E+00 0.000E+00 0.000E+00 0.000E+00
 0.000E+00 0.000E+00 0.000E+00 0.000E+00
 0.000E+00 0.000E+00 0.000E+00 0.000E+00
      -3.180207     0.527360    0.290776
 6
       4
     2     2     2     2
     0     1     1     1
 1.710E+00 1.625E+00 1.625E+00 1.625E+00
 0.000E+00 0.000E+00 0.000E+00 0.000E+00
 0.000E+00 0.000E+00 0.000E+00 0.000E+00
 0.000E+00 0.000E+00 0.000E+00 0.000E+00
      -3.886246     -1.992852    -0.412845
 6
       4
     2     2     2     2
     0     1     1     1
 1.710E+00 1.625E+00 1.625E+00 1.625E+00
 0.000E+00 0.000E+00 0.000E+00 0.000E+00
 0.000E+00 0.000E+00 0.000E+00 0.000E+00
 0.000E+00 0.000E+00 0.000E+00 0.000E+00
      -2.155176     -3.856324    -0.882952
 6
       4
     2     2     2     2
     0     1     1     1
 1.710E+00 1.625E+00 1.625E+00 1.625E+00
 0.000E+00 0.000E+00 0.000E+00 0.000E+00
 0.000E+00 0.000E+00 0.000E+00 0.000E+00
 0.000E+00 0.000E+00 0.000E+00 0.000E+00
      3.996672     -0.399896    -0.056059
 6
       4
     2     2     2     2
     0     1     1     1
 1.710E+00 1.625E+00 1.625E+00 1.625E+00
 0.000E+00 0.000E+00 0.000E+00 0.000E+00
 0.000E+00 0.000E+00 0.000E+00 0.000E+00
 0.000E+00 0.000E+00 0.000E+00 0.000E+00
      6.236134     -0.422012    -0.169023
 6
       4
     2     2     2     2
     0     1     1     1
 1.710E+00 1.625E+00 1.625E+00 1.625E+00
 0.000E+00 0.000E+00 0.000E+00 0.000E+00
 0.000E+00 0.000E+00 0.000E+00 0.000E+00
 0.000E+00 0.000E+00 0.000E+00 0.000E+00
      8.957498     0.031052    -0.083377
 6
       4
     2     2     2     2
     0     1     1     1
 1.710E+00 1.625E+00 1.625E+00 1.625E+00
 0.000E+00 0.000E+00 0.000E+00 0.000E+00
 0.000E+00 0.000E+00 0.000E+00 0.000E+00
 0.000E+00 0.000E+00 0.000E+00 0.000E+00
      10.021425     2.537681    -0.277487
 6
       4
     2     2     2     2
     0     1     1     1
 1.710E+00 1.625E+00 1.625E+00 1.625E+00
 0.000E+00 0.000E+00 0.000E+00 0.000E+00
 0.000E+00 0.000E+00 0.000E+00 0.000E+00
 0.000E+00 0.000E+00 0.000E+00 0.000E+00
      10.580767     -1.999908    0.490545
 6
       4
     2     2     2     2
     0     1     1     1
 1.710E+00 1.625E+00 1.625E+00 1.625E+00
 0.000E+00 0.000E+00 0.000E+00 0.000E+00
 0.000E+00 0.000E+00 0.000E+00 0.000E+00
 0.000E+00 0.000E+00 0.000E+00 0.000E+00
      12.560349     2.934161    -0.103941
 6
       4
     2     2     2     2
     0     1     1     1
 1.710E+00 1.625E+00 1.625E+00 1.625E+00
 0.000E+00 0.000E+00 0.000E+00 0.000E+00
 0.000E+00 0.000E+00 0.000E+00 0.000E+00
 0.000E+00 0.000E+00 0.000E+00 0.000E+00
      13.135455     -1.613153    0.744907
 6
       4
     2     2     2     2
     0     1     1     1
 1.710E+00 1.625E+00 1.625E+00 1.625E+00
 0.000E+00 0.000E+00 0.000E+00 0.000E+00
 0.000E+00 0.000E+00 0.000E+00 0.000E+00
 0.000E+00 0.000E+00 0.000E+00 0.000E+00
      14.286629     0.816946    0.318527
 6
       4
     2     2     2     2
     0     1     1     1
 1.710E+00 1.625E+00 1.625E+00 1.625E+00
 0.000E+00 0.000E+00 0.000E+00 0.000E+00
 0.000E+00 0.000E+00 0.000E+00 0.000E+00
 0.000E+00 0.000E+00 0.000E+00 0.000E+00
      16.993329     0.962870    0.212362
 6
       4
     2     2     2     2
     0     1     1     1
 1.710E+00 1.625E+00 1.625E+00 1.625E+00
 0.000E+00 0.000E+00 0.000E+00 0.000E+00
 0.000E+00 0.000E+00 0.000E+00 0.000E+00
 0.000E+00 0.000E+00 0.000E+00 0.000E+00
      19.212506     1.228532    0.167793
 6
       4
     2     2     2     2
     0     1     1     1
 1.710E+00 1.625E+00 1.625E+00 1.625E+00
 0.000E+00 0.000E+00 0.000E+00 0.000E+00
 0.000E+00 0.000E+00 0.000E+00 0.000E+00
 0.000E+00 0.000E+00 0.000E+00 0.000E+00
      21.957242     1.267997    0.293786
 6
       4
     2     2     2     2
     0     1     1     1
 1.710E+00 1.625E+00 1.625E+00 1.625E+00
 0.000E+00 0.000E+00 0.000E+00 0.000E+00
 0.000E+00 0.000E+00 0.000E+00 0.000E+00
 0.000E+00 0.000E+00 0.000E+00 0.000E+00
      23.163573     -0.705327    1.646137
 6
       4
     2     2     2     2
     0     1     1     1
 1.710E+00 1.625E+00 1.625E+00 1.625E+00
 0.000E+00 0.000E+00 0.000E+00 0.000E+00
 0.000E+00 0.000E+00 0.000E+00 0.000E+00
 0.000E+00 0.000E+00 0.000E+00 0.000E+00
      23.388687     3.135097    -0.935577
 6
       4
     2     2     2     2
     0     1     1     1
 1.710E+00 1.625E+00 1.625E+00 1.625E+00
 0.000E+00 0.000E+00 0.000E+00 0.000E+00
 0.000E+00 0.000E+00 0.000E+00 0.000E+00
 0.000E+00 0.000E+00 0.000E+00 0.000E+00
      26.080628     2.944683    -1.208725
 6
       4
     2     2     2     2
     0     1     1     1
 1.710E+00 1.625E+00 1.625E+00 1.625E+00
 0.000E+00 0.000E+00 0.000E+00 0.000E+00
 0.000E+00 0.000E+00 0.000E+00 0.000E+00
 0.000E+00 0.000E+00 0.000E+00 0.000E+00
      25.832343     -0.935874    1.365958
 6
       4
     2     2     2     2
     0     1     1     1
 1.710E+00 1.625E+00 1.625E+00 1.625E+00
 0.000E+00 0.000E+00 0.000E+00 0.000E+00
 0.000E+00 0.000E+00 0.000E+00 0.000E+00
 0.000E+00 0.000E+00 0.000E+00 0.000E+00
      27.199926     0.870153    -0.074472
 6
       4
     2     2     2     2
     0     1     1     1
 1.710E+00 1.625E+00 1.625E+00 1.625E+00
 0.000E+00 0.000E+00 0.000E+00 0.000E+00
 0.000E+00 0.000E+00 0.000E+00 0.000E+00
 0.000E+00 0.000E+00 0.000E+00 0.000E+00
      30.057806     0.524106    -0.126793
 6
       4
     2     2     2     2
     0     1     1     1
 1.710E+00 1.625E+00 1.625E+00 1.625E+00
 0.000E+00 0.000E+00 0.000E+00 0.000E+00
 0.000E+00 0.000E+00 0.000E+00 0.000E+00
 0.000E+00 0.000E+00 0.000E+00 0.000E+00
      32.225964     0.203372    -0.198896
 6
       4
     2     2     2     2
     0     1     1     1
 1.710E+00 1.625E+00 1.625E+00 1.625E+00
 0.000E+00 0.000E+00 0.000E+00 0.000E+00
 0.000E+00 0.000E+00 0.000E+00 0.000E+00
 0.000E+00 0.000E+00 0.000E+00 0.000E+00
      35.147318     0.018680    -0.217517
 6
       4
     2     2     2     2
     0     1     1     1
 1.710E+00 1.625E+00 1.625E+00 1.625E+00
 0.000E+00 0.000E+00 0.000E+00 0.000E+00
 0.000E+00 0.000E+00 0.000E+00 0.000E+00
 0.000E+00 0.000E+00 0.000E+00 0.000E+00
      36.195445     -2.243356    0.497094
 6
       4
     2     2     2     2
     0     1     1     1
 1.710E+00 1.625E+00 1.625E+00 1.625E+00
 0.000E+00 0.000E+00 0.000E+00 0.000E+00
 0.000E+00 0.000E+00 0.000E+00 0.000E+00
 0.000E+00 0.000E+00 0.000E+00 0.000E+00
      36.788855     2.073071    -0.962464
 6
       4
     2     2     2     2
     0     1     1     1
 1.710E+00 1.625E+00 1.625E+00 1.625E+00
 0.000E+00 0.000E+00 0.000E+00 0.000E+00
 0.000E+00 0.000E+00 0.000E+00 0.000E+00
 0.000E+00 0.000E+00 0.000E+00 0.000E+00
      39.350853     1.857408    -0.990982
 6
       4
     2     2     2     2
     0     1     1     1
 1.710E+00 1.625E+00 1.625E+00 1.625E+00
 0.000E+00 0.000E+00 0.000E+00 0.000E+00
 0.000E+00 0.000E+00 0.000E+00 0.000E+00
 0.000E+00 0.000E+00 0.000E+00 0.000E+00
      39.000747     -2.548900    0.551464
 6
       4
     2     2     2     2
     0     1     1     1
 1.710E+00 1.625E+00 1.625E+00 1.625E+00
 0.000E+00 0.000E+00 0.000E+00 0.000E+00
 0.000E+00 0.000E+00 0.000E+00 0.000E+00
 0.000E+00 0.000E+00 0.000E+00 0.000E+00
      40.473454     -0.477294    -0.105454
 6
       4
     2     2     2     2
     0     1     1     1
 1.710E+00 1.625E+00 1.625E+00 1.625E+00
 0.000E+00 0.000E+00 0.000E+00 0.000E+00
 0.000E+00 0.000E+00 0.000E+00 0.000E+00
 0.000E+00 0.000E+00 0.000E+00 0.000E+00
      43.276997     -0.649807    0.071715
 6
       4
     2     2     2     2
     0     1     1     1
 1.710E+00 1.625E+00 1.625E+00 1.625E+00
 0.000E+00 0.000E+00 0.000E+00 0.000E+00
 0.000E+00 0.000E+00 0.000E+00 0.000E+00
 0.000E+00 0.000E+00 0.000E+00 0.000E+00
      45.508606     -0.461651    -0.062257
 6
       4
     2     2     2     2
     0     1     1     1
 1.710E+00 1.625E+00 1.625E+00 1.625E+00
 0.000E+00 0.000E+00 0.000E+00 0.000E+00
 0.000E+00 0.000E+00 0.000E+00 0.000E+00
 0.000E+00 0.000E+00 0.000E+00 0.000E+00
      48.353587     -0.343641    -0.341627
 6
       4
     2     2     2     2
     0     1     1     1
 1.710E+00 1.625E+00 1.625E+00 1.625E+00
 0.000E+00 0.000E+00 0.000E+00 0.000E+00
 0.000E+00 0.000E+00 0.000E+00 0.000E+00
 0.000E+00 0.000E+00 0.000E+00 0.000E+00
      49.837316     -2.446734    0.662933
 6
       4
     2     2     2     2
     0     1     1     1
 1.710E+00 1.625E+00 1.625E+00 1.625E+00
 0.000E+00 0.000E+00 0.000E+00 0.000E+00
 0.000E+00 0.000E+00 0.000E+00 0.000E+00
 0.000E+00 0.000E+00 0.000E+00 0.000E+00
      49.513298     1.729254    -1.582183
 6
       4
     2     2     2     2
     0     1     1     1
 1.710E+00 1.625E+00 1.625E+00 1.625E+00
 0.000E+00 0.000E+00 0.000E+00 0.000E+00
 0.000E+00 0.000E+00 0.000E+00 0.000E+00
 0.000E+00 0.000E+00 0.000E+00 0.000E+00
      52.330901     1.668904    -1.585556
 6
       4
     2     2     2     2
     0     1     1     1
 1.710E+00 1.625E+00 1.625E+00 1.625E+00
 0.000E+00 0.000E+00 0.000E+00 0.000E+00
 0.000E+00 0.000E+00 0.000E+00 0.000E+00
 0.000E+00 0.000E+00 0.000E+00 0.000E+00
      52.502654     -2.396259    0.674572
 6
       4
     2     2     2     2
     0     1     1     1
 1.710E+00 1.625E+00 1.625E+00 1.625E+00
 0.000E+00 0.000E+00 0.000E+00 0.000E+00
 0.000E+00 0.000E+00 0.000E+00 0.000E+00
 0.000E+00 0.000E+00 0.000E+00 0.000E+00
      53.781932     -0.257573    -0.435792
 6
       4
     2     2     2     2
     0     1     1     1
 1.710E+00 1.625E+00 1.625E+00 1.625E+00
 0.000E+00 0.000E+00 0.000E+00 0.000E+00
 0.000E+00 0.000E+00 0.000E+00 0.000E+00
 0.000E+00 0.000E+00 0.000E+00 0.000E+00
      56.625700     -0.105313    -0.416361
 1
       1
     1
     0
 1.300E+00
 0.000E+00
 0.000E+00
 0.000E+00
      -4.488133     2.087567    0.638487
 1
       1
     1
     0
 1.300E+00
 0.000E+00
 0.000E+00
 0.000E+00
      -0.377839     3.006380    1.151565
 1
       1
     1
     0
 1.300E+00
 0.000E+00
 0.000E+00
 0.000E+00
      -5.852090     -1.963212    -0.728127
 1
       1
     1
     0
 1.300E+00
 0.000E+00
 0.000E+00
 0.000E+00
      -2.733009     -5.828047    -1.566830
 1
       1
     1
     0
 1.300E+00
 0.000E+00
 0.000E+00
 0.000E+00
      1.805799     -4.765324    -1.037099
 1
       1
     1
     0
 1.300E+00
 0.000E+00
 0.000E+00
 0.000E+00
      8.637199     3.936781    -0.537321
 1
       1
     1
     0
 1.300E+00
 0.000E+00
 0.000E+00
 0.000E+00
      9.793584     -3.965267    0.742245
 1
       1
     1
     0
 1.300E+00
 0.000E+00
 0.000E+00
 0.000E+00
      13.487876     4.780383    -0.095543
 1
       1
     1
     0
 1.300E+00
 0.000E+00
 0.000E+00
 0.000E+00
      14.462460     -3.233998    1.090880
 1
       1
     1
     0
 1.300E+00
 0.000E+00
 0.000E+00
 0.000E+00
      22.337058     4.690685    -1.783916
 1
       1
     1
     0
 1.300E+00
 0.000E+00
 0.000E+00
 0.000E+00
      27.348309     4.336356    -2.315852
 1
       1
     1
     0
 1.300E+00
 0.000E+00
 0.000E+00
 0.000E+00
      21.943356     -2.105476    2.659217
 1
       1
     1
     0
 1.300E+00
 0.000E+00
 0.000E+00
 0.000E+00
      26.959256     -2.405326    2.378362
 1
       1
     1
     0
 1.300E+00
 0.000E+00
 0.000E+00
 0.000E+00
      35.761768     3.896369    -1.572433
 1
       1
     1
     0
 1.300E+00
 0.000E+00
 0.000E+00
 0.000E+00
      35.085102     -3.935328    0.995838
 1
       1
     1
     0
 1.300E+00
 0.000E+00
 0.000E+00
 0.000E+00
      40.625082     3.305184    -1.506705
 1
       1
     1
     0
 1.300E+00
 0.000E+00
 0.000E+00
 0.000E+00
      39.670027     -4.318498    1.243734
 1
       1
     1
     0
 1.300E+00
 0.000E+00
 0.000E+00
 0.000E+00
      48.594995     3.280096    -2.462232
 1
       1
     1
     0
 1.300E+00
 0.000E+00
 0.000E+00
 0.000E+00
      48.795777     -4.061747    1.234996
 1
       1
     1
     0
 1.300E+00
 0.000E+00
 0.000E+00
 0.000E+00
      53.036405     3.257742    -2.332073
 1
       1
     1
     0
 1.300E+00
 0.000E+00
 0.000E+00
 0.000E+00
      53.588026     -4.081232    1.375411
 1
       1
     1
     0
 1.300E+00
 0.000E+00
 0.000E+00
 0.000E+00
      61.839510     4.324279    -1.409392
 1
       1
     1
     0
 1.300E+00
 0.000E+00
 0.000E+00
 0.000E+00
      62.278216     -3.619787    1.136383
 6
       4
     2     2     2     2
     0     1     1     1
 1.710E+00 1.625E+00 1.625E+00 1.625E+00
 0.000E+00 0.000E+00 0.000E+00 0.000E+00
 0.000E+00 0.000E+00 0.000E+00 0.000E+00
 0.000E+00 0.000E+00 0.000E+00 0.000E+00
      69.793783     0.555445    -0.247632
 1
       1
     1
     0
 1.300E+00
 0.000E+00
 0.000E+00
 0.000E+00
      66.591971     4.629598    -1.700512
 1
       1
     1
     0
 1.300E+00
 0.000E+00
 0.000E+00
 0.000E+00
      66.787006     -3.344121    1.148952
 6
       4
     2     2     2     2
     0     1     1     1
 1.710E+00 1.625E+00 1.625E+00 1.625E+00
 0.000E+00 0.000E+00 0.000E+00 0.000E+00
 0.000E+00 0.000E+00 0.000E+00 0.000E+00
 0.000E+00 0.000E+00 0.000E+00 0.000E+00
      58.763016     0.232869    -0.258180
 6
       4
     2     2     2     2
     0     1     1     1
 1.710E+00 1.625E+00 1.625E+00 1.625E+00
 0.000E+00 0.000E+00 0.000E+00 0.000E+00
 0.000E+00 0.000E+00 0.000E+00 0.000E+00
 0.000E+00 0.000E+00 0.000E+00 0.000E+00
      61.617417     0.398802    -0.177228
 6
       4
     2     2     2     2
     0     1     1     1
 1.710E+00 1.625E+00 1.625E+00 1.625E+00
 0.000E+00 0.000E+00 0.000E+00 0.000E+00
 0.000E+00 0.000E+00 0.000E+00 0.000E+00
 0.000E+00 0.000E+00 0.000E+00 0.000E+00
      62.996985     -1.775787    0.542684
 6
       4
     2     2     2     2
     0     1     1     1
 1.710E+00 1.625E+00 1.625E+00 1.625E+00
 0.000E+00 0.000E+00 0.000E+00 0.000E+00
 0.000E+00 0.000E+00 0.000E+00 0.000E+00
 0.000E+00 0.000E+00 0.000E+00 0.000E+00
      62.841371     2.752511    -0.863533
 6
       4
     2     2     2     2
     0     1     1     1
 1.710E+00 1.625E+00 1.625E+00 1.625E+00
 0.000E+00 0.000E+00 0.000E+00 0.000E+00
 0.000E+00 0.000E+00 0.000E+00 0.000E+00
 0.000E+00 0.000E+00 0.000E+00 0.000E+00
      65.501988     2.884211    -0.968698
 6
       4
     2     2     2     2
     0     1     1     1
 1.710E+00 1.625E+00 1.625E+00 1.625E+00
 0.000E+00 0.000E+00 0.000E+00 0.000E+00
 0.000E+00 0.000E+00 0.000E+00 0.000E+00
 0.000E+00 0.000E+00 0.000E+00 0.000E+00
      65.800268     -1.651503    0.400843
 6
       4
     2     2     2     2
     0     1     1     1
 1.710E+00 1.625E+00 1.625E+00 1.625E+00
 0.000E+00 0.000E+00 0.000E+00 0.000E+00
 0.000E+00 0.000E+00 0.000E+00 0.000E+00
 0.000E+00 0.000E+00 0.000E+00 0.000E+00
      66.894348     0.625386    -0.330360
 6
       4
     2     2     2     2
     0     1     1     1
 1.710E+00 1.625E+00 1.625E+00 1.625E+00
 0.000E+00 0.000E+00 0.000E+00 0.000E+00
 0.000E+00 0.000E+00 0.000E+00 0.000E+00
 0.000E+00 0.000E+00 0.000E+00 0.000E+00
      80.090550     -0.036559    0.778295
 6
       4
     2     2     2     2
     0     1     1     1
 1.710E+00 1.625E+00 1.625E+00 1.625E+00
 0.000E+00 0.000E+00 0.000E+00 0.000E+00
 0.000E+00 0.000E+00 0.000E+00 0.000E+00
 0.000E+00 0.000E+00 0.000E+00 0.000E+00
      78.790566     2.248354    0.433021
 6
       4
     2     2     2     2
     0     1     1     1
 1.710E+00 1.625E+00 1.625E+00 1.625E+00
 0.000E+00 0.000E+00 0.000E+00 0.000E+00
 0.000E+00 0.000E+00 0.000E+00 0.000E+00
 0.000E+00 0.000E+00 0.000E+00 0.000E+00
      78.725605     -2.359882    0.981919
 6
       4
     2     2     2     2
     0     1     1     1
 1.710E+00 1.625E+00 1.625E+00 1.625E+00
 0.000E+00 0.000E+00 0.000E+00 0.000E+00
 0.000E+00 0.000E+00 0.000E+00 0.000E+00
 0.000E+00 0.000E+00 0.000E+00 0.000E+00
      76.179411     2.282802    0.119593
 6
       4
     2     2     2     2
     0     1     1     1
 1.710E+00 1.625E+00 1.625E+00 1.625E+00
 0.000E+00 0.000E+00 0.000E+00 0.000E+00
 0.000E+00 0.000E+00 0.000E+00 0.000E+00
 0.000E+00 0.000E+00 0.000E+00 0.000E+00
      74.846840     0.021874    0.271567
 6
       4
     2     2     2     2
     0     1     1     1
 1.710E+00 1.625E+00 1.625E+00 1.625E+00
 0.000E+00 0.000E+00 0.000E+00 0.000E+00
 0.000E+00 0.000E+00 0.000E+00 0.000E+00
 0.000E+00 0.000E+00 0.000E+00 0.000E+00
      76.086988     -2.343347    0.713024
 6
       4
     2     2     2     2
     0     1     1     1
 1.710E+00 1.625E+00 1.625E+00 1.625E+00
 0.000E+00 0.000E+00 0.000E+00 0.000E+00
 0.000E+00 0.000E+00 0.000E+00 0.000E+00
 0.000E+00 0.000E+00 0.000E+00 0.000E+00
      82.910938     -0.112890    0.641091
 6
       4
     2     2     2     2
     0     1     1     1
 1.710E+00 1.625E+00 1.625E+00 1.625E+00
 0.000E+00 0.000E+00 0.000E+00 0.000E+00
 0.000E+00 0.000E+00 0.000E+00 0.000E+00
 0.000E+00 0.000E+00 0.000E+00 0.000E+00
      85.045516     -0.048254    0.227228
 6
       4
     2     2     2     2
     0     1     1     1
 1.710E+00 1.625E+00 1.625E+00 1.625E+00
 0.000E+00 0.000E+00 0.000E+00 0.000E+00
 0.000E+00 0.000E+00 0.000E+00 0.000E+00
 0.000E+00 0.000E+00 0.000E+00 0.000E+00
      87.898014     -0.091132    0.128328
 6
       4
     2     2     2     2
     0     1     1     1
 1.710E+00 1.625E+00 1.625E+00 1.625E+00
 0.000E+00 0.000E+00 0.000E+00 0.000E+00
 0.000E+00 0.000E+00 0.000E+00 0.000E+00
 0.000E+00 0.000E+00 0.000E+00 0.000E+00
      89.168992     2.191302    -0.502231
 6
       4
     2     2     2     2
     0     1     1     1
 1.710E+00 1.625E+00 1.625E+00 1.625E+00
 0.000E+00 0.000E+00 0.000E+00 0.000E+00
 0.000E+00 0.000E+00 0.000E+00 0.000E+00
 0.000E+00 0.000E+00 0.000E+00 0.000E+00
      89.258093     -2.286079    0.758995
 6
       4
     2     2     2     2
     0     1     1     1
 1.710E+00 1.625E+00 1.625E+00 1.625E+00
 0.000E+00 0.000E+00 0.000E+00 0.000E+00
 0.000E+00 0.000E+00 0.000E+00 0.000E+00
 0.000E+00 0.000E+00 0.000E+00 0.000E+00
      91.863377     2.359844    -0.579371
 6
       4
     2     2     2     2
     0     1     1     1
 1.710E+00 1.625E+00 1.625E+00 1.625E+00
 0.000E+00 0.000E+00 0.000E+00 0.000E+00
 0.000E+00 0.000E+00 0.000E+00 0.000E+00
 0.000E+00 0.000E+00 0.000E+00 0.000E+00
      91.972682     -2.134532    0.594496
 6
       4
     2     2     2     2
     0     1     1     1
 1.710E+00 1.625E+00 1.625E+00 1.625E+00
 0.000E+00 0.000E+00 0.000E+00 0.000E+00
 0.000E+00 0.000E+00 0.000E+00 0.000E+00
 0.000E+00 0.000E+00 0.000E+00 0.000E+00
      93.200396     0.127987    -0.016970
 6
       4
     2     2     2     2
     0     1     1     1
 1.710E+00 1.625E+00 1.625E+00 1.625E+00
 0.000E+00 0.000E+00 0.000E+00 0.000E+00
 0.000E+00 0.000E+00 0.000E+00 0.000E+00
 0.000E+00 0.000E+00 0.000E+00 0.000E+00
      95.978735     0.264762    -0.225597
 6
       4
     2     2     2     2
     0     1     1     1
 1.710E+00 1.625E+00 1.625E+00 1.625E+00
 0.000E+00 0.000E+00 0.000E+00 0.000E+00
 0.000E+00 0.000E+00 0.000E+00 0.000E+00
 0.000E+00 0.000E+00 0.000E+00 0.000E+00
      98.181362     0.441215    -0.415643
 6
       4
     2     2     2     2
     0     1     1     1
 1.710E+00 1.625E+00 1.625E+00 1.625E+00
 0.000E+00 0.000E+00 0.000E+00 0.000E+00
 0.000E+00 0.000E+00 0.000E+00 0.000E+00
 0.000E+00 0.000E+00 0.000E+00 0.000E+00
      100.969815     0.819034    -0.164727
 6
       4
     2     2     2     2
     0     1     1     1
 1.710E+00 1.625E+00 1.625E+00 1.625E+00
 0.000E+00 0.000E+00 0.000E+00 0.000E+00
 0.000E+00 0.000E+00 0.000E+00 0.000E+00
 0.000E+00 0.000E+00 0.000E+00 0.000E+00
      102.547428     -1.235798    0.802060
 6
       4
     2     2     2     2
     0     1     1     1
 1.710E+00 1.625E+00 1.625E+00 1.625E+00
 0.000E+00 0.000E+00 0.000E+00 0.000E+00
 0.000E+00 0.000E+00 0.000E+00 0.000E+00
 0.000E+00 0.000E+00 0.000E+00 0.000E+00
      102.037399     3.106623    -0.666421
 6
       4
     2     2     2     2
     0     1     1     1
 1.710E+00 1.625E+00 1.625E+00 1.625E+00
 0.000E+00 0.000E+00 0.000E+00 0.000E+00
 0.000E+00 0.000E+00 0.000E+00 0.000E+00
 0.000E+00 0.000E+00 0.000E+00 0.000E+00
      104.908762     3.404309    -0.409273
 6
       4
     2     2     2     2
     0     1     1     1
 1.710E+00 1.625E+00 1.625E+00 1.625E+00
 0.000E+00 0.000E+00 0.000E+00 0.000E+00
 0.000E+00 0.000E+00 0.000E+00 0.000E+00
 0.000E+00 0.000E+00 0.000E+00 0.000E+00
      105.084168     -0.995982    1.008479
 6
       4
     2     2     2     2
     0     1     1     1
 1.710E+00 1.625E+00 1.625E+00 1.625E+00
 0.000E+00 0.000E+00 0.000E+00 0.000E+00
 0.000E+00 0.000E+00 0.000E+00 0.000E+00
 0.000E+00 0.000E+00 0.000E+00 0.000E+00
      106.365380     1.322991    0.304603
 6
       4
     2     2     2     2
     0     1     1     1
 1.710E+00 1.625E+00 1.625E+00 1.625E+00
 0.000E+00 0.000E+00 0.000E+00 0.000E+00
 0.000E+00 0.000E+00 0.000E+00 0.000E+00
 0.000E+00 0.000E+00 0.000E+00 0.000E+00
      109.235524     1.233638    0.275475
 6
       4
     2     2     2     2
     0     1     1     1
 1.710E+00 1.625E+00 1.625E+00 1.625E+00
 0.000E+00 0.000E+00 0.000E+00 0.000E+00
 0.000E+00 0.000E+00 0.000E+00 0.000E+00
 0.000E+00 0.000E+00 0.000E+00 0.000E+00
      111.386486     0.839592    0.032836
 6
       4
     2     2     2     2
     0     1     1     1
 1.710E+00 1.625E+00 1.625E+00 1.625E+00
 0.000E+00 0.000E+00 0.000E+00 0.000E+00
 0.000E+00 0.000E+00 0.000E+00 0.000E+00
 0.000E+00 0.000E+00 0.000E+00 0.000E+00
      114.213124     0.608475    -0.069413
 6
       4
     2     2     2     2
     0     1     1     1
 1.710E+00 1.625E+00 1.625E+00 1.625E+00
 0.000E+00 0.000E+00 0.000E+00 0.000E+00
 0.000E+00 0.000E+00 0.000E+00 0.000E+00
 0.000E+00 0.000E+00 0.000E+00 0.000E+00
      115.339086     -1.642979    -0.715469
 6
       4
     2     2     2     2
     0     1     1     1
 1.710E+00 1.625E+00 1.625E+00 1.625E+00
 0.000E+00 0.000E+00 0.000E+00 0.000E+00
 0.000E+00 0.000E+00 0.000E+00 0.000E+00
 0.000E+00 0.000E+00 0.000E+00 0.000E+00
      115.658440     2.886700    0.475024
 6
       4
     2     2     2     2
     0     1     1     1
 1.710E+00 1.625E+00 1.625E+00 1.625E+00
 0.000E+00 0.000E+00 0.000E+00 0.000E+00
 0.000E+00 0.000E+00 0.000E+00 0.000E+00
 0.000E+00 0.000E+00 0.000E+00 0.000E+00
      118.212327     2.755158    0.344705
 6
       4
     2     2     2     2
     0     1     1     1
 1.710E+00 1.625E+00 1.625E+00 1.625E+00
 0.000E+00 0.000E+00 0.000E+00 0.000E+00
 0.000E+00 0.000E+00 0.000E+00 0.000E+00
 0.000E+00 0.000E+00 0.000E+00 0.000E+00
      117.994867     -1.811578    -0.880100
 6
       4
     2     2     2     2
     0     1     1     1
 1.710E+00 1.625E+00 1.625E+00 1.625E+00
 0.000E+00 0.000E+00 0.000E+00 0.000E+00
 0.000E+00 0.000E+00 0.000E+00 0.000E+00
 0.000E+00 0.000E+00 0.000E+00 0.000E+00
      119.541545     0.326743    -0.267867
 6
       4
     2     2     2     2
     0     1     1     1
 1.710E+00 1.625E+00 1.625E+00 1.625E+00
 0.000E+00 0.000E+00 0.000E+00 0.000E+00
 0.000E+00 0.000E+00 0.000E+00 0.000E+00
 0.000E+00 0.000E+00 0.000E+00 0.000E+00
      122.340535     0.288359    -0.149056
 6
       4
     2     2     2     2
     0     1     1     1
 1.710E+00 1.625E+00 1.625E+00 1.625E+00
 0.000E+00 0.000E+00 0.000E+00 0.000E+00
 0.000E+00 0.000E+00 0.000E+00 0.000E+00
 0.000E+00 0.000E+00 0.000E+00 0.000E+00
      124.484775     0.454490    -0.190072
 6
       4
     2     2     2     2
     0     1     1     1
 1.710E+00 1.625E+00 1.625E+00 1.625E+00
 0.000E+00 0.000E+00 0.000E+00 0.000E+00
 0.000E+00 0.000E+00 0.000E+00 0.000E+00
 0.000E+00 0.000E+00 0.000E+00 0.000E+00
      127.296493     0.219267    0.000939
 6
       4
     2     2     2     2
     0     1     1     1
 1.710E+00 1.625E+00 1.625E+00 1.625E+00
 0.000E+00 0.000E+00 0.000E+00 0.000E+00
 0.000E+00 0.000E+00 0.000E+00 0.000E+00
 0.000E+00 0.000E+00 0.000E+00 0.000E+00
      128.422843     -2.163859    -0.607530
 6
       4
     2     2     2     2
     0     1     1     1
 1.710E+00 1.625E+00 1.625E+00 1.625E+00
 0.000E+00 0.000E+00 0.000E+00 0.000E+00
 0.000E+00 0.000E+00 0.000E+00 0.000E+00
 0.000E+00 0.000E+00 0.000E+00 0.000E+00
      128.818246     2.216136    0.865999
 6
       4
     2     2     2     2
     0     1     1     1
 1.710E+00 1.625E+00 1.625E+00 1.625E+00
 0.000E+00 0.000E+00 0.000E+00 0.000E+00
 0.000E+00 0.000E+00 0.000E+00 0.000E+00
 0.000E+00 0.000E+00 0.000E+00 0.000E+00
      131.444449     1.944520    1.064723
 6
       4
     2     2     2     2
     0     1     1     1
 1.710E+00 1.625E+00 1.625E+00 1.625E+00
 0.000E+00 0.000E+00 0.000E+00 0.000E+00
 0.000E+00 0.000E+00 0.000E+00 0.000E+00
 0.000E+00 0.000E+00 0.000E+00 0.000E+00
      131.031765     -2.469001    -0.506547
 6
       4
     2     2     2     2
     0     1     1     1
 1.710E+00 1.625E+00 1.625E+00 1.625E+00
 0.000E+00 0.000E+00 0.000E+00 0.000E+00
 0.000E+00 0.000E+00 0.000E+00 0.000E+00
 0.000E+00 0.000E+00 0.000E+00 0.000E+00
      132.540740     -0.354087    0.263473
 6
       4
     2     2     2     2
     0     1     1     1
 1.710E+00 1.625E+00 1.625E+00 1.625E+00
 0.000E+00 0.000E+00 0.000E+00 0.000E+00
 0.000E+00 0.000E+00 0.000E+00 0.000E+00
 0.000E+00 0.000E+00 0.000E+00 0.000E+00
      135.321027     -0.673145    0.208854
 1
       1
     1
     0
 1.300E+00
 0.000E+00
 0.000E+00
 0.000E+00
      74.970997     4.076252    -0.213762
 1
       1
     1
     0
 1.300E+00
 0.000E+00
 0.000E+00
 0.000E+00
      79.965001     3.897441    0.183069
 6
       4
     2     2     2     2
     0     1     1     1
 1.710E+00 1.625E+00 1.625E+00 1.625E+00
 0.000E+00 0.000E+00 0.000E+00 0.000E+00
 0.000E+00 0.000E+00 0.000E+00 0.000E+00
 0.000E+00 0.000E+00 0.000E+00 0.000E+00
      72.025617     0.064353    0.001321
 1
       1
     1
     0
 1.300E+00
 0.000E+00
 0.000E+00
 0.000E+00
      75.001817     -4.213632    0.761454
 1
       1
     1
     0
 1.300E+00
 0.000E+00
 0.000E+00
 0.000E+00
      79.499187     -3.955266    1.386530
 1
       1
     1
     0
 1.300E+00
 0.000E+00
 0.000E+00
 0.000E+00
      87.979291     3.929402    -0.979095
 1
       1
     1
     0
 1.300E+00
 0.000E+00
 0.000E+00
 0.000E+00
      88.315418     -4.102434    1.295536
 1
       1
     1
     0
 1.300E+00
 0.000E+00
 0.000E+00
 0.000E+00
      92.896983     4.124093    -0.963879
 1
       1
     1
     0
 1.300E+00
 0.000E+00
 0.000E+00
 0.000E+00
      93.131644     -3.816583    1.177536
 1
       1
     1
     0
 1.300E+00
 0.000E+00
 0.000E+00
 0.000E+00
      101.073334     4.906910    -1.235183
 1
       1
     1
     0
 1.300E+00
 0.000E+00
 0.000E+00
 0.000E+00
      105.500652     5.232867    -0.912110
 1
       1
     1
     0
 1.300E+00
 0.000E+00
 0.000E+00
 0.000E+00
      101.591270     -2.974419    1.291357
 1
       1
     1
     0
 1.300E+00
 0.000E+00
 0.000E+00
 0.000E+00
      106.275765     -2.469942    1.756903
 1
       1
     1
     0
 1.300E+00
 0.000E+00
 0.000E+00
 0.000E+00
      114.648247     4.683525    0.856407
 1
       1
     1
     0
 1.300E+00
 0.000E+00
 0.000E+00
 0.000E+00
      114.117502     -3.155623    -0.993769
 1
       1
     1
     0
 1.300E+00
 0.000E+00
 0.000E+00
 0.000E+00
      119.364620     4.489715    0.783473
 1
       1
     1
     0
 1.300E+00
 0.000E+00
 0.000E+00
 0.000E+00
      118.940877     -3.452407    -1.365182
 1
       1
     1
     0
 1.300E+00
 0.000E+00
 0.000E+00
 0.000E+00
      127.797331     3.973049    1.517803
 1
       1
     1
     0
 1.300E+00
 0.000E+00
 0.000E+00
 0.000E+00
      127.357078     -3.783307    -1.385910
 1
       1
     1
     0
 1.300E+00
 0.000E+00
 0.000E+00
 0.000E+00
      132.898232     3.337090    1.781042
 1
       1
     1
     0
 1.300E+00
 0.000E+00
 0.000E+00
 0.000E+00
      131.949688     -4.175720    -1.068334
 1
       1
     1
     0
 1.300E+00
 0.000E+00
 0.000E+00
 0.000E+00
      140.379034     1.934312    2.836838
 1
       1
     1
     0
 1.300E+00
 0.000E+00
 0.000E+00
 0.000E+00
      140.381782     -4.507503    -2.076130
 1
       1
     1
     0
 1.300E+00
 0.000E+00
 0.000E+00
 0.000E+00
      147.587957     -1.001043    -0.036411
 1
       1
     1
     0
 1.300E+00
 0.000E+00
 0.000E+00
 0.000E+00
      145.336700     1.740256    2.775193
 1
       1
     1
     0
 1.300E+00
 0.000E+00
 0.000E+00
 0.000E+00
      145.523709     -4.342532    -1.915961
 6
       4
     2     2     2     2
     0     1     1     1
 1.710E+00 1.625E+00 1.625E+00 1.625E+00
 0.000E+00 0.000E+00 0.000E+00 0.000E+00
 0.000E+00 0.000E+00 0.000E+00 0.000E+00
 0.000E+00 0.000E+00 0.000E+00 0.000E+00
      137.522381     -1.175464    0.174161
 6
       4
     2     2     2     2
     0     1     1     1
 1.710E+00 1.625E+00 1.625E+00 1.625E+00
 0.000E+00 0.000E+00 0.000E+00 0.000E+00
 0.000E+00 0.000E+00 0.000E+00 0.000E+00
 0.000E+00 0.000E+00 0.000E+00 0.000E+00
      140.289803     -1.462170    0.366694
 6
       4
     2     2     2     2
     0     1     1     1
 1.710E+00 1.625E+00 1.625E+00 1.625E+00
 0.000E+00 0.000E+00 0.000E+00 0.000E+00
 0.000E+00 0.000E+00 0.000E+00 0.000E+00
 0.000E+00 0.000E+00 0.000E+00 0.000E+00
      141.667494     -3.282849    -1.031375
 6
       4
     2     2     2     2
     0     1     1     1
 1.710E+00 1.625E+00 1.625E+00 1.625E+00
 0.000E+00 0.000E+00 0.000E+00 0.000E+00
 0.000E+00 0.000E+00 0.000E+00 0.000E+00
 0.000E+00 0.000E+00 0.000E+00 0.000E+00
      141.665482     0.504598    1.756223
 6
       4
     2     2     2     2
     0     1     1     1
 1.710E+00 1.625E+00 1.625E+00 1.625E+00
 0.000E+00 0.000E+00 0.000E+00 0.000E+00
 0.000E+00 0.000E+00 0.000E+00 0.000E+00
 0.000E+00 0.000E+00 0.000E+00 0.000E+00
      144.230573     0.573267    1.831870
 6
       4
     2     2     2     2
     0     1     1     1
 1.710E+00 1.625E+00 1.625E+00 1.625E+00
 0.000E+00 0.000E+00 0.000E+00 0.000E+00
 0.000E+00 0.000E+00 0.000E+00 0.000E+00
 0.000E+00 0.000E+00 0.000E+00 0.000E+00
      144.223715     -3.209401    -1.032034
 6
       4
     2     2     2     2
     0     1     1     1
 1.710E+00 1.625E+00 1.625E+00 1.625E+00
 0.000E+00 0.000E+00 0.000E+00 0.000E+00
 0.000E+00 0.000E+00 0.000E+00 0.000E+00
 0.000E+00 0.000E+00 0.000E+00 0.000E+00
      145.518548     -1.317235    0.178154
# LCAO coefficients .. are not included.
         1
        1        0.000573743284277   k=         1
        2        -0.002434839670781   k=         1
        3        0.001529663876770   k=         1
        4        -0.019522908315234   k=         1
        5        -0.001710325206669   k=         1
        6        -0.002327544962103   k=         1
        7        0.008316135780104   k=         1
        8        -0.019660863043853   k=         1
        9        0.001756355210535   k=         1
        10        0.002686673511653   k=         1
        11        0.011440211431106   k=         1
        12        -0.024724846205105   k=         1
        13        0.000004840521673   k=         1
        14        -0.000342701591310   k=         1
        15        -0.002692582954187   k=         1
        16        0.008564962700110   k=         1
        17        0.000751133951509   k=         1
        18        -0.003308940677592   k=         1
        19        -0.007305577407374   k=         1
        20        0.026766531141608   k=         1
        21        -0.000824778448663   k=         1
        22        -0.001630754260005   k=         1
        23        -0.002560270853312   k=         1
        24        0.004633033601508   k=         1
        25        0.001167480863113   k=         1
        26        0.003528373861238   k=         1
        27        0.009819924501391   k=         1
        28        0.055747862351205   k=         1
        29        0.000276528199143   k=         1
        30        0.001623829505160   k=         1
        31        0.002546207264688   k=         1
        32        0.027305523359148   k=         1
        33        0.000894939054929   k=         1
        34        0.007665684260485   k=         1
        35        -0.015574696956935   k=         1
        36        -0.079499309098499   k=         1
        37        0.000650681578181   k=         1
        38        0.006369340164752   k=         1
        39        -0.000592190720322   k=         1
        40        -0.034564442945121   k=         1
        41        0.001577313551500   k=         1
        42        0.010520335660925   k=         1
        43        -0.004491667211465   k=         1
        44        -0.033756395505998   k=         1
        45        0.000613001317209   k=         1
        46        -0.004776026826976   k=         1
        47        -0.000774243912558   k=         1
        48        0.051801362800586   k=         1
        49        -0.001538028104832   k=         1
        50        -0.013235532941650   k=         1
        51        0.000401614179987   k=         1
        52        0.057971368104698   k=         1
        53        0.001426871748163   k=         1
        54        0.007531977209158   k=         1
        55        0.022389461676633   k=         1
        56        0.070925017246039   k=         1
        57        0.002552186024057   k=         1
        58        -0.006268702669669   k=         1
        59        -0.033724019936441   k=         1
        60        -0.059815365799706   k=         1
        61        0.002620122429049   k=         1
        62        0.011012419523052   k=         1
        63        -0.024178749938673   k=         1
        64        -0.064449426261767   k=         1
        65        0.000331715373381   k=         1
        66        -0.010837923330445   k=         1
        67        0.040807224140240   k=         1
        68        0.065068799996724   k=         1
        69        0.002002978785013   k=         1
        70        0.008200735702512   k=         1
        71        0.027111779580462   k=         1
        72        0.038711417754681   k=         1
        73        -0.001076919889916   k=         1
        74        0.012557281656948   k=         1
        75        0.034558810095999   k=         1
        76        0.048039742971466   k=         1
        77        0.002774821681078   k=         1
        78        -0.010854323044351   k=         1
        79        -0.026168427769821   k=         1
        80        -0.036469461659226   k=         1
        81        0.000798440229848   k=         1
        82        -0.012868259046339   k=         1
        83        -0.032453491824847   k=         1
        84        -0.037472620217310   k=         1
        85        0.000384184482589   k=         1
        86        -0.008038164979942   k=         1
        87        -0.040194216287433   k=         1
        88        -0.067265211014172   k=         1
        89        0.002791702362421   k=         1
        90        0.002660762317682   k=         1
        91        0.024984309340004   k=         1
        92        0.063698632742707   k=         1
        93        -0.002452418624505   k=         1
        94        0.002393050004224   k=         1
        95        0.028944209478410   k=         1
        96        0.055312796548950   k=         1
        97        0.000112115574805   k=         1
        98        -0.003872752688910   k=         1
        99        -0.034164339183582   k=         1
        100        -0.097285935198605   k=         1
        101        -0.000713479771867   k=         1
        102        -0.005223237839983   k=         1
        103        -0.015111543249588   k=         1
        104        -0.056058202058150   k=         1
        105        -0.002639714435130   k=         1
        106        -0.004659333025637   k=         1
        107        -0.012945475416689   k=         1
        108        -0.046369823830891   k=         1
        109        0.000770303220610   k=         1
        110        0.005757224213676   k=         1
        111        0.015480697066843   k=         1
        112        0.057296754279530   k=         1
        113        -0.001825467706451   k=         1
        114        0.000850453012240   k=         1
        115        0.030078317283548   k=         1
        116        0.087755291570761   k=         1
        117        -0.000339937505142   k=         1
        118        -0.014047432093782   k=         1
        119        0.035951159727475   k=         1
        120        0.090259656869968   k=         1
        121        -0.001674296590458   k=         1
        122        0.009783702966093   k=         1
        123        -0.049626815282775   k=         1
        124        -0.098866719707254   k=         1
        125        -0.003742702565347   k=         1
        126        -0.015885871247517   k=         1
        127        -0.038817849221585   k=         1
        128        -0.087003493855267   k=         1
        129        0.000085770250409   k=         1
        130        0.020603959751879   k=         1
        131        0.071375284579137   k=         1
        132        0.122170526161018   k=         1
        133        0.002495999275063   k=         1
        134        -0.008899688405854   k=         1
        135        0.035365021746187   k=         1
        136        0.080170017680457   k=         1
        137        -0.000113369967977   k=         1
        138        -0.006806320935434   k=         1
        139        0.040305314669882   k=         1
        140        0.076700014927512   k=         1
        141        0.001053181660239   k=         1
        142        0.010899991036575   k=         1
        143        -0.050627675940843   k=         1
        144        -0.097143815309711   k=         1
        145        -0.003693031426337   k=         1
        146        0.005387179471848   k=         1
        147        -0.030000596154900   k=         1
        148        -0.065388288189120   k=         1
        149        -0.000722476131325   k=         1
        150        -0.001050352948321   k=         1
        151        -0.070196483978958   k=         1
        152        -0.119774399327450   k=         1
        153        -0.004683595517183   k=         1
        154        -0.004134679503595   k=         1
        155        0.040552328641358   k=         1
        156        0.109403056758902   k=         1
        157        -0.001436461876691   k=         1
        158        0.001432858238336   k=         1
        159        -0.000472503548055   k=         1
        160        0.001723110876848   k=         1
        161        0.000170381414537   k=         1
        162        0.002393688378592   k=         1
        163        -0.004996435118733   k=         1
        164        -0.005447605106486   k=         1
        165        -0.000837240146597   k=         1
        166        -0.002388585260459   k=         1
        167        -0.003459644042695   k=         1
        168        -0.005435098671887   k=         1
        169        -0.000181039541442   k=         1
        170        0.003043728937679   k=         1
        171        -0.000114467284379   k=         1
        172        0.001001255156131   k=         1
        173        0.003661259338855   k=         1
        174        0.002438783322915   k=         1
        175        0.005207314066132   k=         1
        176        0.002941355481962   k=         1
        177        -0.000416906683193   k=         1
        178        0.001467308630499   k=         1
        179        0.008145120649128   k=         1
        180        -0.001481711049225   k=         1
        181        0.014464545090507   k=         1
        182        -0.022423908821102   k=         1
        183        -0.137643743500261   k=         1
        184        0.005881585647454   k=         1
        185        0.002336129069780   k=         1
        186        0.000391649648530   k=         1
        187        -0.021403100012272   k=         1
        188        0.046596051572069   k=         1
        189        0.097808885609598   k=         1
        190        0.000296273745960   k=         1
        191        0.016069685130504   k=         1
        192        -0.044696980968774   k=         1
        193        -0.150319299716777   k=         1
        194        -0.000590552315292   k=         1
        195        -0.015383606302198   k=         1
        196        -0.030858050305729   k=         1
        197        -0.100634025812638   k=         1
        198        -0.001667866476089   k=         1
        199        -0.006615677368475   k=         1
        200        -0.028382652432156   k=         1
        201        -0.080076952505196   k=         1
        202        -0.000961519367490   k=         1
        203        0.008588001805264   k=         1
        204        0.034370875338487   k=         1
        205        0.085956157474166   k=         1
        206        -0.001995530591781   k=         1
        207        0.014868068390754   k=         1
        208        0.046267503202019   k=         1
        209        0.098952409404630   k=         1
        210        -0.001062503407173   k=         1
        211        -0.006846441453315   k=         1
        212        0.035354496695259   k=         1
        213        0.147433881861855   k=         1
        214        -0.001736914675211   k=         1
        215        -0.011258821724040   k=         1
        216        -0.019133743899618   k=         1
        217        -0.161910383437365   k=         1
        218        -0.001703645696625   k=         1
        219        0.016196861180379   k=         1
        220        -0.019115742183407   k=         1
        221        -0.088856354366594   k=         1
        222        0.001878131446095   k=         1
        223        0.020127255931736   k=         1
        224        -0.010187238903873   k=         1
        225        -0.081357285246120   k=         1
        226        -0.001686548321309   k=         1
        227        -0.022325308611876   k=         1
        228        0.009315060521954   k=         1
        229        0.101642753219860   k=         1
        230        -0.000245345585842   k=         1
        231        -0.010320520217614   k=         1
        232        0.019675756533031   k=         1
        233        0.151830885332969   k=         1
        234        -0.002344051316332   k=         1
        235        -0.022074318993429   k=         1
        236        0.010609098447354   k=         1
        237        0.099033003081224   k=         1
        238        -0.000121657360762   k=         1
        239        0.021509946984688   k=         1
        240        0.017378080898542   k=         1
        241        0.082382183341667   k=         1
        242        -0.004824095561830   k=         1
        243        0.014815400543246   k=         1
        244        0.016519458830897   k=         1
        245        0.112815839763018   k=         1
        246        -0.000094167187411   k=         1
        247        -0.000907348687109   k=         1
        248        -0.022522326995111   k=         1
        249        -0.089814767818160   k=         1
        250        0.001461798454097   k=         1
        251        0.001790100334991   k=         1
        252        -0.021028115659006   k=         1
        253        -0.072532713694264   k=         1
        254        -0.001207515482100   k=         1
        255        0.003668431179113   k=         1
        256        -0.024396989023819   k=         1
        257        -0.068703514523103   k=         1
        258        -0.001319181135905   k=         1
        259        -0.002566361469338   k=         1
        260        0.013093715452161   k=         1
        261        0.044506069420589   k=         1
        262        -0.001520381860126   k=         1
        263        -0.002108834477106   k=         1
        264        0.015530390291312   k=         1
        265        0.053095587382657   k=         1
        266        0.002042762582613   k=         1
        267        0.010023738832974   k=         1
        268        0.023645012906807   k=         1
        269        0.097074479621957   k=         1
        270        -0.000318253985511   k=         1
        271        -0.007796053791652   k=         1
        272        -0.013175175713661   k=         1
        273        -0.044650170333504   k=         1
        274        0.003441416041279   k=         1
        275        0.003543897785939   k=         1
        276        -0.017443727743942   k=         1
        277        -0.071774311104455   k=         1
        278        0.000026899454267   k=         1
        279        -0.007458115862285   k=         1
        280        0.010853400370680   k=         1
        281        0.036458340281312   k=         1
        282        0.000037209799449   k=         1
        283        -0.005874974798246   k=         1
        284        0.011059948951812   k=         1
        285        0.027896532990901   k=         1
        286        -0.000737759479413   k=         1
        287        -0.006605008626547   k=         1
        288        0.012864675934928   k=         1
        289        0.048836417689840   k=         1
        290        0.000094912204000   k=         1
        291        0.001200348127476   k=         1
        292        -0.005009103778027   k=         1
        293        -0.018123323420143   k=         1
        294        0.000634286586456   k=         1
        295        0.003238322286803   k=         1
        296        -0.004214793622229   k=         1
        297        -0.014118767693402   k=         1
        298        -0.000194283062540   k=         1
        299        -0.000149785731125   k=         1
        300        -0.015451277631286   k=         1
        301        -0.045666258643879   k=         1
        302        0.000021580495239   k=         1
        303        0.001638491043446   k=         1
        304        0.006304788342665   k=         1
        305        0.004060587410706   k=         1
        306        -0.001037063984797   k=         1
        307        0.004052416512431   k=         1
        308        0.009924563684254   k=         1
        309        0.023545688744896   k=         1
        310        0.000083977159260   k=         1
        311        -0.000857979774827   k=         1
        312        -0.004982968213273   k=         1
        313        0.007298497991658   k=         1
        314        0.000891636343808   k=         1
        315        -0.001807531608963   k=         1
        316        0.003941337910683   k=         1
        317        -0.005194406037216   k=         1
        318        -0.001280301309794   k=         1
        319        0.002826563918559   k=         1
        320        0.004090527274647   k=         1
        321        -0.002932568588790   k=         1
        322        0.000582328126321   k=         1
        323        -0.001207049582092   k=         1
        324        0.001314840156895   k=         1
        325        -0.007861874773079   k=         1
        326        -0.000149844199987   k=         1
        327        0.000024904572062   k=         1
        328        0.002828798012636   k=         1
        329        -0.011278347074911   k=         1
        330        -0.000107249796468   k=         1
        331        -0.000195734592544   k=         1
        332        0.000920652275311   k=         1
        333        -0.000929598089450   k=         1
        334        0.000901427804985   k=         1
        335        0.000083338438322   k=         1
        336        -0.005140425490977   k=         1
        337        0.017644994697865   k=         1
        338        -0.000283107524555   k=         1
        339        -0.000012675816302   k=         1
        340        -0.002221738040923   k=         1
        341        0.007152104629345   k=         1
        342        0.000214807103494   k=         1
        343        0.003236902281257   k=         1
        344        0.008353884451512   k=         1
        345        -0.028740348309536   k=         1
        346        -0.000054457820802   k=         1
        347        0.001776704908071   k=         1
        348        0.004597136857458   k=         1
        349        -0.011939091614841   k=         1
        350        0.000393259439505   k=         1
        351        0.002483545920191   k=         1
        352        0.005294639679954   k=         1
        353        -0.011945001782742   k=         1
        354        -0.000218192389965   k=         1
        355        -0.003173797699578   k=         1
        356        -0.007066241471637   k=         1
        357        0.019484830907262   k=         1
        358        0.000232884148229   k=         1
        359        -0.001243061488667   k=         1
        360        -0.006224232518418   k=         1
        361        0.018069808562419   k=         1
        362        -0.000062516953594   k=         1
        363        0.000875345083909   k=         1
        364        -0.009070909773624   k=         1
        365        0.025405184412609   k=         1
        366        0.000854578627249   k=         1
        367        0.000341789063956   k=         1
        368        0.012059535549234   k=         1
        369        -0.022104280464053   k=         1
        370        0.004936295652904   k=         1
        371        0.005618362802459   k=         1
        372        -0.002226924417948   k=         1
        373        0.004507627470432   k=         1
        374        -0.027052594023593   k=         1
        375        -0.131850626795826   k=         1
        376        0.004246966839968   k=         1
        377        0.004261456994683   k=         1
        378        -0.001726615911643   k=         1
        379        0.000374901231486   k=         1
        380        -0.000027543583546   k=         1
        381        -0.003409969675332   k=         1
        382        -0.000487356526328   k=         1
        383        0.001137351292694   k=         1
        384        0.000137274363742   k=         1
        385        0.001432520888809   k=         1
        386        0.000599032854841   k=         1
        387        -0.000670659060692   k=         1
        388        -0.001752411871812   k=         1
        389        0.000917528488835   k=         1
        390        0.000216559251600   k=         1
        391        -0.000226880226659   k=         1
        392        -0.001036136438448   k=         1
        393        -0.000208401184631   k=         1
        394        -0.000515424653694   k=         1
        395        0.000831010067483   k=         1
        396        -0.001118121839246   k=         1
        397        0.001122016323213   k=         1
        398        -0.000428346826481   k=         1
        399        0.000074237533193   k=         1
        400        0.003273600411010   k=         1
        401        0.009454656684236   k=         1
        402        -0.023393960528771   k=         1
        403        0.000939853708067   k=         1
        404        -0.003115625647379   k=         1
        405        -0.013470683532905   k=         1
        406        0.021793513701269   k=         1
        407        -0.000928738006681   k=         1
        408        0.000338779334809   k=         1
        409        -0.016531363860087   k=         1
        410        0.016519723604046   k=         1
        411        -0.000176940641778   k=         1
        412        -0.001610161766518   k=         1
        413        -0.010456800423028   k=         1
        414        0.012286997107068   k=         1
        415        0.000116379245884   k=         1
        416        0.000440194060346   k=         1
        417        0.006840056943574   k=         1
        418        -0.008342830580934   k=         1
        419        0.000465830147242   k=         1
        420        -0.000374942819294   k=         1
        421        0.006099743616954   k=         1
        422        -0.006956441317241   k=         1
        423        0.000348634469662   k=         1
        424        -0.006121350985113   k=         1
        425        0.017216577932938   k=         1
        426        -0.024068020435049   k=         1
