# file_format= v0.04.05
       144       426
    188.97268778      0.00000000      0.00000000    0
      0.00000000    188.97268778      0.00000000    0
      0.00000000      0.00000000    188.97268778    0
 6
       4
     2     2     2     2
     0     1     1     1
 1.710E+00 1.625E+00 1.625E+00 1.625E+00
 0.000E+00 0.000E+00 0.000E+00 0.000E+00
 0.000E+00 0.000E+00 0.000E+00 0.000E+00
 0.000E+00 0.000E+00 0.000E+00 0.000E+00
      1.143789     -0.772703    -0.039278
 6
       4
     2     2     2     2
     0     1     1     1
 1.710E+00 1.625E+00 1.625E+00 1.625E+00
 0.000E+00 0.000E+00 0.000E+00 0.000E+00
 0.000E+00 0.000E+00 0.000E+00 0.000E+00
 0.000E+00 0.000E+00 0.000E+00 0.000E+00
      -0.680948     1.113678    0.527572
 6
       4
     2     2     2     2
     0     1     1     1
 1.710E+00 1.625E+00 1.625E+00 1.625E+00
 0.000E+00 0.000E+00 0.000E+00 0.000E+00
 0.000E+00 0.000E+00 0.000E+00 0.000E+00
 0.000E+00 0.000E+00 0.000E+00 0.000E+00
      0.231055     -3.160400    -0.786619
 6
       4
     2     2     2     2
     0     1     1     1
 1.710E+00 1.625E+00 1.625E+00 1.625E+00
 0.000E+00 0.000E+00 0.000E+00 0.000E+00
 0.000E+00 0.000E+00 0.000E+00 0.000E+00
 0.000E+00 0.000E+00 0.000E+00 0.000E+00
      -3.261214     0.552106    0.417516
 6
       4
     2     2     2     2
     0     1     1     1
 1.710E+00 1.625E+00 1.625E+00 1.625E+00
 0.000E+00 0.000E+00 0.000E+00 0.000E+00
 0.000E+00 0.000E+00 0.000E+00 0.000E+00
 0.000E+00 0.000E+00 0.000E+00 0.000E+00
      -4.251288     -1.770809    -0.408804
 6
       4
     2     2     2     2
     0     1     1     1
 1.710E+00 1.625E+00 1.625E+00 1.625E+00
 0.000E+00 0.000E+00 0.000E+00 0.000E+00
 0.000E+00 0.000E+00 0.000E+00 0.000E+00
 0.000E+00 0.000E+00 0.000E+00 0.000E+00
      -2.357775     -3.721536    -1.002679
 6
       4
     2     2     2     2
     0     1     1     1
 1.710E+00 1.625E+00 1.625E+00 1.625E+00
 0.000E+00 0.000E+00 0.000E+00 0.000E+00
 0.000E+00 0.000E+00 0.000E+00 0.000E+00
 0.000E+00 0.000E+00 0.000E+00 0.000E+00
      3.833921     -0.262613    -0.016677
 6
       4
     2     2     2     2
     0     1     1     1
 1.710E+00 1.625E+00 1.625E+00 1.625E+00
 0.000E+00 0.000E+00 0.000E+00 0.000E+00
 0.000E+00 0.000E+00 0.000E+00 0.000E+00
 0.000E+00 0.000E+00 0.000E+00 0.000E+00
      6.081227     0.097319    -0.170669
 6
       4
     2     2     2     2
     0     1     1     1
 1.710E+00 1.625E+00 1.625E+00 1.625E+00
 0.000E+00 0.000E+00 0.000E+00 0.000E+00
 0.000E+00 0.000E+00 0.000E+00 0.000E+00
 0.000E+00 0.000E+00 0.000E+00 0.000E+00
      8.678763     0.283909    -0.037770
 6
       4
     2     2     2     2
     0     1     1     1
 1.710E+00 1.625E+00 1.625E+00 1.625E+00
 0.000E+00 0.000E+00 0.000E+00 0.000E+00
 0.000E+00 0.000E+00 0.000E+00 0.000E+00
 0.000E+00 0.000E+00 0.000E+00 0.000E+00
      9.849473     2.614300    -0.504481
 6
       4
     2     2     2     2
     0     1     1     1
 1.710E+00 1.625E+00 1.625E+00 1.625E+00
 0.000E+00 0.000E+00 0.000E+00 0.000E+00
 0.000E+00 0.000E+00 0.000E+00 0.000E+00
 0.000E+00 0.000E+00 0.000E+00 0.000E+00
      10.333666     -1.758337    0.647127
 6
       4
     2     2     2     2
     0     1     1     1
 1.710E+00 1.625E+00 1.625E+00 1.625E+00
 0.000E+00 0.000E+00 0.000E+00 0.000E+00
 0.000E+00 0.000E+00 0.000E+00 0.000E+00
 0.000E+00 0.000E+00 0.000E+00 0.000E+00
      12.435094     2.913551    -0.336432
 6
       4
     2     2     2     2
     0     1     1     1
 1.710E+00 1.625E+00 1.625E+00 1.625E+00
 0.000E+00 0.000E+00 0.000E+00 0.000E+00
 0.000E+00 0.000E+00 0.000E+00 0.000E+00
 0.000E+00 0.000E+00 0.000E+00 0.000E+00
      12.905368     -1.459575    0.754339
 6
       4
     2     2     2     2
     0     1     1     1
 1.710E+00 1.625E+00 1.625E+00 1.625E+00
 0.000E+00 0.000E+00 0.000E+00 0.000E+00
 0.000E+00 0.000E+00 0.000E+00 0.000E+00
 0.000E+00 0.000E+00 0.000E+00 0.000E+00
      14.117892     0.928445    0.322894
 6
       4
     2     2     2     2
     0     1     1     1
 1.710E+00 1.625E+00 1.625E+00 1.625E+00
 0.000E+00 0.000E+00 0.000E+00 0.000E+00
 0.000E+00 0.000E+00 0.000E+00 0.000E+00
 0.000E+00 0.000E+00 0.000E+00 0.000E+00
      16.785160     1.300842    0.367962
 6
       4
     2     2     2     2
     0     1     1     1
 1.710E+00 1.625E+00 1.625E+00 1.625E+00
 0.000E+00 0.000E+00 0.000E+00 0.000E+00
 0.000E+00 0.000E+00 0.000E+00 0.000E+00
 0.000E+00 0.000E+00 0.000E+00 0.000E+00
      19.057713     1.391252    0.328085
 6
       4
     2     2     2     2
     0     1     1     1
 1.710E+00 1.625E+00 1.625E+00 1.625E+00
 0.000E+00 0.000E+00 0.000E+00 0.000E+00
 0.000E+00 0.000E+00 0.000E+00 0.000E+00
 0.000E+00 0.000E+00 0.000E+00 0.000E+00
      21.758624     1.319822    0.202393
 6
       4
     2     2     2     2
     0     1     1     1
 1.710E+00 1.625E+00 1.625E+00 1.625E+00
 0.000E+00 0.000E+00 0.000E+00 0.000E+00
 0.000E+00 0.000E+00 0.000E+00 0.000E+00
 0.000E+00 0.000E+00 0.000E+00 0.000E+00
      23.160117     -0.566179    1.448751
 6
       4
     2     2     2     2
     0     1     1     1
 1.710E+00 1.625E+00 1.625E+00 1.625E+00
 0.000E+00 0.000E+00 0.000E+00 0.000E+00
 0.000E+00 0.000E+00 0.000E+00 0.000E+00
 0.000E+00 0.000E+00 0.000E+00 0.000E+00
      23.265549     3.051437    -1.110945
 6
       4
     2     2     2     2
     0     1     1     1
 1.710E+00 1.625E+00 1.625E+00 1.625E+00
 0.000E+00 0.000E+00 0.000E+00 0.000E+00
 0.000E+00 0.000E+00 0.000E+00 0.000E+00
 0.000E+00 0.000E+00 0.000E+00 0.000E+00
      25.995804     2.726446    -1.278830
 6
       4
     2     2     2     2
     0     1     1     1
 1.710E+00 1.625E+00 1.625E+00 1.625E+00
 0.000E+00 0.000E+00 0.000E+00 0.000E+00
 0.000E+00 0.000E+00 0.000E+00 0.000E+00
 0.000E+00 0.000E+00 0.000E+00 0.000E+00
      25.923014     -0.789240    1.435171
 6
       4
     2     2     2     2
     0     1     1     1
 1.710E+00 1.625E+00 1.625E+00 1.625E+00
 0.000E+00 0.000E+00 0.000E+00 0.000E+00
 0.000E+00 0.000E+00 0.000E+00 0.000E+00
 0.000E+00 0.000E+00 0.000E+00 0.000E+00
      27.366299     0.834284    0.003462
 6
       4
     2     2     2     2
     0     1     1     1
 1.710E+00 1.625E+00 1.625E+00 1.625E+00
 0.000E+00 0.000E+00 0.000E+00 0.000E+00
 0.000E+00 0.000E+00 0.000E+00 0.000E+00
 0.000E+00 0.000E+00 0.000E+00 0.000E+00
      30.127244     0.450278    -0.242805
 6
       4
     2     2     2     2
     0     1     1     1
 1.710E+00 1.625E+00 1.625E+00 1.625E+00
 0.000E+00 0.000E+00 0.000E+00 0.000E+00
 0.000E+00 0.000E+00 0.000E+00 0.000E+00
 0.000E+00 0.000E+00 0.000E+00 0.000E+00
      32.352768     0.186019    -0.104462
 6
       4
     2     2     2     2
     0     1     1     1
 1.710E+00 1.625E+00 1.625E+00 1.625E+00
 0.000E+00 0.000E+00 0.000E+00 0.000E+00
 0.000E+00 0.000E+00 0.000E+00 0.000E+00
 0.000E+00 0.000E+00 0.000E+00 0.000E+00
      35.086265     -0.052943    -0.069064
 6
       4
     2     2     2     2
     0     1     1     1
 1.710E+00 1.625E+00 1.625E+00 1.625E+00
 0.000E+00 0.000E+00 0.000E+00 0.000E+00
 0.000E+00 0.000E+00 0.000E+00 0.000E+00
 0.000E+00 0.000E+00 0.000E+00 0.000E+00
      36.507316     -2.329673    0.584617
 6
       4
     2     2     2     2
     0     1     1     1
 1.710E+00 1.625E+00 1.625E+00 1.625E+00
 0.000E+00 0.000E+00 0.000E+00 0.000E+00
 0.000E+00 0.000E+00 0.000E+00 0.000E+00
 0.000E+00 0.000E+00 0.000E+00 0.000E+00
      36.577880     1.971426    -0.658813
 6
       4
     2     2     2     2
     0     1     1     1
 1.710E+00 1.625E+00 1.625E+00 1.625E+00
 0.000E+00 0.000E+00 0.000E+00 0.000E+00
 0.000E+00 0.000E+00 0.000E+00 0.000E+00
 0.000E+00 0.000E+00 0.000E+00 0.000E+00
      39.254269     1.898530    -0.656136
 6
       4
     2     2     2     2
     0     1     1     1
 1.710E+00 1.625E+00 1.625E+00 1.625E+00
 0.000E+00 0.000E+00 0.000E+00 0.000E+00
 0.000E+00 0.000E+00 0.000E+00 0.000E+00
 0.000E+00 0.000E+00 0.000E+00 0.000E+00
      39.153337     -2.435830    0.701464
 6
       4
     2     2     2     2
     0     1     1     1
 1.710E+00 1.625E+00 1.625E+00 1.625E+00
 0.000E+00 0.000E+00 0.000E+00 0.000E+00
 0.000E+00 0.000E+00 0.000E+00 0.000E+00
 0.000E+00 0.000E+00 0.000E+00 0.000E+00
      40.624029     -0.228886    -0.060723
 6
       4
     2     2     2     2
     0     1     1     1
 1.710E+00 1.625E+00 1.625E+00 1.625E+00
 0.000E+00 0.000E+00 0.000E+00 0.000E+00
 0.000E+00 0.000E+00 0.000E+00 0.000E+00
 0.000E+00 0.000E+00 0.000E+00 0.000E+00
      43.303375     -0.333824    -0.190496
 6
       4
     2     2     2     2
     0     1     1     1
 1.710E+00 1.625E+00 1.625E+00 1.625E+00
 0.000E+00 0.000E+00 0.000E+00 0.000E+00
 0.000E+00 0.000E+00 0.000E+00 0.000E+00
 0.000E+00 0.000E+00 0.000E+00 0.000E+00
      45.567053     -0.539413    -0.256511
 6
       4
     2     2     2     2
     0     1     1     1
 1.710E+00 1.625E+00 1.625E+00 1.625E+00
 0.000E+00 0.000E+00 0.000E+00 0.000E+00
 0.000E+00 0.000E+00 0.000E+00 0.000E+00
 0.000E+00 0.000E+00 0.000E+00 0.000E+00
      48.251965     -0.631756    -0.315025
 6
       4
     2     2     2     2
     0     1     1     1
 1.710E+00 1.625E+00 1.625E+00 1.625E+00
 0.000E+00 0.000E+00 0.000E+00 0.000E+00
 0.000E+00 0.000E+00 0.000E+00 0.000E+00
 0.000E+00 0.000E+00 0.000E+00 0.000E+00
      49.672372     -2.448607    0.872186
 6
       4
     2     2     2     2
     0     1     1     1
 1.710E+00 1.625E+00 1.625E+00 1.625E+00
 0.000E+00 0.000E+00 0.000E+00 0.000E+00
 0.000E+00 0.000E+00 0.000E+00 0.000E+00
 0.000E+00 0.000E+00 0.000E+00 0.000E+00
      49.569599     1.517301    -1.482938
 6
       4
     2     2     2     2
     0     1     1     1
 1.710E+00 1.625E+00 1.625E+00 1.625E+00
 0.000E+00 0.000E+00 0.000E+00 0.000E+00
 0.000E+00 0.000E+00 0.000E+00 0.000E+00
 0.000E+00 0.000E+00 0.000E+00 0.000E+00
      52.134433     1.843522    -1.356625
 6
       4
     2     2     2     2
     0     1     1     1
 1.710E+00 1.625E+00 1.625E+00 1.625E+00
 0.000E+00 0.000E+00 0.000E+00 0.000E+00
 0.000E+00 0.000E+00 0.000E+00 0.000E+00
 0.000E+00 0.000E+00 0.000E+00 0.000E+00
      52.414959     -2.202508    0.656289
 6
       4
     2     2     2     2
     0     1     1     1
 1.710E+00 1.625E+00 1.625E+00 1.625E+00
 0.000E+00 0.000E+00 0.000E+00 0.000E+00
 0.000E+00 0.000E+00 0.000E+00 0.000E+00
 0.000E+00 0.000E+00 0.000E+00 0.000E+00
      53.708091     -0.121247    -0.157760
 6
       4
     2     2     2     2
     0     1     1     1
 1.710E+00 1.625E+00 1.625E+00 1.625E+00
 0.000E+00 0.000E+00 0.000E+00 0.000E+00
 0.000E+00 0.000E+00 0.000E+00 0.000E+00
 0.000E+00 0.000E+00 0.000E+00 0.000E+00
      56.380846     0.170531    -0.083798
 1
       1
     1
     0
 1.300E+00
 0.000E+00
 0.000E+00
 0.000E+00
      -4.472260     2.212459    1.047186
 1
       1
     1
     0
 1.300E+00
 0.000E+00
 0.000E+00
 0.000E+00
      -0.185067     3.204359    1.084916
 1
       1
     1
     0
 1.300E+00
 0.000E+00
 0.000E+00
 0.000E+00
      -6.414486     -2.225751    -0.819837
 1
       1
     1
     0
 1.300E+00
 0.000E+00
 0.000E+00
 0.000E+00
      -2.892692     -5.675098    -1.686286
 1
       1
     1
     0
 1.300E+00
 0.000E+00
 0.000E+00
 0.000E+00
      1.618002     -4.622933    -1.140729
 1
       1
     1
     0
 1.300E+00
 0.000E+00
 0.000E+00
 0.000E+00
      8.585887     4.164852    -0.967137
 1
       1
     1
     0
 1.300E+00
 0.000E+00
 0.000E+00
 0.000E+00
      9.455106     -3.723442    1.009010
 1
       1
     1
     0
 1.300E+00
 0.000E+00
 0.000E+00
 0.000E+00
      13.127112     4.908667    -0.590260
 1
       1
     1
     0
 1.300E+00
 0.000E+00
 0.000E+00
 0.000E+00
      14.097465     -3.258933    1.146958
 1
       1
     1
     0
 1.300E+00
 0.000E+00
 0.000E+00
 0.000E+00
      22.418362     4.652583    -2.170278
 1
       1
     1
     0
 1.300E+00
 0.000E+00
 0.000E+00
 0.000E+00
      27.142495     4.122679    -2.580827
 1
       1
     1
     0
 1.300E+00
 0.000E+00
 0.000E+00
 0.000E+00
      21.989504     -2.058350    2.474468
 1
       1
     1
     0
 1.300E+00
 0.000E+00
 0.000E+00
 0.000E+00
      26.826960     -2.318722    2.624274
 1
       1
     1
     0
 1.300E+00
 0.000E+00
 0.000E+00
 0.000E+00
      35.602392     3.829123    -1.300576
 1
       1
     1
     0
 1.300E+00
 0.000E+00
 0.000E+00
 0.000E+00
      35.357019     -4.075912    0.949013
 1
       1
     1
     0
 1.300E+00
 0.000E+00
 0.000E+00
 0.000E+00
      40.233627     3.633423    -1.212042
 1
       1
     1
     0
 1.300E+00
 0.000E+00
 0.000E+00
 0.000E+00
      40.125189     -4.195604    1.231837
 1
       1
     1
     0
 1.300E+00
 0.000E+00
 0.000E+00
 0.000E+00
      48.443315     3.021904    -2.341741
 1
       1
     1
     0
 1.300E+00
 0.000E+00
 0.000E+00
 0.000E+00
      48.883549     -4.120075    1.778302
 1
       1
     1
     0
 1.300E+00
 0.000E+00
 0.000E+00
 0.000E+00
      53.071974     3.564962    -1.915150
 1
       1
     1
     0
 1.300E+00
 0.000E+00
 0.000E+00
 0.000E+00
      53.608289     -3.885073    1.322417
 1
       1
     1
     0
 1.300E+00
 0.000E+00
 0.000E+00
 0.000E+00
      61.900787     4.255591    -1.340936
 1
       1
     1
     0
 1.300E+00
 0.000E+00
 0.000E+00
 0.000E+00
      61.927617     -3.619260    1.237638
 6
       4
     2     2     2     2
     0     1     1     1
 1.710E+00 1.625E+00 1.625E+00 1.625E+00
 0.000E+00 0.000E+00 0.000E+00 0.000E+00
 0.000E+00 0.000E+00 0.000E+00 0.000E+00
 0.000E+00 0.000E+00 0.000E+00 0.000E+00
      69.731420     0.389835    -0.297959
 1
       1
     1
     0
 1.300E+00
 0.000E+00
 0.000E+00
 0.000E+00
      66.475743     4.363016    -1.643544
 1
       1
     1
     0
 1.300E+00
 0.000E+00
 0.000E+00
 0.000E+00
      66.647778     -3.458450    1.236673
 6
       4
     2     2     2     2
     0     1     1     1
 1.710E+00 1.625E+00 1.625E+00 1.625E+00
 0.000E+00 0.000E+00 0.000E+00 0.000E+00
 0.000E+00 0.000E+00 0.000E+00 0.000E+00
 0.000E+00 0.000E+00 0.000E+00 0.000E+00
      58.615441     0.121320    -0.132243
 6
       4
     2     2     2     2
     0     1     1     1
 1.710E+00 1.625E+00 1.625E+00 1.625E+00
 0.000E+00 0.000E+00 0.000E+00 0.000E+00
 0.000E+00 0.000E+00 0.000E+00 0.000E+00
 0.000E+00 0.000E+00 0.000E+00 0.000E+00
      61.366261     0.388643    -0.232729
 6
       4
     2     2     2     2
     0     1     1     1
 1.710E+00 1.625E+00 1.625E+00 1.625E+00
 0.000E+00 0.000E+00 0.000E+00 0.000E+00
 0.000E+00 0.000E+00 0.000E+00 0.000E+00
 0.000E+00 0.000E+00 0.000E+00 0.000E+00
      63.013975     -1.851973    0.506554
 6
       4
     2     2     2     2
     0     1     1     1
 1.710E+00 1.625E+00 1.625E+00 1.625E+00
 0.000E+00 0.000E+00 0.000E+00 0.000E+00
 0.000E+00 0.000E+00 0.000E+00 0.000E+00
 0.000E+00 0.000E+00 0.000E+00 0.000E+00
      62.761521     2.463566    -0.777972
 6
       4
     2     2     2     2
     0     1     1     1
 1.710E+00 1.625E+00 1.625E+00 1.625E+00
 0.000E+00 0.000E+00 0.000E+00 0.000E+00
 0.000E+00 0.000E+00 0.000E+00 0.000E+00
 0.000E+00 0.000E+00 0.000E+00 0.000E+00
      65.552901     2.520295    -0.883092
 6
       4
     2     2     2     2
     0     1     1     1
 1.710E+00 1.625E+00 1.625E+00 1.625E+00
 0.000E+00 0.000E+00 0.000E+00 0.000E+00
 0.000E+00 0.000E+00 0.000E+00 0.000E+00
 0.000E+00 0.000E+00 0.000E+00 0.000E+00
      65.565183     -1.770700    0.449936
 6
       4
     2     2     2     2
     0     1     1     1
 1.710E+00 1.625E+00 1.625E+00 1.625E+00
 0.000E+00 0.000E+00 0.000E+00 0.000E+00
 0.000E+00 0.000E+00 0.000E+00 0.000E+00
 0.000E+00 0.000E+00 0.000E+00 0.000E+00
      66.965315     0.517127    -0.232822
 6
       4
     2     2     2     2
     0     1     1     1
 1.710E+00 1.625E+00 1.625E+00 1.625E+00
 0.000E+00 0.000E+00 0.000E+00 0.000E+00
 0.000E+00 0.000E+00 0.000E+00 0.000E+00
 0.000E+00 0.000E+00 0.000E+00 0.000E+00
      80.164157     -0.159440    0.641464
 6
       4
     2     2     2     2
     0     1     1     1
 1.710E+00 1.625E+00 1.625E+00 1.625E+00
 0.000E+00 0.000E+00 0.000E+00 0.000E+00
 0.000E+00 0.000E+00 0.000E+00 0.000E+00
 0.000E+00 0.000E+00 0.000E+00 0.000E+00
      78.874413     2.144773    0.123288
 6
       4
     2     2     2     2
     0     1     1     1
 1.710E+00 1.625E+00 1.625E+00 1.625E+00
 0.000E+00 0.000E+00 0.000E+00 0.000E+00
 0.000E+00 0.000E+00 0.000E+00 0.000E+00
 0.000E+00 0.000E+00 0.000E+00 0.000E+00
      78.657431     -2.330319    0.941541
 6
       4
     2     2     2     2
     0     1     1     1
 1.710E+00 1.625E+00 1.625E+00 1.625E+00
 0.000E+00 0.000E+00 0.000E+00 0.000E+00
 0.000E+00 0.000E+00 0.000E+00 0.000E+00
 0.000E+00 0.000E+00 0.000E+00 0.000E+00
      76.268732     2.242368    -0.027713
 6
       4
     2     2     2     2
     0     1     1     1
 1.710E+00 1.625E+00 1.625E+00 1.625E+00
 0.000E+00 0.000E+00 0.000E+00 0.000E+00
 0.000E+00 0.000E+00 0.000E+00 0.000E+00
 0.000E+00 0.000E+00 0.000E+00 0.000E+00
      74.752259     0.023569    0.277030
 6
       4
     2     2     2     2
     0     1     1     1
 1.710E+00 1.625E+00 1.625E+00 1.625E+00
 0.000E+00 0.000E+00 0.000E+00 0.000E+00
 0.000E+00 0.000E+00 0.000E+00 0.000E+00
 0.000E+00 0.000E+00 0.000E+00 0.000E+00
      75.971382     -2.226211    0.773873
 6
       4
     2     2     2     2
     0     1     1     1
 1.710E+00 1.625E+00 1.625E+00 1.625E+00
 0.000E+00 0.000E+00 0.000E+00 0.000E+00
 0.000E+00 0.000E+00 0.000E+00 0.000E+00
 0.000E+00 0.000E+00 0.000E+00 0.000E+00
      82.887560     -0.172761    0.677813
 6
       4
     2     2     2     2
     0     1     1     1
 1.710E+00 1.625E+00 1.625E+00 1.625E+00
 0.000E+00 0.000E+00 0.000E+00 0.000E+00
 0.000E+00 0.000E+00 0.000E+00 0.000E+00
 0.000E+00 0.000E+00 0.000E+00 0.000E+00
      85.120147     -0.102081    0.385646
 6
       4
     2     2     2     2
     0     1     1     1
 1.710E+00 1.625E+00 1.625E+00 1.625E+00
 0.000E+00 0.000E+00 0.000E+00 0.000E+00
 0.000E+00 0.000E+00 0.000E+00 0.000E+00
 0.000E+00 0.000E+00 0.000E+00 0.000E+00
      87.787202     0.056900    -0.045189
 6
       4
     2     2     2     2
     0     1     1     1
 1.710E+00 1.625E+00 1.625E+00 1.625E+00
 0.000E+00 0.000E+00 0.000E+00 0.000E+00
 0.000E+00 0.000E+00 0.000E+00 0.000E+00
 0.000E+00 0.000E+00 0.000E+00 0.000E+00
      89.002487     2.279805    -0.725574
 6
       4
     2     2     2     2
     0     1     1     1
 1.710E+00 1.625E+00 1.625E+00 1.625E+00
 0.000E+00 0.000E+00 0.000E+00 0.000E+00
 0.000E+00 0.000E+00 0.000E+00 0.000E+00
 0.000E+00 0.000E+00 0.000E+00 0.000E+00
      89.274248     -2.086507    0.596029
 6
       4
     2     2     2     2
     0     1     1     1
 1.710E+00 1.625E+00 1.625E+00 1.625E+00
 0.000E+00 0.000E+00 0.000E+00 0.000E+00
 0.000E+00 0.000E+00 0.000E+00 0.000E+00
 0.000E+00 0.000E+00 0.000E+00 0.000E+00
      91.738181     2.309400    -0.868705
 6
       4
     2     2     2     2
     0     1     1     1
 1.710E+00 1.625E+00 1.625E+00 1.625E+00
 0.000E+00 0.000E+00 0.000E+00 0.000E+00
 0.000E+00 0.000E+00 0.000E+00 0.000E+00
 0.000E+00 0.000E+00 0.000E+00 0.000E+00
      91.961395     -1.989851    0.616960
 6
       4
     2     2     2     2
     0     1     1     1
 1.710E+00 1.625E+00 1.625E+00 1.625E+00
 0.000E+00 0.000E+00 0.000E+00 0.000E+00
 0.000E+00 0.000E+00 0.000E+00 0.000E+00
 0.000E+00 0.000E+00 0.000E+00 0.000E+00
      93.233245     0.202836    -0.100286
 6
       4
     2     2     2     2
     0     1     1     1
 1.710E+00 1.625E+00 1.625E+00 1.625E+00
 0.000E+00 0.000E+00 0.000E+00 0.000E+00
 0.000E+00 0.000E+00 0.000E+00 0.000E+00
 0.000E+00 0.000E+00 0.000E+00 0.000E+00
      96.015505     0.311121    -0.202501
 6
       4
     2     2     2     2
     0     1     1     1
 1.710E+00 1.625E+00 1.625E+00 1.625E+00
 0.000E+00 0.000E+00 0.000E+00 0.000E+00
 0.000E+00 0.000E+00 0.000E+00 0.000E+00
 0.000E+00 0.000E+00 0.000E+00 0.000E+00
      98.286040     0.387934    -0.318774
 6
       4
     2     2     2     2
     0     1     1     1
 1.710E+00 1.625E+00 1.625E+00 1.625E+00
 0.000E+00 0.000E+00 0.000E+00 0.000E+00
 0.000E+00 0.000E+00 0.000E+00 0.000E+00
 0.000E+00 0.000E+00 0.000E+00 0.000E+00
      101.034102     0.484465    -0.130384
 6
       4
     2     2     2     2
     0     1     1     1
 1.710E+00 1.625E+00 1.625E+00 1.625E+00
 0.000E+00 0.000E+00 0.000E+00 0.000E+00
 0.000E+00 0.000E+00 0.000E+00 0.000E+00
 0.000E+00 0.000E+00 0.000E+00 0.000E+00
      102.461901     -1.533522    0.764868
 6
       4
     2     2     2     2
     0     1     1     1
 1.710E+00 1.625E+00 1.625E+00 1.625E+00
 0.000E+00 0.000E+00 0.000E+00 0.000E+00
 0.000E+00 0.000E+00 0.000E+00 0.000E+00
 0.000E+00 0.000E+00 0.000E+00 0.000E+00
      102.404036     2.815905    -0.782853
 6
       4
     2     2     2     2
     0     1     1     1
 1.710E+00 1.625E+00 1.625E+00 1.625E+00
 0.000E+00 0.000E+00 0.000E+00 0.000E+00
 0.000E+00 0.000E+00 0.000E+00 0.000E+00
 0.000E+00 0.000E+00 0.000E+00 0.000E+00
      104.953467     3.088305    -0.349972
 6
       4
     2     2     2     2
     0     1     1     1
 1.710E+00 1.625E+00 1.625E+00 1.625E+00
 0.000E+00 0.000E+00 0.000E+00 0.000E+00
 0.000E+00 0.000E+00 0.000E+00 0.000E+00
 0.000E+00 0.000E+00 0.000E+00 0.000E+00
      105.144469     -1.285167    0.968449
 6
       4
     2     2     2     2
     0     1     1     1
 1.710E+00 1.625E+00 1.625E+00 1.625E+00
 0.000E+00 0.000E+00 0.000E+00 0.000E+00
 0.000E+00 0.000E+00 0.000E+00 0.000E+00
 0.000E+00 0.000E+00 0.000E+00 0.000E+00
      106.443919     0.856930    0.328191
 6
       4
     2     2     2     2
     0     1     1     1
 1.710E+00 1.625E+00 1.625E+00 1.625E+00
 0.000E+00 0.000E+00 0.000E+00 0.000E+00
 0.000E+00 0.000E+00 0.000E+00 0.000E+00
 0.000E+00 0.000E+00 0.000E+00 0.000E+00
      109.187436     1.078990    0.215353
 6
       4
     2     2     2     2
     0     1     1     1
 1.710E+00 1.625E+00 1.625E+00 1.625E+00
 0.000E+00 0.000E+00 0.000E+00 0.000E+00
 0.000E+00 0.000E+00 0.000E+00 0.000E+00
 0.000E+00 0.000E+00 0.000E+00 0.000E+00
      111.450795     1.005266    0.122416
 6
       4
     2     2     2     2
     0     1     1     1
 1.710E+00 1.625E+00 1.625E+00 1.625E+00
 0.000E+00 0.000E+00 0.000E+00 0.000E+00
 0.000E+00 0.000E+00 0.000E+00 0.000E+00
 0.000E+00 0.000E+00 0.000E+00 0.000E+00
      114.272951     0.773149    -0.109066
 6
       4
     2     2     2     2
     0     1     1     1
 1.710E+00 1.625E+00 1.625E+00 1.625E+00
 0.000E+00 0.000E+00 0.000E+00 0.000E+00
 0.000E+00 0.000E+00 0.000E+00 0.000E+00
 0.000E+00 0.000E+00 0.000E+00 0.000E+00
      115.552345     -1.505235    -0.778673
 6
       4
     2     2     2     2
     0     1     1     1
 1.710E+00 1.625E+00 1.625E+00 1.625E+00
 0.000E+00 0.000E+00 0.000E+00 0.000E+00
 0.000E+00 0.000E+00 0.000E+00 0.000E+00
 0.000E+00 0.000E+00 0.000E+00 0.000E+00
      115.867555     2.858313    0.365307
 6
       4
     2     2     2     2
     0     1     1     1
 1.710E+00 1.625E+00 1.625E+00 1.625E+00
 0.000E+00 0.000E+00 0.000E+00 0.000E+00
 0.000E+00 0.000E+00 0.000E+00 0.000E+00
 0.000E+00 0.000E+00 0.000E+00 0.000E+00
      118.499068     2.653674    0.493175
 6
       4
     2     2     2     2
     0     1     1     1
 1.710E+00 1.625E+00 1.625E+00 1.625E+00
 0.000E+00 0.000E+00 0.000E+00 0.000E+00
 0.000E+00 0.000E+00 0.000E+00 0.000E+00
 0.000E+00 0.000E+00 0.000E+00 0.000E+00
      118.148656     -1.762483    -0.604943
 6
       4
     2     2     2     2
     0     1     1     1
 1.710E+00 1.625E+00 1.625E+00 1.625E+00
 0.000E+00 0.000E+00 0.000E+00 0.000E+00
 0.000E+00 0.000E+00 0.000E+00 0.000E+00
 0.000E+00 0.000E+00 0.000E+00 0.000E+00
      119.778071     0.391198    0.075406
 6
       4
     2     2     2     2
     0     1     1     1
 1.710E+00 1.625E+00 1.625E+00 1.625E+00
 0.000E+00 0.000E+00 0.000E+00 0.000E+00
 0.000E+00 0.000E+00 0.000E+00 0.000E+00
 0.000E+00 0.000E+00 0.000E+00 0.000E+00
      122.451585     0.170123    0.032311
 6
       4
     2     2     2     2
     0     1     1     1
 1.710E+00 1.625E+00 1.625E+00 1.625E+00
 0.000E+00 0.000E+00 0.000E+00 0.000E+00
 0.000E+00 0.000E+00 0.000E+00 0.000E+00
 0.000E+00 0.000E+00 0.000E+00 0.000E+00
      124.681972     0.164731    -0.107123
 6
       4
     2     2     2     2
     0     1     1     1
 1.710E+00 1.625E+00 1.625E+00 1.625E+00
 0.000E+00 0.000E+00 0.000E+00 0.000E+00
 0.000E+00 0.000E+00 0.000E+00 0.000E+00
 0.000E+00 0.000E+00 0.000E+00 0.000E+00
      127.388271     0.043443    -0.122241
 6
       4
     2     2     2     2
     0     1     1     1
 1.710E+00 1.625E+00 1.625E+00 1.625E+00
 0.000E+00 0.000E+00 0.000E+00 0.000E+00
 0.000E+00 0.000E+00 0.000E+00 0.000E+00
 0.000E+00 0.000E+00 0.000E+00 0.000E+00
      128.675247     -2.241485    -0.859090
 6
       4
     2     2     2     2
     0     1     1     1
 1.710E+00 1.625E+00 1.625E+00 1.625E+00
 0.000E+00 0.000E+00 0.000E+00 0.000E+00
 0.000E+00 0.000E+00 0.000E+00 0.000E+00
 0.000E+00 0.000E+00 0.000E+00 0.000E+00
      128.970953     2.080872    0.668037
 6
       4
     2     2     2     2
     0     1     1     1
 1.710E+00 1.625E+00 1.625E+00 1.625E+00
 0.000E+00 0.000E+00 0.000E+00 0.000E+00
 0.000E+00 0.000E+00 0.000E+00 0.000E+00
 0.000E+00 0.000E+00 0.000E+00 0.000E+00
      131.643022     1.786447    0.858743
 6
       4
     2     2     2     2
     0     1     1     1
 1.710E+00 1.625E+00 1.625E+00 1.625E+00
 0.000E+00 0.000E+00 0.000E+00 0.000E+00
 0.000E+00 0.000E+00 0.000E+00 0.000E+00
 0.000E+00 0.000E+00 0.000E+00 0.000E+00
      131.275646     -2.476573    -0.747443
 6
       4
     2     2     2     2
     0     1     1     1
 1.710E+00 1.625E+00 1.625E+00 1.625E+00
 0.000E+00 0.000E+00 0.000E+00 0.000E+00
 0.000E+00 0.000E+00 0.000E+00 0.000E+00
 0.000E+00 0.000E+00 0.000E+00 0.000E+00
      132.748056     -0.470736    0.111694
 6
       4
     2     2     2     2
     0     1     1     1
 1.710E+00 1.625E+00 1.625E+00 1.625E+00
 0.000E+00 0.000E+00 0.000E+00 0.000E+00
 0.000E+00 0.000E+00 0.000E+00 0.000E+00
 0.000E+00 0.000E+00 0.000E+00 0.000E+00
      135.382220     -0.790444    0.265125
 1
       1
     1
     0
 1.300E+00
 0.000E+00
 0.000E+00
 0.000E+00
      75.306063     4.212364    -0.440008
 1
       1
     1
     0
 1.300E+00
 0.000E+00
 0.000E+00
 0.000E+00
      80.118121     3.781387    -0.231539
 6
       4
     2     2     2     2
     0     1     1     1
 1.710E+00 1.625E+00 1.625E+00 1.625E+00
 0.000E+00 0.000E+00 0.000E+00 0.000E+00
 0.000E+00 0.000E+00 0.000E+00 0.000E+00
 0.000E+00 0.000E+00 0.000E+00 0.000E+00
      72.021547     0.247201    -0.003825
 1
       1
     1
     0
 1.300E+00
 0.000E+00
 0.000E+00
 0.000E+00
      74.846126     -4.069207    1.077614
 1
       1
     1
     0
 1.300E+00
 0.000E+00
 0.000E+00
 0.000E+00
      79.441688     -4.090319    1.457255
 1
       1
     1
     0
 1.300E+00
 0.000E+00
 0.000E+00
 0.000E+00
      87.833750     4.047364    -1.389591
 1
       1
     1
     0
 1.300E+00
 0.000E+00
 0.000E+00
 0.000E+00
      88.198644     -3.892216    0.964339
 1
       1
     1
     0
 1.300E+00
 0.000E+00
 0.000E+00
 0.000E+00
      92.783872     4.019003    -1.636871
 1
       1
     1
     0
 1.300E+00
 0.000E+00
 0.000E+00
 0.000E+00
      93.040020     -3.761690    1.199511
 1
       1
     1
     0
 1.300E+00
 0.000E+00
 0.000E+00
 0.000E+00
      101.099184     4.421460    -1.504725
 1
       1
     1
     0
 1.300E+00
 0.000E+00
 0.000E+00
 0.000E+00
      105.854150     4.926499    -0.684818
 1
       1
     1
     0
 1.300E+00
 0.000E+00
 0.000E+00
 0.000E+00
      101.559204     -3.347914    1.226735
 1
       1
     1
     0
 1.300E+00
 0.000E+00
 0.000E+00
 0.000E+00
      106.176872     -2.982335    1.604786
 1
       1
     1
     0
 1.300E+00
 0.000E+00
 0.000E+00
 0.000E+00
      115.038381     4.781976    0.797294
 1
       1
     1
     0
 1.300E+00
 0.000E+00
 0.000E+00
 0.000E+00
      114.360723     -3.116190    -1.152408
 1
       1
     1
     0
 1.300E+00
 0.000E+00
 0.000E+00
 0.000E+00
      119.557113     4.469680    1.042074
 1
       1
     1
     0
 1.300E+00
 0.000E+00
 0.000E+00
 0.000E+00
      119.030299     -3.572816    -0.872265
 1
       1
     1
     0
 1.300E+00
 0.000E+00
 0.000E+00
 0.000E+00
      127.877246     3.827801    1.364575
 1
       1
     1
     0
 1.300E+00
 0.000E+00
 0.000E+00
 0.000E+00
      127.343453     -3.809189    -1.590983
 1
       1
     1
     0
 1.300E+00
 0.000E+00
 0.000E+00
 0.000E+00
      132.761484     3.456906    1.740689
 1
       1
     1
     0
 1.300E+00
 0.000E+00
 0.000E+00
 0.000E+00
      132.079299     -4.299338    -1.349642
 1
       1
     1
     0
 1.300E+00
 0.000E+00
 0.000E+00
 0.000E+00
      140.854890     1.699457    3.382868
 1
       1
     1
     0
 1.300E+00
 0.000E+00
 0.000E+00
 0.000E+00
      140.632512     -4.659146    -2.102362
 1
       1
     1
     0
 1.300E+00
 0.000E+00
 0.000E+00
 0.000E+00
      148.218487     -1.442587    -0.015887
 1
       1
     1
     0
 1.300E+00
 0.000E+00
 0.000E+00
 0.000E+00
      145.328731     1.746899    2.957002
 1
       1
     1
     0
 1.300E+00
 0.000E+00
 0.000E+00
 0.000E+00
      145.496864     -4.614968    -2.301560
 6
       4
     2     2     2     2
     0     1     1     1
 1.710E+00 1.625E+00 1.625E+00 1.625E+00
 0.000E+00 0.000E+00 0.000E+00 0.000E+00
 0.000E+00 0.000E+00 0.000E+00 0.000E+00
 0.000E+00 0.000E+00 0.000E+00 0.000E+00
      137.646562     -1.099881    0.343486
 6
       4
     2     2     2     2
     0     1     1     1
 1.710E+00 1.625E+00 1.625E+00 1.625E+00
 0.000E+00 0.000E+00 0.000E+00 0.000E+00
 0.000E+00 0.000E+00 0.000E+00 0.000E+00
 0.000E+00 0.000E+00 0.000E+00 0.000E+00
      140.379453     -1.205076    0.410766
 6
       4
     2     2     2     2
     0     1     1     1
 1.710E+00 1.625E+00 1.625E+00 1.625E+00
 0.000E+00 0.000E+00 0.000E+00 0.000E+00
 0.000E+00 0.000E+00 0.000E+00 0.000E+00
 0.000E+00 0.000E+00 0.000E+00 0.000E+00
      141.800057     -3.115102    -1.082626
 6
       4
     2     2     2     2
     0     1     1     1
 1.710E+00 1.625E+00 1.625E+00 1.625E+00
 0.000E+00 0.000E+00 0.000E+00 0.000E+00
 0.000E+00 0.000E+00 0.000E+00 0.000E+00
 0.000E+00 0.000E+00 0.000E+00 0.000E+00
      141.691925     0.367969    1.824701
 6
       4
     2     2     2     2
     0     1     1     1
 1.710E+00 1.625E+00 1.625E+00 1.625E+00
 0.000E+00 0.000E+00 0.000E+00 0.000E+00
 0.000E+00 0.000E+00 0.000E+00 0.000E+00
 0.000E+00 0.000E+00 0.000E+00 0.000E+00
      144.404662     0.459118    1.682041
 6
       4
     2     2     2     2
     0     1     1     1
 1.710E+00 1.625E+00 1.625E+00 1.625E+00
 0.000E+00 0.000E+00 0.000E+00 0.000E+00
 0.000E+00 0.000E+00 0.000E+00 0.000E+00
 0.000E+00 0.000E+00 0.000E+00 0.000E+00
      144.344055     -3.051872    -1.230274
 6
       4
     2     2     2     2
     0     1     1     1
 1.710E+00 1.625E+00 1.625E+00 1.625E+00
 0.000E+00 0.000E+00 0.000E+00 0.000E+00
 0.000E+00 0.000E+00 0.000E+00 0.000E+00
 0.000E+00 0.000E+00 0.000E+00 0.000E+00
      145.765927     -1.250851    0.264439
# LCAO coefficients .. are not included.
         1
        1        0.000154278584886   k=         1
        2        0.000242970532293   k=         1
        3        0.000326432699327   k=         1
        4        0.005143507330488   k=         1
        5        0.000572004591778   k=         1
        6        0.002048041738139   k=         1
        7        -0.003301807239287   k=         1
        8        0.007682615072316   k=         1
        9        -0.000911181115789   k=         1
        10        -0.001189700500032   k=         1
        11        -0.004263287530675   k=         1
        12        0.006377612138364   k=         1
        13        -0.000128739187194   k=         1
        14        -0.000545643956153   k=         1
        15        0.000636035677984   k=         1
        16        -0.001587510011654   k=         1
        17        -0.000070234911156   k=         1
        18        0.000942649374193   k=         1
        19        0.003083313422032   k=         1
        20        -0.008839186273525   k=         1
        21        0.000307351586548   k=         1
        22        0.000471410398609   k=         1
        23        0.001003069777717   k=         1
        24        -0.001633761384346   k=         1
        25        -0.000567855781367   k=         1
        26        -0.000091595365342   k=         1
        27        -0.005300883520458   k=         1
        28        -0.017208591239695   k=         1
        29        0.000319357615170   k=         1
        30        0.000116053295719   k=         1
        31        -0.001735436370449   k=         1
        32        -0.007826546744111   k=         1
        33        -0.000145764640475   k=         1
        34        -0.001941623514440   k=         1
        35        0.006496085903068   k=         1
        36        0.020945122606137   k=         1
        37        0.000125215629953   k=         1
        38        -0.000774334705923   k=         1
        39        0.001540060143852   k=         1
        40        0.009297035475921   k=         1
        41        -0.000027994385946   k=         1
        42        -0.000902436522856   k=         1
        43        0.001810431324411   k=         1
        44        0.009357145154936   k=         1
        45        -0.000432642762246   k=         1
        46        0.000669510802270   k=         1
        47        -0.001749260420664   k=         1
        48        -0.017285922976396   k=         1
        49        0.000756422587291   k=         1
        50        0.002052360546225   k=         1
        51        -0.000692942560021   k=         1
        52        -0.015605764490240   k=         1
        53        -0.000135303199768   k=         1
        54        0.001921465979961   k=         1
        55        -0.006129348654672   k=         1
        56        -0.016895633937422   k=         1
        57        0.000309830782822   k=         1
        58        -0.001590625726630   k=         1
        59        0.013159186900878   k=         1
        60        0.022327684322067   k=         1
        61        0.000055039678298   k=         1
        62        0.001173262926180   k=         1
        63        0.008185959643462   k=         1
        64        0.017698267672048   k=         1
        65        0.000382011115009   k=         1
        66        -0.002327830637021   k=         1
        67        -0.016479892279772   k=         1
        68        -0.026923849430170   k=         1
        69        -0.000647634461784   k=         1
        70        -0.000090289670329   k=         1
        71        -0.011567837692591   k=         1
        72        -0.014595689064385   k=         1
        73        0.000406927355646   k=         1
        74        -0.001397609433583   k=         1
        75        -0.009624494595485   k=         1
        76        -0.011562002099621   k=         1
        77        -0.001632541918562   k=         1
        78        0.001427066932845   k=         1
        79        0.021050767391163   k=         1
        80        0.020322827438868   k=         1
        81        0.001766936464697   k=         1
        82        0.003626198042505   k=         1
        83        0.019682890327721   k=         1
        84        0.018129100062891   k=         1
        85        -0.000056412986737   k=         1
        86        0.003296603426267   k=         1
        87        0.013443399869473   k=         1
        88        0.023148977827121   k=         1
        89        0.002903721577775   k=         1
        90        -0.003390842937381   k=         1
        91        -0.016809949252997   k=         1
        92        -0.052334999524409   k=         1
        93        -0.001721938995242   k=         1
        94        -0.000300004876693   k=         1
        95        -0.013075895622459   k=         1
        96        -0.028655053982607   k=         1
        97        0.000328735398530   k=         1
        98        -0.000383462176098   k=         1
        99        0.022390107092547   k=         1
        100        0.071921325126754   k=         1
        101        -0.001373272934073   k=         1
        102        -0.004025183642388   k=         1
        103        0.005986499350500   k=         1
        104        0.031495966493443   k=         1
        105        0.000766522285151   k=         1
        106        -0.002092730608233   k=         1
        107        0.009175941229322   k=         1
        108        0.033815271329639   k=         1
        109        -0.001938918551637   k=         1
        110        -0.002684309283840   k=         1
        111        -0.015237349324944   k=         1
        112        -0.063993617210100   k=         1
        113        0.001600602165634   k=         1
        114        0.006833299563554   k=         1
        115        -0.008780732253602   k=         1
        116        -0.049488465240321   k=         1
        117        0.000369157415514   k=         1
        118        -0.007095801644872   k=         1
        119        -0.023946892900578   k=         1
        120        -0.057303337444803   k=         1
        121        -0.000224653938860   k=         1
        122        0.010131601475562   k=         1
        123        0.046512460056581   k=         1
        124        0.074410834936670   k=         1
        125        -0.000509290765925   k=         1
        126        0.002111377975792   k=         1
        127        0.031675780174576   k=         1
        128        0.062545052679629   k=         1
        129        0.002262709470870   k=         1
        130        0.001655799647999   k=         1
        131        -0.054961535675098   k=         1
        132        -0.082031976250786   k=         1
        133        -0.003288749513901   k=         1
        134        -0.003889669917891   k=         1
        135        -0.035124834885817   k=         1
        136        -0.059031702379871   k=         1
        137        0.001299583209281   k=         1
        138        0.006156745306753   k=         1
        139        -0.024524432760850   k=         1
        140        -0.046528649304090   k=         1
        141        -0.000876501603460   k=         1
        142        -0.010179231104000   k=         1
        143        0.021778453374992   k=         1
        144        0.047681539337628   k=         1
        145        -0.000603600680209   k=         1
        146        0.004903567561380   k=         1
        147        0.031511261810043   k=         1
        148        0.077342289266279   k=         1
        149        0.001997938418264   k=         1
        150        -0.012086599662441   k=         1
        151        0.040012046396096   k=         1
        152        0.086281287454653   k=         1
        153        -0.003767465001035   k=         1
        154        0.004078317078620   k=         1
        155        -0.025514050551753   k=         1
        156        -0.087319403876942   k=         1
        157        0.000748385592206   k=         1
        158        -0.000420452318962   k=         1
        159        -0.000081778257217   k=         1
        160        -0.000719326759254   k=         1
        161        0.000312792731913   k=         1
        162        -0.001041857454330   k=         1
        163        0.001310630801970   k=         1
        164        0.000765235963046   k=         1
        165        -0.000840745318261   k=         1
        166        -0.001828489734541   k=         1
        167        0.001388452472670   k=         1
        168        0.001977789077550   k=         1
        169        -0.001595308237966   k=         1
        170        -0.001687560594401   k=         1
        171        0.003444681893591   k=         1
        172        0.003046865569268   k=         1
        173        -0.000852204640914   k=         1
        174        0.000188931286144   k=         1
        175        -0.001774735841262   k=         1
        176        -0.000035234432150   k=         1
        177        0.002599028519261   k=         1
        178        0.003414495162942   k=         1
        179        -0.004640921880408   k=         1
        180        -0.004851835464332   k=         1
        181        -0.003508874141735   k=         1
        182        0.020474540994932   k=         1
        183        0.116136382238397   k=         1
        184        -0.002420365886506   k=         1
        185        0.003875878957949   k=         1
        186        0.002631829987810   k=         1
        187        -0.004052088749537   k=         1
        188        -0.032581531217586   k=         1
        189        -0.083224628492998   k=         1
        190        -0.002535611682147   k=         1
        191        0.002235047393057   k=         1
        192        0.026318052975343   k=         1
        193        0.105459596955103   k=         1
        194        -0.000429395892649   k=         1
        195        0.000086860831882   k=         1
        196        0.021866356669852   k=         1
        197        0.052141695018684   k=         1
        198        0.001455011413279   k=         1
        199        -0.001292613571221   k=         1
        200        0.022768891784656   k=         1
        201        0.076547158864506   k=         1
        202        0.000745141410271   k=         1
        203        0.000493798978781   k=         1
        204        -0.038582956538221   k=         1
        205        -0.090397136462467   k=         1
        206        -0.000811823553948   k=         1
        207        -0.001273224199502   k=         1
        208        -0.024303407287909   k=         1
        209        -0.044705731086750   k=         1
        210        -0.002391921372712   k=         1
        211        -0.003405966602279   k=         1
        212        -0.023136147465990   k=         1
        213        -0.099159462732367   k=         1
        214        -0.000147851439927   k=         1
        215        -0.011539586706981   k=         1
        216        0.021483061829138   k=         1
        217        0.125688593873553   k=         1
        218        -0.000687556572222   k=         1
        219        0.000105762599787   k=         1
        220        0.019247081258084   k=         1
        221        0.076584493782468   k=         1
        222        -0.002579686271002   k=         1
        223        -0.004404433339466   k=         1
        224        0.022140364524989   k=         1
        225        0.098668543373782   k=         1
        226        -0.000119842410047   k=         1
        227        -0.000075139548458   k=         1
        228        -0.015832932836649   k=         1
        229        -0.076740167695546   k=         1
        230        -0.001181943549181   k=         1
        231        0.016777767094233   k=         1
        232        -0.021659787168208   k=         1
        233        -0.128111449555259   k=         1
        234        0.000748592888946   k=         1
        235        0.001248291112695   k=         1
        236        -0.014097016332435   k=         1
        237        -0.080281392984581   k=         1
        238        -0.003835440739636   k=         1
        239        -0.001559738180585   k=         1
        240        -0.025037929075014   k=         1
        241        -0.116400567062350   k=         1
        242        -0.002191029723550   k=         1
        243        -0.029161993492828   k=         1
        244        -0.022686661103164   k=         1
        245        -0.113266207922962   k=         1
        246        -0.005191905044445   k=         1
        247        0.022847480575050   k=         1
        248        0.031454247417179   k=         1
        249        0.117797889346134   k=         1
        250        0.002590460685504   k=         1
        251        -0.002979708779825   k=         1
        252        0.024158423279277   k=         1
        253        0.076395904556745   k=         1
        254        0.003144944890189   k=         1
        255        -0.016007434165104   k=         1
        256        0.031031203071872   k=         1
        257        0.092799661412088   k=         1
        258        -0.001721306999758   k=         1
        259        0.002605919227820   k=         1
        260        -0.038081478630085   k=         1
        261        -0.089154813855787   k=         1
        262        -0.002922287636183   k=         1
        263        0.012762952475559   k=         1
        264        -0.020049116729463   k=         1
        265        -0.065068528063080   k=         1
        266        -0.000630916177101   k=         1
        267        -0.005199312225053   k=         1
        268        -0.042650404147776   k=         1
        269        -0.118274167730051   k=         1
        270        -0.000333448253831   k=         1
        271        0.009666831123154   k=         1
        272        0.040887417198582   k=         1
        273        0.104990122647112   k=         1
        274        -0.000755022743664   k=         1
        275        0.001052148533827   k=         1
        276        0.038980424447084   k=         1
        277        0.103772465470023   k=         1
        278        -0.000773570468783   k=         1
        279        0.011193564365877   k=         1
        280        -0.044183833478638   k=         1
        281        -0.117141930065117   k=         1
        282        -0.000593657232816   k=         1
        283        0.015650995897009   k=         1
        284        -0.032107493780534   k=         1
        285        -0.091669213400566   k=         1
        286        0.003363272980346   k=         1
        287        0.022319208090537   k=         1
        288        -0.019349329799573   k=         1
        289        -0.065867821647071   k=         1
        290        -0.001900460159407   k=         1
        291        -0.025109775214481   k=         1
        292        0.024136162183834   k=         1
        293        0.059782567717572   k=         1
        294        0.003547164313115   k=         1
        295        -0.007109705299612   k=         1
        296        0.033068651637814   k=         1
        297        0.079505243258720   k=         1
        298        -0.002789929294271   k=         1
        299        0.003503540079688   k=         1
        300        0.027854969832269   k=         1
        301        0.124421005989246   k=         1
        302        0.006036527496142   k=         1
        303        -0.009441027121228   k=         1
        304        0.010127630938935   k=         1
        305        -0.099756761849989   k=         1
        306        -0.006155081398854   k=         1
        307        -0.013850307084186   k=         1
        308        -0.013602870022267   k=         1
        309        -0.107301871912713   k=         1
        310        0.002867928753729   k=         1
        311        0.010175025152919   k=         1
        312        -0.026837391052834   k=         1
        313        0.120468804718316   k=         1
        314        -0.005136327153341   k=         1
        315        -0.004280759128578   k=         1
        316        -0.021001276578467   k=         1
        317        0.059179108962938   k=         1
        318        0.000999925985016   k=         1
        319        -0.015813317765587   k=         1
        320        -0.024845988763862   k=         1
        321        0.082174043768278   k=         1
        322        -0.000157062653585   k=         1
        323        0.015372193564108   k=         1
        324        0.015380132397694   k=         1
        325        -0.075184976108628   k=         1
        326        0.000962730619773   k=         1
        327        0.014265084927218   k=         1
        328        0.019928905372348   k=         1
        329        -0.080847109344826   k=         1
        330        -0.002019281909029   k=         1
        331        0.001922425837092   k=         1
        332        0.029455097222596   k=         1
        333        -0.118895354816384   k=         1
        334        -0.000049882255732   k=         1
        335        0.007469635769627   k=         1
        336        -0.025726277446755   k=         1
        337        0.090077356682983   k=         1
        338        -0.001266304374680   k=         1
        339        0.006404087763047   k=         1
        340        -0.027336448356255   k=         1
        341        0.104329697194466   k=         1
        342        -0.000429933944019   k=         1
        343        0.000116846715827   k=         1
        344        0.026825425889917   k=         1
        345        -0.092645134671310   k=         1
        346        0.000191713274587   k=         1
        347        0.005301937458256   k=         1
        348        0.029370377936172   k=         1
        349        -0.070589255226068   k=         1
        350        0.000822614762823   k=         1
        351        0.010736045975135   k=         1
        352        0.034719757052938   k=         1
        353        -0.074089536881853   k=         1
        354        0.000014656671405   k=         1
        355        -0.009621976170681   k=         1
        356        -0.021379571467501   k=         1
        357        0.050659471770856   k=         1
        358        0.000232499798353   k=         1
        359        -0.004662377643932   k=         1
        360        -0.017371233501442   k=         1
        361        0.045629717632971   k=         1
        362        -0.000211712604537   k=         1
        363        -0.008959860675673   k=         1
        364        -0.034431959179947   k=         1
        365        0.097571718523374   k=         1
        366        0.000262239050058   k=         1
        367        0.004125502943009   k=         1
        368        0.022048212078744   k=         1
        369        -0.046984925857789   k=         1
        370        -0.000121815372144   k=         1
        371        0.002797454302892   k=         1
        372        0.001155670398891   k=         1
        373        -0.016170136946658   k=         1
        374        0.022675265953653   k=         1
        375        0.098366506162828   k=         1
        376        0.002718532328433   k=         1
        377        0.000706615447310   k=         1
        378        0.005622472591745   k=         1
        379        0.003421140386805   k=         1
        380        0.001709430378146   k=         1
        381        0.004436279189365   k=         1
        382        -0.005732176824473   k=         1
        383        -0.003192531511108   k=         1
        384        0.000329370294305   k=         1
        385        -0.007028817641258   k=         1
        386        0.004204191194481   k=         1
        387        0.005484994882532   k=         1
        388        0.004138063194238   k=         1
        389        -0.000823218992024   k=         1
        390        0.000560778255933   k=         1
        391        -0.002841020998439   k=         1
        392        -0.003173118393714   k=         1
        393        0.001350496933718   k=         1
        394        -0.003968495478406   k=         1
        395        0.001053854276618   k=         1
        396        0.002335876191010   k=         1
        397        0.002185076707789   k=         1
        398        -0.005005528148843   k=         1
        399        0.000700949227550   k=         1
        400        0.008330262832159   k=         1
        401        0.031894820204062   k=         1
        402        -0.083295090406421   k=         1
        403        -0.000307015649454   k=         1
        404        -0.003669691161026   k=         1
        405        -0.018141094133891   k=         1
        406        0.032268719103962   k=         1
        407        -0.003260621652556   k=         1
        408        0.009970687169963   k=         1
        409        -0.030912282107863   k=         1
        410        0.026279069185381   k=         1
        411        0.001563213529059   k=         1
        412        0.002254180508876   k=         1
        413        -0.041666759792958   k=         1
        414        0.033723984279777   k=         1
        415        0.000728934538766   k=         1
        416        -0.001902769796062   k=         1
        417        0.012230135085574   k=         1
        418        -0.011369459226774   k=         1
        419        0.001617880680838   k=         1
        420        -0.002914497175017   k=         1
        421        0.006846658861512   k=         1
        422        -0.007403487977943   k=         1
        423        -0.001485241340170   k=         1
        424        -0.000242363715873   k=         1
        425        0.033732942183262   k=         1
        426        -0.044129843938690   k=         1
