# file_format= v0.04.05
       144       426
    188.97268778      0.00000000      0.00000000    0
      0.00000000    188.97268778      0.00000000    0
      0.00000000      0.00000000    188.97268778    0
 6
       4
     2     2     2     2
     0     1     1     1
 1.710E+00 1.625E+00 1.625E+00 1.625E+00
 0.000E+00 0.000E+00 0.000E+00 0.000E+00
 0.000E+00 0.000E+00 0.000E+00 0.000E+00
 0.000E+00 0.000E+00 0.000E+00 0.000E+00
      1.118070     -0.894275    -0.088314
 6
       4
     2     2     2     2
     0     1     1     1
 1.710E+00 1.625E+00 1.625E+00 1.625E+00
 0.000E+00 0.000E+00 0.000E+00 0.000E+00
 0.000E+00 0.000E+00 0.000E+00 0.000E+00
 0.000E+00 0.000E+00 0.000E+00 0.000E+00
      -0.633391     1.034958    0.622825
 6
       4
     2     2     2     2
     0     1     1     1
 1.710E+00 1.625E+00 1.625E+00 1.625E+00
 0.000E+00 0.000E+00 0.000E+00 0.000E+00
 0.000E+00 0.000E+00 0.000E+00 0.000E+00
 0.000E+00 0.000E+00 0.000E+00 0.000E+00
      0.413584     -3.310923    -0.677425
 6
       4
     2     2     2     2
     0     1     1     1
 1.710E+00 1.625E+00 1.625E+00 1.625E+00
 0.000E+00 0.000E+00 0.000E+00 0.000E+00
 0.000E+00 0.000E+00 0.000E+00 0.000E+00
 0.000E+00 0.000E+00 0.000E+00 0.000E+00
      -3.222372     0.534012    0.287316
 6
       4
     2     2     2     2
     0     1     1     1
 1.710E+00 1.625E+00 1.625E+00 1.625E+00
 0.000E+00 0.000E+00 0.000E+00 0.000E+00
 0.000E+00 0.000E+00 0.000E+00 0.000E+00
 0.000E+00 0.000E+00 0.000E+00 0.000E+00
      -3.847703     -2.010485    -0.414330
 6
       4
     2     2     2     2
     0     1     1     1
 1.710E+00 1.625E+00 1.625E+00 1.625E+00
 0.000E+00 0.000E+00 0.000E+00 0.000E+00
 0.000E+00 0.000E+00 0.000E+00 0.000E+00
 0.000E+00 0.000E+00 0.000E+00 0.000E+00
      -2.120256     -3.832742    -0.891584
 6
       4
     2     2     2     2
     0     1     1     1
 1.710E+00 1.625E+00 1.625E+00 1.625E+00
 0.000E+00 0.000E+00 0.000E+00 0.000E+00
 0.000E+00 0.000E+00 0.000E+00 0.000E+00
 0.000E+00 0.000E+00 0.000E+00 0.000E+00
      3.966537     -0.365796    -0.055146
 6
       4
     2     2     2     2
     0     1     1     1
 1.710E+00 1.625E+00 1.625E+00 1.625E+00
 0.000E+00 0.000E+00 0.000E+00 0.000E+00
 0.000E+00 0.000E+00 0.000E+00 0.000E+00
 0.000E+00 0.000E+00 0.000E+00 0.000E+00
      6.241689     -0.412368    -0.170621
 6
       4
     2     2     2     2
     0     1     1     1
 1.710E+00 1.625E+00 1.625E+00 1.625E+00
 0.000E+00 0.000E+00 0.000E+00 0.000E+00
 0.000E+00 0.000E+00 0.000E+00 0.000E+00
 0.000E+00 0.000E+00 0.000E+00 0.000E+00
      8.951488     0.060621    -0.090741
 6
       4
     2     2     2     2
     0     1     1     1
 1.710E+00 1.625E+00 1.625E+00 1.625E+00
 0.000E+00 0.000E+00 0.000E+00 0.000E+00
 0.000E+00 0.000E+00 0.000E+00 0.000E+00
 0.000E+00 0.000E+00 0.000E+00 0.000E+00
      10.021937     2.570007    -0.298766
 6
       4
     2     2     2     2
     0     1     1     1
 1.710E+00 1.625E+00 1.625E+00 1.625E+00
 0.000E+00 0.000E+00 0.000E+00 0.000E+00
 0.000E+00 0.000E+00 0.000E+00 0.000E+00
 0.000E+00 0.000E+00 0.000E+00 0.000E+00
      10.573673     -2.007911    0.498234
 6
       4
     2     2     2     2
     0     1     1     1
 1.710E+00 1.625E+00 1.625E+00 1.625E+00
 0.000E+00 0.000E+00 0.000E+00 0.000E+00
 0.000E+00 0.000E+00 0.000E+00 0.000E+00
 0.000E+00 0.000E+00 0.000E+00 0.000E+00
      12.555659     2.956820    -0.103795
 6
       4
     2     2     2     2
     0     1     1     1
 1.710E+00 1.625E+00 1.625E+00 1.625E+00
 0.000E+00 0.000E+00 0.000E+00 0.000E+00
 0.000E+00 0.000E+00 0.000E+00 0.000E+00
 0.000E+00 0.000E+00 0.000E+00 0.000E+00
      13.125876     -1.630599    0.763712
 6
       4
     2     2     2     2
     0     1     1     1
 1.710E+00 1.625E+00 1.625E+00 1.625E+00
 0.000E+00 0.000E+00 0.000E+00 0.000E+00
 0.000E+00 0.000E+00 0.000E+00 0.000E+00
 0.000E+00 0.000E+00 0.000E+00 0.000E+00
      14.244220     0.819211    0.316501
 6
       4
     2     2     2     2
     0     1     1     1
 1.710E+00 1.625E+00 1.625E+00 1.625E+00
 0.000E+00 0.000E+00 0.000E+00 0.000E+00
 0.000E+00 0.000E+00 0.000E+00 0.000E+00
 0.000E+00 0.000E+00 0.000E+00 0.000E+00
      16.955470     0.985129    0.203650
 6
       4
     2     2     2     2
     0     1     1     1
 1.710E+00 1.625E+00 1.625E+00 1.625E+00
 0.000E+00 0.000E+00 0.000E+00 0.000E+00
 0.000E+00 0.000E+00 0.000E+00 0.000E+00
 0.000E+00 0.000E+00 0.000E+00 0.000E+00
      19.221397     1.215457    0.184091
 6
       4
     2     2     2     2
     0     1     1     1
 1.710E+00 1.625E+00 1.625E+00 1.625E+00
 0.000E+00 0.000E+00 0.000E+00 0.000E+00
 0.000E+00 0.000E+00 0.000E+00 0.000E+00
 0.000E+00 0.000E+00 0.000E+00 0.000E+00
      21.955071     1.278592    0.288601
 6
       4
     2     2     2     2
     0     1     1     1
 1.710E+00 1.625E+00 1.625E+00 1.625E+00
 0.000E+00 0.000E+00 0.000E+00 0.000E+00
 0.000E+00 0.000E+00 0.000E+00 0.000E+00
 0.000E+00 0.000E+00 0.000E+00 0.000E+00
      23.128804     -0.700620    1.641811
 6
       4
     2     2     2     2
     0     1     1     1
 1.710E+00 1.625E+00 1.625E+00 1.625E+00
 0.000E+00 0.000E+00 0.000E+00 0.000E+00
 0.000E+00 0.000E+00 0.000E+00 0.000E+00
 0.000E+00 0.000E+00 0.000E+00 0.000E+00
      23.355220     3.147609    -0.941845
 6
       4
     2     2     2     2
     0     1     1     1
 1.710E+00 1.625E+00 1.625E+00 1.625E+00
 0.000E+00 0.000E+00 0.000E+00 0.000E+00
 0.000E+00 0.000E+00 0.000E+00 0.000E+00
 0.000E+00 0.000E+00 0.000E+00 0.000E+00
      26.103405     2.949237    -1.236019
 6
       4
     2     2     2     2
     0     1     1     1
 1.710E+00 1.625E+00 1.625E+00 1.625E+00
 0.000E+00 0.000E+00 0.000E+00 0.000E+00
 0.000E+00 0.000E+00 0.000E+00 0.000E+00
 0.000E+00 0.000E+00 0.000E+00 0.000E+00
      25.859073     -0.934709    1.382287
 6
       4
     2     2     2     2
     0     1     1     1
 1.710E+00 1.625E+00 1.625E+00 1.625E+00
 0.000E+00 0.000E+00 0.000E+00 0.000E+00
 0.000E+00 0.000E+00 0.000E+00 0.000E+00
 0.000E+00 0.000E+00 0.000E+00 0.000E+00
      27.183956     0.860158    -0.090918
 6
       4
     2     2     2     2
     0     1     1     1
 1.710E+00 1.625E+00 1.625E+00 1.625E+00
 0.000E+00 0.000E+00 0.000E+00 0.000E+00
 0.000E+00 0.000E+00 0.000E+00 0.000E+00
 0.000E+00 0.000E+00 0.000E+00 0.000E+00
      29.997161     0.531858    -0.132487
 6
       4
     2     2     2     2
     0     1     1     1
 1.710E+00 1.625E+00 1.625E+00 1.625E+00
 0.000E+00 0.000E+00 0.000E+00 0.000E+00
 0.000E+00 0.000E+00 0.000E+00 0.000E+00
 0.000E+00 0.000E+00 0.000E+00 0.000E+00
      32.281153     0.175266    -0.176088
 6
       4
     2     2     2     2
     0     1     1     1
 1.710E+00 1.625E+00 1.625E+00 1.625E+00
 0.000E+00 0.000E+00 0.000E+00 0.000E+00
 0.000E+00 0.000E+00 0.000E+00 0.000E+00
 0.000E+00 0.000E+00 0.000E+00 0.000E+00
      35.183011     -0.000520    -0.214493
 6
       4
     2     2     2     2
     0     1     1     1
 1.710E+00 1.625E+00 1.625E+00 1.625E+00
 0.000E+00 0.000E+00 0.000E+00 0.000E+00
 0.000E+00 0.000E+00 0.000E+00 0.000E+00
 0.000E+00 0.000E+00 0.000E+00 0.000E+00
      36.194857     -2.262263    0.504693
 6
       4
     2     2     2     2
     0     1     1     1
 1.710E+00 1.625E+00 1.625E+00 1.625E+00
 0.000E+00 0.000E+00 0.000E+00 0.000E+00
 0.000E+00 0.000E+00 0.000E+00 0.000E+00
 0.000E+00 0.000E+00 0.000E+00 0.000E+00
      36.776564     2.085324    -0.945619
 6
       4
     2     2     2     2
     0     1     1     1
 1.710E+00 1.625E+00 1.625E+00 1.625E+00
 0.000E+00 0.000E+00 0.000E+00 0.000E+00
 0.000E+00 0.000E+00 0.000E+00 0.000E+00
 0.000E+00 0.000E+00 0.000E+00 0.000E+00
      39.363557     1.879746    -0.982950
 6
       4
     2     2     2     2
     0     1     1     1
 1.710E+00 1.625E+00 1.625E+00 1.625E+00
 0.000E+00 0.000E+00 0.000E+00 0.000E+00
 0.000E+00 0.000E+00 0.000E+00 0.000E+00
 0.000E+00 0.000E+00 0.000E+00 0.000E+00
      39.024484     -2.536422    0.555211
 6
       4
     2     2     2     2
     0     1     1     1
 1.710E+00 1.625E+00 1.625E+00 1.625E+00
 0.000E+00 0.000E+00 0.000E+00 0.000E+00
 0.000E+00 0.000E+00 0.000E+00 0.000E+00
 0.000E+00 0.000E+00 0.000E+00 0.000E+00
      40.461908     -0.451926    -0.104976
 6
       4
     2     2     2     2
     0     1     1     1
 1.710E+00 1.625E+00 1.625E+00 1.625E+00
 0.000E+00 0.000E+00 0.000E+00 0.000E+00
 0.000E+00 0.000E+00 0.000E+00 0.000E+00
 0.000E+00 0.000E+00 0.000E+00 0.000E+00
      43.275553     -0.655601    0.066191
 6
       4
     2     2     2     2
     0     1     1     1
 1.710E+00 1.625E+00 1.625E+00 1.625E+00
 0.000E+00 0.000E+00 0.000E+00 0.000E+00
 0.000E+00 0.000E+00 0.000E+00 0.000E+00
 0.000E+00 0.000E+00 0.000E+00 0.000E+00
      45.538853     -0.443953    -0.066201
 6
       4
     2     2     2     2
     0     1     1     1
 1.710E+00 1.625E+00 1.625E+00 1.625E+00
 0.000E+00 0.000E+00 0.000E+00 0.000E+00
 0.000E+00 0.000E+00 0.000E+00 0.000E+00
 0.000E+00 0.000E+00 0.000E+00 0.000E+00
      48.357111     -0.347967    -0.347419
 6
       4
     2     2     2     2
     0     1     1     1
 1.710E+00 1.625E+00 1.625E+00 1.625E+00
 0.000E+00 0.000E+00 0.000E+00 0.000E+00
 0.000E+00 0.000E+00 0.000E+00 0.000E+00
 0.000E+00 0.000E+00 0.000E+00 0.000E+00
      49.833286     -2.466181    0.677104
 6
       4
     2     2     2     2
     0     1     1     1
 1.710E+00 1.625E+00 1.625E+00 1.625E+00
 0.000E+00 0.000E+00 0.000E+00 0.000E+00
 0.000E+00 0.000E+00 0.000E+00 0.000E+00
 0.000E+00 0.000E+00 0.000E+00 0.000E+00
      49.481141     1.710899    -1.588513
 6
       4
     2     2     2     2
     0     1     1     1
 1.710E+00 1.625E+00 1.625E+00 1.625E+00
 0.000E+00 0.000E+00 0.000E+00 0.000E+00
 0.000E+00 0.000E+00 0.000E+00 0.000E+00
 0.000E+00 0.000E+00 0.000E+00 0.000E+00
      52.323750     1.703369    -1.560269
 6
       4
     2     2     2     2
     0     1     1     1
 1.710E+00 1.625E+00 1.625E+00 1.625E+00
 0.000E+00 0.000E+00 0.000E+00 0.000E+00
 0.000E+00 0.000E+00 0.000E+00 0.000E+00
 0.000E+00 0.000E+00 0.000E+00 0.000E+00
      52.503497     -2.413413    0.685640
 6
       4
     2     2     2     2
     0     1     1     1
 1.710E+00 1.625E+00 1.625E+00 1.625E+00
 0.000E+00 0.000E+00 0.000E+00 0.000E+00
 0.000E+00 0.000E+00 0.000E+00 0.000E+00
 0.000E+00 0.000E+00 0.000E+00 0.000E+00
      53.764180     -0.256419    -0.430240
 6
       4
     2     2     2     2
     0     1     1     1
 1.710E+00 1.625E+00 1.625E+00 1.625E+00
 0.000E+00 0.000E+00 0.000E+00 0.000E+00
 0.000E+00 0.000E+00 0.000E+00 0.000E+00
 0.000E+00 0.000E+00 0.000E+00 0.000E+00
      56.548310     -0.101979    -0.383869
 1
       1
     1
     0
 1.300E+00
 0.000E+00
 0.000E+00
 0.000E+00
      -4.310036     2.009718    0.660969
 1
       1
     1
     0
 1.300E+00
 0.000E+00
 0.000E+00
 0.000E+00
      -0.489263     2.880866    1.108589
 1
       1
     1
     0
 1.300E+00
 0.000E+00
 0.000E+00
 0.000E+00
      -5.926814     -1.613021    -0.645442
 1
       1
     1
     0
 1.300E+00
 0.000E+00
 0.000E+00
 0.000E+00
      -2.790419     -5.602074    -1.517170
 1
       1
     1
     0
 1.300E+00
 0.000E+00
 0.000E+00
 0.000E+00
      1.676155     -4.713619    -1.026348
 1
       1
     1
     0
 1.300E+00
 0.000E+00
 0.000E+00
 0.000E+00
      8.616117     3.836278    -0.614242
 1
       1
     1
     0
 1.300E+00
 0.000E+00
 0.000E+00
 0.000E+00
      9.852517     -3.782239    0.758113
 1
       1
     1
     0
 1.300E+00
 0.000E+00
 0.000E+00
 0.000E+00
      13.413099     4.707752    -0.109313
 1
       1
     1
     0
 1.300E+00
 0.000E+00
 0.000E+00
 0.000E+00
      14.320200     -3.102267    1.098870
 1
       1
     1
     0
 1.300E+00
 0.000E+00
 0.000E+00
 0.000E+00
      22.395866     4.627398    -1.701524
 1
       1
     1
     0
 1.300E+00
 0.000E+00
 0.000E+00
 0.000E+00
      27.261522     4.171729    -2.225098
 1
       1
     1
     0
 1.300E+00
 0.000E+00
 0.000E+00
 0.000E+00
      21.968429     -1.945823    2.557653
 1
       1
     1
     0
 1.300E+00
 0.000E+00
 0.000E+00
 0.000E+00
      26.874691     -2.267322    2.359710
 1
       1
     1
     0
 1.300E+00
 0.000E+00
 0.000E+00
 0.000E+00
      35.787168     3.739783    -1.432344
 1
       1
     1
     0
 1.300E+00
 0.000E+00
 0.000E+00
 0.000E+00
      35.175807     -3.843485    0.968811
 1
       1
     1
     0
 1.300E+00
 0.000E+00
 0.000E+00
 0.000E+00
      40.611105     3.243397    -1.456676
 1
       1
     1
     0
 1.300E+00
 0.000E+00
 0.000E+00
 0.000E+00
      39.633902     -4.197641    1.268900
 1
       1
     1
     0
 1.300E+00
 0.000E+00
 0.000E+00
 0.000E+00
      48.598830     3.151248    -2.491432
 1
       1
     1
     0
 1.300E+00
 0.000E+00
 0.000E+00
 0.000E+00
      48.785002     -3.964700    1.229745
 1
       1
     1
     0
 1.300E+00
 0.000E+00
 0.000E+00
 0.000E+00
      52.990039     3.333199    -2.286079
 1
       1
     1
     0
 1.300E+00
 0.000E+00
 0.000E+00
 0.000E+00
      53.510184     -3.941316    1.376856
 1
       1
     1
     0
 1.300E+00
 0.000E+00
 0.000E+00
 0.000E+00
      61.886387     4.306147    -1.369673
 1
       1
     1
     0
 1.300E+00
 0.000E+00
 0.000E+00
 0.000E+00
      62.344007     -3.496668    1.036182
 6
       4
     2     2     2     2
     0     1     1     1
 1.710E+00 1.625E+00 1.625E+00 1.625E+00
 0.000E+00 0.000E+00 0.000E+00 0.000E+00
 0.000E+00 0.000E+00 0.000E+00 0.000E+00
 0.000E+00 0.000E+00 0.000E+00 0.000E+00
      69.796120     0.545830    -0.239672
 1
       1
     1
     0
 1.300E+00
 0.000E+00
 0.000E+00
 0.000E+00
      66.545049     4.453277    -1.594604
 1
       1
     1
     0
 1.300E+00
 0.000E+00
 0.000E+00
 0.000E+00
      66.629450     -3.250410    1.123964
 6
       4
     2     2     2     2
     0     1     1     1
 1.710E+00 1.625E+00 1.625E+00 1.625E+00
 0.000E+00 0.000E+00 0.000E+00 0.000E+00
 0.000E+00 0.000E+00 0.000E+00 0.000E+00
 0.000E+00 0.000E+00 0.000E+00 0.000E+00
      58.791246     0.238003    -0.259386
 6
       4
     2     2     2     2
     0     1     1     1
 1.710E+00 1.625E+00 1.625E+00 1.625E+00
 0.000E+00 0.000E+00 0.000E+00 0.000E+00
 0.000E+00 0.000E+00 0.000E+00 0.000E+00
 0.000E+00 0.000E+00 0.000E+00 0.000E+00
      61.627954     0.387543    -0.169216
 6
       4
     2     2     2     2
     0     1     1     1
 1.710E+00 1.625E+00 1.625E+00 1.625E+00
 0.000E+00 0.000E+00 0.000E+00 0.000E+00
 0.000E+00 0.000E+00 0.000E+00 0.000E+00
 0.000E+00 0.000E+00 0.000E+00 0.000E+00
      62.988555     -1.793067    0.555916
 6
       4
     2     2     2     2
     0     1     1     1
 1.710E+00 1.625E+00 1.625E+00 1.625E+00
 0.000E+00 0.000E+00 0.000E+00 0.000E+00
 0.000E+00 0.000E+00 0.000E+00 0.000E+00
 0.000E+00 0.000E+00 0.000E+00 0.000E+00
      62.845077     2.738092    -0.859869
 6
       4
     2     2     2     2
     0     1     1     1
 1.710E+00 1.625E+00 1.625E+00 1.625E+00
 0.000E+00 0.000E+00 0.000E+00 0.000E+00
 0.000E+00 0.000E+00 0.000E+00 0.000E+00
 0.000E+00 0.000E+00 0.000E+00 0.000E+00
      65.478212     2.899832    -0.973130
 6
       4
     2     2     2     2
     0     1     1     1
 1.710E+00 1.625E+00 1.625E+00 1.625E+00
 0.000E+00 0.000E+00 0.000E+00 0.000E+00
 0.000E+00 0.000E+00 0.000E+00 0.000E+00
 0.000E+00 0.000E+00 0.000E+00 0.000E+00
      65.814300     -1.648242    0.410422
 6
       4
     2     2     2     2
     0     1     1     1
 1.710E+00 1.625E+00 1.625E+00 1.625E+00
 0.000E+00 0.000E+00 0.000E+00 0.000E+00
 0.000E+00 0.000E+00 0.000E+00 0.000E+00
 0.000E+00 0.000E+00 0.000E+00 0.000E+00
      66.894913     0.593499    -0.351432
 6
       4
     2     2     2     2
     0     1     1     1
 1.710E+00 1.625E+00 1.625E+00 1.625E+00
 0.000E+00 0.000E+00 0.000E+00 0.000E+00
 0.000E+00 0.000E+00 0.000E+00 0.000E+00
 0.000E+00 0.000E+00 0.000E+00 0.000E+00
      80.083955     -0.015301    0.769311
 6
       4
     2     2     2     2
     0     1     1     1
 1.710E+00 1.625E+00 1.625E+00 1.625E+00
 0.000E+00 0.000E+00 0.000E+00 0.000E+00
 0.000E+00 0.000E+00 0.000E+00 0.000E+00
 0.000E+00 0.000E+00 0.000E+00 0.000E+00
      78.801290     2.238940    0.409222
 6
       4
     2     2     2     2
     0     1     1     1
 1.710E+00 1.625E+00 1.625E+00 1.625E+00
 0.000E+00 0.000E+00 0.000E+00 0.000E+00
 0.000E+00 0.000E+00 0.000E+00 0.000E+00
 0.000E+00 0.000E+00 0.000E+00 0.000E+00
      78.740233     -2.356726    0.979570
 6
       4
     2     2     2     2
     0     1     1     1
 1.710E+00 1.625E+00 1.625E+00 1.625E+00
 0.000E+00 0.000E+00 0.000E+00 0.000E+00
 0.000E+00 0.000E+00 0.000E+00 0.000E+00
 0.000E+00 0.000E+00 0.000E+00 0.000E+00
      76.180348     2.293772    0.103408
 6
       4
     2     2     2     2
     0     1     1     1
 1.710E+00 1.625E+00 1.625E+00 1.625E+00
 0.000E+00 0.000E+00 0.000E+00 0.000E+00
 0.000E+00 0.000E+00 0.000E+00 0.000E+00
 0.000E+00 0.000E+00 0.000E+00 0.000E+00
      74.843352     0.024391    0.273162
 6
       4
     2     2     2     2
     0     1     1     1
 1.710E+00 1.625E+00 1.625E+00 1.625E+00
 0.000E+00 0.000E+00 0.000E+00 0.000E+00
 0.000E+00 0.000E+00 0.000E+00 0.000E+00
 0.000E+00 0.000E+00 0.000E+00 0.000E+00
      76.078800     -2.345133    0.722714
 6
       4
     2     2     2     2
     0     1     1     1
 1.710E+00 1.625E+00 1.625E+00 1.625E+00
 0.000E+00 0.000E+00 0.000E+00 0.000E+00
 0.000E+00 0.000E+00 0.000E+00 0.000E+00
 0.000E+00 0.000E+00 0.000E+00 0.000E+00
      82.872697     -0.135165    0.672145
 6
       4
     2     2     2     2
     0     1     1     1
 1.710E+00 1.625E+00 1.625E+00 1.625E+00
 0.000E+00 0.000E+00 0.000E+00 0.000E+00
 0.000E+00 0.000E+00 0.000E+00 0.000E+00
 0.000E+00 0.000E+00 0.000E+00 0.000E+00
      85.090400     -0.028845    0.204164
 6
       4
     2     2     2     2
     0     1     1     1
 1.710E+00 1.625E+00 1.625E+00 1.625E+00
 0.000E+00 0.000E+00 0.000E+00 0.000E+00
 0.000E+00 0.000E+00 0.000E+00 0.000E+00
 0.000E+00 0.000E+00 0.000E+00 0.000E+00
      87.899831     -0.070719    0.123524
 6
       4
     2     2     2     2
     0     1     1     1
 1.710E+00 1.625E+00 1.625E+00 1.625E+00
 0.000E+00 0.000E+00 0.000E+00 0.000E+00
 0.000E+00 0.000E+00 0.000E+00 0.000E+00
 0.000E+00 0.000E+00 0.000E+00 0.000E+00
      89.129603     2.193403    -0.524786
 6
       4
     2     2     2     2
     0     1     1     1
 1.710E+00 1.625E+00 1.625E+00 1.625E+00
 0.000E+00 0.000E+00 0.000E+00 0.000E+00
 0.000E+00 0.000E+00 0.000E+00 0.000E+00
 0.000E+00 0.000E+00 0.000E+00 0.000E+00
      89.241769     -2.301832    0.744091
 6
       4
     2     2     2     2
     0     1     1     1
 1.710E+00 1.625E+00 1.625E+00 1.625E+00
 0.000E+00 0.000E+00 0.000E+00 0.000E+00
 0.000E+00 0.000E+00 0.000E+00 0.000E+00
 0.000E+00 0.000E+00 0.000E+00 0.000E+00
      91.874953     2.360615    -0.604561
 6
       4
     2     2     2     2
     0     1     1     1
 1.710E+00 1.625E+00 1.625E+00 1.625E+00
 0.000E+00 0.000E+00 0.000E+00 0.000E+00
 0.000E+00 0.000E+00 0.000E+00 0.000E+00
 0.000E+00 0.000E+00 0.000E+00 0.000E+00
      91.991300     -2.123022    0.599070
 6
       4
     2     2     2     2
     0     1     1     1
 1.710E+00 1.625E+00 1.625E+00 1.625E+00
 0.000E+00 0.000E+00 0.000E+00 0.000E+00
 0.000E+00 0.000E+00 0.000E+00 0.000E+00
 0.000E+00 0.000E+00 0.000E+00 0.000E+00
      93.189033     0.122322    -0.021919
 6
       4
     2     2     2     2
     0     1     1     1
 1.710E+00 1.625E+00 1.625E+00 1.625E+00
 0.000E+00 0.000E+00 0.000E+00 0.000E+00
 0.000E+00 0.000E+00 0.000E+00 0.000E+00
 0.000E+00 0.000E+00 0.000E+00 0.000E+00
      95.943369     0.290116    -0.212991
 6
       4
     2     2     2     2
     0     1     1     1
 1.710E+00 1.625E+00 1.625E+00 1.625E+00
 0.000E+00 0.000E+00 0.000E+00 0.000E+00
 0.000E+00 0.000E+00 0.000E+00 0.000E+00
 0.000E+00 0.000E+00 0.000E+00 0.000E+00
      98.201202     0.427284    -0.433167
 6
       4
     2     2     2     2
     0     1     1     1
 1.710E+00 1.625E+00 1.625E+00 1.625E+00
 0.000E+00 0.000E+00 0.000E+00 0.000E+00
 0.000E+00 0.000E+00 0.000E+00 0.000E+00
 0.000E+00 0.000E+00 0.000E+00 0.000E+00
      100.976860     0.803160    -0.192444
 6
       4
     2     2     2     2
     0     1     1     1
 1.710E+00 1.625E+00 1.625E+00 1.625E+00
 0.000E+00 0.000E+00 0.000E+00 0.000E+00
 0.000E+00 0.000E+00 0.000E+00 0.000E+00
 0.000E+00 0.000E+00 0.000E+00 0.000E+00
      102.554439     -1.251218    0.817560
 6
       4
     2     2     2     2
     0     1     1     1
 1.710E+00 1.625E+00 1.625E+00 1.625E+00
 0.000E+00 0.000E+00 0.000E+00 0.000E+00
 0.000E+00 0.000E+00 0.000E+00 0.000E+00
 0.000E+00 0.000E+00 0.000E+00 0.000E+00
      102.039670     3.092599    -0.675639
 6
       4
     2     2     2     2
     0     1     1     1
 1.710E+00 1.625E+00 1.625E+00 1.625E+00
 0.000E+00 0.000E+00 0.000E+00 0.000E+00
 0.000E+00 0.000E+00 0.000E+00 0.000E+00
 0.000E+00 0.000E+00 0.000E+00 0.000E+00
      104.916243     3.388105    -0.395941
 6
       4
     2     2     2     2
     0     1     1     1
 1.710E+00 1.625E+00 1.625E+00 1.625E+00
 0.000E+00 0.000E+00 0.000E+00 0.000E+00
 0.000E+00 0.000E+00 0.000E+00 0.000E+00
 0.000E+00 0.000E+00 0.000E+00 0.000E+00
      105.094123     -1.023871    1.000587
 6
       4
     2     2     2     2
     0     1     1     1
 1.710E+00 1.625E+00 1.625E+00 1.625E+00
 0.000E+00 0.000E+00 0.000E+00 0.000E+00
 0.000E+00 0.000E+00 0.000E+00 0.000E+00
 0.000E+00 0.000E+00 0.000E+00 0.000E+00
      106.372542     1.286223    0.318914
 6
       4
     2     2     2     2
     0     1     1     1
 1.710E+00 1.625E+00 1.625E+00 1.625E+00
 0.000E+00 0.000E+00 0.000E+00 0.000E+00
 0.000E+00 0.000E+00 0.000E+00 0.000E+00
 0.000E+00 0.000E+00 0.000E+00 0.000E+00
      109.193850     1.228658    0.280838
 6
       4
     2     2     2     2
     0     1     1     1
 1.710E+00 1.625E+00 1.625E+00 1.625E+00
 0.000E+00 0.000E+00 0.000E+00 0.000E+00
 0.000E+00 0.000E+00 0.000E+00 0.000E+00
 0.000E+00 0.000E+00 0.000E+00 0.000E+00
      111.440745     0.840219    0.023068
 6
       4
     2     2     2     2
     0     1     1     1
 1.710E+00 1.625E+00 1.625E+00 1.625E+00
 0.000E+00 0.000E+00 0.000E+00 0.000E+00
 0.000E+00 0.000E+00 0.000E+00 0.000E+00
 0.000E+00 0.000E+00 0.000E+00 0.000E+00
      114.241569     0.590728    -0.075160
 6
       4
     2     2     2     2
     0     1     1     1
 1.710E+00 1.625E+00 1.625E+00 1.625E+00
 0.000E+00 0.000E+00 0.000E+00 0.000E+00
 0.000E+00 0.000E+00 0.000E+00 0.000E+00
 0.000E+00 0.000E+00 0.000E+00 0.000E+00
      115.357879     -1.627005    -0.708343
 6
       4
     2     2     2     2
     0     1     1     1
 1.710E+00 1.625E+00 1.625E+00 1.625E+00
 0.000E+00 0.000E+00 0.000E+00 0.000E+00
 0.000E+00 0.000E+00 0.000E+00 0.000E+00
 0.000E+00 0.000E+00 0.000E+00 0.000E+00
      115.672705     2.912123    0.482763
 6
       4
     2     2     2     2
     0     1     1     1
 1.710E+00 1.625E+00 1.625E+00 1.625E+00
 0.000E+00 0.000E+00 0.000E+00 0.000E+00
 0.000E+00 0.000E+00 0.000E+00 0.000E+00
 0.000E+00 0.000E+00 0.000E+00 0.000E+00
      118.238925     2.750230    0.343099
 6
       4
     2     2     2     2
     0     1     1     1
 1.710E+00 1.625E+00 1.625E+00 1.625E+00
 0.000E+00 0.000E+00 0.000E+00 0.000E+00
 0.000E+00 0.000E+00 0.000E+00 0.000E+00
 0.000E+00 0.000E+00 0.000E+00 0.000E+00
      117.998484     -1.821380    -0.866230
 6
       4
     2     2     2     2
     0     1     1     1
 1.710E+00 1.625E+00 1.625E+00 1.625E+00
 0.000E+00 0.000E+00 0.000E+00 0.000E+00
 0.000E+00 0.000E+00 0.000E+00 0.000E+00
 0.000E+00 0.000E+00 0.000E+00 0.000E+00
      119.546201     0.329644    -0.235849
 6
       4
     2     2     2     2
     0     1     1     1
 1.710E+00 1.625E+00 1.625E+00 1.625E+00
 0.000E+00 0.000E+00 0.000E+00 0.000E+00
 0.000E+00 0.000E+00 0.000E+00 0.000E+00
 0.000E+00 0.000E+00 0.000E+00 0.000E+00
      122.303784     0.275936    -0.108610
 6
       4
     2     2     2     2
     0     1     1     1
 1.710E+00 1.625E+00 1.625E+00 1.625E+00
 0.000E+00 0.000E+00 0.000E+00 0.000E+00
 0.000E+00 0.000E+00 0.000E+00 0.000E+00
 0.000E+00 0.000E+00 0.000E+00 0.000E+00
      124.573084     0.441102    -0.206591
 6
       4
     2     2     2     2
     0     1     1     1
 1.710E+00 1.625E+00 1.625E+00 1.625E+00
 0.000E+00 0.000E+00 0.000E+00 0.000E+00
 0.000E+00 0.000E+00 0.000E+00 0.000E+00
 0.000E+00 0.000E+00 0.000E+00 0.000E+00
      127.299770     0.218025    -0.013103
 6
       4
     2     2     2     2
     0     1     1     1
 1.710E+00 1.625E+00 1.625E+00 1.625E+00
 0.000E+00 0.000E+00 0.000E+00 0.000E+00
 0.000E+00 0.000E+00 0.000E+00 0.000E+00
 0.000E+00 0.000E+00 0.000E+00 0.000E+00
      128.415681     -2.181105    -0.622145
 6
       4
     2     2     2     2
     0     1     1     1
 1.710E+00 1.625E+00 1.625E+00 1.625E+00
 0.000E+00 0.000E+00 0.000E+00 0.000E+00
 0.000E+00 0.000E+00 0.000E+00 0.000E+00
 0.000E+00 0.000E+00 0.000E+00 0.000E+00
      128.819629     2.215810    0.859283
 6
       4
     2     2     2     2
     0     1     1     1
 1.710E+00 1.625E+00 1.625E+00 1.625E+00
 0.000E+00 0.000E+00 0.000E+00 0.000E+00
 0.000E+00 0.000E+00 0.000E+00 0.000E+00
 0.000E+00 0.000E+00 0.000E+00 0.000E+00
      131.462728     1.936722    1.064432
 6
       4
     2     2     2     2
     0     1     1     1
 1.710E+00 1.625E+00 1.625E+00 1.625E+00
 0.000E+00 0.000E+00 0.000E+00 0.000E+00
 0.000E+00 0.000E+00 0.000E+00 0.000E+00
 0.000E+00 0.000E+00 0.000E+00 0.000E+00
      131.069129     -2.470497    -0.525788
 6
       4
     2     2     2     2
     0     1     1     1
 1.710E+00 1.625E+00 1.625E+00 1.625E+00
 0.000E+00 0.000E+00 0.000E+00 0.000E+00
 0.000E+00 0.000E+00 0.000E+00 0.000E+00
 0.000E+00 0.000E+00 0.000E+00 0.000E+00
      132.556360     -0.360909    0.266051
 6
       4
     2     2     2     2
     0     1     1     1
 1.710E+00 1.625E+00 1.625E+00 1.625E+00
 0.000E+00 0.000E+00 0.000E+00 0.000E+00
 0.000E+00 0.000E+00 0.000E+00 0.000E+00
 0.000E+00 0.000E+00 0.000E+00 0.000E+00
      135.318098     -0.674821    0.200045
 1
       1
     1
     0
 1.300E+00
 0.000E+00
 0.000E+00
 0.000E+00
      75.107717     3.920796    -0.177681
 1
       1
     1
     0
 1.300E+00
 0.000E+00
 0.000E+00
 0.000E+00
      79.967863     3.751760    0.169197
 6
       4
     2     2     2     2
     0     1     1     1
 1.710E+00 1.625E+00 1.625E+00 1.625E+00
 0.000E+00 0.000E+00 0.000E+00 0.000E+00
 0.000E+00 0.000E+00 0.000E+00 0.000E+00
 0.000E+00 0.000E+00 0.000E+00 0.000E+00
      72.026636     0.058757    0.001088
 1
       1
     1
     0
 1.300E+00
 0.000E+00
 0.000E+00
 0.000E+00
      75.065695     -4.039512    0.724391
 1
       1
     1
     0
 1.300E+00
 0.000E+00
 0.000E+00
 0.000E+00
      79.447236     -4.103907    1.402764
 1
       1
     1
     0
 1.300E+00
 0.000E+00
 0.000E+00
 0.000E+00
      88.081651     3.764929    -0.914656
 1
       1
     1
     0
 1.300E+00
 0.000E+00
 0.000E+00
 0.000E+00
      88.340260     -3.951387    1.263373
 1
       1
     1
     0
 1.300E+00
 0.000E+00
 0.000E+00
 0.000E+00
      92.851998     3.971178    -0.899882
 1
       1
     1
     0
 1.300E+00
 0.000E+00
 0.000E+00
 0.000E+00
      93.042014     -3.646398    1.196811
 1
       1
     1
     0
 1.300E+00
 0.000E+00
 0.000E+00
 0.000E+00
      101.118176     4.714513    -1.168195
 1
       1
     1
     0
 1.300E+00
 0.000E+00
 0.000E+00
 0.000E+00
      105.373867     5.155205    -0.882290
 1
       1
     1
     0
 1.300E+00
 0.000E+00
 0.000E+00
 0.000E+00
      101.593232     -2.857430    1.317039
 1
       1
     1
     0
 1.300E+00
 0.000E+00
 0.000E+00
 0.000E+00
      106.242364     -2.412617    1.712071
 1
       1
     1
     0
 1.300E+00
 0.000E+00
 0.000E+00
 0.000E+00
      114.770367     4.594028    0.782609
 1
       1
     1
     0
 1.300E+00
 0.000E+00
 0.000E+00
 0.000E+00
      114.099002     -3.065274    -1.041430
 1
       1
     1
     0
 1.300E+00
 0.000E+00
 0.000E+00
 0.000E+00
      119.258850     4.357965    0.735890
 1
       1
     1
     0
 1.300E+00
 0.000E+00
 0.000E+00
 0.000E+00
      118.964364     -3.385251    -1.432847
 1
       1
     1
     0
 1.300E+00
 0.000E+00
 0.000E+00
 0.000E+00
      127.874864     3.813665    1.410183
 1
       1
     1
     0
 1.300E+00
 0.000E+00
 0.000E+00
 0.000E+00
      127.424301     -3.661943    -1.345409
 1
       1
     1
     0
 1.300E+00
 0.000E+00
 0.000E+00
 0.000E+00
      132.787440     3.244884    1.688533
 1
       1
     1
     0
 1.300E+00
 0.000E+00
 0.000E+00
 0.000E+00
      131.913120     -4.096278    -1.070144
 1
       1
     1
     0
 1.300E+00
 0.000E+00
 0.000E+00
 0.000E+00
      140.604688     1.910213    2.751267
 1
       1
     1
     0
 1.300E+00
 0.000E+00
 0.000E+00
 0.000E+00
      140.472071     -4.406450    -2.062368
 1
       1
     1
     0
 1.300E+00
 0.000E+00
 0.000E+00
 0.000E+00
      147.269188     -1.078310    -0.037315
 1
       1
     1
     0
 1.300E+00
 0.000E+00
 0.000E+00
 0.000E+00
      145.382261     1.751457    2.748041
 1
       1
     1
     0
 1.300E+00
 0.000E+00
 0.000E+00
 0.000E+00
      145.509804     -4.256396    -1.919727
 6
       4
     2     2     2     2
     0     1     1     1
 1.710E+00 1.625E+00 1.625E+00 1.625E+00
 0.000E+00 0.000E+00 0.000E+00 0.000E+00
 0.000E+00 0.000E+00 0.000E+00 0.000E+00
 0.000E+00 0.000E+00 0.000E+00 0.000E+00
      137.550337     -1.188435    0.163692
 6
       4
     2     2     2     2
     0     1     1     1
 1.710E+00 1.625E+00 1.625E+00 1.625E+00
 0.000E+00 0.000E+00 0.000E+00 0.000E+00
 0.000E+00 0.000E+00 0.000E+00 0.000E+00
 0.000E+00 0.000E+00 0.000E+00 0.000E+00
      140.327093     -1.460915    0.371811
 6
       4
     2     2     2     2
     0     1     1     1
 1.710E+00 1.625E+00 1.625E+00 1.625E+00
 0.000E+00 0.000E+00 0.000E+00 0.000E+00
 0.000E+00 0.000E+00 0.000E+00 0.000E+00
 0.000E+00 0.000E+00 0.000E+00 0.000E+00
      141.650829     -3.285627    -1.041224
 6
       4
     2     2     2     2
     0     1     1     1
 1.710E+00 1.625E+00 1.625E+00 1.625E+00
 0.000E+00 0.000E+00 0.000E+00 0.000E+00
 0.000E+00 0.000E+00 0.000E+00 0.000E+00
 0.000E+00 0.000E+00 0.000E+00 0.000E+00
      141.695132     0.505439    1.780730
 6
       4
     2     2     2     2
     0     1     1     1
 1.710E+00 1.625E+00 1.625E+00 1.625E+00
 0.000E+00 0.000E+00 0.000E+00 0.000E+00
 0.000E+00 0.000E+00 0.000E+00 0.000E+00
 0.000E+00 0.000E+00 0.000E+00 0.000E+00
      144.207991     0.577993    1.844106
 6
       4
     2     2     2     2
     0     1     1     1
 1.710E+00 1.625E+00 1.625E+00 1.625E+00
 0.000E+00 0.000E+00 0.000E+00 0.000E+00
 0.000E+00 0.000E+00 0.000E+00 0.000E+00
 0.000E+00 0.000E+00 0.000E+00 0.000E+00
      144.240149     -3.175023    -1.020288
 6
       4
     2     2     2     2
     0     1     1     1
 1.710E+00 1.625E+00 1.625E+00 1.625E+00
 0.000E+00 0.000E+00 0.000E+00 0.000E+00
 0.000E+00 0.000E+00 0.000E+00 0.000E+00
 0.000E+00 0.000E+00 0.000E+00 0.000E+00
      145.515540     -1.334290    0.151133
# LCAO coefficients .. are not included.
         1
        1        -0.001323198958249   k=         1
        2        0.004995462568027   k=         1
        3        -0.005022487499446   k=         1
        4        0.047786218275267   k=         1
        5        0.003936329353754   k=         1
        6        0.005837574605431   k=         1
        7        -0.020035792634193   k=         1
        8        0.048817496584439   k=         1
        9        -0.003542084559957   k=         1
        10        -0.005433911843218   k=         1
        11        -0.024248717529443   k=         1
        12        0.053764609581026   k=         1
        13        -0.000039025801343   k=         1
        14        -0.000311692599024   k=         1
        15        0.005662328149940   k=         1
        16        -0.017101112670827   k=         1
        17        -0.001820534993912   k=         1
        18        0.008271059114413   k=         1
        19        0.017617228087485   k=         1
        20        -0.063782163848915   k=         1
        21        0.001739367332769   k=         1
        22        0.002937193802660   k=         1
        23        0.007708801789096   k=         1
        24        -0.015391564342745   k=         1
        25        -0.003070513798786   k=         1
        26        -0.006585673645482   k=         1
        27        -0.020043967755550   k=         1
        28        -0.124271596560860   k=         1
        29        -0.000701216445126   k=         1
        30        -0.004738257097718   k=         1
        31        -0.004215216536264   k=         1
        32        -0.065267950746987   k=         1
        33        -0.001897706033229   k=         1
        34        -0.014370088452474   k=         1
        35        0.030866167372318   k=         1
        36        0.165027089248361   k=         1
        37        -0.001808487306269   k=         1
        38        -0.015999627264568   k=         1
        39        0.004637289307288   k=         1
        40        0.076093551191650   k=         1
        41        -0.002676604432450   k=         1
        42        -0.024192197081298   k=         1
        43        0.012957983736124   k=         1
        44        0.075751911431154   k=         1
        45        -0.000579616551985   k=         1
        46        0.013908204368288   k=         1
        47        -0.002049236110595   k=         1
        48        -0.102056084762882   k=         1
        49        0.001704114932710   k=         1
        50        0.026252608188374   k=         1
        51        -0.004215087709003   k=         1
        52        -0.109446052886399   k=         1
        53        -0.002013055514902   k=         1
        54        -0.016239828585532   k=         1
        55        -0.042739373208752   k=         1
        56        -0.152134687375911   k=         1
        57        -0.005501973991539   k=         1
        58        0.013358501807185   k=         1
        59        0.053571509114282   k=         1
        60        0.107988856846570   k=         1
        61        -0.004331703646807   k=         1
        62        -0.020550296917266   k=         1
        63        0.043419926422065   k=         1
        64        0.134996685552604   k=         1
        65        -0.001011244990077   k=         1
        66        0.018360193381348   k=         1
        67        -0.058230174748726   k=         1
        68        -0.098477741581409   k=         1
        69        -0.003758812914093   k=         1
        70        -0.012623464305684   k=         1
        71        -0.051344616585236   k=         1
        72        -0.069527124347608   k=         1
        73        0.002729792690095   k=         1
        74        -0.025740645941333   k=         1
        75        -0.060628261538385   k=         1
        76        -0.083000311940386   k=         1
        77        -0.004410970813279   k=         1
        78        0.020172356821698   k=         1
        79        0.036935740077016   k=         1
        80        0.052938405895915   k=         1
        81        -0.001038913694455   k=         1
        82        0.018034406393328   k=         1
        83        0.048131706628270   k=         1
        84        0.052882024674746   k=         1
        85        -0.001327933061830   k=         1
        86        0.010982757423344   k=         1
        87        0.064739317195383   k=         1
        88        0.103929061123365   k=         1
        89        -0.004080965078782   k=         1
        90        -0.001520736681816   k=         1
        91        -0.035446478467702   k=         1
        92        -0.081114639449741   k=         1
        93        0.002960944358526   k=         1
        94        -0.006133584267635   k=         1
        95        -0.051154582864014   k=         1
        96        -0.089275210327252   k=         1
        97        -0.000577313719638   k=         1
        98        0.005905945378057   k=         1
        99        0.034667665933197   k=         1
        100        0.094997688987955   k=         1
        101        0.000037430543465   k=         1
        102        0.005463571766723   k=         1
        103        0.018170401698677   k=         1
        104        0.070986052001839   k=         1
        105        0.003225512812981   k=         1
        106        0.003373311479928   k=         1
        107        0.012127980598565   k=         1
        108        0.055983423028412   k=         1
        109        -0.000752266898349   k=         1
        110        -0.004413930150671   k=         1
        111        -0.014775967129356   k=         1
        112        -0.055276298888013   k=         1
        113        0.002151858820236   k=         1
        114        0.000470168745608   k=         1
        115        -0.029222919853596   k=         1
        116        -0.081293177458497   k=         1
        117        -0.000054276497403   k=         1
        118        0.013547742898499   k=         1
        119        -0.037400854695393   k=         1
        120        -0.093747665288713   k=         1
        121        0.000766006541089   k=         1
        122        -0.008885291893481   k=         1
        123        0.047231365383356   k=         1
        124        0.093705110268300   k=         1
        125        0.004320997541100   k=         1
        126        0.015466805900223   k=         1
        127        0.038162116713071   k=         1
        128        0.086438974680725   k=         1
        129        -0.000434782129775   k=         1
        130        -0.019533333450718   k=         1
        131        -0.063723317914709   k=         1
        132        -0.109036170536287   k=         1
        133        -0.002594031573732   k=         1
        134        0.008457686830427   k=         1
        135        -0.035061385543980   k=         1
        136        -0.073669181881660   k=         1
        137        0.000077862329056   k=         1
        138        0.008810937988084   k=         1
        139        -0.038911596840955   k=         1
        140        -0.069280567730542   k=         1
        141        -0.000517626240014   k=         1
        142        -0.013376091665621   k=         1
        143        0.047429299092700   k=         1
        144        0.094605500725725   k=         1
        145        0.002912445497411   k=         1
        146        -0.005656931713097   k=         1
        147        0.027798297291772   k=         1
        148        0.057665177080912   k=         1
        149        -0.000176920715774   k=         1
        150        0.000282889351795   k=         1
        151        0.061375765820639   k=         1
        152        0.109875432285228   k=         1
        153        0.003747492776400   k=         1
        154        0.003287190000095   k=         1
        155        -0.039078634614596   k=         1
        156        -0.101477662652742   k=         1
        157        0.003104376867420   k=         1
        158        -0.002535488056243   k=         1
        159        0.000769434914878   k=         1
        160        -0.003333133900722   k=         1
        161        0.000000758196212   k=         1
        162        -0.002265367963424   k=         1
        163        0.007531401823032   k=         1
        164        0.009167122113479   k=         1
        165        0.003796147657355   k=         1
        166        0.003875063851043   k=         1
        167        0.005331531209032   k=         1
        168        0.007723957411373   k=         1
        169        -0.000166686909639   k=         1
        170        -0.002819632513815   k=         1
        171        0.000542054808351   k=         1
        172        0.000144576844572   k=         1
        173        -0.003746081451333   k=         1
        174        -0.002674356814200   k=         1
        175        -0.003994611605432   k=         1
        176        -0.002468366026995   k=         1
        177        -0.000656410338237   k=         1
        178        -0.002160969374600   k=         1
        179        -0.005156849319187   k=         1
        180        0.001731596583029   k=         1
        181        -0.011211839200980   k=         1
        182        0.018039294366493   k=         1
        183        0.105468076214405   k=         1
        184        -0.002774798688415   k=         1
        185        -0.002433169084036   k=         1
        186        -0.000148341303239   k=         1
        187        0.018637076667401   k=         1
        188        -0.047523096351783   k=         1
        189        -0.100441520175482   k=         1
        190        -0.000168136523026   k=         1
        191        -0.013241100037274   k=         1
        192        0.037468770855205   k=         1
        193        0.118350530028984   k=         1
        194        0.000924790342521   k=         1
        195        0.012809975111895   k=         1
        196        0.027189976839483   k=         1
        197        0.097800955480262   k=         1
        198        0.001401912242367   k=         1
        199        0.005224798484949   k=         1
        200        0.020212102420880   k=         1
        201        0.063004741408910   k=         1
        202        0.000483400108604   k=         1
        203        -0.007303431945226   k=         1
        204        -0.025290947120178   k=         1
        205        -0.069110970267385   k=         1
        206        0.001196985896176   k=         1
        207        -0.012126618936839   k=         1
        208        -0.034586032672938   k=         1
        209        -0.074973190670392   k=         1
        210        0.002051120984825   k=         1
        211        0.004887402104476   k=         1
        212        -0.031310604634730   k=         1
        213        -0.120411885932714   k=         1
        214        0.001275845135815   k=         1
        215        0.007579190883188   k=         1
        216        0.016733317839022   k=         1
        217        0.122018759554541   k=         1
        218        0.001488768448821   k=         1
        219        -0.011682060822895   k=         1
        220        0.015264340042546   k=         1
        221        0.072210408649122   k=         1
        222        -0.002145325581740   k=         1
        223        -0.016831227742998   k=         1
        224        0.007941163665869   k=         1
        225        0.071115408243190   k=         1
        226        0.001067052755939   k=         1
        227        0.016605372340825   k=         1
        228        -0.006957603506828   k=         1
        229        -0.081650609640306   k=         1
        230        0.000347358443841   k=         1
        231        0.008341313870202   k=         1
        232        -0.017004962709933   k=         1
        233        -0.119764510745876   k=         1
        234        0.001570223712302   k=         1
        235        0.016414913309807   k=         1
        236        -0.006226441366600   k=         1
        237        -0.073150197783350   k=         1
        238        -0.001500252740060   k=         1
        239        -0.019358846745195   k=         1
        240        -0.019528566094635   k=         1
        241        -0.083359430970984   k=         1
        242        0.004855255851280   k=         1
        243        -0.015100575344368   k=         1
        244        -0.017513936374574   k=         1
        245        -0.100168742114761   k=         1
        246        0.000586490818684   k=         1
        247        0.003201541967325   k=         1
        248        0.022493637811335   k=         1
        249        0.086968332640334   k=         1
        250        -0.001561160113342   k=         1
        251        -0.002184754694457   k=         1
        252        0.017411504417117   k=         1
        253        0.064178777612966   k=         1
        254        0.000177704096770   k=         1
        255        -0.004187192698926   k=         1
        256        0.023767491516060   k=         1
        257        0.067263595323839   k=         1
        258        0.001707562231837   k=         1
        259        0.003772382936650   k=         1
        260        -0.015012169752587   k=         1
        261        -0.055406537882411   k=         1
        262        0.001957672551267   k=         1
        263        0.004243970819034   k=         1
        264        -0.016047192662233   k=         1
        265        -0.054102971051450   k=         1
        266        -0.002117181567571   k=         1
        267        -0.009506083309533   k=         1
        268        -0.023023172937597   k=         1
        269        -0.089036768637767   k=         1
        270        0.001154836647215   k=         1
        271        0.011192804028266   k=         1
        272        0.021132247814759   k=         1
        273        0.066484512175853   k=         1
        274        -0.004240123099980   k=         1
        275        -0.003051863124891   k=         1
        276        0.020584871860255   k=         1
        277        0.078567542779089   k=         1
        278        0.000398450605335   k=         1
        279        0.013714115100366   k=         1
        280        -0.020738522166003   k=         1
        281        -0.070133392588727   k=         1
        282        -0.000513627483984   k=         1
        283        0.006973199778029   k=         1
        284        -0.019196998555055   k=         1
        285        -0.042566579325584   k=         1
        286        0.001932468488426   k=         1
        287        0.011204584318736   k=         1
        288        -0.015266969837684   k=         1
        289        -0.058081469465971   k=         1
        290        -0.002691929122219   k=         1
        291        -0.012470579475471   k=         1
        292        0.023780480007918   k=         1
        293        0.061287662291544   k=         1
        294        0.000728824591646   k=         1
        295        -0.001913476388663   k=         1
        296        0.016295329298572   k=         1
        297        0.030674083765556   k=         1
        298        0.001113251407810   k=         1
        299        0.001992744803084   k=         1
        300        0.018192430846040   k=         1
        301        0.076613499888435   k=         1
        302        -0.001171918190035   k=         1
        303        -0.007414700128212   k=         1
        304        0.007451649233899   k=         1
        305        -0.072328658381020   k=         1
        306        0.003103677098790   k=         1
        307        -0.005883551553099   k=         1
        308        -0.007874356481509   k=         1
        309        -0.067427056575932   k=         1
        310        -0.000213159718215   k=         1
        311        0.001084666029357   k=         1
        312        -0.016962311676170   k=         1
        313        0.084802438251951   k=         1
        314        -0.000587124678801   k=         1
        315        0.007180242072491   k=         1
        316        -0.017746228259510   k=         1
        317        0.048128014450318   k=         1
        318        0.003213468841132   k=         1
        319        -0.001726650987239   k=         1
        320        -0.014869466345214   k=         1
        321        0.046005941092966   k=         1
        322        -0.000649628384813   k=         1
        323        -0.001656697941637   k=         1
        324        0.012729330645494   k=         1
        325        -0.043352356559095   k=         1
        326        0.000695369221961   k=         1
        327        -0.005663284028296   k=         1
        328        0.022443467071728   k=         1
        329        -0.063445016920941   k=         1
        330        -0.000402761556545   k=         1
        331        0.005363839005528   k=         1
        332        0.021751448454312   k=         1
        333        -0.088337674661642   k=         1
        334        0.004561053311432   k=         1
        335        -0.001031053069351   k=         1
        336        -0.015610970188968   k=         1
        337        0.059595333020997   k=         1
        338        -0.003811207024435   k=         1
        339        0.001953807110433   k=         1
        340        -0.018256696378005   k=         1
        341        0.072287505099027   k=         1
        342        0.001202798809013   k=         1
        343        0.003843216513717   k=         1
        344        0.016158619993088   k=         1
        345        -0.058705625569861   k=         1
        346        -0.000435324935708   k=         1
        347        0.007406324511562   k=         1
        348        0.017437908324702   k=         1
        349        -0.046675358574629   k=         1
        350        0.000122706129560   k=         1
        351        0.009908454933775   k=         1
        352        0.021054712104358   k=         1
        353        -0.045307838202633   k=         1
        354        0.000335315105036   k=         1
        355        -0.006383305950440   k=         1
        356        -0.012213319775440   k=         1
        357        0.033231696578348   k=         1
        358        0.000262089726839   k=         1
        359        -0.004063646004937   k=         1
        360        -0.011415670114836   k=         1
        361        0.029856198422257   k=         1
        362        0.000075242320881   k=         1
        363        0.002171001452279   k=         1
        364        -0.022531587239316   k=         1
        365        0.065688107221524   k=         1
        366        0.001520704006491   k=         1
        367        -0.001277503360943   k=         1
        368        0.014762303503754   k=         1
        369        -0.031093144083465   k=         1
        370        -0.002650383715299   k=         1
        371        -0.004433595849367   k=         1
        372        0.001178998353724   k=         1
        373        -0.003682826818901   k=         1
        374        0.022525903642893   k=         1
        375        0.102114295060189   k=         1
        376        -0.003362400570214   k=         1
        377        -0.002547517526539   k=         1
        378        0.001614416133333   k=         1
        379        0.000536456036558   k=         1
        380        0.000558981326239   k=         1
        381        0.002821188400385   k=         1
        382        -0.001442254699094   k=         1
        383        -0.000405022906864   k=         1
        384        0.002655419730225   k=         1
        385        -0.003411973259196   k=         1
        386        -0.001589929890575   k=         1
        387        0.000880827810254   k=         1
        388        0.000923340989373   k=         1
        389        -0.003430806996243   k=         1
        390        0.000288714622785   k=         1
        391        -0.001263065294140   k=         1
        392        -0.003251580484457   k=         1
        393        -0.000682978587749   k=         1
        394        -0.000928697117162   k=         1
        395        0.001028128209685   k=         1
        396        -0.000968475811794   k=         1
        397        0.002023339747305   k=         1
        398        -0.001119209174928   k=         1
        399        0.000426420955688   k=         1
        400        0.006555707487475   k=         1
        401        0.017083739307381   k=         1
        402        -0.049753448865501   k=         1
        403        0.001020961040502   k=         1
        404        -0.004630544487781   k=         1
        405        -0.014414968095269   k=         1
        406        0.025854441878588   k=         1
        407        -0.001448574740276   k=         1
        408        0.001012727393633   k=         1
        409        -0.028425219656493   k=         1
        410        0.026657578421931   k=         1
        411        0.000595348326018   k=         1
        412        -0.003162966491904   k=         1
        413        -0.014884579572832   k=         1
        414        0.016026041137772   k=         1
        415        -0.000064815350394   k=         1
        416        0.000503407378358   k=         1
        417        0.007760882500813   k=         1
        418        -0.009144048409522   k=         1
        419        0.000724088770513   k=         1
        420        -0.000842758065306   k=         1
        421        0.006734489604643   k=         1
        422        -0.006606968139138   k=         1
        423        0.000642380711945   k=         1
        424        -0.008554872900767   k=         1
        425        0.023070707675171   k=         1
        426        -0.032874279173083   k=         1
