# file_format= v0.04.05
       144       426
    188.97268778      0.00000000      0.00000000    0
      0.00000000    188.97268778      0.00000000    0
      0.00000000      0.00000000    188.97268778    0
 6
       4
     2     2     2     2
     0     1     1     1
 1.710E+00 1.625E+00 1.625E+00 1.625E+00
 0.000E+00 0.000E+00 0.000E+00 0.000E+00
 0.000E+00 0.000E+00 0.000E+00 0.000E+00
 0.000E+00 0.000E+00 0.000E+00 0.000E+00
      0.824125     -0.612564    -0.237351
 6
       4
     2     2     2     2
     0     1     1     1
 1.710E+00 1.625E+00 1.625E+00 1.625E+00
 0.000E+00 0.000E+00 0.000E+00 0.000E+00
 0.000E+00 0.000E+00 0.000E+00 0.000E+00
 0.000E+00 0.000E+00 0.000E+00 0.000E+00
      -0.958626     1.238936    0.508353
 6
       4
     2     2     2     2
     0     1     1     1
 1.710E+00 1.625E+00 1.625E+00 1.625E+00
 0.000E+00 0.000E+00 0.000E+00 0.000E+00
 0.000E+00 0.000E+00 0.000E+00 0.000E+00
 0.000E+00 0.000E+00 0.000E+00 0.000E+00
      -0.225476     -2.928729    -1.066159
 6
       4
     2     2     2     2
     0     1     1     1
 1.710E+00 1.625E+00 1.625E+00 1.625E+00
 0.000E+00 0.000E+00 0.000E+00 0.000E+00
 0.000E+00 0.000E+00 0.000E+00 0.000E+00
 0.000E+00 0.000E+00 0.000E+00 0.000E+00
      -3.548733     0.760807    0.479715
 6
       4
     2     2     2     2
     0     1     1     1
 1.710E+00 1.625E+00 1.625E+00 1.625E+00
 0.000E+00 0.000E+00 0.000E+00 0.000E+00
 0.000E+00 0.000E+00 0.000E+00 0.000E+00
 0.000E+00 0.000E+00 0.000E+00 0.000E+00
      -4.625902     -1.533838    -0.264380
 6
       4
     2     2     2     2
     0     1     1     1
 1.710E+00 1.625E+00 1.625E+00 1.625E+00
 0.000E+00 0.000E+00 0.000E+00 0.000E+00
 0.000E+00 0.000E+00 0.000E+00 0.000E+00
 0.000E+00 0.000E+00 0.000E+00 0.000E+00
      -2.861255     -3.445709    -1.042418
 6
       4
     2     2     2     2
     0     1     1     1
 1.710E+00 1.625E+00 1.625E+00 1.625E+00
 0.000E+00 0.000E+00 0.000E+00 0.000E+00
 0.000E+00 0.000E+00 0.000E+00 0.000E+00
 0.000E+00 0.000E+00 0.000E+00 0.000E+00
      3.644919     -0.083768    -0.027705
 6
       4
     2     2     2     2
     0     1     1     1
 1.710E+00 1.625E+00 1.625E+00 1.625E+00
 0.000E+00 0.000E+00 0.000E+00 0.000E+00
 0.000E+00 0.000E+00 0.000E+00 0.000E+00
 0.000E+00 0.000E+00 0.000E+00 0.000E+00
      5.745901     0.461751    0.043741
 6
       4
     2     2     2     2
     0     1     1     1
 1.710E+00 1.625E+00 1.625E+00 1.625E+00
 0.000E+00 0.000E+00 0.000E+00 0.000E+00
 0.000E+00 0.000E+00 0.000E+00 0.000E+00
 0.000E+00 0.000E+00 0.000E+00 0.000E+00
      8.562365     0.805224    0.026456
 6
       4
     2     2     2     2
     0     1     1     1
 1.710E+00 1.625E+00 1.625E+00 1.625E+00
 0.000E+00 0.000E+00 0.000E+00 0.000E+00
 0.000E+00 0.000E+00 0.000E+00 0.000E+00
 0.000E+00 0.000E+00 0.000E+00 0.000E+00
      9.829410     3.041291    -0.738841
 6
       4
     2     2     2     2
     0     1     1     1
 1.710E+00 1.625E+00 1.625E+00 1.625E+00
 0.000E+00 0.000E+00 0.000E+00 0.000E+00
 0.000E+00 0.000E+00 0.000E+00 0.000E+00
 0.000E+00 0.000E+00 0.000E+00 0.000E+00
      10.197220     -1.217928    0.853183
 6
       4
     2     2     2     2
     0     1     1     1
 1.710E+00 1.625E+00 1.625E+00 1.625E+00
 0.000E+00 0.000E+00 0.000E+00 0.000E+00
 0.000E+00 0.000E+00 0.000E+00 0.000E+00
 0.000E+00 0.000E+00 0.000E+00 0.000E+00
      12.463514     3.201353    -0.673598
 6
       4
     2     2     2     2
     0     1     1     1
 1.710E+00 1.625E+00 1.625E+00 1.625E+00
 0.000E+00 0.000E+00 0.000E+00 0.000E+00
 0.000E+00 0.000E+00 0.000E+00 0.000E+00
 0.000E+00 0.000E+00 0.000E+00 0.000E+00
      12.799895     -0.989750    0.948331
 6
       4
     2     2     2     2
     0     1     1     1
 1.710E+00 1.625E+00 1.625E+00 1.625E+00
 0.000E+00 0.000E+00 0.000E+00 0.000E+00
 0.000E+00 0.000E+00 0.000E+00 0.000E+00
 0.000E+00 0.000E+00 0.000E+00 0.000E+00
      14.064728     1.249784    0.205612
 6
       4
     2     2     2     2
     0     1     1     1
 1.710E+00 1.625E+00 1.625E+00 1.625E+00
 0.000E+00 0.000E+00 0.000E+00 0.000E+00
 0.000E+00 0.000E+00 0.000E+00 0.000E+00
 0.000E+00 0.000E+00 0.000E+00 0.000E+00
      16.886242     1.402734    0.179556
 6
       4
     2     2     2     2
     0     1     1     1
 1.710E+00 1.625E+00 1.625E+00 1.625E+00
 0.000E+00 0.000E+00 0.000E+00 0.000E+00
 0.000E+00 0.000E+00 0.000E+00 0.000E+00
 0.000E+00 0.000E+00 0.000E+00 0.000E+00
      19.071897     1.313862    0.328510
 6
       4
     2     2     2     2
     0     1     1     1
 1.710E+00 1.625E+00 1.625E+00 1.625E+00
 0.000E+00 0.000E+00 0.000E+00 0.000E+00
 0.000E+00 0.000E+00 0.000E+00 0.000E+00
 0.000E+00 0.000E+00 0.000E+00 0.000E+00
      21.895202     1.282655    0.158113
 6
       4
     2     2     2     2
     0     1     1     1
 1.710E+00 1.625E+00 1.625E+00 1.625E+00
 0.000E+00 0.000E+00 0.000E+00 0.000E+00
 0.000E+00 0.000E+00 0.000E+00 0.000E+00
 0.000E+00 0.000E+00 0.000E+00 0.000E+00
      23.195090     -0.506059    1.609192
 6
       4
     2     2     2     2
     0     1     1     1
 1.710E+00 1.625E+00 1.625E+00 1.625E+00
 0.000E+00 0.000E+00 0.000E+00 0.000E+00
 0.000E+00 0.000E+00 0.000E+00 0.000E+00
 0.000E+00 0.000E+00 0.000E+00 0.000E+00
      23.346382     2.881842    -1.426943
 6
       4
     2     2     2     2
     0     1     1     1
 1.710E+00 1.625E+00 1.625E+00 1.625E+00
 0.000E+00 0.000E+00 0.000E+00 0.000E+00
 0.000E+00 0.000E+00 0.000E+00 0.000E+00
 0.000E+00 0.000E+00 0.000E+00 0.000E+00
      25.973586     2.511650    -1.507021
 6
       4
     2     2     2     2
     0     1     1     1
 1.710E+00 1.625E+00 1.625E+00 1.625E+00
 0.000E+00 0.000E+00 0.000E+00 0.000E+00
 0.000E+00 0.000E+00 0.000E+00 0.000E+00
 0.000E+00 0.000E+00 0.000E+00 0.000E+00
      25.859179     -0.909535    1.457944
 6
       4
     2     2     2     2
     0     1     1     1
 1.710E+00 1.625E+00 1.625E+00 1.625E+00
 0.000E+00 0.000E+00 0.000E+00 0.000E+00
 0.000E+00 0.000E+00 0.000E+00 0.000E+00
 0.000E+00 0.000E+00 0.000E+00 0.000E+00
      27.276666     0.686042    -0.047009
 6
       4
     2     2     2     2
     0     1     1     1
 1.710E+00 1.625E+00 1.625E+00 1.625E+00
 0.000E+00 0.000E+00 0.000E+00 0.000E+00
 0.000E+00 0.000E+00 0.000E+00 0.000E+00
 0.000E+00 0.000E+00 0.000E+00 0.000E+00
      30.024951     0.389363    0.001637
 6
       4
     2     2     2     2
     0     1     1     1
 1.710E+00 1.625E+00 1.625E+00 1.625E+00
 0.000E+00 0.000E+00 0.000E+00 0.000E+00
 0.000E+00 0.000E+00 0.000E+00 0.000E+00
 0.000E+00 0.000E+00 0.000E+00 0.000E+00
      32.245451     0.062393    0.270826
 6
       4
     2     2     2     2
     0     1     1     1
 1.710E+00 1.625E+00 1.625E+00 1.625E+00
 0.000E+00 0.000E+00 0.000E+00 0.000E+00
 0.000E+00 0.000E+00 0.000E+00 0.000E+00
 0.000E+00 0.000E+00 0.000E+00 0.000E+00
      34.908434     0.009828    0.228579
 6
       4
     2     2     2     2
     0     1     1     1
 1.710E+00 1.625E+00 1.625E+00 1.625E+00
 0.000E+00 0.000E+00 0.000E+00 0.000E+00
 0.000E+00 0.000E+00 0.000E+00 0.000E+00
 0.000E+00 0.000E+00 0.000E+00 0.000E+00
      36.399747     -2.262197    0.685959
 6
       4
     2     2     2     2
     0     1     1     1
 1.710E+00 1.625E+00 1.625E+00 1.625E+00
 0.000E+00 0.000E+00 0.000E+00 0.000E+00
 0.000E+00 0.000E+00 0.000E+00 0.000E+00
 0.000E+00 0.000E+00 0.000E+00 0.000E+00
      36.318241     2.212108    -0.325207
 6
       4
     2     2     2     2
     0     1     1     1
 1.710E+00 1.625E+00 1.625E+00 1.625E+00
 0.000E+00 0.000E+00 0.000E+00 0.000E+00
 0.000E+00 0.000E+00 0.000E+00 0.000E+00
 0.000E+00 0.000E+00 0.000E+00 0.000E+00
      39.010247     2.162104    -0.423884
 6
       4
     2     2     2     2
     0     1     1     1
 1.710E+00 1.625E+00 1.625E+00 1.625E+00
 0.000E+00 0.000E+00 0.000E+00 0.000E+00
 0.000E+00 0.000E+00 0.000E+00 0.000E+00
 0.000E+00 0.000E+00 0.000E+00 0.000E+00
      39.033282     -2.276220    0.631339
 6
       4
     2     2     2     2
     0     1     1     1
 1.710E+00 1.625E+00 1.625E+00 1.625E+00
 0.000E+00 0.000E+00 0.000E+00 0.000E+00
 0.000E+00 0.000E+00 0.000E+00 0.000E+00
 0.000E+00 0.000E+00 0.000E+00 0.000E+00
      40.443420     -0.047820    -0.079333
 6
       4
     2     2     2     2
     0     1     1     1
 1.710E+00 1.625E+00 1.625E+00 1.625E+00
 0.000E+00 0.000E+00 0.000E+00 0.000E+00
 0.000E+00 0.000E+00 0.000E+00 0.000E+00
 0.000E+00 0.000E+00 0.000E+00 0.000E+00
      43.226314     -0.337919    -0.254979
 6
       4
     2     2     2     2
     0     1     1     1
 1.710E+00 1.625E+00 1.625E+00 1.625E+00
 0.000E+00 0.000E+00 0.000E+00 0.000E+00
 0.000E+00 0.000E+00 0.000E+00 0.000E+00
 0.000E+00 0.000E+00 0.000E+00 0.000E+00
      45.399726     -0.544415    -0.301916
 6
       4
     2     2     2     2
     0     1     1     1
 1.710E+00 1.625E+00 1.625E+00 1.625E+00
 0.000E+00 0.000E+00 0.000E+00 0.000E+00
 0.000E+00 0.000E+00 0.000E+00 0.000E+00
 0.000E+00 0.000E+00 0.000E+00 0.000E+00
      48.351327     -0.599601    -0.329933
 6
       4
     2     2     2     2
     0     1     1     1
 1.710E+00 1.625E+00 1.625E+00 1.625E+00
 0.000E+00 0.000E+00 0.000E+00 0.000E+00
 0.000E+00 0.000E+00 0.000E+00 0.000E+00
 0.000E+00 0.000E+00 0.000E+00 0.000E+00
      49.669199     -2.478090    0.873732
 6
       4
     2     2     2     2
     0     1     1     1
 1.710E+00 1.625E+00 1.625E+00 1.625E+00
 0.000E+00 0.000E+00 0.000E+00 0.000E+00
 0.000E+00 0.000E+00 0.000E+00 0.000E+00
 0.000E+00 0.000E+00 0.000E+00 0.000E+00
      49.600411     1.739349    -1.122726
 6
       4
     2     2     2     2
     0     1     1     1
 1.710E+00 1.625E+00 1.625E+00 1.625E+00
 0.000E+00 0.000E+00 0.000E+00 0.000E+00
 0.000E+00 0.000E+00 0.000E+00 0.000E+00
 0.000E+00 0.000E+00 0.000E+00 0.000E+00
      52.137506     1.986673    -1.068398
 6
       4
     2     2     2     2
     0     1     1     1
 1.710E+00 1.625E+00 1.625E+00 1.625E+00
 0.000E+00 0.000E+00 0.000E+00 0.000E+00
 0.000E+00 0.000E+00 0.000E+00 0.000E+00
 0.000E+00 0.000E+00 0.000E+00 0.000E+00
      52.397627     -2.041000    1.136725
 6
       4
     2     2     2     2
     0     1     1     1
 1.710E+00 1.625E+00 1.625E+00 1.625E+00
 0.000E+00 0.000E+00 0.000E+00 0.000E+00
 0.000E+00 0.000E+00 0.000E+00 0.000E+00
 0.000E+00 0.000E+00 0.000E+00 0.000E+00
      53.584828     0.039427    0.143251
 6
       4
     2     2     2     2
     0     1     1     1
 1.710E+00 1.625E+00 1.625E+00 1.625E+00
 0.000E+00 0.000E+00 0.000E+00 0.000E+00
 0.000E+00 0.000E+00 0.000E+00 0.000E+00
 0.000E+00 0.000E+00 0.000E+00 0.000E+00
      56.412214     0.199464    0.162114
 1
       1
     1
     0
 1.300E+00
 0.000E+00
 0.000E+00
 0.000E+00
      -4.739807     2.502755    0.838624
 1
       1
     1
     0
 1.300E+00
 0.000E+00
 0.000E+00
 0.000E+00
      -0.244069     3.208059    1.129886
 1
       1
     1
     0
 1.300E+00
 0.000E+00
 0.000E+00
 0.000E+00
      -6.806969     -2.106117    -0.433692
 1
       1
     1
     0
 1.300E+00
 0.000E+00
 0.000E+00
 0.000E+00
      -3.587238     -5.304905    -1.789170
 1
       1
     1
     0
 1.300E+00
 0.000E+00
 0.000E+00
 0.000E+00
      1.015153     -4.328553    -1.983354
 1
       1
     1
     0
 1.300E+00
 0.000E+00
 0.000E+00
 0.000E+00
      8.847128     4.760815    -1.437660
 1
       1
     1
     0
 1.300E+00
 0.000E+00
 0.000E+00
 0.000E+00
      9.282687     -3.075189    1.537715
 1
       1
     1
     0
 1.300E+00
 0.000E+00
 0.000E+00
 0.000E+00
      13.368940     4.939052    -1.546045
 1
       1
     1
     0
 1.300E+00
 0.000E+00
 0.000E+00
 0.000E+00
      13.978917     -2.620589    1.798225
 1
       1
     1
     0
 1.300E+00
 0.000E+00
 0.000E+00
 0.000E+00
      22.467018     4.378238    -2.638375
 1
       1
     1
     0
 1.300E+00
 0.000E+00
 0.000E+00
 0.000E+00
      27.111332     3.856301    -2.822918
 1
       1
     1
     0
 1.300E+00
 0.000E+00
 0.000E+00
 0.000E+00
      22.041445     -1.677325    3.013470
 1
       1
     1
     0
 1.300E+00
 0.000E+00
 0.000E+00
 0.000E+00
      26.826295     -2.513810    2.494975
 1
       1
     1
     0
 1.300E+00
 0.000E+00
 0.000E+00
 0.000E+00
      35.354710     4.121328    -0.643571
 1
       1
     1
     0
 1.300E+00
 0.000E+00
 0.000E+00
 0.000E+00
      35.333596     -3.979735    1.402574
 1
       1
     1
     0
 1.300E+00
 0.000E+00
 0.000E+00
 0.000E+00
      39.950255     4.007888    -0.765379
 1
       1
     1
     0
 1.300E+00
 0.000E+00
 0.000E+00
 0.000E+00
      40.207392     -3.993061    1.052870
 1
       1
     1
     0
 1.300E+00
 0.000E+00
 0.000E+00
 0.000E+00
      48.302371     3.249340    -1.914772
 1
       1
     1
     0
 1.300E+00
 0.000E+00
 0.000E+00
 0.000E+00
      48.727701     -4.133039    1.772480
 1
       1
     1
     0
 1.300E+00
 0.000E+00
 0.000E+00
 0.000E+00
      53.124735     3.561323    -2.008756
 1
       1
     1
     0
 1.300E+00
 0.000E+00
 0.000E+00
 0.000E+00
      53.550091     -3.438084    2.283244
 1
       1
     1
     0
 1.300E+00
 0.000E+00
 0.000E+00
 0.000E+00
      61.801022     4.086480    -1.293402
 1
       1
     1
     0
 1.300E+00
 0.000E+00
 0.000E+00
 0.000E+00
      61.506573     -3.827551    1.070564
 6
       4
     2     2     2     2
     0     1     1     1
 1.710E+00 1.625E+00 1.625E+00 1.625E+00
 0.000E+00 0.000E+00 0.000E+00 0.000E+00
 0.000E+00 0.000E+00 0.000E+00 0.000E+00
 0.000E+00 0.000E+00 0.000E+00 0.000E+00
      69.630087     0.060774    0.137657
 1
       1
     1
     0
 1.300E+00
 0.000E+00
 0.000E+00
 0.000E+00
      66.574117     4.085274    -1.336068
 1
       1
     1
     0
 1.300E+00
 0.000E+00
 0.000E+00
 0.000E+00
      66.472899     -4.048955    0.602004
 6
       4
     2     2     2     2
     0     1     1     1
 1.710E+00 1.625E+00 1.625E+00 1.625E+00
 0.000E+00 0.000E+00 0.000E+00 0.000E+00
 0.000E+00 0.000E+00 0.000E+00 0.000E+00
 0.000E+00 0.000E+00 0.000E+00 0.000E+00
      58.634051     0.173299    0.055926
 6
       4
     2     2     2     2
     0     1     1     1
 1.710E+00 1.625E+00 1.625E+00 1.625E+00
 0.000E+00 0.000E+00 0.000E+00 0.000E+00
 0.000E+00 0.000E+00 0.000E+00 0.000E+00
 0.000E+00 0.000E+00 0.000E+00 0.000E+00
      61.379980     0.217797    -0.150830
 6
       4
     2     2     2     2
     0     1     1     1
 1.710E+00 1.625E+00 1.625E+00 1.625E+00
 0.000E+00 0.000E+00 0.000E+00 0.000E+00
 0.000E+00 0.000E+00 0.000E+00 0.000E+00
 0.000E+00 0.000E+00 0.000E+00 0.000E+00
      62.779322     -2.123702    0.634768
 6
       4
     2     2     2     2
     0     1     1     1
 1.710E+00 1.625E+00 1.625E+00 1.625E+00
 0.000E+00 0.000E+00 0.000E+00 0.000E+00
 0.000E+00 0.000E+00 0.000E+00 0.000E+00
 0.000E+00 0.000E+00 0.000E+00 0.000E+00
      62.778506     2.293865    -0.823042
 6
       4
     2     2     2     2
     0     1     1     1
 1.710E+00 1.625E+00 1.625E+00 1.625E+00
 0.000E+00 0.000E+00 0.000E+00 0.000E+00
 0.000E+00 0.000E+00 0.000E+00 0.000E+00
 0.000E+00 0.000E+00 0.000E+00 0.000E+00
      65.535593     2.231271    -0.894368
 6
       4
     2     2     2     2
     0     1     1     1
 1.710E+00 1.625E+00 1.625E+00 1.625E+00
 0.000E+00 0.000E+00 0.000E+00 0.000E+00
 0.000E+00 0.000E+00 0.000E+00 0.000E+00
 0.000E+00 0.000E+00 0.000E+00 0.000E+00
      65.298087     -2.239694    0.572432
 6
       4
     2     2     2     2
     0     1     1     1
 1.710E+00 1.625E+00 1.625E+00 1.625E+00
 0.000E+00 0.000E+00 0.000E+00 0.000E+00
 0.000E+00 0.000E+00 0.000E+00 0.000E+00
 0.000E+00 0.000E+00 0.000E+00 0.000E+00
      66.805982     0.089101    -0.035629
 6
       4
     2     2     2     2
     0     1     1     1
 1.710E+00 1.625E+00 1.625E+00 1.625E+00
 0.000E+00 0.000E+00 0.000E+00 0.000E+00
 0.000E+00 0.000E+00 0.000E+00 0.000E+00
 0.000E+00 0.000E+00 0.000E+00 0.000E+00
      80.061176     -0.236363    0.314568
 6
       4
     2     2     2     2
     0     1     1     1
 1.710E+00 1.625E+00 1.625E+00 1.625E+00
 0.000E+00 0.000E+00 0.000E+00 0.000E+00
 0.000E+00 0.000E+00 0.000E+00 0.000E+00
 0.000E+00 0.000E+00 0.000E+00 0.000E+00
      78.772183     2.113509    -0.359524
 6
       4
     2     2     2     2
     0     1     1     1
 1.710E+00 1.625E+00 1.625E+00 1.625E+00
 0.000E+00 0.000E+00 0.000E+00 0.000E+00
 0.000E+00 0.000E+00 0.000E+00 0.000E+00
 0.000E+00 0.000E+00 0.000E+00 0.000E+00
      78.356865     -2.235236    0.963541
 6
       4
     2     2     2     2
     0     1     1     1
 1.710E+00 1.625E+00 1.625E+00 1.625E+00
 0.000E+00 0.000E+00 0.000E+00 0.000E+00
 0.000E+00 0.000E+00 0.000E+00 0.000E+00
 0.000E+00 0.000E+00 0.000E+00 0.000E+00
      76.139598     2.357174    -0.419049
 6
       4
     2     2     2     2
     0     1     1     1
 1.710E+00 1.625E+00 1.625E+00 1.625E+00
 0.000E+00 0.000E+00 0.000E+00 0.000E+00
 0.000E+00 0.000E+00 0.000E+00 0.000E+00
 0.000E+00 0.000E+00 0.000E+00 0.000E+00
      74.521428     0.209879    0.139475
 6
       4
     2     2     2     2
     0     1     1     1
 1.710E+00 1.625E+00 1.625E+00 1.625E+00
 0.000E+00 0.000E+00 0.000E+00 0.000E+00
 0.000E+00 0.000E+00 0.000E+00 0.000E+00
 0.000E+00 0.000E+00 0.000E+00 0.000E+00
      75.709920     -2.047694    0.861014
 6
       4
     2     2     2     2
     0     1     1     1
 1.710E+00 1.625E+00 1.625E+00 1.625E+00
 0.000E+00 0.000E+00 0.000E+00 0.000E+00
 0.000E+00 0.000E+00 0.000E+00 0.000E+00
 0.000E+00 0.000E+00 0.000E+00 0.000E+00
      82.872282     -0.265221    0.309802
 6
       4
     2     2     2     2
     0     1     1     1
 1.710E+00 1.625E+00 1.625E+00 1.625E+00
 0.000E+00 0.000E+00 0.000E+00 0.000E+00
 0.000E+00 0.000E+00 0.000E+00 0.000E+00
 0.000E+00 0.000E+00 0.000E+00 0.000E+00
      85.093312     -0.068848    0.185849
 6
       4
     2     2     2     2
     0     1     1     1
 1.710E+00 1.625E+00 1.625E+00 1.625E+00
 0.000E+00 0.000E+00 0.000E+00 0.000E+00
 0.000E+00 0.000E+00 0.000E+00 0.000E+00
 0.000E+00 0.000E+00 0.000E+00 0.000E+00
      87.906878     0.123363    0.000828
 6
       4
     2     2     2     2
     0     1     1     1
 1.710E+00 1.625E+00 1.625E+00 1.625E+00
 0.000E+00 0.000E+00 0.000E+00 0.000E+00
 0.000E+00 0.000E+00 0.000E+00 0.000E+00
 0.000E+00 0.000E+00 0.000E+00 0.000E+00
      89.105314     2.257323    -0.997288
 6
       4
     2     2     2     2
     0     1     1     1
 1.710E+00 1.625E+00 1.625E+00 1.625E+00
 0.000E+00 0.000E+00 0.000E+00 0.000E+00
 0.000E+00 0.000E+00 0.000E+00 0.000E+00
 0.000E+00 0.000E+00 0.000E+00 0.000E+00
      89.483637     -1.954101    0.793679
 6
       4
     2     2     2     2
     0     1     1     1
 1.710E+00 1.625E+00 1.625E+00 1.625E+00
 0.000E+00 0.000E+00 0.000E+00 0.000E+00
 0.000E+00 0.000E+00 0.000E+00 0.000E+00
 0.000E+00 0.000E+00 0.000E+00 0.000E+00
      91.791378     2.358620    -1.268959
 6
       4
     2     2     2     2
     0     1     1     1
 1.710E+00 1.625E+00 1.625E+00 1.625E+00
 0.000E+00 0.000E+00 0.000E+00 0.000E+00
 0.000E+00 0.000E+00 0.000E+00 0.000E+00
 0.000E+00 0.000E+00 0.000E+00 0.000E+00
      92.162980     -1.956516    0.410951
 6
       4
     2     2     2     2
     0     1     1     1
 1.710E+00 1.625E+00 1.625E+00 1.625E+00
 0.000E+00 0.000E+00 0.000E+00 0.000E+00
 0.000E+00 0.000E+00 0.000E+00 0.000E+00
 0.000E+00 0.000E+00 0.000E+00 0.000E+00
      93.350884     0.340017    -0.439316
 6
       4
     2     2     2     2
     0     1     1     1
 1.710E+00 1.625E+00 1.625E+00 1.625E+00
 0.000E+00 0.000E+00 0.000E+00 0.000E+00
 0.000E+00 0.000E+00 0.000E+00 0.000E+00
 0.000E+00 0.000E+00 0.000E+00 0.000E+00
      96.205988     0.523201    -0.389646
 6
       4
     2     2     2     2
     0     1     1     1
 1.710E+00 1.625E+00 1.625E+00 1.625E+00
 0.000E+00 0.000E+00 0.000E+00 0.000E+00
 0.000E+00 0.000E+00 0.000E+00 0.000E+00
 0.000E+00 0.000E+00 0.000E+00 0.000E+00
      98.359219     0.297258    0.016732
 6
       4
     2     2     2     2
     0     1     1     1
 1.710E+00 1.625E+00 1.625E+00 1.625E+00
 0.000E+00 0.000E+00 0.000E+00 0.000E+00
 0.000E+00 0.000E+00 0.000E+00 0.000E+00
 0.000E+00 0.000E+00 0.000E+00 0.000E+00
      101.233935     0.220297    0.204795
 6
       4
     2     2     2     2
     0     1     1     1
 1.710E+00 1.625E+00 1.625E+00 1.625E+00
 0.000E+00 0.000E+00 0.000E+00 0.000E+00
 0.000E+00 0.000E+00 0.000E+00 0.000E+00
 0.000E+00 0.000E+00 0.000E+00 0.000E+00
      102.547757     -2.010013    0.751501
 6
       4
     2     2     2     2
     0     1     1     1
 1.710E+00 1.625E+00 1.625E+00 1.625E+00
 0.000E+00 0.000E+00 0.000E+00 0.000E+00
 0.000E+00 0.000E+00 0.000E+00 0.000E+00
 0.000E+00 0.000E+00 0.000E+00 0.000E+00
      102.647569     2.474269    -0.595634
 6
       4
     2     2     2     2
     0     1     1     1
 1.710E+00 1.625E+00 1.625E+00 1.625E+00
 0.000E+00 0.000E+00 0.000E+00 0.000E+00
 0.000E+00 0.000E+00 0.000E+00 0.000E+00
 0.000E+00 0.000E+00 0.000E+00 0.000E+00
      105.209289     2.495529    -0.767790
 6
       4
     2     2     2     2
     0     1     1     1
 1.710E+00 1.625E+00 1.625E+00 1.625E+00
 0.000E+00 0.000E+00 0.000E+00 0.000E+00
 0.000E+00 0.000E+00 0.000E+00 0.000E+00
 0.000E+00 0.000E+00 0.000E+00 0.000E+00
      105.263454     -1.958650    0.748178
 6
       4
     2     2     2     2
     0     1     1     1
 1.710E+00 1.625E+00 1.625E+00 1.625E+00
 0.000E+00 0.000E+00 0.000E+00 0.000E+00
 0.000E+00 0.000E+00 0.000E+00 0.000E+00
 0.000E+00 0.000E+00 0.000E+00 0.000E+00
      106.611688     0.171077    -0.059273
 6
       4
     2     2     2     2
     0     1     1     1
 1.710E+00 1.625E+00 1.625E+00 1.625E+00
 0.000E+00 0.000E+00 0.000E+00 0.000E+00
 0.000E+00 0.000E+00 0.000E+00 0.000E+00
 0.000E+00 0.000E+00 0.000E+00 0.000E+00
      109.394285     0.485352    0.020817
 6
       4
     2     2     2     2
     0     1     1     1
 1.710E+00 1.625E+00 1.625E+00 1.625E+00
 0.000E+00 0.000E+00 0.000E+00 0.000E+00
 0.000E+00 0.000E+00 0.000E+00 0.000E+00
 0.000E+00 0.000E+00 0.000E+00 0.000E+00
      111.568039     0.982956    0.095010
 6
       4
     2     2     2     2
     0     1     1     1
 1.710E+00 1.625E+00 1.625E+00 1.625E+00
 0.000E+00 0.000E+00 0.000E+00 0.000E+00
 0.000E+00 0.000E+00 0.000E+00 0.000E+00
 0.000E+00 0.000E+00 0.000E+00 0.000E+00
      114.330624     0.934184    0.168777
 6
       4
     2     2     2     2
     0     1     1     1
 1.710E+00 1.625E+00 1.625E+00 1.625E+00
 0.000E+00 0.000E+00 0.000E+00 0.000E+00
 0.000E+00 0.000E+00 0.000E+00 0.000E+00
 0.000E+00 0.000E+00 0.000E+00 0.000E+00
      115.530776     -1.506854    -0.315730
 6
       4
     2     2     2     2
     0     1     1     1
 1.710E+00 1.625E+00 1.625E+00 1.625E+00
 0.000E+00 0.000E+00 0.000E+00 0.000E+00
 0.000E+00 0.000E+00 0.000E+00 0.000E+00
 0.000E+00 0.000E+00 0.000E+00 0.000E+00
      115.915412     3.109635    0.635039
 6
       4
     2     2     2     2
     0     1     1     1
 1.710E+00 1.625E+00 1.625E+00 1.625E+00
 0.000E+00 0.000E+00 0.000E+00 0.000E+00
 0.000E+00 0.000E+00 0.000E+00 0.000E+00
 0.000E+00 0.000E+00 0.000E+00 0.000E+00
      118.545019     2.820987    0.706291
 6
       4
     2     2     2     2
     0     1     1     1
 1.710E+00 1.625E+00 1.625E+00 1.625E+00
 0.000E+00 0.000E+00 0.000E+00 0.000E+00
 0.000E+00 0.000E+00 0.000E+00 0.000E+00
 0.000E+00 0.000E+00 0.000E+00 0.000E+00
      118.141113     -1.691492    -0.360386
 6
       4
     2     2     2     2
     0     1     1     1
 1.710E+00 1.625E+00 1.625E+00 1.625E+00
 0.000E+00 0.000E+00 0.000E+00 0.000E+00
 0.000E+00 0.000E+00 0.000E+00 0.000E+00
 0.000E+00 0.000E+00 0.000E+00 0.000E+00
      119.722806     0.486196    0.187843
 6
       4
     2     2     2     2
     0     1     1     1
 1.710E+00 1.625E+00 1.625E+00 1.625E+00
 0.000E+00 0.000E+00 0.000E+00 0.000E+00
 0.000E+00 0.000E+00 0.000E+00 0.000E+00
 0.000E+00 0.000E+00 0.000E+00 0.000E+00
      122.471724     0.141321    0.194629
 6
       4
     2     2     2     2
     0     1     1     1
 1.710E+00 1.625E+00 1.625E+00 1.625E+00
 0.000E+00 0.000E+00 0.000E+00 0.000E+00
 0.000E+00 0.000E+00 0.000E+00 0.000E+00
 0.000E+00 0.000E+00 0.000E+00 0.000E+00
      124.668978     -0.196486    -0.040342
 6
       4
     2     2     2     2
     0     1     1     1
 1.710E+00 1.625E+00 1.625E+00 1.625E+00
 0.000E+00 0.000E+00 0.000E+00 0.000E+00
 0.000E+00 0.000E+00 0.000E+00 0.000E+00
 0.000E+00 0.000E+00 0.000E+00 0.000E+00
      127.506224     -0.357608    -0.210995
 6
       4
     2     2     2     2
     0     1     1     1
 1.710E+00 1.625E+00 1.625E+00 1.625E+00
 0.000E+00 0.000E+00 0.000E+00 0.000E+00
 0.000E+00 0.000E+00 0.000E+00 0.000E+00
 0.000E+00 0.000E+00 0.000E+00 0.000E+00
      128.832375     -2.438552    -1.170005
 6
       4
     2     2     2     2
     0     1     1     1
 1.710E+00 1.625E+00 1.625E+00 1.625E+00
 0.000E+00 0.000E+00 0.000E+00 0.000E+00
 0.000E+00 0.000E+00 0.000E+00 0.000E+00
 0.000E+00 0.000E+00 0.000E+00 0.000E+00
      128.989226     1.718163    0.547081
 6
       4
     2     2     2     2
     0     1     1     1
 1.710E+00 1.625E+00 1.625E+00 1.625E+00
 0.000E+00 0.000E+00 0.000E+00 0.000E+00
 0.000E+00 0.000E+00 0.000E+00 0.000E+00
 0.000E+00 0.000E+00 0.000E+00 0.000E+00
      131.727674     1.586009    0.589167
 6
       4
     2     2     2     2
     0     1     1     1
 1.710E+00 1.625E+00 1.625E+00 1.625E+00
 0.000E+00 0.000E+00 0.000E+00 0.000E+00
 0.000E+00 0.000E+00 0.000E+00 0.000E+00
 0.000E+00 0.000E+00 0.000E+00 0.000E+00
      131.437756     -2.644182    -1.123839
 6
       4
     2     2     2     2
     0     1     1     1
 1.710E+00 1.625E+00 1.625E+00 1.625E+00
 0.000E+00 0.000E+00 0.000E+00 0.000E+00
 0.000E+00 0.000E+00 0.000E+00 0.000E+00
 0.000E+00 0.000E+00 0.000E+00 0.000E+00
      133.008381     -0.685368    -0.167611
 6
       4
     2     2     2     2
     0     1     1     1
 1.710E+00 1.625E+00 1.625E+00 1.625E+00
 0.000E+00 0.000E+00 0.000E+00 0.000E+00
 0.000E+00 0.000E+00 0.000E+00 0.000E+00
 0.000E+00 0.000E+00 0.000E+00 0.000E+00
      135.824010     -0.943982    0.148398
 1
       1
     1
     0
 1.300E+00
 0.000E+00
 0.000E+00
 0.000E+00
      75.184865     4.251793    -0.977389
 1
       1
     1
     0
 1.300E+00
 0.000E+00
 0.000E+00
 0.000E+00
      79.913764     3.866686    -0.653297
 6
       4
     2     2     2     2
     0     1     1     1
 1.710E+00 1.625E+00 1.625E+00 1.625E+00
 0.000E+00 0.000E+00 0.000E+00 0.000E+00
 0.000E+00 0.000E+00 0.000E+00 0.000E+00
 0.000E+00 0.000E+00 0.000E+00 0.000E+00
      71.771028     0.295842    0.057472
 1
       1
     1
     0
 1.300E+00
 0.000E+00
 0.000E+00
 0.000E+00
      74.511807     -3.761377    1.442417
 1
       1
     1
     0
 1.300E+00
 0.000E+00
 0.000E+00
 0.000E+00
      79.158224     -4.114451    1.286382
 1
       1
     1
     0
 1.300E+00
 0.000E+00
 0.000E+00
 0.000E+00
      87.922792     4.081185    -1.335080
 1
       1
     1
     0
 1.300E+00
 0.000E+00
 0.000E+00
 0.000E+00
      88.553947     -3.518447    1.903685
 1
       1
     1
     0
 1.300E+00
 0.000E+00
 0.000E+00
 0.000E+00
      92.686143     4.208034    -1.922987
 1
       1
     1
     0
 1.300E+00
 0.000E+00
 0.000E+00
 0.000E+00
      93.423015     -3.617654    0.938514
 1
       1
     1
     0
 1.300E+00
 0.000E+00
 0.000E+00
 0.000E+00
      101.435487     4.181019    -1.227337
 1
       1
     1
     0
 1.300E+00
 0.000E+00
 0.000E+00
 0.000E+00
      106.427538     4.145628    -1.337733
 1
       1
     1
     0
 1.300E+00
 0.000E+00
 0.000E+00
 0.000E+00
      101.567033     -3.781332    1.358584
 1
       1
     1
     0
 1.300E+00
 0.000E+00
 0.000E+00
 0.000E+00
      106.291779     -3.651553    1.481806
 1
       1
     1
     0
 1.300E+00
 0.000E+00
 0.000E+00
 0.000E+00
      115.057690     5.030993    0.985341
 1
       1
     1
     0
 1.300E+00
 0.000E+00
 0.000E+00
 0.000E+00
      114.347384     -3.110173    -0.953987
 1
       1
     1
     0
 1.300E+00
 0.000E+00
 0.000E+00
 0.000E+00
      119.816096     4.544744    0.959590
 1
       1
     1
     0
 1.300E+00
 0.000E+00
 0.000E+00
 0.000E+00
      119.100801     -3.456859    -0.893961
 1
       1
     1
     0
 1.300E+00
 0.000E+00
 0.000E+00
 0.000E+00
      128.057391     3.659377    0.943296
 1
       1
     1
     0
 1.300E+00
 0.000E+00
 0.000E+00
 0.000E+00
      127.676426     -4.183165    -1.885321
 1
       1
     1
     0
 1.300E+00
 0.000E+00
 0.000E+00
 0.000E+00
      132.971986     3.293067    1.149125
 1
       1
     1
     0
 1.300E+00
 0.000E+00
 0.000E+00
 0.000E+00
      132.389790     -4.433887    -1.897342
 1
       1
     1
     0
 1.300E+00
 0.000E+00
 0.000E+00
 0.000E+00
      141.373778     1.871110    3.443425
 1
       1
     1
     0
 1.300E+00
 0.000E+00
 0.000E+00
 0.000E+00
      140.924447     -4.159982    -2.424535
 1
       1
     1
     0
 1.300E+00
 0.000E+00
 0.000E+00
 0.000E+00
      148.263071     -1.782752    0.432736
 1
       1
     1
     0
 1.300E+00
 0.000E+00
 0.000E+00
 0.000E+00
      145.972545     1.642813    3.084798
 1
       1
     1
     0
 1.300E+00
 0.000E+00
 0.000E+00
 0.000E+00
      145.560353     -4.235964    -2.924474
 6
       4
     2     2     2     2
     0     1     1     1
 1.710E+00 1.625E+00 1.625E+00 1.625E+00
 0.000E+00 0.000E+00 0.000E+00 0.000E+00
 0.000E+00 0.000E+00 0.000E+00 0.000E+00
 0.000E+00 0.000E+00 0.000E+00 0.000E+00
      137.952660     -0.992144    0.450469
 6
       4
     2     2     2     2
     0     1     1     1
 1.710E+00 1.625E+00 1.625E+00 1.625E+00
 0.000E+00 0.000E+00 0.000E+00 0.000E+00
 0.000E+00 0.000E+00 0.000E+00 0.000E+00
 0.000E+00 0.000E+00 0.000E+00 0.000E+00
      140.757419     -0.997660    0.486699
 6
       4
     2     2     2     2
     0     1     1     1
 1.710E+00 1.625E+00 1.625E+00 1.625E+00
 0.000E+00 0.000E+00 0.000E+00 0.000E+00
 0.000E+00 0.000E+00 0.000E+00 0.000E+00
 0.000E+00 0.000E+00 0.000E+00 0.000E+00
      142.104530     -2.795538    -1.232451
 6
       4
     2     2     2     2
     0     1     1     1
 1.710E+00 1.625E+00 1.625E+00 1.625E+00
 0.000E+00 0.000E+00 0.000E+00 0.000E+00
 0.000E+00 0.000E+00 0.000E+00 0.000E+00
 0.000E+00 0.000E+00 0.000E+00 0.000E+00
      142.207452     0.473386    1.981952
 6
       4
     2     2     2     2
     0     1     1     1
 1.710E+00 1.625E+00 1.625E+00 1.625E+00
 0.000E+00 0.000E+00 0.000E+00 0.000E+00
 0.000E+00 0.000E+00 0.000E+00 0.000E+00
 0.000E+00 0.000E+00 0.000E+00 0.000E+00
      144.987732     0.342991    1.820137
 6
       4
     2     2     2     2
     0     1     1     1
 1.710E+00 1.625E+00 1.625E+00 1.625E+00
 0.000E+00 0.000E+00 0.000E+00 0.000E+00
 0.000E+00 0.000E+00 0.000E+00 0.000E+00
 0.000E+00 0.000E+00 0.000E+00 0.000E+00
      144.691241     -2.900287    -1.466775
 6
       4
     2     2     2     2
     0     1     1     1
 1.710E+00 1.625E+00 1.625E+00 1.625E+00
 0.000E+00 0.000E+00 0.000E+00 0.000E+00
 0.000E+00 0.000E+00 0.000E+00 0.000E+00
 0.000E+00 0.000E+00 0.000E+00 0.000E+00
      146.125335     -1.364507    0.209582
# LCAO coefficients .. are not included.
         1
        1        0.000204296994498   k=         1
        2        0.001379813554929   k=         1
        3        0.000459923074689   k=         1
        4        -0.006829646028222   k=         1
        5        -0.000909175170822   k=         1
        6        -0.003047398160980   k=         1
        7        0.004463954181889   k=         1
        8        -0.006857641879030   k=         1
        9        0.000584316089464   k=         1
        10        -0.000469323524397   k=         1
        11        0.004873629117842   k=         1
        12        -0.005818517720144   k=         1
        13        0.000405315683901   k=         1
        14        0.001072304794929   k=         1
        15        -0.000798447150724   k=         1
        16        0.001974222712420   k=         1
        17        -0.000085231999085   k=         1
        18        -0.000197051770467   k=         1
        19        -0.002485076352227   k=         1
        20        0.008729679907667   k=         1
        21        -0.000017661095810   k=         1
        22        0.000664930641358   k=         1
        23        -0.001366725276490   k=         1
        24        0.002249745790200   k=         1
        25        0.000227818115773   k=         1
        26        -0.003298567110543   k=         1
        27        0.004660609252081   k=         1
        28        0.017496994374495   k=         1
        29        0.000296678274630   k=         1
        30        0.000582329157543   k=         1
        31        0.001767065230456   k=         1
        32        0.008866112463753   k=         1
        33        0.000335184336071   k=         1
        34        -0.000118557648815   k=         1
        35        -0.009642439159384   k=         1
        36        -0.028965956280567   k=         1
        37        -0.000051458431794   k=         1
        38        0.000524716750937   k=         1
        39        -0.004475791860667   k=         1
        40        -0.011246253120697   k=         1
        41        0.000370301735866   k=         1
        42        0.002773013123657   k=         1
        43        -0.004726693571480   k=         1
        44        -0.011513790708337   k=         1
        45        0.001031738239548   k=         1
        46        0.000176429757472   k=         1
        47        0.008758583604603   k=         1
        48        0.021214479603391   k=         1
        49        -0.000893355887165   k=         1
        50        -0.004377253921225   k=         1
        51        0.005828169734735   k=         1
        52        0.019198356100592   k=         1
        53        0.000508705900102   k=         1
        54        0.000395816407712   k=         1
        55        0.010053711374819   k=         1
        56        0.022196287731902   k=         1
        57        0.000454332126514   k=         1
        58        0.000236838911683   k=         1
        59        -0.024338401776456   k=         1
        60        -0.028813023085591   k=         1
        61        0.000810165065562   k=         1
        62        0.002680492855935   k=         1
        63        -0.013240001028994   k=         1
        64        -0.020613825874208   k=         1
        65        -0.000331798635253   k=         1
        66        0.001648928123652   k=         1
        67        0.037187592474892   k=         1
        68        0.043299512998245   k=         1
        69        0.001639767405523   k=         1
        70        0.009714308306716   k=         1
        71        0.019317298865829   k=         1
        72        0.019145371986200   k=         1
        73        -0.000457893435159   k=         1
        74        0.005628038335099   k=         1
        75        0.017183934753080   k=         1
        76        0.015991094016121   k=         1
        77        0.002301055510602   k=         1
        78        -0.004464449359711   k=         1
        79        -0.031159242710741   k=         1
        80        -0.029610604763744   k=         1
        81        -0.002348308318137   k=         1
        82        -0.015478148967377   k=         1
        83        -0.030359224646298   k=         1
        84        -0.027804906855655   k=         1
        85        -0.000078749324243   k=         1
        86        0.002418391146799   k=         1
        87        -0.026595825453434   k=         1
        88        -0.040323937315017   k=         1
        89        -0.000657178655690   k=         1
        90        -0.008115247981427   k=         1
        91        0.022623690588708   k=         1
        92        0.070400655070789   k=         1
        93        0.001467415964453   k=         1
        94        0.000877439078682   k=         1
        95        0.022460010345097   k=         1
        96        0.049111060489660   k=         1
        97        -0.000545605266513   k=         1
        98        -0.005356718374861   k=         1
        99        -0.020295495438088   k=         1
        100        -0.080519003556743   k=         1
        101        0.003087289280049   k=         1
        102        -0.003143081594893   k=         1
        103        -0.011694846420954   k=         1
        104        -0.046400358939074   k=         1
        105        0.000206699194821   k=         1
        106        0.000394479035634   k=         1
        107        -0.009385965036689   k=         1
        108        -0.054711855662567   k=         1
        109        0.000648187415569   k=         1
        110        0.000774183601453   k=         1
        111        0.007952519421433   k=         1
        112        0.055113234464699   k=         1
        113        -0.000793852615929   k=         1
        114        -0.000604432727265   k=         1
        115        0.010672055022541   k=         1
        116        0.047788203069869   k=         1
        117        -0.000766102966388   k=         1
        118        0.009496441014730   k=         1
        119        0.020503158423895   k=         1
        120        0.078888923826977   k=         1
        121        0.001531218659521   k=         1
        122        -0.008775834127775   k=         1
        123        -0.021498617427395   k=         1
        124        -0.062697971605704   k=         1
        125        -0.001829479488561   k=         1
        126        -0.003570482273503   k=         1
        127        -0.018512160906121   k=         1
        128        -0.062444186722578   k=         1
        129        -0.003846435701813   k=         1
        130        -0.006421747539278   k=         1
        131        0.035375196638711   k=         1
        132        0.094993432877815   k=         1
        133        -0.000730324281599   k=         1
        134        -0.017020167730157   k=         1
        135        0.031412055510151   k=         1
        136        0.043119211678010   k=         1
        137        -0.000065326658870   k=         1
        138        -0.005600924904050   k=         1
        139        0.021664936343174   k=         1
        140        0.045916581442543   k=         1
        141        0.001854979282136   k=         1
        142        0.008752256391288   k=         1
        143        -0.033521598926989   k=         1
        144        -0.041738190581385   k=         1
        145        -0.001203361129150   k=         1
        146        0.021667326529640   k=         1
        147        -0.047558048085897   k=         1
        148        -0.072940982873443   k=         1
        149        -0.001252309759027   k=         1
        150        0.001917387169681   k=         1
        151        -0.040843875873700   k=         1
        152        -0.083976028164209   k=         1
        153        0.000151311752302   k=         1
        154        0.006900398977590   k=         1
        155        0.045445009012622   k=         1
        156        0.103181451713110   k=         1
        157        -0.001352477548254   k=         1
        158        0.000394863685588   k=         1
        159        0.000514732669460   k=         1
        160        0.000769842369090   k=         1
        161        -0.001024978683826   k=         1
        162        -0.000294664311994   k=         1
        163        -0.000916263993306   k=         1
        164        -0.000325587231164   k=         1
        165        -0.000491276429028   k=         1
        166        0.000872355752125   k=         1
        167        -0.004062952688336   k=         1
        168        -0.004667799691347   k=         1
        169        -0.000345607059628   k=         1
        170        0.000757673922443   k=         1
        171        -0.001592856804210   k=         1
        172        -0.002892347576627   k=         1
        173        -0.000234671698996   k=         1
        174        0.005459011738760   k=         1
        175        -0.002496047080537   k=         1
        176        -0.000670300374194   k=         1
        177        0.007054225512492   k=         1
        178        0.006689957666102   k=         1
        179        -0.005242727788363   k=         1
        180        -0.004864334993119   k=         1
        181        0.009704971498060   k=         1
        182        -0.035806995722184   k=         1
        183        -0.102365967587524   k=         1
        184        -0.001815484602666   k=         1
        185        0.009398257600830   k=         1
        186        -0.001627062577984   k=         1
        187        0.003156938243184   k=         1
        188        0.038566138342963   k=         1
        189        0.078945989614469   k=         1
        190        0.004111139956530   k=         1
        191        -0.002764853062469   k=         1
        192        -0.056131674421485   k=         1
        193        -0.130348162124428   k=         1
        194        -0.001161762633677   k=         1
        195        -0.007954983019366   k=         1
        196        -0.009740016201260   k=         1
        197        -0.060729195316520   k=         1
        198        -0.003017158599887   k=         1
        199        -0.004402465304802   k=         1
        200        -0.020903121101049   k=         1
        201        -0.096677829881726   k=         1
        202        -0.001934767583805   k=         1
        203        0.002257936119036   k=         1
        204        0.027006596390480   k=         1
        205        0.106631584227716   k=         1
        206        0.001130113000225   k=         1
        207        0.007977903822850   k=         1
        208        0.005031381201537   k=         1
        209        0.070176782137303   k=         1
        210        0.002418577240310   k=         1
        211        -0.015064532035293   k=         1
        212        0.053590215779308   k=         1
        213        0.130956670043916   k=         1
        214        0.000269915850286   k=         1
        215        -0.004409306130012   k=         1
        216        -0.047074215423555   k=         1
        217        -0.135025272183557   k=         1
        218        -0.000531958051068   k=         1
        219        0.002276231629563   k=         1
        220        -0.012132539762564   k=         1
        221        -0.075610820586911   k=         1
        222        -0.000932918202585   k=         1
        223        0.001058397321432   k=         1
        224        -0.015229179895059   k=         1
        225        -0.084379392285767   k=         1
        226        0.001236544520558   k=         1
        227        -0.004338822008585   k=         1
        228        0.019413495475842   k=         1
        229        0.082211634320524   k=         1
        230        -0.002052906516702   k=         1
        231        0.000461545445167   k=         1
        232        0.042451688273530   k=         1
        233        0.126402334379164   k=         1
        234        -0.001183469912813   k=         1
        235        -0.000063849760247   k=         1
        236        0.026172881753591   k=         1
        237        0.087372014078190   k=         1
        238        0.000371634845437   k=         1
        239        0.002791349726048   k=         1
        240        0.032894063693428   k=         1
        241        0.081029193823056   k=         1
        242        -0.003111307325096   k=         1
        243        -0.003550745038928   k=         1
        244        0.035856662278577   k=         1
        245        0.101676268639384   k=         1
        246        -0.000559544922333   k=         1
        247        -0.000613315892588   k=         1
        248        -0.037548193509659   k=         1
        249        -0.087072650450296   k=         1
        250        0.002042254581898   k=         1
        251        -0.017508125546749   k=         1
        252        -0.025920860695418   k=         1
        253        -0.066269923996723   k=         1
        254        -0.000129959256698   k=         1
        255        -0.020375941808282   k=         1
        256        -0.033849332583899   k=         1
        257        -0.062540315007350   k=         1
        258        -0.002292098864718   k=         1
        259        0.009957321033628   k=         1
        260        0.019800373607821   k=         1
        261        0.056247194207648   k=         1
        262        -0.001666247907093   k=         1
        263        0.013895821507463   k=         1
        264        0.020447213601667   k=         1
        265        0.044333083606297   k=         1
        266        0.003042789395262   k=         1
        267        -0.011425410428576   k=         1
        268        0.034962259803962   k=         1
        269        0.096682976147272   k=         1
        270        -0.001310690192593   k=         1
        271        0.014623681134647   k=         1
        272        -0.017575193927435   k=         1
        273        -0.054930250458817   k=         1
        274        -0.001050437772309   k=         1
        275        0.006979886513851   k=         1
        276        -0.022856594583962   k=         1
        277        -0.067119113710892   k=         1
        278        0.001729580811222   k=         1
        279        0.001694223299615   k=         1
        280        0.018344242591523   k=         1
        281        0.070741976609542   k=         1
        282        -0.000949554385935   k=         1
        283        0.003199844012821   k=         1
        284        0.016024224229328   k=         1
        285        0.053926573246348   k=         1
        286        0.000232554691690   k=         1
        287        0.003386388323228   k=         1
        288        0.015935270528724   k=         1
        289        0.037772262092156   k=         1
        290        0.001570522335465   k=         1
        291        -0.001090899266790   k=         1
        292        -0.014269213796550   k=         1
        293        -0.033943160128877   k=         1
        294        -0.001021688640384   k=         1
        295        -0.002402542564436   k=         1
        296        -0.021897761557935   k=         1
        297        -0.044050902739756   k=         1
        298        0.002030597371391   k=         1
        299        0.001623998823744   k=         1
        300        -0.021638927443734   k=         1
        301        -0.073710683188585   k=         1
        302        0.000115523415027   k=         1
        303        -0.002138825110098   k=         1
        304        0.001253954345373   k=         1
        305        0.049800875274392   k=         1
        306        0.000907620311526   k=         1
        307        -0.004649092536849   k=         1
        308        0.012268874505262   k=         1
        309        0.056839531828576   k=         1
        310        0.000202232657532   k=         1
        311        0.002913315852864   k=         1
        312        0.004941747504436   k=         1
        313        -0.053921233597567   k=         1
        314        0.000620300480678   k=         1
        315        -0.003037234672799   k=         1
        316        0.016508153930581   k=         1
        317        -0.034749148189443   k=         1
        318        -0.001725063614818   k=         1
        319        0.005085824469176   k=         1
        320        0.012807155591759   k=         1
        321        -0.042667706640292   k=         1
        322        0.001101256991913   k=         1
        323        -0.000718314979186   k=         1
        324        -0.005709372948580   k=         1
        325        0.027353667509960   k=         1
        326        -0.000170382172683   k=         1
        327        0.002670071338765   k=         1
        328        -0.007895364691829   k=         1
        329        0.025942950497934   k=         1
        330        -0.001010378199597   k=         1
        331        -0.002640858570263   k=         1
        332        -0.012503820777867   k=         1
        333        0.058312279965504   k=         1
        334        -0.000801437399925   k=         1
        335        0.000976581158868   k=         1
        336        0.007185178887484   k=         1
        337        -0.023450103537005   k=         1
        338        0.000279786440249   k=         1
        339        -0.004264880990531   k=         1
        340        0.010866171668975   k=         1
        341        -0.040783487133475   k=         1
        342        -0.000156041161731   k=         1
        343        0.002709608098667   k=         1
        344        -0.008387970514169   k=         1
        345        0.019881835907207   k=         1
        346        -0.000078602885117   k=         1
        347        0.000071773002949   k=         1
        348        -0.008135026096161   k=         1
        349        0.019531560537159   k=         1
        350        0.001156698622077   k=         1
        351        -0.001985331033699   k=         1
        352        -0.007136782028863   k=         1
        353        0.022532845457885   k=         1
        354        -0.000573784253189   k=         1
        355        0.001263273400926   k=         1
        356        0.003154966125447   k=         1
        357        -0.010337209170196   k=         1
        358        -0.000397575706826   k=         1
        359        0.000258783122036   k=         1
        360        0.004090381700238   k=         1
        361        -0.010463069701404   k=         1
        362        0.000375604601907   k=         1
        363        0.004107675749128   k=         1
        364        0.011400076889805   k=         1
        365        -0.026308587475538   k=         1
        366        -0.000006219911741   k=         1
        367        -0.001527299731018   k=         1
        368        -0.003833863088915   k=         1
        369        0.007075222025386   k=         1
        370        -0.003820552549040   k=         1
        371        0.004663145237120   k=         1
        372        0.002176785292320   k=         1
        373        -0.001968836686695   k=         1
        374        -0.038486475609419   k=         1
        375        -0.099411295327012   k=         1
        376        0.003326395454325   k=         1
        377        -0.001826671729215   k=         1
        378        0.003306937623266   k=         1
        379        0.003761927259700   k=         1
        380        0.005057876658308   k=         1
        381        0.003699414620477   k=         1
        382        0.001709168529176   k=         1
        383        -0.002240494629645   k=         1
        384        -0.002376269265145   k=         1
        385        0.000247311364473   k=         1
        386        0.001769582210964   k=         1
        387        -0.000753565089242   k=         1
        388        -0.001832509152917   k=         1
        389        0.003208284202035   k=         1
        390        0.000798909479487   k=         1
        391        0.000146514845109   k=         1
        392        -0.000496951365278   k=         1
        393        -0.000185751662681   k=         1
        394        0.000573882457332   k=         1
        395        0.000108448956977   k=         1
        396        -0.000586026130174   k=         1
        397        0.000081607162862   k=         1
        398        0.000879507813972   k=         1
        399        0.000266338804128   k=         1
        400        -0.001662534078990   k=         1
        401        -0.006781371847279   k=         1
        402        0.015140750710014   k=         1
        403        0.000118659000674   k=         1
        404        0.000297036446966   k=         1
        405        0.003754768627181   k=         1
        406        -0.005288785377436   k=         1
        407        0.000342522069566   k=         1
        408        -0.001985110590356   k=         1
        409        0.006067341211651   k=         1
        410        -0.004359701021367   k=         1
        411        -0.000534306929458   k=         1
        412        -0.000193371057372   k=         1
        413        0.007157346386649   k=         1
        414        -0.005830358627139   k=         1
        415        0.000092126302751   k=         1
        416        0.000353224235856   k=         1
        417        -0.002548630610329   k=         1
        418        0.002227429689557   k=         1
        419        -0.000107457605150   k=         1
        420        0.000975860575787   k=         1
        421        -0.001045329835470   k=         1
        422        0.001043767804952   k=         1
        423        -0.000105118765057   k=         1
        424        -0.001968107563988   k=         1
        425        -0.006461317075385   k=         1
        426        0.006546473118813   k=         1
