# file_format= v0.04.05
       144       426
    188.97268778      0.00000000      0.00000000    0
      0.00000000    188.97268778      0.00000000    0
      0.00000000      0.00000000    188.97268778    0
 6
       4
     2     2     2     2
     0     1     1     1
 1.710E+00 1.625E+00 1.625E+00 1.625E+00
 0.000E+00 0.000E+00 0.000E+00 0.000E+00
 0.000E+00 0.000E+00 0.000E+00 0.000E+00
 0.000E+00 0.000E+00 0.000E+00 0.000E+00
      1.340681     -0.739728    -0.017610
 6
       4
     2     2     2     2
     0     1     1     1
 1.710E+00 1.625E+00 1.625E+00 1.625E+00
 0.000E+00 0.000E+00 0.000E+00 0.000E+00
 0.000E+00 0.000E+00 0.000E+00 0.000E+00
 0.000E+00 0.000E+00 0.000E+00 0.000E+00
      -0.523205     1.019139    0.562203
 6
       4
     2     2     2     2
     0     1     1     1
 1.710E+00 1.625E+00 1.625E+00 1.625E+00
 0.000E+00 0.000E+00 0.000E+00 0.000E+00
 0.000E+00 0.000E+00 0.000E+00 0.000E+00
 0.000E+00 0.000E+00 0.000E+00 0.000E+00
      0.543107     -3.380741    -0.685326
 6
       4
     2     2     2     2
     0     1     1     1
 1.710E+00 1.625E+00 1.625E+00 1.625E+00
 0.000E+00 0.000E+00 0.000E+00 0.000E+00
 0.000E+00 0.000E+00 0.000E+00 0.000E+00
 0.000E+00 0.000E+00 0.000E+00 0.000E+00
      -3.114289     0.481245    0.307903
 6
       4
     2     2     2     2
     0     1     1     1
 1.710E+00 1.625E+00 1.625E+00 1.625E+00
 0.000E+00 0.000E+00 0.000E+00 0.000E+00
 0.000E+00 0.000E+00 0.000E+00 0.000E+00
 0.000E+00 0.000E+00 0.000E+00 0.000E+00
      -4.054734     -1.954561    -0.443487
 6
       4
     2     2     2     2
     0     1     1     1
 1.710E+00 1.625E+00 1.625E+00 1.625E+00
 0.000E+00 0.000E+00 0.000E+00 0.000E+00
 0.000E+00 0.000E+00 0.000E+00 0.000E+00
 0.000E+00 0.000E+00 0.000E+00 0.000E+00
      -2.183541     -3.981214    -0.869367
 6
       4
     2     2     2     2
     0     1     1     1
 1.710E+00 1.625E+00 1.625E+00 1.625E+00
 0.000E+00 0.000E+00 0.000E+00 0.000E+00
 0.000E+00 0.000E+00 0.000E+00 0.000E+00
 0.000E+00 0.000E+00 0.000E+00 0.000E+00
      4.012758     -0.503642    -0.051372
 6
       4
     2     2     2     2
     0     1     1     1
 1.710E+00 1.625E+00 1.625E+00 1.625E+00
 0.000E+00 0.000E+00 0.000E+00 0.000E+00
 0.000E+00 0.000E+00 0.000E+00 0.000E+00
 0.000E+00 0.000E+00 0.000E+00 0.000E+00
      6.264525     -0.420003    -0.166625
 6
       4
     2     2     2     2
     0     1     1     1
 1.710E+00 1.625E+00 1.625E+00 1.625E+00
 0.000E+00 0.000E+00 0.000E+00 0.000E+00
 0.000E+00 0.000E+00 0.000E+00 0.000E+00
 0.000E+00 0.000E+00 0.000E+00 0.000E+00
      8.959225     -0.072970    -0.038594
 6
       4
     2     2     2     2
     0     1     1     1
 1.710E+00 1.625E+00 1.625E+00 1.625E+00
 0.000E+00 0.000E+00 0.000E+00 0.000E+00
 0.000E+00 0.000E+00 0.000E+00 0.000E+00
 0.000E+00 0.000E+00 0.000E+00 0.000E+00
      9.990426     2.442907    -0.198502
 6
       4
     2     2     2     2
     0     1     1     1
 1.710E+00 1.625E+00 1.625E+00 1.625E+00
 0.000E+00 0.000E+00 0.000E+00 0.000E+00
 0.000E+00 0.000E+00 0.000E+00 0.000E+00
 0.000E+00 0.000E+00 0.000E+00 0.000E+00
      10.601465     -2.045029    0.468677
 6
       4
     2     2     2     2
     0     1     1     1
 1.710E+00 1.625E+00 1.625E+00 1.625E+00
 0.000E+00 0.000E+00 0.000E+00 0.000E+00
 0.000E+00 0.000E+00 0.000E+00 0.000E+00
 0.000E+00 0.000E+00 0.000E+00 0.000E+00
      12.652840     2.857056    -0.079627
 6
       4
     2     2     2     2
     0     1     1     1
 1.710E+00 1.625E+00 1.625E+00 1.625E+00
 0.000E+00 0.000E+00 0.000E+00 0.000E+00
 0.000E+00 0.000E+00 0.000E+00 0.000E+00
 0.000E+00 0.000E+00 0.000E+00 0.000E+00
      13.252624     -1.601605    0.662602
 6
       4
     2     2     2     2
     0     1     1     1
 1.710E+00 1.625E+00 1.625E+00 1.625E+00
 0.000E+00 0.000E+00 0.000E+00 0.000E+00
 0.000E+00 0.000E+00 0.000E+00 0.000E+00
 0.000E+00 0.000E+00 0.000E+00 0.000E+00
      14.368314     0.771125    0.311674
 6
       4
     2     2     2     2
     0     1     1     1
 1.710E+00 1.625E+00 1.625E+00 1.625E+00
 0.000E+00 0.000E+00 0.000E+00 0.000E+00
 0.000E+00 0.000E+00 0.000E+00 0.000E+00
 0.000E+00 0.000E+00 0.000E+00 0.000E+00
      17.041711     0.915555    0.258715
 6
       4
     2     2     2     2
     0     1     1     1
 1.710E+00 1.625E+00 1.625E+00 1.625E+00
 0.000E+00 0.000E+00 0.000E+00 0.000E+00
 0.000E+00 0.000E+00 0.000E+00 0.000E+00
 0.000E+00 0.000E+00 0.000E+00 0.000E+00
      19.277463     1.288857    0.128509
 6
       4
     2     2     2     2
     0     1     1     1
 1.710E+00 1.625E+00 1.625E+00 1.625E+00
 0.000E+00 0.000E+00 0.000E+00 0.000E+00
 0.000E+00 0.000E+00 0.000E+00 0.000E+00
 0.000E+00 0.000E+00 0.000E+00 0.000E+00
      21.962118     1.235359    0.309375
 6
       4
     2     2     2     2
     0     1     1     1
 1.710E+00 1.625E+00 1.625E+00 1.625E+00
 0.000E+00 0.000E+00 0.000E+00 0.000E+00
 0.000E+00 0.000E+00 0.000E+00 0.000E+00
 0.000E+00 0.000E+00 0.000E+00 0.000E+00
      23.281479     -0.770181    1.646401
 6
       4
     2     2     2     2
     0     1     1     1
 1.710E+00 1.625E+00 1.625E+00 1.625E+00
 0.000E+00 0.000E+00 0.000E+00 0.000E+00
 0.000E+00 0.000E+00 0.000E+00 0.000E+00
 0.000E+00 0.000E+00 0.000E+00 0.000E+00
      23.466882     3.131839    -0.961428
 6
       4
     2     2     2     2
     0     1     1     1
 1.710E+00 1.625E+00 1.625E+00 1.625E+00
 0.000E+00 0.000E+00 0.000E+00 0.000E+00
 0.000E+00 0.000E+00 0.000E+00 0.000E+00
 0.000E+00 0.000E+00 0.000E+00 0.000E+00
      26.022419     2.953942    -1.125969
 6
       4
     2     2     2     2
     0     1     1     1
 1.710E+00 1.625E+00 1.625E+00 1.625E+00
 0.000E+00 0.000E+00 0.000E+00 0.000E+00
 0.000E+00 0.000E+00 0.000E+00 0.000E+00
 0.000E+00 0.000E+00 0.000E+00 0.000E+00
      25.781035     -0.961228    1.352963
 6
       4
     2     2     2     2
     0     1     1     1
 1.710E+00 1.625E+00 1.625E+00 1.625E+00
 0.000E+00 0.000E+00 0.000E+00 0.000E+00
 0.000E+00 0.000E+00 0.000E+00 0.000E+00
 0.000E+00 0.000E+00 0.000E+00 0.000E+00
      27.332277     0.874558    0.012733
 6
       4
     2     2     2     2
     0     1     1     1
 1.710E+00 1.625E+00 1.625E+00 1.625E+00
 0.000E+00 0.000E+00 0.000E+00 0.000E+00
 0.000E+00 0.000E+00 0.000E+00 0.000E+00
 0.000E+00 0.000E+00 0.000E+00 0.000E+00
      29.994377     0.536622    -0.111730
 6
       4
     2     2     2     2
     0     1     1     1
 1.710E+00 1.625E+00 1.625E+00 1.625E+00
 0.000E+00 0.000E+00 0.000E+00 0.000E+00
 0.000E+00 0.000E+00 0.000E+00 0.000E+00
 0.000E+00 0.000E+00 0.000E+00 0.000E+00
      32.335614     0.305676    -0.292785
 6
       4
     2     2     2     2
     0     1     1     1
 1.710E+00 1.625E+00 1.625E+00 1.625E+00
 0.000E+00 0.000E+00 0.000E+00 0.000E+00
 0.000E+00 0.000E+00 0.000E+00 0.000E+00
 0.000E+00 0.000E+00 0.000E+00 0.000E+00
      34.996711     0.063538    -0.231682
 6
       4
     2     2     2     2
     0     1     1     1
 1.710E+00 1.625E+00 1.625E+00 1.625E+00
 0.000E+00 0.000E+00 0.000E+00 0.000E+00
 0.000E+00 0.000E+00 0.000E+00 0.000E+00
 0.000E+00 0.000E+00 0.000E+00 0.000E+00
      36.227344     -2.233004    0.476179
 6
       4
     2     2     2     2
     0     1     1     1
 1.710E+00 1.625E+00 1.625E+00 1.625E+00
 0.000E+00 0.000E+00 0.000E+00 0.000E+00
 0.000E+00 0.000E+00 0.000E+00 0.000E+00
 0.000E+00 0.000E+00 0.000E+00 0.000E+00
      36.739542     2.088480    -1.055363
 6
       4
     2     2     2     2
     0     1     1     1
 1.710E+00 1.625E+00 1.625E+00 1.625E+00
 0.000E+00 0.000E+00 0.000E+00 0.000E+00
 0.000E+00 0.000E+00 0.000E+00 0.000E+00
 0.000E+00 0.000E+00 0.000E+00 0.000E+00
      39.334491     1.769698    -1.000007
 6
       4
     2     2     2     2
     0     1     1     1
 1.710E+00 1.625E+00 1.625E+00 1.625E+00
 0.000E+00 0.000E+00 0.000E+00 0.000E+00
 0.000E+00 0.000E+00 0.000E+00 0.000E+00
 0.000E+00 0.000E+00 0.000E+00 0.000E+00
      38.859938     -2.580347    0.548831
 6
       4
     2     2     2     2
     0     1     1     1
 1.710E+00 1.625E+00 1.625E+00 1.625E+00
 0.000E+00 0.000E+00 0.000E+00 0.000E+00
 0.000E+00 0.000E+00 0.000E+00 0.000E+00
 0.000E+00 0.000E+00 0.000E+00 0.000E+00
      40.540148     -0.597892    -0.091056
 6
       4
     2     2     2     2
     0     1     1     1
 1.710E+00 1.625E+00 1.625E+00 1.625E+00
 0.000E+00 0.000E+00 0.000E+00 0.000E+00
 0.000E+00 0.000E+00 0.000E+00 0.000E+00
 0.000E+00 0.000E+00 0.000E+00 0.000E+00
      43.235084     -0.613743    0.066802
 6
       4
     2     2     2     2
     0     1     1     1
 1.710E+00 1.625E+00 1.625E+00 1.625E+00
 0.000E+00 0.000E+00 0.000E+00 0.000E+00
 0.000E+00 0.000E+00 0.000E+00 0.000E+00
 0.000E+00 0.000E+00 0.000E+00 0.000E+00
      45.501437     -0.518388    -0.069839
 6
       4
     2     2     2     2
     0     1     1     1
 1.710E+00 1.625E+00 1.625E+00 1.625E+00
 0.000E+00 0.000E+00 0.000E+00 0.000E+00
 0.000E+00 0.000E+00 0.000E+00 0.000E+00
 0.000E+00 0.000E+00 0.000E+00 0.000E+00
      48.303622     -0.326012    -0.318819
 6
       4
     2     2     2     2
     0     1     1     1
 1.710E+00 1.625E+00 1.625E+00 1.625E+00
 0.000E+00 0.000E+00 0.000E+00 0.000E+00
 0.000E+00 0.000E+00 0.000E+00 0.000E+00
 0.000E+00 0.000E+00 0.000E+00 0.000E+00
      49.852752     -2.379069    0.597766
 6
       4
     2     2     2     2
     0     1     1     1
 1.710E+00 1.625E+00 1.625E+00 1.625E+00
 0.000E+00 0.000E+00 0.000E+00 0.000E+00
 0.000E+00 0.000E+00 0.000E+00 0.000E+00
 0.000E+00 0.000E+00 0.000E+00 0.000E+00
      49.687170     1.723430    -1.506550
 6
       4
     2     2     2     2
     0     1     1     1
 1.710E+00 1.625E+00 1.625E+00 1.625E+00
 0.000E+00 0.000E+00 0.000E+00 0.000E+00
 0.000E+00 0.000E+00 0.000E+00 0.000E+00
 0.000E+00 0.000E+00 0.000E+00 0.000E+00
      52.323432     1.584690    -1.667908
 6
       4
     2     2     2     2
     0     1     1     1
 1.710E+00 1.625E+00 1.625E+00 1.625E+00
 0.000E+00 0.000E+00 0.000E+00 0.000E+00
 0.000E+00 0.000E+00 0.000E+00 0.000E+00
 0.000E+00 0.000E+00 0.000E+00 0.000E+00
      52.489734     -2.357739    0.611415
 6
       4
     2     2     2     2
     0     1     1     1
 1.710E+00 1.625E+00 1.625E+00 1.625E+00
 0.000E+00 0.000E+00 0.000E+00 0.000E+00
 0.000E+00 0.000E+00 0.000E+00 0.000E+00
 0.000E+00 0.000E+00 0.000E+00 0.000E+00
      53.844845     -0.269501    -0.473966
 6
       4
     2     2     2     2
     0     1     1     1
 1.710E+00 1.625E+00 1.625E+00 1.625E+00
 0.000E+00 0.000E+00 0.000E+00 0.000E+00
 0.000E+00 0.000E+00 0.000E+00 0.000E+00
 0.000E+00 0.000E+00 0.000E+00 0.000E+00
      56.620939     -0.139615    -0.539615
 1
       1
     1
     0
 1.300E+00
 0.000E+00
 0.000E+00
 0.000E+00
      -4.516740     1.747384    0.510698
 1
       1
     1
     0
 1.300E+00
 0.000E+00
 0.000E+00
 0.000E+00
      0.332097     2.658096    1.112485
 1
       1
     1
     0
 1.300E+00
 0.000E+00
 0.000E+00
 0.000E+00
      -5.763258     -2.966258    -0.814935
 1
       1
     1
     0
 1.300E+00
 0.000E+00
 0.000E+00
 0.000E+00
      -2.665564     -5.834304    -1.376958
 1
       1
     1
     0
 1.300E+00
 0.000E+00
 0.000E+00
 0.000E+00
      1.962817     -4.616924    -1.043647
 1
       1
     1
     0
 1.300E+00
 0.000E+00
 0.000E+00
 0.000E+00
      8.980768     4.058999    -0.314628
 1
       1
     1
     0
 1.300E+00
 0.000E+00
 0.000E+00
 0.000E+00
      9.885438     -3.844950    0.626202
 1
       1
     1
     0
 1.300E+00
 0.000E+00
 0.000E+00
 0.000E+00
      13.304134     4.703305    -0.243323
 1
       1
     1
     0
 1.300E+00
 0.000E+00
 0.000E+00
 0.000E+00
      14.397682     -3.130709    1.011425
 1
       1
     1
     0
 1.300E+00
 0.000E+00
 0.000E+00
 0.000E+00
      22.535147     4.552008    -1.897115
 1
       1
     1
     0
 1.300E+00
 0.000E+00
 0.000E+00
 0.000E+00
      26.944926     4.389639    -2.118266
 1
       1
     1
     0
 1.300E+00
 0.000E+00
 0.000E+00
 0.000E+00
      22.351286     -2.144006    2.700570
 1
       1
     1
     0
 1.300E+00
 0.000E+00
 0.000E+00
 0.000E+00
      26.733670     -2.509265    2.109758
 1
       1
     1
     0
 1.300E+00
 0.000E+00
 0.000E+00
 0.000E+00
      36.089775     3.796316    -1.822637
 1
       1
     1
     0
 1.300E+00
 0.000E+00
 0.000E+00
 0.000E+00
      35.035741     -3.717894    0.984394
 1
       1
     1
     0
 1.300E+00
 0.000E+00
 0.000E+00
 0.000E+00
      40.395017     3.248186    -1.605249
 1
       1
     1
     0
 1.300E+00
 0.000E+00
 0.000E+00
 0.000E+00
      39.683730     -4.282057    0.968764
 1
       1
     1
     0
 1.300E+00
 0.000E+00
 0.000E+00
 0.000E+00
      48.722325     3.285600    -2.153244
 1
       1
     1
     0
 1.300E+00
 0.000E+00
 0.000E+00
 0.000E+00
      49.030436     -3.974940    1.308297
 1
       1
     1
     0
 1.300E+00
 0.000E+00
 0.000E+00
 0.000E+00
      53.371873     2.919423    -2.571250
 1
       1
     1
     0
 1.300E+00
 0.000E+00
 0.000E+00
 0.000E+00
      53.514400     -3.924524    1.259824
 1
       1
     1
     0
 1.300E+00
 0.000E+00
 0.000E+00
 0.000E+00
      61.734659     4.205619    -1.399197
 1
       1
     1
     0
 1.300E+00
 0.000E+00
 0.000E+00
 0.000E+00
      62.053490     -3.220059    1.140302
 6
       4
     2     2     2     2
     0     1     1     1
 1.710E+00 1.625E+00 1.625E+00 1.625E+00
 0.000E+00 0.000E+00 0.000E+00 0.000E+00
 0.000E+00 0.000E+00 0.000E+00 0.000E+00
 0.000E+00 0.000E+00 0.000E+00 0.000E+00
      69.814341     0.581425    -0.269789
 1
       1
     1
     0
 1.300E+00
 0.000E+00
 0.000E+00
 0.000E+00
      66.352707     4.553368    -1.612312
 1
       1
     1
     0
 1.300E+00
 0.000E+00
 0.000E+00
 0.000E+00
      66.986481     -3.055061    0.789384
 6
       4
     2     2     2     2
     0     1     1     1
 1.710E+00 1.625E+00 1.625E+00 1.625E+00
 0.000E+00 0.000E+00 0.000E+00 0.000E+00
 0.000E+00 0.000E+00 0.000E+00 0.000E+00
 0.000E+00 0.000E+00 0.000E+00 0.000E+00
      58.918192     0.246335    -0.240243
 6
       4
     2     2     2     2
     0     1     1     1
 1.710E+00 1.625E+00 1.625E+00 1.625E+00
 0.000E+00 0.000E+00 0.000E+00 0.000E+00
 0.000E+00 0.000E+00 0.000E+00 0.000E+00
 0.000E+00 0.000E+00 0.000E+00 0.000E+00
      61.570742     0.436374    -0.198287
 6
       4
     2     2     2     2
     0     1     1     1
 1.710E+00 1.625E+00 1.625E+00 1.625E+00
 0.000E+00 0.000E+00 0.000E+00 0.000E+00
 0.000E+00 0.000E+00 0.000E+00 0.000E+00
 0.000E+00 0.000E+00 0.000E+00 0.000E+00
      63.091477     -1.731658    0.494702
 6
       4
     2     2     2     2
     0     1     1     1
 1.710E+00 1.625E+00 1.625E+00 1.625E+00
 0.000E+00 0.000E+00 0.000E+00 0.000E+00
 0.000E+00 0.000E+00 0.000E+00 0.000E+00
 0.000E+00 0.000E+00 0.000E+00 0.000E+00
      62.854153     2.766345    -0.891488
 6
       4
     2     2     2     2
     0     1     1     1
 1.710E+00 1.625E+00 1.625E+00 1.625E+00
 0.000E+00 0.000E+00 0.000E+00 0.000E+00
 0.000E+00 0.000E+00 0.000E+00 0.000E+00
 0.000E+00 0.000E+00 0.000E+00 0.000E+00
      65.572184     2.819734    -0.972470
 6
       4
     2     2     2     2
     0     1     1     1
 1.710E+00 1.625E+00 1.625E+00 1.625E+00
 0.000E+00 0.000E+00 0.000E+00 0.000E+00
 0.000E+00 0.000E+00 0.000E+00 0.000E+00
 0.000E+00 0.000E+00 0.000E+00 0.000E+00
      65.676743     -1.649852    0.408657
 6
       4
     2     2     2     2
     0     1     1     1
 1.710E+00 1.625E+00 1.625E+00 1.625E+00
 0.000E+00 0.000E+00 0.000E+00 0.000E+00
 0.000E+00 0.000E+00 0.000E+00 0.000E+00
 0.000E+00 0.000E+00 0.000E+00 0.000E+00
      66.997682     0.718449    -0.249827
 6
       4
     2     2     2     2
     0     1     1     1
 1.710E+00 1.625E+00 1.625E+00 1.625E+00
 0.000E+00 0.000E+00 0.000E+00 0.000E+00
 0.000E+00 0.000E+00 0.000E+00 0.000E+00
 0.000E+00 0.000E+00 0.000E+00 0.000E+00
      80.130867     -0.097070    0.792107
 6
       4
     2     2     2     2
     0     1     1     1
 1.710E+00 1.625E+00 1.625E+00 1.625E+00
 0.000E+00 0.000E+00 0.000E+00 0.000E+00
 0.000E+00 0.000E+00 0.000E+00 0.000E+00
 0.000E+00 0.000E+00 0.000E+00 0.000E+00
      78.785929     2.319183    0.485240
 6
       4
     2     2     2     2
     0     1     1     1
 1.710E+00 1.625E+00 1.625E+00 1.625E+00
 0.000E+00 0.000E+00 0.000E+00 0.000E+00
 0.000E+00 0.000E+00 0.000E+00 0.000E+00
 0.000E+00 0.000E+00 0.000E+00 0.000E+00
      78.683553     -2.338502    0.996434
 6
       4
     2     2     2     2
     0     1     1     1
 1.710E+00 1.625E+00 1.625E+00 1.625E+00
 0.000E+00 0.000E+00 0.000E+00 0.000E+00
 0.000E+00 0.000E+00 0.000E+00 0.000E+00
 0.000E+00 0.000E+00 0.000E+00 0.000E+00
      76.140688     2.285380    0.183670
 6
       4
     2     2     2     2
     0     1     1     1
 1.710E+00 1.625E+00 1.625E+00 1.625E+00
 0.000E+00 0.000E+00 0.000E+00 0.000E+00
 0.000E+00 0.000E+00 0.000E+00 0.000E+00
 0.000E+00 0.000E+00 0.000E+00 0.000E+00
      74.763732     -0.039890    0.263587
 6
       4
     2     2     2     2
     0     1     1     1
 1.710E+00 1.625E+00 1.625E+00 1.625E+00
 0.000E+00 0.000E+00 0.000E+00 0.000E+00
 0.000E+00 0.000E+00 0.000E+00 0.000E+00
 0.000E+00 0.000E+00 0.000E+00 0.000E+00
      76.092035     -2.352410    0.679634
 6
       4
     2     2     2     2
     0     1     1     1
 1.710E+00 1.625E+00 1.625E+00 1.625E+00
 0.000E+00 0.000E+00 0.000E+00 0.000E+00
 0.000E+00 0.000E+00 0.000E+00 0.000E+00
 0.000E+00 0.000E+00 0.000E+00 0.000E+00
      82.814473     -0.034956    0.569492
 6
       4
     2     2     2     2
     0     1     1     1
 1.710E+00 1.625E+00 1.625E+00 1.625E+00
 0.000E+00 0.000E+00 0.000E+00 0.000E+00
 0.000E+00 0.000E+00 0.000E+00 0.000E+00
 0.000E+00 0.000E+00 0.000E+00 0.000E+00
      85.139157     -0.126307    0.291503
 6
       4
     2     2     2     2
     0     1     1     1
 1.710E+00 1.625E+00 1.625E+00 1.625E+00
 0.000E+00 0.000E+00 0.000E+00 0.000E+00
 0.000E+00 0.000E+00 0.000E+00 0.000E+00
 0.000E+00 0.000E+00 0.000E+00 0.000E+00
      87.858367     -0.127768    0.150585
 6
       4
     2     2     2     2
     0     1     1     1
 1.710E+00 1.625E+00 1.625E+00 1.625E+00
 0.000E+00 0.000E+00 0.000E+00 0.000E+00
 0.000E+00 0.000E+00 0.000E+00 0.000E+00
 0.000E+00 0.000E+00 0.000E+00 0.000E+00
      89.257084     2.237538    -0.443307
 6
       4
     2     2     2     2
     0     1     1     1
 1.710E+00 1.625E+00 1.625E+00 1.625E+00
 0.000E+00 0.000E+00 0.000E+00 0.000E+00
 0.000E+00 0.000E+00 0.000E+00 0.000E+00
 0.000E+00 0.000E+00 0.000E+00 0.000E+00
      89.337834     -2.257123    0.799057
 6
       4
     2     2     2     2
     0     1     1     1
 1.710E+00 1.625E+00 1.625E+00 1.625E+00
 0.000E+00 0.000E+00 0.000E+00 0.000E+00
 0.000E+00 0.000E+00 0.000E+00 0.000E+00
 0.000E+00 0.000E+00 0.000E+00 0.000E+00
      91.792138     2.374350    -0.488747
 6
       4
     2     2     2     2
     0     1     1     1
 1.710E+00 1.625E+00 1.625E+00 1.625E+00
 0.000E+00 0.000E+00 0.000E+00 0.000E+00
 0.000E+00 0.000E+00 0.000E+00 0.000E+00
 0.000E+00 0.000E+00 0.000E+00 0.000E+00
      91.931501     -2.206157    0.614896
 6
       4
     2     2     2     2
     0     1     1     1
 1.710E+00 1.625E+00 1.625E+00 1.625E+00
 0.000E+00 0.000E+00 0.000E+00 0.000E+00
 0.000E+00 0.000E+00 0.000E+00 0.000E+00
 0.000E+00 0.000E+00 0.000E+00 0.000E+00
      93.281788     0.122836    -0.019544
 6
       4
     2     2     2     2
     0     1     1     1
 1.710E+00 1.625E+00 1.625E+00 1.625E+00
 0.000E+00 0.000E+00 0.000E+00 0.000E+00
 0.000E+00 0.000E+00 0.000E+00 0.000E+00
 0.000E+00 0.000E+00 0.000E+00 0.000E+00
      95.983718     0.154447    -0.252927
 6
       4
     2     2     2     2
     0     1     1     1
 1.710E+00 1.625E+00 1.625E+00 1.625E+00
 0.000E+00 0.000E+00 0.000E+00 0.000E+00
 0.000E+00 0.000E+00 0.000E+00 0.000E+00
 0.000E+00 0.000E+00 0.000E+00 0.000E+00
      98.247421     0.507904    -0.330721
 6
       4
     2     2     2     2
     0     1     1     1
 1.710E+00 1.625E+00 1.625E+00 1.625E+00
 0.000E+00 0.000E+00 0.000E+00 0.000E+00
 0.000E+00 0.000E+00 0.000E+00 0.000E+00
 0.000E+00 0.000E+00 0.000E+00 0.000E+00
      100.916194     0.889479    -0.078828
 6
       4
     2     2     2     2
     0     1     1     1
 1.710E+00 1.625E+00 1.625E+00 1.625E+00
 0.000E+00 0.000E+00 0.000E+00 0.000E+00
 0.000E+00 0.000E+00 0.000E+00 0.000E+00
 0.000E+00 0.000E+00 0.000E+00 0.000E+00
      102.493943     -1.214778    0.745469
 6
       4
     2     2     2     2
     0     1     1     1
 1.710E+00 1.625E+00 1.625E+00 1.625E+00
 0.000E+00 0.000E+00 0.000E+00 0.000E+00
 0.000E+00 0.000E+00 0.000E+00 0.000E+00
 0.000E+00 0.000E+00 0.000E+00 0.000E+00
      102.126698     3.218232    -0.633190
 6
       4
     2     2     2     2
     0     1     1     1
 1.710E+00 1.625E+00 1.625E+00 1.625E+00
 0.000E+00 0.000E+00 0.000E+00 0.000E+00
 0.000E+00 0.000E+00 0.000E+00 0.000E+00
 0.000E+00 0.000E+00 0.000E+00 0.000E+00
      104.844797     3.462685    -0.472122
 6
       4
     2     2     2     2
     0     1     1     1
 1.710E+00 1.625E+00 1.625E+00 1.625E+00
 0.000E+00 0.000E+00 0.000E+00 0.000E+00
 0.000E+00 0.000E+00 0.000E+00 0.000E+00
 0.000E+00 0.000E+00 0.000E+00 0.000E+00
      105.081517     -0.906481    1.048133
 6
       4
     2     2     2     2
     0     1     1     1
 1.710E+00 1.625E+00 1.625E+00 1.625E+00
 0.000E+00 0.000E+00 0.000E+00 0.000E+00
 0.000E+00 0.000E+00 0.000E+00 0.000E+00
 0.000E+00 0.000E+00 0.000E+00 0.000E+00
      106.358393     1.464432    0.252110
 6
       4
     2     2     2     2
     0     1     1     1
 1.710E+00 1.625E+00 1.625E+00 1.625E+00
 0.000E+00 0.000E+00 0.000E+00 0.000E+00
 0.000E+00 0.000E+00 0.000E+00 0.000E+00
 0.000E+00 0.000E+00 0.000E+00 0.000E+00
      109.131372     1.300011    0.264480
 6
       4
     2     2     2     2
     0     1     1     1
 1.710E+00 1.625E+00 1.625E+00 1.625E+00
 0.000E+00 0.000E+00 0.000E+00 0.000E+00
 0.000E+00 0.000E+00 0.000E+00 0.000E+00
 0.000E+00 0.000E+00 0.000E+00 0.000E+00
      111.396785     0.813814    0.066197
 6
       4
     2     2     2     2
     0     1     1     1
 1.710E+00 1.625E+00 1.625E+00 1.625E+00
 0.000E+00 0.000E+00 0.000E+00 0.000E+00
 0.000E+00 0.000E+00 0.000E+00 0.000E+00
 0.000E+00 0.000E+00 0.000E+00 0.000E+00
      114.050638     0.674165    -0.057266
 6
       4
     2     2     2     2
     0     1     1     1
 1.710E+00 1.625E+00 1.625E+00 1.625E+00
 0.000E+00 0.000E+00 0.000E+00 0.000E+00
 0.000E+00 0.000E+00 0.000E+00 0.000E+00
 0.000E+00 0.000E+00 0.000E+00 0.000E+00
      115.281906     -1.690560    -0.728504
 6
       4
     2     2     2     2
     0     1     1     1
 1.710E+00 1.625E+00 1.625E+00 1.625E+00
 0.000E+00 0.000E+00 0.000E+00 0.000E+00
 0.000E+00 0.000E+00 0.000E+00 0.000E+00
 0.000E+00 0.000E+00 0.000E+00 0.000E+00
      115.574277     2.820645    0.439280
 6
       4
     2     2     2     2
     0     1     1     1
 1.710E+00 1.625E+00 1.625E+00 1.625E+00
 0.000E+00 0.000E+00 0.000E+00 0.000E+00
 0.000E+00 0.000E+00 0.000E+00 0.000E+00
 0.000E+00 0.000E+00 0.000E+00 0.000E+00
      118.199585     2.764157    0.354671
 6
       4
     2     2     2     2
     0     1     1     1
 1.710E+00 1.625E+00 1.625E+00 1.625E+00
 0.000E+00 0.000E+00 0.000E+00 0.000E+00
 0.000E+00 0.000E+00 0.000E+00 0.000E+00
 0.000E+00 0.000E+00 0.000E+00 0.000E+00
      118.019652     -1.763585    -0.901256
 6
       4
     2     2     2     2
     0     1     1     1
 1.710E+00 1.625E+00 1.625E+00 1.625E+00
 0.000E+00 0.000E+00 0.000E+00 0.000E+00
 0.000E+00 0.000E+00 0.000E+00 0.000E+00
 0.000E+00 0.000E+00 0.000E+00 0.000E+00
      119.476934     0.365798    -0.371569
 6
       4
     2     2     2     2
     0     1     1     1
 1.710E+00 1.625E+00 1.625E+00 1.625E+00
 0.000E+00 0.000E+00 0.000E+00 0.000E+00
 0.000E+00 0.000E+00 0.000E+00 0.000E+00
 0.000E+00 0.000E+00 0.000E+00 0.000E+00
      122.144142     0.315303    -0.317614
 6
       4
     2     2     2     2
     0     1     1     1
 1.710E+00 1.625E+00 1.625E+00 1.625E+00
 0.000E+00 0.000E+00 0.000E+00 0.000E+00
 0.000E+00 0.000E+00 0.000E+00 0.000E+00
 0.000E+00 0.000E+00 0.000E+00 0.000E+00
      124.504591     0.502949    -0.117161
 6
       4
     2     2     2     2
     0     1     1     1
 1.710E+00 1.625E+00 1.625E+00 1.625E+00
 0.000E+00 0.000E+00 0.000E+00 0.000E+00
 0.000E+00 0.000E+00 0.000E+00 0.000E+00
 0.000E+00 0.000E+00 0.000E+00 0.000E+00
      127.242356     0.221398    0.052561
 6
       4
     2     2     2     2
     0     1     1     1
 1.710E+00 1.625E+00 1.625E+00 1.625E+00
 0.000E+00 0.000E+00 0.000E+00 0.000E+00
 0.000E+00 0.000E+00 0.000E+00 0.000E+00
 0.000E+00 0.000E+00 0.000E+00 0.000E+00
      128.401270     -2.143871    -0.600147
 6
       4
     2     2     2     2
     0     1     1     1
 1.710E+00 1.625E+00 1.625E+00 1.625E+00
 0.000E+00 0.000E+00 0.000E+00 0.000E+00
 0.000E+00 0.000E+00 0.000E+00 0.000E+00
 0.000E+00 0.000E+00 0.000E+00 0.000E+00
      128.778866     2.270069    0.935552
 6
       4
     2     2     2     2
     0     1     1     1
 1.710E+00 1.625E+00 1.625E+00 1.625E+00
 0.000E+00 0.000E+00 0.000E+00 0.000E+00
 0.000E+00 0.000E+00 0.000E+00 0.000E+00
 0.000E+00 0.000E+00 0.000E+00 0.000E+00
      131.424067     1.963127    1.066146
 6
       4
     2     2     2     2
     0     1     1     1
 1.710E+00 1.625E+00 1.625E+00 1.625E+00
 0.000E+00 0.000E+00 0.000E+00 0.000E+00
 0.000E+00 0.000E+00 0.000E+00 0.000E+00
 0.000E+00 0.000E+00 0.000E+00 0.000E+00
      130.949640     -2.443351    -0.444921
 6
       4
     2     2     2     2
     0     1     1     1
 1.710E+00 1.625E+00 1.625E+00 1.625E+00
 0.000E+00 0.000E+00 0.000E+00 0.000E+00
 0.000E+00 0.000E+00 0.000E+00 0.000E+00
 0.000E+00 0.000E+00 0.000E+00 0.000E+00
      132.542639     -0.350928    0.254746
 6
       4
     2     2     2     2
     0     1     1     1
 1.710E+00 1.625E+00 1.625E+00 1.625E+00
 0.000E+00 0.000E+00 0.000E+00 0.000E+00
 0.000E+00 0.000E+00 0.000E+00 0.000E+00
 0.000E+00 0.000E+00 0.000E+00 0.000E+00
      135.269623     -0.668052    0.251927
 1
       1
     1
     0
 1.300E+00
 0.000E+00
 0.000E+00
 0.000E+00
      75.220787     3.998683    -0.176230
 1
       1
     1
     0
 1.300E+00
 0.000E+00
 0.000E+00
 0.000E+00
      79.653521     4.031763    0.396287
 6
       4
     2     2     2     2
     0     1     1     1
 1.710E+00 1.625E+00 1.625E+00 1.625E+00
 0.000E+00 0.000E+00 0.000E+00 0.000E+00
 0.000E+00 0.000E+00 0.000E+00 0.000E+00
 0.000E+00 0.000E+00 0.000E+00 0.000E+00
      71.972593     0.122088    -0.011170
 1
       1
     1
     0
 1.300E+00
 0.000E+00
 0.000E+00
 0.000E+00
      75.047529     -4.051195    0.885099
 1
       1
     1
     0
 1.300E+00
 0.000E+00
 0.000E+00
 0.000E+00
      79.796728     -3.892165    1.299134
 1
       1
     1
     0
 1.300E+00
 0.000E+00
 0.000E+00
 0.000E+00
      88.157607     3.762189    -0.944912
 1
       1
     1
     0
 1.300E+00
 0.000E+00
 0.000E+00
 0.000E+00
      88.459882     -3.979326    1.253973
 1
       1
     1
     0
 1.300E+00
 0.000E+00
 0.000E+00
 0.000E+00
      92.646379     4.020670    -1.062895
 1
       1
     1
     0
 1.300E+00
 0.000E+00
 0.000E+00
 0.000E+00
      92.992643     -3.844854    0.814275
 1
       1
     1
     0
 1.300E+00
 0.000E+00
 0.000E+00
 0.000E+00
      101.047587     4.737356    -1.281329
 1
       1
     1
     0
 1.300E+00
 0.000E+00
 0.000E+00
 0.000E+00
      105.821598     5.050489    -0.902635
 1
       1
     1
     0
 1.300E+00
 0.000E+00
 0.000E+00
 0.000E+00
      101.713110     -2.958039    1.116839
 1
       1
     1
     0
 1.300E+00
 0.000E+00
 0.000E+00
 0.000E+00
      106.133712     -2.407728    1.690878
 1
       1
     1
     0
 1.300E+00
 0.000E+00
 0.000E+00
 0.000E+00
      114.603228     4.409827    1.035953
 1
       1
     1
     0
 1.300E+00
 0.000E+00
 0.000E+00
 0.000E+00
      114.391416     -3.373297    -0.957902
 1
       1
     1
     0
 1.300E+00
 0.000E+00
 0.000E+00
 0.000E+00
      119.386920     4.259486    0.768453
 1
       1
     1
     0
 1.300E+00
 0.000E+00
 0.000E+00
 0.000E+00
      118.738791     -3.526661    -1.173977
 1
       1
     1
     0
 1.300E+00
 0.000E+00
 0.000E+00
 0.000E+00
      127.997510     3.938694    1.553829
 1
       1
     1
     0
 1.300E+00
 0.000E+00
 0.000E+00
 0.000E+00
      127.188225     -3.572746    -1.125719
 1
       1
     1
     0
 1.300E+00
 0.000E+00
 0.000E+00
 0.000E+00
      132.459799     3.474231    1.828043
 1
       1
     1
     0
 1.300E+00
 0.000E+00
 0.000E+00
 0.000E+00
      131.794234     -4.123758    -0.903351
 1
       1
     1
     0
 1.300E+00
 0.000E+00
 0.000E+00
 0.000E+00
      140.333887     1.692034    2.841441
 1
       1
     1
     0
 1.300E+00
 0.000E+00
 0.000E+00
 0.000E+00
      140.753283     -4.786073    -1.928705
 1
       1
     1
     0
 1.300E+00
 0.000E+00
 0.000E+00
 0.000E+00
      147.420933     -1.165513    0.154309
 1
       1
     1
     0
 1.300E+00
 0.000E+00
 0.000E+00
 0.000E+00
      145.129047     1.819680    2.804448
 1
       1
     1
     0
 1.300E+00
 0.000E+00
 0.000E+00
 0.000E+00
      145.066645     -4.723412    -2.038455
 6
       4
     2     2     2     2
     0     1     1     1
 1.710E+00 1.625E+00 1.625E+00 1.625E+00
 0.000E+00 0.000E+00 0.000E+00 0.000E+00
 0.000E+00 0.000E+00 0.000E+00 0.000E+00
 0.000E+00 0.000E+00 0.000E+00 0.000E+00
      137.474049     -1.145100    0.225904
 6
       4
     2     2     2     2
     0     1     1     1
 1.710E+00 1.625E+00 1.625E+00 1.625E+00
 0.000E+00 0.000E+00 0.000E+00 0.000E+00
 0.000E+00 0.000E+00 0.000E+00 0.000E+00
 0.000E+00 0.000E+00 0.000E+00 0.000E+00
      140.172971     -1.395224    0.336360
 6
       4
     2     2     2     2
     0     1     1     1
 1.710E+00 1.625E+00 1.625E+00 1.625E+00
 0.000E+00 0.000E+00 0.000E+00 0.000E+00
 0.000E+00 0.000E+00 0.000E+00 0.000E+00
 0.000E+00 0.000E+00 0.000E+00 0.000E+00
      141.588326     -3.299265    -1.006290
 6
       4
     2     2     2     2
     0     1     1     1
 1.710E+00 1.625E+00 1.625E+00 1.625E+00
 0.000E+00 0.000E+00 0.000E+00 0.000E+00
 0.000E+00 0.000E+00 0.000E+00 0.000E+00
 0.000E+00 0.000E+00 0.000E+00 0.000E+00
      141.487430     0.490664    1.705376
 6
       4
     2     2     2     2
     0     1     1     1
 1.710E+00 1.625E+00 1.625E+00 1.625E+00
 0.000E+00 0.000E+00 0.000E+00 0.000E+00
 0.000E+00 0.000E+00 0.000E+00 0.000E+00
 0.000E+00 0.000E+00 0.000E+00 0.000E+00
      144.297704     0.503688    1.729695
 6
       4
     2     2     2     2
     0     1     1     1
 1.710E+00 1.625E+00 1.625E+00 1.625E+00
 0.000E+00 0.000E+00 0.000E+00 0.000E+00
 0.000E+00 0.000E+00 0.000E+00 0.000E+00
 0.000E+00 0.000E+00 0.000E+00 0.000E+00
      144.284508     -3.315076    -1.078213
 6
       4
     2     2     2     2
     0     1     1     1
 1.710E+00 1.625E+00 1.625E+00 1.625E+00
 0.000E+00 0.000E+00 0.000E+00 0.000E+00
 0.000E+00 0.000E+00 0.000E+00 0.000E+00
 0.000E+00 0.000E+00 0.000E+00 0.000E+00
      145.623723     -1.184066    0.320261
# LCAO coefficients .. are not included.
         1
        1        -0.000056806149833   k=         1
        2        -0.002684716319235   k=         1
        3        0.000060393466387   k=         1
        4        -0.021502084849319   k=         1
        5        -0.001395817530895   k=         1
        6        -0.002159023048116   k=         1
        7        0.012969184181522   k=         1
        8        -0.026477369090222   k=         1
        9        0.002415599719776   k=         1
        10        0.002881574679789   k=         1
        11        0.016502973895273   k=         1
        12        -0.030270530213136   k=         1
        13        0.000140182719193   k=         1
        14        -0.000958246212480   k=         1
        15        -0.003687755501114   k=         1
        16        0.009806082587388   k=         1
        17        -0.000007752488388   k=         1
        18        -0.002613655530893   k=         1
        19        -0.007883135889861   k=         1
        20        0.034846952079492   k=         1
        21        -0.000826112592662   k=         1
        22        -0.002056682173325   k=         1
        23        -0.002365964148005   k=         1
        24        0.003622262118762   k=         1
        25        0.000506749277067   k=         1
        26        0.004945897625594   k=         1
        27        0.007751393060654   k=         1
        28        0.053895981378038   k=         1
        29        -0.000302531042973   k=         1
        30        -0.000038610805953   k=         1
        31        0.002213413785174   k=         1
        32        0.029030896732943   k=         1
        33        0.000862603695152   k=         1
        34        0.008690420799399   k=         1
        35        -0.011414162374056   k=         1
        36        -0.073368288139498   k=         1
        37        0.000100857163207   k=         1
        38        0.002240841662372   k=         1
        39        -0.000094790206718   k=         1
        40        -0.032365969455178   k=         1
        41        0.001598992234824   k=         1
        42        0.008541643578172   k=         1
        43        -0.002095893668740   k=         1
        44        -0.028209954629997   k=         1
        45        0.002292088200305   k=         1
        46        0.002349334929765   k=         1
        47        -0.000398895634456   k=         1
        48        0.057516613778254   k=         1
        49        -0.003825436521805   k=         1
        50        -0.013946997346420   k=         1
        51        -0.000348129472678   k=         1
        52        0.067934208267318   k=         1
        53        0.001209836670508   k=         1
        54        0.004776831580762   k=         1
        55        0.019634393791293   k=         1
        56        0.054008474881825   k=         1
        57        0.001851192957990   k=         1
        58        -0.003195375536383   k=         1
        59        -0.058285185354522   k=         1
        60        -0.090057272581231   k=         1
        61        0.003166829672036   k=         1
        62        0.010219050657752   k=         1
        63        -0.028476414842295   k=         1
        64        -0.061169045354515   k=         1
        65        -0.000345770472714   k=         1
        66        -0.012888553266639   k=         1
        67        0.074577921878956   k=         1
        68        0.112000962888716   k=         1
        69        0.001751093258942   k=         1
        70        0.012653045005952   k=         1
        71        0.036054274559471   k=         1
        72        0.050321497161037   k=         1
        73        -0.000954824846066   k=         1
        74        0.010216568970088   k=         1
        75        0.044905513532771   k=         1
        76        0.058082243564832   k=         1
        77        0.002916145629381   k=         1
        78        -0.011463031308386   k=         1
        79        -0.045838281439928   k=         1
        80        -0.066503052663438   k=         1
        81        0.001025173482230   k=         1
        82        -0.020738033393793   k=         1
        83        -0.042188044349523   k=         1
        84        -0.065911340488898   k=         1
        85        -0.000984785299591   k=         1
        86        -0.014029675993092   k=         1
        87        -0.059961767707964   k=         1
        88        -0.105144047081882   k=         1
        89        0.003356277025321   k=         1
        90        0.009945303257652   k=         1
        91        0.040792317120824   k=         1
        92        0.092769598738595   k=         1
        93        -0.004058620405186   k=         1
        94        0.006938971497536   k=         1
        95        0.055082800365045   k=         1
        96        0.102605488709892   k=         1
        97        -0.000566639612807   k=         1
        98        -0.002124537462779   k=         1
        99        -0.034849060037458   k=         1
        100        -0.088069405115440   k=         1
        101        0.000420569650931   k=         1
        102        -0.007414482102236   k=         1
        103        -0.024517533840845   k=         1
        104        -0.089718853686917   k=         1
        105        -0.003464546888967   k=         1
        106        -0.000272860654698   k=         1
        107        -0.024436290729332   k=         1
        108        -0.068959288752223   k=         1
        109        0.001265216145549   k=         1
        110        0.003248297881542   k=         1
        111        0.016093650572120   k=         1
        112        0.048989925280264   k=         1
        113        0.000160792145146   k=         1
        114        0.004363535718307   k=         1
        115        0.013336738641173   k=         1
        116        0.051507762306679   k=         1
        117        -0.001020858735220   k=         1
        118        -0.010115110531223   k=         1
        119        0.041289389525811   k=         1
        120        0.109415631980714   k=         1
        121        -0.002414442109577   k=         1
        122        0.004472733937573   k=         1
        123        -0.018177550112686   k=         1
        124        -0.044688827464924   k=         1
        125        0.000724061275542   k=         1
        126        -0.007673032917912   k=         1
        127        -0.031809383798760   k=         1
        128        -0.082534329768290   k=         1
        129        -0.000590097813753   k=         1
        130        0.005758408357181   k=         1
        131        0.019813867744737   k=         1
        132        0.039704323172176   k=         1
        133        0.000481395398928   k=         1
        134        -0.002146550819831   k=         1
        135        0.020513509261233   k=         1
        136        0.043766149903975   k=         1
        137        -0.000120442603063   k=         1
        138        0.006171536704079   k=         1
        139        0.022443915761264   k=         1
        140        0.044621747554893   k=         1
        141        0.000210356800867   k=         1
        142        -0.002428717385558   k=         1
        143        -0.011319249087593   k=         1
        144        -0.019373686316413   k=         1
        145        -0.000831343717464   k=         1
        146        0.001669417387953   k=         1
        147        -0.008195284639394   k=         1
        148        -0.019386357746744   k=         1
        149        -0.001549378358578   k=         1
        150        0.001432822175579   k=         1
        151        -0.033393193346708   k=         1
        152        -0.051511339544312   k=         1
        153        -0.001054311822445   k=         1
        154        -0.002605227477453   k=         1
        155        0.010186386023562   k=         1
        156        0.015834674821752   k=         1
        157        -0.001931447468070   k=         1
        158        0.002216836889157   k=         1
        159        -0.000450145352858   k=         1
        160        0.002379538008132   k=         1
        161        -0.000339302342782   k=         1
        162        0.003307114169533   k=         1
        163        -0.003829725126178   k=         1
        164        -0.004084381672381   k=         1
        165        0.000101032230423   k=         1
        166        -0.002255598448600   k=         1
        167        -0.003702040826534   k=         1
        168        -0.004945085846602   k=         1
        169        -0.000349786854163   k=         1
        170        0.001792823497113   k=         1
        171        -0.000792334791896   k=         1
        172        0.000275437611040   k=         1
        173        0.003739354387058   k=         1
        174        -0.000011029649059   k=         1
        175        0.001278177319059   k=         1
        176        0.000047261897243   k=         1
        177        -0.001195555268747   k=         1
        178        0.000797740995865   k=         1
        179        -0.000422290871176   k=         1
        180        -0.000413162629727   k=         1
        181        -0.000199660046476   k=         1
        182        -0.000299477588044   k=         1
        183        0.005683749889029   k=         1
        184        -0.000649581535653   k=         1
        185        0.001495290497981   k=         1
        186        0.002076527637541   k=         1
        187        -0.007438182688939   k=         1
        188        0.023081840599225   k=         1
        189        0.035177611389767   k=         1
        190        -0.000288336764129   k=         1
        191        0.002195298396789   k=         1
        192        -0.005144673725011   k=         1
        193        -0.009350842734091   k=         1
        194        0.001520781657199   k=         1
        195        -0.003368458593897   k=         1
        196        -0.003175755592586   k=         1
        197        -0.019018975988535   k=         1
        198        -0.000971212832033   k=         1
        199        0.000832448779268   k=         1
        200        -0.006747878976222   k=         1
        201        -0.026466195419530   k=         1
        202        0.000186383660136   k=         1
        203        0.000137097120398   k=         1
        204        -0.000163536532744   k=         1
        205        0.001203493776905   k=         1
        206        -0.000753156727355   k=         1
        207        0.000853962906177   k=         1
        208        -0.000219898649617   k=         1
        209        0.002839759000899   k=         1
        210        0.000547245552641   k=         1
        211        0.000447850057378   k=         1
        212        0.007798509027047   k=         1
        213        0.022696686553017   k=         1
        214        0.000079994301518   k=         1
        215        0.001201694110761   k=         1
        216        0.000663180697165   k=         1
        217        0.007746465956749   k=         1
        218        -0.000116474318302   k=         1
        219        -0.001516722294754   k=         1
        220        0.001342927486571   k=         1
        221        0.009298301585091   k=         1
        222        0.000009185164280   k=         1
        223        -0.001622571498843   k=         1
        224        0.000734518248405   k=         1
        225        0.007871262023811   k=         1
        226        0.000391675154998   k=         1
        227        0.000229113910624   k=         1
        228        -0.000591308777696   k=         1
        229        0.000156449626409   k=         1
        230        -0.000032322494780   k=         1
        231        0.001336368175856   k=         1
        232        -0.000747521105380   k=         1
        233        -0.011913637873975   k=         1
        234        0.000000618762804   k=         1
        235        0.001179920158609   k=         1
        236        -0.000739753860077   k=         1
        237        -0.001207349640355   k=         1
        238        0.000275448167298   k=         1
        239        -0.001998871382679   k=         1
        240        -0.001322304828873   k=         1
        241        -0.009017632534270   k=         1
        242        0.000075334153177   k=         1
        243        -0.000905003532239   k=         1
        244        -0.001365456661980   k=         1
        245        -0.010736037029359   k=         1
        246        -0.000020543000765   k=         1
        247        -0.000140019094997   k=         1
        248        0.000780482147530   k=         1
        249        0.004930286931579   k=         1
        250        -0.000134061513262   k=         1
        251        -0.000367529452248   k=         1
        252        0.002838209822685   k=         1
        253        0.008262037088738   k=         1
        254        0.000332996153176   k=         1
        255        -0.000220385317652   k=         1
        256        0.002804222617708   k=         1
        257        0.007645356414270   k=         1
        258        0.000169738652009   k=         1
        259        0.000544477236221   k=         1
        260        0.000050909031262   k=         1
        261        0.002005597641736   k=         1
        262        -0.000090305286604   k=         1
        263        0.000138063759348   k=         1
        264        -0.000091960079064   k=         1
        265        0.001022977269651   k=         1
        266        -0.000056297315546   k=         1
        267        -0.001242378265752   k=         1
        268        -0.002141736544189   k=         1
        269        -0.011403906763761   k=         1
        270        0.000077034511849   k=         1
        271        -0.000619211488825   k=         1
        272        -0.003872460996439   k=         1
        273        -0.012158989162033   k=         1
        274        -0.000023838992945   k=         1
        275        0.000154732627520   k=         1
        276        0.000474712170847   k=         1
        277        0.004890384692815   k=         1
        278        0.000250359802830   k=         1
        279        -0.003927143032032   k=         1
        280        0.005308579462657   k=         1
        281        0.023708127332468   k=         1
        282        0.000620855855897   k=         1
        283        0.001585356200256   k=         1
        284        0.001712480737746   k=         1
        285        0.001814944162338   k=         1
        286        -0.000522133714534   k=         1
        287        -0.001334362491620   k=         1
        288        0.002464667232932   k=         1
        289        0.004058953204164   k=         1
        290        0.002204796362980   k=         1
        291        0.005752500128162   k=         1
        292        -0.013608851465016   k=         1
        293        -0.021583744872503   k=         1
        294        -0.002842210470512   k=         1
        295        -0.002244311414746   k=         1
        296        -0.014275591955096   k=         1
        297        -0.018413920146341   k=         1
        298        0.000017760824481   k=         1
        299        0.000184432662136   k=         1
        300        0.001456044799142   k=         1
        301        -0.015006283328349   k=         1
        302        0.000675126513356   k=         1
        303        -0.000062668851086   k=         1
        304        -0.014701563668633   k=         1
        305        0.054203298049726   k=         1
        306        -0.000468917879820   k=         1
        307        0.001086871488352   k=         1
        308        -0.006178228446928   k=         1
        309        0.026090197846826   k=         1
        310        -0.000487748333571   k=         1
        311        -0.003406339898045   k=         1
        312        0.017911795101784   k=         1
        313        -0.064239608664026   k=         1
        314        0.000452367420091   k=         1
        315        -0.004373681689500   k=         1
        316        0.007941350915825   k=         1
        317        -0.040121764312863   k=         1
        318        0.000498286769719   k=         1
        319        -0.001856037117651   k=         1
        320        0.006195155491833   k=         1
        321        -0.022249875997821   k=         1
        322        -0.000325276395536   k=         1
        323        0.000874818496930   k=         1
        324        -0.013557344428248   k=         1
        325        0.049979966673823   k=         1
        326        -0.000837755803751   k=         1
        327        0.002621174455757   k=         1
        328        -0.007363423795046   k=         1
        329        0.045450021922862   k=         1
        330        0.000040600551264   k=         1
        331        -0.000988763372858   k=         1
        332        -0.017289399961797   k=         1
        333        0.054748945957713   k=         1
        334        -0.000254771588497   k=         1
        335        0.002933488580769   k=         1
        336        0.019525946178577   k=         1
        337        -0.060794301611627   k=         1
        338        0.000176737599543   k=         1
        339        0.004926265477755   k=         1
        340        0.019655831256305   k=         1
        341        -0.061814051771553   k=         1
        342        0.000156020906266   k=         1
        343        -0.006083328729652   k=         1
        344        -0.019267896176549   k=         1
        345        0.059415639436752   k=         1
        346        -0.000905464161862   k=         1
        347        -0.004817029284511   k=         1
        348        -0.013319494004484   k=         1
        349        0.041877691296952   k=         1
        350        -0.000887949654577   k=         1
        351        -0.005973067861601   k=         1
        352        -0.018561181127886   k=         1
        353        0.046535611757180   k=         1
        354        0.000526432967622   k=         1
        355        0.004779789881146   k=         1
        356        0.012992185347737   k=         1
        357        -0.032773035684577   k=         1
        358        -0.000224921357684   k=         1
        359        0.003411549233253   k=         1
        360        0.009623060273900   k=         1
        361        -0.031796345687259   k=         1
        362        0.000704357986795   k=         1
        363        -0.000664558745195   k=         1
        364        0.022799075444339   k=         1
        365        -0.067367863223320   k=         1
        366        -0.001051004239854   k=         1
        367        0.000173185630877   k=         1
        368        -0.013507797196355   k=         1
        369        0.029728514351134   k=         1
        370        -0.000337492647512   k=         1
        371        -0.000050554090842   k=         1
        372        0.000228196438328   k=         1
        373        0.000702035911500   k=         1
        374        -0.003950181170282   k=         1
        375        -0.009104837679694   k=         1
        376        -0.000095291819313   k=         1
        377        -0.000557047579843   k=         1
        378        0.000405965077562   k=         1
        379        -0.000314477352284   k=         1
        380        -0.000210159784091   k=         1
        381        0.000479026202994   k=         1
        382        0.002156325281318   k=         1
        383        -0.001819188784226   k=         1
        384        -0.003230099269312   k=         1
        385        0.001135244557212   k=         1
        386        -0.000477549838269   k=         1
        387        0.001135309187563   k=         1
        388        0.000839081374444   k=         1
        389        -0.000352960998525   k=         1
        390        -0.000163712566905   k=         1
        391        0.000250964815799   k=         1
        392        0.001737386626947   k=         1
        393        0.000944732887135   k=         1
        394        0.000928997462606   k=         1
        395        -0.000622886436325   k=         1
        396        0.000081732963896   k=         1
        397        -0.001394585420461   k=         1
        398        0.001305841124324   k=         1
        399        -0.000247212874580   k=         1
        400        -0.005631717314077   k=         1
        401        -0.017249409496000   k=         1
        402        0.050476918936442   k=         1
        403        -0.000798602938019   k=         1
        404        0.003139083065972   k=         1
        405        0.011298318231180   k=         1
        406        -0.022015229709560   k=         1
        407        0.002088685139321   k=         1
        408        -0.003893018294438   k=         1
        409        0.015670861300799   k=         1
        410        -0.015175869910746   k=         1
        411        0.000350029489125   k=         1
        412        0.000975298992937   k=         1
        413        0.028408785750095   k=         1
        414        -0.030454520357085   k=         1
        415        -0.000112578914337   k=         1
        416        0.000149846813510   k=         1
        417        -0.003856693558121   k=         1
        418        0.003901461519565   k=         1
        419        -0.000676977996830   k=         1
        420        0.001863532467012   k=         1
        421        -0.008174778673489   k=         1
        422        0.010747983739449   k=         1
        423        -0.000128322542320   k=         1
        424        0.003117018586690   k=         1
        425        -0.019987092241429   k=         1
        426        0.028357010364389   k=         1
