# file_format= v0.04.05
       144       426
    188.97268778      0.00000000      0.00000000    0
      0.00000000    188.97268778      0.00000000    0
      0.00000000      0.00000000    188.97268778    0
 6
       4
     2     2     2     2
     0     1     1     1
 1.710E+00 1.625E+00 1.625E+00 1.625E+00
 0.000E+00 0.000E+00 0.000E+00 0.000E+00
 0.000E+00 0.000E+00 0.000E+00 0.000E+00
 0.000E+00 0.000E+00 0.000E+00 0.000E+00
      1.211787     -0.909081    -0.046848
 6
       4
     2     2     2     2
     0     1     1     1
 1.710E+00 1.625E+00 1.625E+00 1.625E+00
 0.000E+00 0.000E+00 0.000E+00 0.000E+00
 0.000E+00 0.000E+00 0.000E+00 0.000E+00
 0.000E+00 0.000E+00 0.000E+00 0.000E+00
      -0.740899     1.101599    0.602870
 6
       4
     2     2     2     2
     0     1     1     1
 1.710E+00 1.625E+00 1.625E+00 1.625E+00
 0.000E+00 0.000E+00 0.000E+00 0.000E+00
 0.000E+00 0.000E+00 0.000E+00 0.000E+00
 0.000E+00 0.000E+00 0.000E+00 0.000E+00
      0.318147     -3.279060    -0.688716
 6
       4
     2     2     2     2
     0     1     1     1
 1.710E+00 1.625E+00 1.625E+00 1.625E+00
 0.000E+00 0.000E+00 0.000E+00 0.000E+00
 0.000E+00 0.000E+00 0.000E+00 0.000E+00
 0.000E+00 0.000E+00 0.000E+00 0.000E+00
      -3.181443     0.519008    0.325348
 6
       4
     2     2     2     2
     0     1     1     1
 1.710E+00 1.625E+00 1.625E+00 1.625E+00
 0.000E+00 0.000E+00 0.000E+00 0.000E+00
 0.000E+00 0.000E+00 0.000E+00 0.000E+00
 0.000E+00 0.000E+00 0.000E+00 0.000E+00
      -3.971518     -1.823444    -0.417488
 6
       4
     2     2     2     2
     0     1     1     1
 1.710E+00 1.625E+00 1.625E+00 1.625E+00
 0.000E+00 0.000E+00 0.000E+00 0.000E+00
 0.000E+00 0.000E+00 0.000E+00 0.000E+00
 0.000E+00 0.000E+00 0.000E+00 0.000E+00
      -2.191041     -3.779144    -0.945371
 6
       4
     2     2     2     2
     0     1     1     1
 1.710E+00 1.625E+00 1.625E+00 1.625E+00
 0.000E+00 0.000E+00 0.000E+00 0.000E+00
 0.000E+00 0.000E+00 0.000E+00 0.000E+00
 0.000E+00 0.000E+00 0.000E+00 0.000E+00
      3.924694     -0.267587    -0.063784
 6
       4
     2     2     2     2
     0     1     1     1
 1.710E+00 1.625E+00 1.625E+00 1.625E+00
 0.000E+00 0.000E+00 0.000E+00 0.000E+00
 0.000E+00 0.000E+00 0.000E+00 0.000E+00
 0.000E+00 0.000E+00 0.000E+00 0.000E+00
      6.124608     -0.299127    -0.176066
 6
       4
     2     2     2     2
     0     1     1     1
 1.710E+00 1.625E+00 1.625E+00 1.625E+00
 0.000E+00 0.000E+00 0.000E+00 0.000E+00
 0.000E+00 0.000E+00 0.000E+00 0.000E+00
 0.000E+00 0.000E+00 0.000E+00 0.000E+00
      8.915485     0.124214    -0.086901
 6
       4
     2     2     2     2
     0     1     1     1
 1.710E+00 1.625E+00 1.625E+00 1.625E+00
 0.000E+00 0.000E+00 0.000E+00 0.000E+00
 0.000E+00 0.000E+00 0.000E+00 0.000E+00
 0.000E+00 0.000E+00 0.000E+00 0.000E+00
      9.919856     2.618196    -0.396559
 6
       4
     2     2     2     2
     0     1     1     1
 1.710E+00 1.625E+00 1.625E+00 1.625E+00
 0.000E+00 0.000E+00 0.000E+00 0.000E+00
 0.000E+00 0.000E+00 0.000E+00 0.000E+00
 0.000E+00 0.000E+00 0.000E+00 0.000E+00
      10.518270     -1.961965    0.527474
 6
       4
     2     2     2     2
     0     1     1     1
 1.710E+00 1.625E+00 1.625E+00 1.625E+00
 0.000E+00 0.000E+00 0.000E+00 0.000E+00
 0.000E+00 0.000E+00 0.000E+00 0.000E+00
 0.000E+00 0.000E+00 0.000E+00 0.000E+00
      12.578128     2.990314    -0.090336
 6
       4
     2     2     2     2
     0     1     1     1
 1.710E+00 1.625E+00 1.625E+00 1.625E+00
 0.000E+00 0.000E+00 0.000E+00 0.000E+00
 0.000E+00 0.000E+00 0.000E+00 0.000E+00
 0.000E+00 0.000E+00 0.000E+00 0.000E+00
      13.108075     -1.610441    0.791757
 6
       4
     2     2     2     2
     0     1     1     1
 1.710E+00 1.625E+00 1.625E+00 1.625E+00
 0.000E+00 0.000E+00 0.000E+00 0.000E+00
 0.000E+00 0.000E+00 0.000E+00 0.000E+00
 0.000E+00 0.000E+00 0.000E+00 0.000E+00
      14.087081     0.813563    0.301984
 6
       4
     2     2     2     2
     0     1     1     1
 1.710E+00 1.625E+00 1.625E+00 1.625E+00
 0.000E+00 0.000E+00 0.000E+00 0.000E+00
 0.000E+00 0.000E+00 0.000E+00 0.000E+00
 0.000E+00 0.000E+00 0.000E+00 0.000E+00
      16.914539     1.121932    0.194876
 6
       4
     2     2     2     2
     0     1     1     1
 1.710E+00 1.625E+00 1.625E+00 1.625E+00
 0.000E+00 0.000E+00 0.000E+00 0.000E+00
 0.000E+00 0.000E+00 0.000E+00 0.000E+00
 0.000E+00 0.000E+00 0.000E+00 0.000E+00
      19.100388     1.181156    0.261003
 6
       4
     2     2     2     2
     0     1     1     1
 1.710E+00 1.625E+00 1.625E+00 1.625E+00
 0.000E+00 0.000E+00 0.000E+00 0.000E+00
 0.000E+00 0.000E+00 0.000E+00 0.000E+00
 0.000E+00 0.000E+00 0.000E+00 0.000E+00
      21.909464     1.315387    0.259697
 6
       4
     2     2     2     2
     0     1     1     1
 1.710E+00 1.625E+00 1.625E+00 1.625E+00
 0.000E+00 0.000E+00 0.000E+00 0.000E+00
 0.000E+00 0.000E+00 0.000E+00 0.000E+00
 0.000E+00 0.000E+00 0.000E+00 0.000E+00
      23.163898     -0.669983    1.554659
 6
       4
     2     2     2     2
     0     1     1     1
 1.710E+00 1.625E+00 1.625E+00 1.625E+00
 0.000E+00 0.000E+00 0.000E+00 0.000E+00
 0.000E+00 0.000E+00 0.000E+00 0.000E+00
 0.000E+00 0.000E+00 0.000E+00 0.000E+00
      23.339671     3.208118    -1.009537
 6
       4
     2     2     2     2
     0     1     1     1
 1.710E+00 1.625E+00 1.625E+00 1.625E+00
 0.000E+00 0.000E+00 0.000E+00 0.000E+00
 0.000E+00 0.000E+00 0.000E+00 0.000E+00
 0.000E+00 0.000E+00 0.000E+00 0.000E+00
      26.008628     2.890362    -1.274301
 6
       4
     2     2     2     2
     0     1     1     1
 1.710E+00 1.625E+00 1.625E+00 1.625E+00
 0.000E+00 0.000E+00 0.000E+00 0.000E+00
 0.000E+00 0.000E+00 0.000E+00 0.000E+00
 0.000E+00 0.000E+00 0.000E+00 0.000E+00
      25.795805     -0.873641    1.462315
 6
       4
     2     2     2     2
     0     1     1     1
 1.710E+00 1.625E+00 1.625E+00 1.625E+00
 0.000E+00 0.000E+00 0.000E+00 0.000E+00
 0.000E+00 0.000E+00 0.000E+00 0.000E+00
 0.000E+00 0.000E+00 0.000E+00 0.000E+00
      27.258916     0.780162    -0.107312
 6
       4
     2     2     2     2
     0     1     1     1
 1.710E+00 1.625E+00 1.625E+00 1.625E+00
 0.000E+00 0.000E+00 0.000E+00 0.000E+00
 0.000E+00 0.000E+00 0.000E+00 0.000E+00
 0.000E+00 0.000E+00 0.000E+00 0.000E+00
      30.102817     0.504285    -0.182854
 6
       4
     2     2     2     2
     0     1     1     1
 1.710E+00 1.625E+00 1.625E+00 1.625E+00
 0.000E+00 0.000E+00 0.000E+00 0.000E+00
 0.000E+00 0.000E+00 0.000E+00 0.000E+00
 0.000E+00 0.000E+00 0.000E+00 0.000E+00
      32.232005     0.168102    -0.095703
 6
       4
     2     2     2     2
     0     1     1     1
 1.710E+00 1.625E+00 1.625E+00 1.625E+00
 0.000E+00 0.000E+00 0.000E+00 0.000E+00
 0.000E+00 0.000E+00 0.000E+00 0.000E+00
 0.000E+00 0.000E+00 0.000E+00 0.000E+00
      35.186411     -0.094921    -0.189243
 6
       4
     2     2     2     2
     0     1     1     1
 1.710E+00 1.625E+00 1.625E+00 1.625E+00
 0.000E+00 0.000E+00 0.000E+00 0.000E+00
 0.000E+00 0.000E+00 0.000E+00 0.000E+00
 0.000E+00 0.000E+00 0.000E+00 0.000E+00
      36.352772     -2.336675    0.513677
 6
       4
     2     2     2     2
     0     1     1     1
 1.710E+00 1.625E+00 1.625E+00 1.625E+00
 0.000E+00 0.000E+00 0.000E+00 0.000E+00
 0.000E+00 0.000E+00 0.000E+00 0.000E+00
 0.000E+00 0.000E+00 0.000E+00 0.000E+00
      36.717998     2.103231    -0.866984
 6
       4
     2     2     2     2
     0     1     1     1
 1.710E+00 1.625E+00 1.625E+00 1.625E+00
 0.000E+00 0.000E+00 0.000E+00 0.000E+00
 0.000E+00 0.000E+00 0.000E+00 0.000E+00
 0.000E+00 0.000E+00 0.000E+00 0.000E+00
      39.381500     1.922500    -0.909378
 6
       4
     2     2     2     2
     0     1     1     1
 1.710E+00 1.625E+00 1.625E+00 1.625E+00
 0.000E+00 0.000E+00 0.000E+00 0.000E+00
 0.000E+00 0.000E+00 0.000E+00 0.000E+00
 0.000E+00 0.000E+00 0.000E+00 0.000E+00
      38.980347     -2.430998    0.590554
 6
       4
     2     2     2     2
     0     1     1     1
 1.710E+00 1.625E+00 1.625E+00 1.625E+00
 0.000E+00 0.000E+00 0.000E+00 0.000E+00
 0.000E+00 0.000E+00 0.000E+00 0.000E+00
 0.000E+00 0.000E+00 0.000E+00 0.000E+00
      40.527052     -0.426347    -0.080330
 6
       4
     2     2     2     2
     0     1     1     1
 1.710E+00 1.625E+00 1.625E+00 1.625E+00
 0.000E+00 0.000E+00 0.000E+00 0.000E+00
 0.000E+00 0.000E+00 0.000E+00 0.000E+00
 0.000E+00 0.000E+00 0.000E+00 0.000E+00
      43.377872     -0.614371    0.003171
 6
       4
     2     2     2     2
     0     1     1     1
 1.710E+00 1.625E+00 1.625E+00 1.625E+00
 0.000E+00 0.000E+00 0.000E+00 0.000E+00
 0.000E+00 0.000E+00 0.000E+00 0.000E+00
 0.000E+00 0.000E+00 0.000E+00 0.000E+00
      45.560825     -0.408113    -0.096111
 6
       4
     2     2     2     2
     0     1     1     1
 1.710E+00 1.625E+00 1.625E+00 1.625E+00
 0.000E+00 0.000E+00 0.000E+00 0.000E+00
 0.000E+00 0.000E+00 0.000E+00 0.000E+00
 0.000E+00 0.000E+00 0.000E+00 0.000E+00
      48.302519     -0.385058    -0.359611
 6
       4
     2     2     2     2
     0     1     1     1
 1.710E+00 1.625E+00 1.625E+00 1.625E+00
 0.000E+00 0.000E+00 0.000E+00 0.000E+00
 0.000E+00 0.000E+00 0.000E+00 0.000E+00
 0.000E+00 0.000E+00 0.000E+00 0.000E+00
      49.837451     -2.469237    0.697908
 6
       4
     2     2     2     2
     0     1     1     1
 1.710E+00 1.625E+00 1.625E+00 1.625E+00
 0.000E+00 0.000E+00 0.000E+00 0.000E+00
 0.000E+00 0.000E+00 0.000E+00 0.000E+00
 0.000E+00 0.000E+00 0.000E+00 0.000E+00
      49.521770     1.541569    -1.556747
 6
       4
     2     2     2     2
     0     1     1     1
 1.710E+00 1.625E+00 1.625E+00 1.625E+00
 0.000E+00 0.000E+00 0.000E+00 0.000E+00
 0.000E+00 0.000E+00 0.000E+00 0.000E+00
 0.000E+00 0.000E+00 0.000E+00 0.000E+00
      52.205778     1.837864    -1.440738
 6
       4
     2     2     2     2
     0     1     1     1
 1.710E+00 1.625E+00 1.625E+00 1.625E+00
 0.000E+00 0.000E+00 0.000E+00 0.000E+00
 0.000E+00 0.000E+00 0.000E+00 0.000E+00
 0.000E+00 0.000E+00 0.000E+00 0.000E+00
      52.389134     -2.414809    0.676390
 6
       4
     2     2     2     2
     0     1     1     1
 1.710E+00 1.625E+00 1.625E+00 1.625E+00
 0.000E+00 0.000E+00 0.000E+00 0.000E+00
 0.000E+00 0.000E+00 0.000E+00 0.000E+00
 0.000E+00 0.000E+00 0.000E+00 0.000E+00
      53.689519     -0.193791    -0.423576
 6
       4
     2     2     2     2
     0     1     1     1
 1.710E+00 1.625E+00 1.625E+00 1.625E+00
 0.000E+00 0.000E+00 0.000E+00 0.000E+00
 0.000E+00 0.000E+00 0.000E+00 0.000E+00
 0.000E+00 0.000E+00 0.000E+00 0.000E+00
      56.488523     -0.031379    -0.236473
 1
       1
     1
     0
 1.300E+00
 0.000E+00
 0.000E+00
 0.000E+00
      -4.799524     1.862784    0.720381
 1
       1
     1
     0
 1.300E+00
 0.000E+00
 0.000E+00
 0.000E+00
      0.232412     2.917223    1.166894
 1
       1
     1
     0
 1.300E+00
 0.000E+00
 0.000E+00
 0.000E+00
      -5.873667     -2.668140    -0.708727
 1
       1
     1
     0
 1.300E+00
 0.000E+00
 0.000E+00
 0.000E+00
      -2.907697     -5.702191    -1.523272
 1
       1
     1
     0
 1.300E+00
 0.000E+00
 0.000E+00
 0.000E+00
      1.690636     -4.728444    -1.117374
 1
       1
     1
     0
 1.300E+00
 0.000E+00
 0.000E+00
 0.000E+00
      8.809426     4.203372    -0.902760
 1
       1
     1
     0
 1.300E+00
 0.000E+00
 0.000E+00
 0.000E+00
      9.601263     -3.842166    0.897089
 1
       1
     1
     0
 1.300E+00
 0.000E+00
 0.000E+00
 0.000E+00
      13.302541     4.893192    -0.371055
 1
       1
     1
     0
 1.300E+00
 0.000E+00
 0.000E+00
 0.000E+00
      14.351959     -3.238656    1.341157
 1
       1
     1
     0
 1.300E+00
 0.000E+00
 0.000E+00
 0.000E+00
      22.433404     4.874862    -1.777688
 1
       1
     1
     0
 1.300E+00
 0.000E+00
 0.000E+00
 0.000E+00
      27.122699     4.376596    -2.390689
 1
       1
     1
     0
 1.300E+00
 0.000E+00
 0.000E+00
 0.000E+00
      21.998278     -2.000829    2.692816
 1
       1
     1
     0
 1.300E+00
 0.000E+00
 0.000E+00
 0.000E+00
      26.790060     -2.352556    2.564589
 1
       1
     1
     0
 1.300E+00
 0.000E+00
 0.000E+00
 0.000E+00
      35.730357     3.980045    -1.222509
 1
       1
     1
     0
 1.300E+00
 0.000E+00
 0.000E+00
 0.000E+00
      35.148261     -3.937645    1.077068
 1
       1
     1
     0
 1.300E+00
 0.000E+00
 0.000E+00
 0.000E+00
      40.509323     3.478851    -1.435733
 1
       1
     1
     0
 1.300E+00
 0.000E+00
 0.000E+00
 0.000E+00
      39.952746     -4.062758    1.326542
 1
       1
     1
     0
 1.300E+00
 0.000E+00
 0.000E+00
 0.000E+00
      48.383690     2.888492    -2.545979
 1
       1
     1
     0
 1.300E+00
 0.000E+00
 0.000E+00
 0.000E+00
      48.817388     -3.956002    1.595588
 1
       1
     1
     0
 1.300E+00
 0.000E+00
 0.000E+00
 0.000E+00
      53.215234     3.304084    -2.145283
 1
       1
     1
     0
 1.300E+00
 0.000E+00
 0.000E+00
 0.000E+00
      53.631344     -3.849805    1.605481
 1
       1
     1
     0
 1.300E+00
 0.000E+00
 0.000E+00
 0.000E+00
      61.651713     4.175282    -1.159130
 1
       1
     1
     0
 1.300E+00
 0.000E+00
 0.000E+00
 0.000E+00
      62.019666     -3.499599    0.940273
 6
       4
     2     2     2     2
     0     1     1     1
 1.710E+00 1.625E+00 1.625E+00 1.625E+00
 0.000E+00 0.000E+00 0.000E+00 0.000E+00
 0.000E+00 0.000E+00 0.000E+00 0.000E+00
 0.000E+00 0.000E+00 0.000E+00 0.000E+00
      69.823435     0.497763    -0.221168
 1
       1
     1
     0
 1.300E+00
 0.000E+00
 0.000E+00
 0.000E+00
      66.491303     4.610737    -1.371741
 1
       1
     1
     0
 1.300E+00
 0.000E+00
 0.000E+00
 0.000E+00
      66.863972     -3.285863    0.979698
 6
       4
     2     2     2     2
     0     1     1     1
 1.710E+00 1.625E+00 1.625E+00 1.625E+00
 0.000E+00 0.000E+00 0.000E+00 0.000E+00
 0.000E+00 0.000E+00 0.000E+00 0.000E+00
 0.000E+00 0.000E+00 0.000E+00 0.000E+00
      58.688358     0.214163    -0.266805
 6
       4
     2     2     2     2
     0     1     1     1
 1.710E+00 1.625E+00 1.625E+00 1.625E+00
 0.000E+00 0.000E+00 0.000E+00 0.000E+00
 0.000E+00 0.000E+00 0.000E+00 0.000E+00
 0.000E+00 0.000E+00 0.000E+00 0.000E+00
      61.572810     0.306003    -0.129017
 6
       4
     2     2     2     2
     0     1     1     1
 1.710E+00 1.625E+00 1.625E+00 1.625E+00
 0.000E+00 0.000E+00 0.000E+00 0.000E+00
 0.000E+00 0.000E+00 0.000E+00 0.000E+00
 0.000E+00 0.000E+00 0.000E+00 0.000E+00
      63.049844     -1.732045    0.530412
 6
       4
     2     2     2     2
     0     1     1     1
 1.710E+00 1.625E+00 1.625E+00 1.625E+00
 0.000E+00 0.000E+00 0.000E+00 0.000E+00
 0.000E+00 0.000E+00 0.000E+00 0.000E+00
 0.000E+00 0.000E+00 0.000E+00 0.000E+00
      62.902266     2.677334    -0.852591
 6
       4
     2     2     2     2
     0     1     1     1
 1.710E+00 1.625E+00 1.625E+00 1.625E+00
 0.000E+00 0.000E+00 0.000E+00 0.000E+00
 0.000E+00 0.000E+00 0.000E+00 0.000E+00
 0.000E+00 0.000E+00 0.000E+00 0.000E+00
      65.403284     2.772695    -0.958119
 6
       4
     2     2     2     2
     0     1     1     1
 1.710E+00 1.625E+00 1.625E+00 1.625E+00
 0.000E+00 0.000E+00 0.000E+00 0.000E+00
 0.000E+00 0.000E+00 0.000E+00 0.000E+00
 0.000E+00 0.000E+00 0.000E+00 0.000E+00
      65.689719     -1.587289    0.462257
 6
       4
     2     2     2     2
     0     1     1     1
 1.710E+00 1.625E+00 1.625E+00 1.625E+00
 0.000E+00 0.000E+00 0.000E+00 0.000E+00
 0.000E+00 0.000E+00 0.000E+00 0.000E+00
 0.000E+00 0.000E+00 0.000E+00 0.000E+00
      67.033670     0.471836    -0.392039
 6
       4
     2     2     2     2
     0     1     1     1
 1.710E+00 1.625E+00 1.625E+00 1.625E+00
 0.000E+00 0.000E+00 0.000E+00 0.000E+00
 0.000E+00 0.000E+00 0.000E+00 0.000E+00
 0.000E+00 0.000E+00 0.000E+00 0.000E+00
      80.137497     -0.093906    0.743399
 6
       4
     2     2     2     2
     0     1     1     1
 1.710E+00 1.625E+00 1.625E+00 1.625E+00
 0.000E+00 0.000E+00 0.000E+00 0.000E+00
 0.000E+00 0.000E+00 0.000E+00 0.000E+00
 0.000E+00 0.000E+00 0.000E+00 0.000E+00
      78.857383     2.221380    0.278372
 6
       4
     2     2     2     2
     0     1     1     1
 1.710E+00 1.625E+00 1.625E+00 1.625E+00
 0.000E+00 0.000E+00 0.000E+00 0.000E+00
 0.000E+00 0.000E+00 0.000E+00 0.000E+00
 0.000E+00 0.000E+00 0.000E+00 0.000E+00
      78.709973     -2.383585    0.994024
 6
       4
     2     2     2     2
     0     1     1     1
 1.710E+00 1.625E+00 1.625E+00 1.625E+00
 0.000E+00 0.000E+00 0.000E+00 0.000E+00
 0.000E+00 0.000E+00 0.000E+00 0.000E+00
 0.000E+00 0.000E+00 0.000E+00 0.000E+00
      76.209533     2.273372    0.072188
 6
       4
     2     2     2     2
     0     1     1     1
 1.710E+00 1.625E+00 1.625E+00 1.625E+00
 0.000E+00 0.000E+00 0.000E+00 0.000E+00
 0.000E+00 0.000E+00 0.000E+00 0.000E+00
 0.000E+00 0.000E+00 0.000E+00 0.000E+00
      74.731119     -0.014430    0.278258
 6
       4
     2     2     2     2
     0     1     1     1
 1.710E+00 1.625E+00 1.625E+00 1.625E+00
 0.000E+00 0.000E+00 0.000E+00 0.000E+00
 0.000E+00 0.000E+00 0.000E+00 0.000E+00
 0.000E+00 0.000E+00 0.000E+00 0.000E+00
      76.104587     -2.247438    0.736642
 6
       4
     2     2     2     2
     0     1     1     1
 1.710E+00 1.625E+00 1.625E+00 1.625E+00
 0.000E+00 0.000E+00 0.000E+00 0.000E+00
 0.000E+00 0.000E+00 0.000E+00 0.000E+00
 0.000E+00 0.000E+00 0.000E+00 0.000E+00
      82.938282     -0.171638    0.730714
 6
       4
     2     2     2     2
     0     1     1     1
 1.710E+00 1.625E+00 1.625E+00 1.625E+00
 0.000E+00 0.000E+00 0.000E+00 0.000E+00
 0.000E+00 0.000E+00 0.000E+00 0.000E+00
 0.000E+00 0.000E+00 0.000E+00 0.000E+00
      85.057459     0.007978    0.204534
 6
       4
     2     2     2     2
     0     1     1     1
 1.710E+00 1.625E+00 1.625E+00 1.625E+00
 0.000E+00 0.000E+00 0.000E+00 0.000E+00
 0.000E+00 0.000E+00 0.000E+00 0.000E+00
 0.000E+00 0.000E+00 0.000E+00 0.000E+00
      87.834233     -0.012168    0.087447
 6
       4
     2     2     2     2
     0     1     1     1
 1.710E+00 1.625E+00 1.625E+00 1.625E+00
 0.000E+00 0.000E+00 0.000E+00 0.000E+00
 0.000E+00 0.000E+00 0.000E+00 0.000E+00
 0.000E+00 0.000E+00 0.000E+00 0.000E+00
      89.128614     2.197243    -0.610298
 6
       4
     2     2     2     2
     0     1     1     1
 1.710E+00 1.625E+00 1.625E+00 1.625E+00
 0.000E+00 0.000E+00 0.000E+00 0.000E+00
 0.000E+00 0.000E+00 0.000E+00 0.000E+00
 0.000E+00 0.000E+00 0.000E+00 0.000E+00
      89.299746     -2.249099    0.646141
 6
       4
     2     2     2     2
     0     1     1     1
 1.710E+00 1.625E+00 1.625E+00 1.625E+00
 0.000E+00 0.000E+00 0.000E+00 0.000E+00
 0.000E+00 0.000E+00 0.000E+00 0.000E+00
 0.000E+00 0.000E+00 0.000E+00 0.000E+00
      91.748561     2.292538    -0.669509
 6
       4
     2     2     2     2
     0     1     1     1
 1.710E+00 1.625E+00 1.625E+00 1.625E+00
 0.000E+00 0.000E+00 0.000E+00 0.000E+00
 0.000E+00 0.000E+00 0.000E+00 0.000E+00
 0.000E+00 0.000E+00 0.000E+00 0.000E+00
      91.925381     -2.102736    0.659590
 6
       4
     2     2     2     2
     0     1     1     1
 1.710E+00 1.625E+00 1.625E+00 1.625E+00
 0.000E+00 0.000E+00 0.000E+00 0.000E+00
 0.000E+00 0.000E+00 0.000E+00 0.000E+00
 0.000E+00 0.000E+00 0.000E+00 0.000E+00
      93.221062     0.139061    -0.085385
 6
       4
     2     2     2     2
     0     1     1     1
 1.710E+00 1.625E+00 1.625E+00 1.625E+00
 0.000E+00 0.000E+00 0.000E+00 0.000E+00
 0.000E+00 0.000E+00 0.000E+00 0.000E+00
 0.000E+00 0.000E+00 0.000E+00 0.000E+00
      95.988114     0.367289    -0.169790
 6
       4
     2     2     2     2
     0     1     1     1
 1.710E+00 1.625E+00 1.625E+00 1.625E+00
 0.000E+00 0.000E+00 0.000E+00 0.000E+00
 0.000E+00 0.000E+00 0.000E+00 0.000E+00
 0.000E+00 0.000E+00 0.000E+00 0.000E+00
      98.161724     0.371101    -0.450919
 6
       4
     2     2     2     2
     0     1     1     1
 1.710E+00 1.625E+00 1.625E+00 1.625E+00
 0.000E+00 0.000E+00 0.000E+00 0.000E+00
 0.000E+00 0.000E+00 0.000E+00 0.000E+00
 0.000E+00 0.000E+00 0.000E+00 0.000E+00
      100.956048     0.710616    -0.284551
 6
       4
     2     2     2     2
     0     1     1     1
 1.710E+00 1.625E+00 1.625E+00 1.625E+00
 0.000E+00 0.000E+00 0.000E+00 0.000E+00
 0.000E+00 0.000E+00 0.000E+00 0.000E+00
 0.000E+00 0.000E+00 0.000E+00 0.000E+00
      102.529491     -1.298461    0.842542
 6
       4
     2     2     2     2
     0     1     1     1
 1.710E+00 1.625E+00 1.625E+00 1.625E+00
 0.000E+00 0.000E+00 0.000E+00 0.000E+00
 0.000E+00 0.000E+00 0.000E+00 0.000E+00
 0.000E+00 0.000E+00 0.000E+00 0.000E+00
      102.210866     2.985230    -0.675630
 6
       4
     2     2     2     2
     0     1     1     1
 1.710E+00 1.625E+00 1.625E+00 1.625E+00
 0.000E+00 0.000E+00 0.000E+00 0.000E+00
 0.000E+00 0.000E+00 0.000E+00 0.000E+00
 0.000E+00 0.000E+00 0.000E+00 0.000E+00
      104.828449     3.255302    -0.350259
 6
       4
     2     2     2     2
     0     1     1     1
 1.710E+00 1.625E+00 1.625E+00 1.625E+00
 0.000E+00 0.000E+00 0.000E+00 0.000E+00
 0.000E+00 0.000E+00 0.000E+00 0.000E+00
 0.000E+00 0.000E+00 0.000E+00 0.000E+00
      105.136863     -1.123495    0.983712
 6
       4
     2     2     2     2
     0     1     1     1
 1.710E+00 1.625E+00 1.625E+00 1.625E+00
 0.000E+00 0.000E+00 0.000E+00 0.000E+00
 0.000E+00 0.000E+00 0.000E+00 0.000E+00
 0.000E+00 0.000E+00 0.000E+00 0.000E+00
      106.430570     1.237735    0.326932
 6
       4
     2     2     2     2
     0     1     1     1
 1.710E+00 1.625E+00 1.625E+00 1.625E+00
 0.000E+00 0.000E+00 0.000E+00 0.000E+00
 0.000E+00 0.000E+00 0.000E+00 0.000E+00
 0.000E+00 0.000E+00 0.000E+00 0.000E+00
      109.258911     1.164462    0.263277
 6
       4
     2     2     2     2
     0     1     1     1
 1.710E+00 1.625E+00 1.625E+00 1.625E+00
 0.000E+00 0.000E+00 0.000E+00 0.000E+00
 0.000E+00 0.000E+00 0.000E+00 0.000E+00
 0.000E+00 0.000E+00 0.000E+00 0.000E+00
      111.409174     0.885520    0.033656
 6
       4
     2     2     2     2
     0     1     1     1
 1.710E+00 1.625E+00 1.625E+00 1.625E+00
 0.000E+00 0.000E+00 0.000E+00 0.000E+00
 0.000E+00 0.000E+00 0.000E+00 0.000E+00
 0.000E+00 0.000E+00 0.000E+00 0.000E+00
      114.213714     0.692747    -0.051338
 6
       4
     2     2     2     2
     0     1     1     1
 1.710E+00 1.625E+00 1.625E+00 1.625E+00
 0.000E+00 0.000E+00 0.000E+00 0.000E+00
 0.000E+00 0.000E+00 0.000E+00 0.000E+00
 0.000E+00 0.000E+00 0.000E+00 0.000E+00
      115.441414     -1.613977    -0.707243
 6
       4
     2     2     2     2
     0     1     1     1
 1.710E+00 1.625E+00 1.625E+00 1.625E+00
 0.000E+00 0.000E+00 0.000E+00 0.000E+00
 0.000E+00 0.000E+00 0.000E+00 0.000E+00
 0.000E+00 0.000E+00 0.000E+00 0.000E+00
      115.746883     2.885404    0.446726
 6
       4
     2     2     2     2
     0     1     1     1
 1.710E+00 1.625E+00 1.625E+00 1.625E+00
 0.000E+00 0.000E+00 0.000E+00 0.000E+00
 0.000E+00 0.000E+00 0.000E+00 0.000E+00
 0.000E+00 0.000E+00 0.000E+00 0.000E+00
      118.359030     2.665821    0.351695
 6
       4
     2     2     2     2
     0     1     1     1
 1.710E+00 1.625E+00 1.625E+00 1.625E+00
 0.000E+00 0.000E+00 0.000E+00 0.000E+00
 0.000E+00 0.000E+00 0.000E+00 0.000E+00
 0.000E+00 0.000E+00 0.000E+00 0.000E+00
      118.103311     -1.800083    -0.797032
 6
       4
     2     2     2     2
     0     1     1     1
 1.710E+00 1.625E+00 1.625E+00 1.625E+00
 0.000E+00 0.000E+00 0.000E+00 0.000E+00
 0.000E+00 0.000E+00 0.000E+00 0.000E+00
 0.000E+00 0.000E+00 0.000E+00 0.000E+00
      119.557060     0.360395    -0.094998
 6
       4
     2     2     2     2
     0     1     1     1
 1.710E+00 1.625E+00 1.625E+00 1.625E+00
 0.000E+00 0.000E+00 0.000E+00 0.000E+00
 0.000E+00 0.000E+00 0.000E+00 0.000E+00
 0.000E+00 0.000E+00 0.000E+00 0.000E+00
      122.406823     0.246502    -0.003804
 6
       4
     2     2     2     2
     0     1     1     1
 1.710E+00 1.625E+00 1.625E+00 1.625E+00
 0.000E+00 0.000E+00 0.000E+00 0.000E+00
 0.000E+00 0.000E+00 0.000E+00 0.000E+00
 0.000E+00 0.000E+00 0.000E+00 0.000E+00
      124.598287     0.357345    -0.230046
 6
       4
     2     2     2     2
     0     1     1     1
 1.710E+00 1.625E+00 1.625E+00 1.625E+00
 0.000E+00 0.000E+00 0.000E+00 0.000E+00
 0.000E+00 0.000E+00 0.000E+00 0.000E+00
 0.000E+00 0.000E+00 0.000E+00 0.000E+00
      127.307981     0.151673    -0.076007
 6
       4
     2     2     2     2
     0     1     1     1
 1.710E+00 1.625E+00 1.625E+00 1.625E+00
 0.000E+00 0.000E+00 0.000E+00 0.000E+00
 0.000E+00 0.000E+00 0.000E+00 0.000E+00
 0.000E+00 0.000E+00 0.000E+00 0.000E+00
      128.486882     -2.201550    -0.694125
 6
       4
     2     2     2     2
     0     1     1     1
 1.710E+00 1.625E+00 1.625E+00 1.625E+00
 0.000E+00 0.000E+00 0.000E+00 0.000E+00
 0.000E+00 0.000E+00 0.000E+00 0.000E+00
 0.000E+00 0.000E+00 0.000E+00 0.000E+00
      128.878135     2.177841    0.834267
 6
       4
     2     2     2     2
     0     1     1     1
 1.710E+00 1.625E+00 1.625E+00 1.625E+00
 0.000E+00 0.000E+00 0.000E+00 0.000E+00
 0.000E+00 0.000E+00 0.000E+00 0.000E+00
 0.000E+00 0.000E+00 0.000E+00 0.000E+00
      131.485358     1.852491    1.020050
 6
       4
     2     2     2     2
     0     1     1     1
 1.710E+00 1.625E+00 1.625E+00 1.625E+00
 0.000E+00 0.000E+00 0.000E+00 0.000E+00
 0.000E+00 0.000E+00 0.000E+00 0.000E+00
 0.000E+00 0.000E+00 0.000E+00 0.000E+00
      131.138007     -2.415189    -0.593812
 6
       4
     2     2     2     2
     0     1     1     1
 1.710E+00 1.625E+00 1.625E+00 1.625E+00
 0.000E+00 0.000E+00 0.000E+00 0.000E+00
 0.000E+00 0.000E+00 0.000E+00 0.000E+00
 0.000E+00 0.000E+00 0.000E+00 0.000E+00
      132.696612     -0.436674    0.253654
 6
       4
     2     2     2     2
     0     1     1     1
 1.710E+00 1.625E+00 1.625E+00 1.625E+00
 0.000E+00 0.000E+00 0.000E+00 0.000E+00
 0.000E+00 0.000E+00 0.000E+00 0.000E+00
 0.000E+00 0.000E+00 0.000E+00 0.000E+00
      135.442862     -0.721694    0.181678
 1
       1
     1
     0
 1.300E+00
 0.000E+00
 0.000E+00
 0.000E+00
      75.326696     4.238801    -0.246012
 1
       1
     1
     0
 1.300E+00
 0.000E+00
 0.000E+00
 0.000E+00
      79.887199     3.977546    0.101117
 6
       4
     2     2     2     2
     0     1     1     1
 1.710E+00 1.625E+00 1.625E+00 1.625E+00
 0.000E+00 0.000E+00 0.000E+00 0.000E+00
 0.000E+00 0.000E+00 0.000E+00 0.000E+00
 0.000E+00 0.000E+00 0.000E+00 0.000E+00
      71.978852     0.090631    -0.011571
 1
       1
     1
     0
 1.300E+00
 0.000E+00
 0.000E+00
 0.000E+00
      74.911393     -4.052423    0.761155
 1
       1
     1
     0
 1.300E+00
 0.000E+00
 0.000E+00
 0.000E+00
      79.693060     -3.952783    1.233936
 1
       1
     1
     0
 1.300E+00
 0.000E+00
 0.000E+00
 0.000E+00
      87.939697     3.980570    -0.916865
 1
       1
     1
     0
 1.300E+00
 0.000E+00
 0.000E+00
 0.000E+00
      88.259467     -3.945636    1.295424
 1
       1
     1
     0
 1.300E+00
 0.000E+00
 0.000E+00
 0.000E+00
      92.753591     4.074451    -1.004219
 1
       1
     1
     0
 1.300E+00
 0.000E+00
 0.000E+00
 0.000E+00
      93.108933     -3.739830    1.298769
 1
       1
     1
     0
 1.300E+00
 0.000E+00
 0.000E+00
 0.000E+00
      100.953012     4.607326    -1.258945
 1
       1
     1
     0
 1.300E+00
 0.000E+00
 0.000E+00
 0.000E+00
      105.717240     5.037084    -0.704331
 1
       1
     1
     0
 1.300E+00
 0.000E+00
 0.000E+00
 0.000E+00
      101.542485     -2.933276    1.539683
 1
       1
     1
     0
 1.300E+00
 0.000E+00
 0.000E+00
 0.000E+00
      106.234304     -2.693300    1.662885
 1
       1
     1
     0
 1.300E+00
 0.000E+00
 0.000E+00
 0.000E+00
      114.808371     4.713952    0.735530
 1
       1
     1
     0
 1.300E+00
 0.000E+00
 0.000E+00
 0.000E+00
      114.403686     -3.175176    -1.357105
 1
       1
     1
     0
 1.300E+00
 0.000E+00
 0.000E+00
 0.000E+00
      119.630973     4.352326    0.647071
 1
       1
     1
     0
 1.300E+00
 0.000E+00
 0.000E+00
 0.000E+00
      118.878865     -3.427048    -1.555435
 1
       1
     1
     0
 1.300E+00
 0.000E+00
 0.000E+00
 0.000E+00
      128.016411     4.072240    1.246010
 1
       1
     1
     0
 1.300E+00
 0.000E+00
 0.000E+00
 0.000E+00
      127.135031     -3.667214    -1.279683
 1
       1
     1
     0
 1.300E+00
 0.000E+00
 0.000E+00
 0.000E+00
      132.490773     3.650418    1.627576
 1
       1
     1
     0
 1.300E+00
 0.000E+00
 0.000E+00
 0.000E+00
      131.991173     -4.157768    -1.161327
 1
       1
     1
     0
 1.300E+00
 0.000E+00
 0.000E+00
 0.000E+00
      140.677391     2.127384    2.840632
 1
       1
     1
     0
 1.300E+00
 0.000E+00
 0.000E+00
 0.000E+00
      140.791697     -4.683206    -2.307440
 1
       1
     1
     0
 1.300E+00
 0.000E+00
 0.000E+00
 0.000E+00
      147.781032     -1.203196    -0.051503
 1
       1
     1
     0
 1.300E+00
 0.000E+00
 0.000E+00
 0.000E+00
      145.243170     1.909319    2.683779
 1
       1
     1
     0
 1.300E+00
 0.000E+00
 0.000E+00
 0.000E+00
      145.081543     -4.522044    -2.373906
 6
       4
     2     2     2     2
     0     1     1     1
 1.710E+00 1.625E+00 1.625E+00 1.625E+00
 0.000E+00 0.000E+00 0.000E+00 0.000E+00
 0.000E+00 0.000E+00 0.000E+00 0.000E+00
 0.000E+00 0.000E+00 0.000E+00 0.000E+00
      137.567964     -1.196452    0.160759
 6
       4
     2     2     2     2
     0     1     1     1
 1.710E+00 1.625E+00 1.625E+00 1.625E+00
 0.000E+00 0.000E+00 0.000E+00 0.000E+00
 0.000E+00 0.000E+00 0.000E+00 0.000E+00
 0.000E+00 0.000E+00 0.000E+00 0.000E+00
      140.379966     -1.406017    0.357119
 6
       4
     2     2     2     2
     0     1     1     1
 1.710E+00 1.625E+00 1.625E+00 1.625E+00
 0.000E+00 0.000E+00 0.000E+00 0.000E+00
 0.000E+00 0.000E+00 0.000E+00 0.000E+00
 0.000E+00 0.000E+00 0.000E+00 0.000E+00
      141.504747     -3.235118    -1.028189
 6
       4
     2     2     2     2
     0     1     1     1
 1.710E+00 1.625E+00 1.625E+00 1.625E+00
 0.000E+00 0.000E+00 0.000E+00 0.000E+00
 0.000E+00 0.000E+00 0.000E+00 0.000E+00
 0.000E+00 0.000E+00 0.000E+00 0.000E+00
      141.728854     0.485497    1.881045
 6
       4
     2     2     2     2
     0     1     1     1
 1.710E+00 1.625E+00 1.625E+00 1.625E+00
 0.000E+00 0.000E+00 0.000E+00 0.000E+00
 0.000E+00 0.000E+00 0.000E+00 0.000E+00
 0.000E+00 0.000E+00 0.000E+00 0.000E+00
      144.285362     0.517316    1.795353
 6
       4
     2     2     2     2
     0     1     1     1
 1.710E+00 1.625E+00 1.625E+00 1.625E+00
 0.000E+00 0.000E+00 0.000E+00 0.000E+00
 0.000E+00 0.000E+00 0.000E+00 0.000E+00
 0.000E+00 0.000E+00 0.000E+00 0.000E+00
      144.364341     -3.133750    -1.075194
 6
       4
     2     2     2     2
     0     1     1     1
 1.710E+00 1.625E+00 1.625E+00 1.625E+00
 0.000E+00 0.000E+00 0.000E+00 0.000E+00
 0.000E+00 0.000E+00 0.000E+00 0.000E+00
 0.000E+00 0.000E+00 0.000E+00 0.000E+00
      145.476031     -1.249865    0.212163
# LCAO coefficients .. are not included.
         1
        1        0.000067299903595   k=         1
        2        -0.001562505998856   k=         1
        3        0.004122380040768   k=         1
        4        -0.026063892005553   k=         1
        5        -0.001156916661008   k=         1
        6        -0.001238629815226   k=         1
        7        0.010614638998813   k=         1
        8        -0.025830348614240   k=         1
        9        0.000843235450708   k=         1
        10        0.002629777870772   k=         1
        11        0.009409514098058   k=         1
        12        -0.018933508915669   k=         1
        13        0.000146844240489   k=         1
        14        -0.000066156308416   k=         1
        15        -0.001995422339550   k=         1
        16        0.004305020029464   k=         1
        17        -0.000012791519149   k=         1
        18        -0.000786878602146   k=         1
        19        -0.008705084924399   k=         1
        20        0.031590563901784   k=         1
        21        -0.000578442920549   k=         1
        22        -0.001818860960845   k=         1
        23        -0.004661345263998   k=         1
        24        0.013260432047507   k=         1
        25        0.000293031285619   k=         1
        26        0.002325679614659   k=         1
        27        0.004162142126027   k=         1
        28        0.035651069695038   k=         1
        29        0.000734992654143   k=         1
        30        0.002603346851858   k=         1
        31        -0.000733280790146   k=         1
        32        0.026575780796804   k=         1
        33        0.000168403483553   k=         1
        34        0.003343886873564   k=         1
        35        -0.007911597053420   k=         1
        36        -0.049719045559819   k=         1
        37        0.000988014940367   k=         1
        38        0.007417741498685   k=         1
        39        -0.005549826324284   k=         1
        40        -0.026021271923412   k=         1
        41        0.000850066891999   k=         1
        42        0.009250075236311   k=         1
        43        -0.007133518834327   k=         1
        44        -0.024012983412487   k=         1
        45        0.001172967994486   k=         1
        46        -0.006049950973936   k=         1
        47        0.004716542393093   k=         1
        48        0.032635508758651   k=         1
        49        -0.000629386073608   k=         1
        50        -0.009150737116188   k=         1
        51        0.003807039562515   k=         1
        52        0.030431707203164   k=         1
        53        -0.000362255258109   k=         1
        54        0.006579738173538   k=         1
        55        0.010268608310414   k=         1
        56        0.045618448091952   k=         1
        57        0.002320653472586   k=         1
        58        -0.004648237352487   k=         1
        59        -0.020976781093699   k=         1
        60        -0.039871676696816   k=         1
        61        0.000872337403084   k=         1
        62        0.006710446496455   k=         1
        63        -0.011904749162018   k=         1
        64        -0.036812177007807   k=         1
        65        0.000879750549661   k=         1
        66        -0.006000881341290   k=         1
        67        0.030473291691038   k=         1
        68        0.051528097739272   k=         1
        69        0.000130654078347   k=         1
        70        0.005245122107523   k=         1
        71        0.020169599450809   k=         1
        72        0.026742279888736   k=         1
        73        -0.001030903740377   k=         1
        74        0.010684065562168   k=         1
        75        0.019645555221339   k=         1
        76        0.028374718207126   k=         1
        77        0.002343318766351   k=         1
        78        -0.009663725730549   k=         1
        79        -0.021636816479374   k=         1
        80        -0.030989621860527   k=         1
        81        -0.000798051531975   k=         1
        82        -0.008450824323312   k=         1
        83        -0.026073178287115   k=         1
        84        -0.026065013590446   k=         1
        85        0.001449373775202   k=         1
        86        -0.005282574023588   k=         1
        87        -0.032932806011384   k=         1
        88        -0.048388632254149   k=         1
        89        0.000156840683853   k=         1
        90        -0.000382608815972   k=         1
        91        0.018108092973515   k=         1
        92        0.047419772104361   k=         1
        93        0.000437926406607   k=         1
        94        0.002481272238905   k=         1
        95        0.022271879253164   k=         1
        96        0.039017095707910   k=         1
        97        0.000741513200907   k=         1
        98        -0.005274882265710   k=         1
        99        -0.024919690557536   k=         1
        100        -0.080264218943686   k=         1
        101        0.000709588806912   k=         1
        102        -0.000911004569006   k=         1
        103        -0.011914319310535   k=         1
        104        -0.039339893033461   k=         1
        105        -0.001352740712758   k=         1
        106        -0.003501654603168   k=         1
        107        -0.007096094076883   k=         1
        108        -0.039394631353686   k=         1
        109        0.000598469844622   k=         1
        110        0.003398475921399   k=         1
        111        0.013728040420690   k=         1
        112        0.050183777737675   k=         1
        113        -0.000738215080978   k=         1
        114        -0.003833071291292   k=         1
        115        0.022238050012228   k=         1
        116        0.058076697889955   k=         1
        117        -0.000666231071968   k=         1
        118        -0.007660431275168   k=         1
        119        0.027695281251111   k=         1
        120        0.068862924525982   k=         1
        121        0.001662023610727   k=         1
        122        0.005027370996372   k=         1
        123        -0.040240224618013   k=         1
        124        -0.079451325020008   k=         1
        125        -0.004558597728570   k=         1
        126        -0.011604189513939   k=         1
        127        -0.027591082943737   k=         1
        128        -0.061090360004656   k=         1
        129        0.000930198641798   k=         1
        130        0.017922658062209   k=         1
        131        0.054276865732461   k=         1
        132        0.101531915113570   k=         1
        133        0.001684542099006   k=         1
        134        -0.003556660118168   k=         1
        135        0.035978632335454   k=         1
        136        0.050517975735445   k=         1
        137        -0.001410532466745   k=         1
        138        -0.011076241057325   k=         1
        139        0.039125017436015   k=         1
        140        0.056562697133978   k=         1
        141        -0.003363699443643   k=         1
        142        0.016197373727254   k=         1
        143        -0.041824359161356   k=         1
        144        -0.076940087772694   k=         1
        145        -0.001231525979511   k=         1
        146        0.004030342143931   k=         1
        147        -0.031167236577619   k=         1
        148        -0.047568663934850   k=         1
        149        0.002413569344792   k=         1
        150        0.004252614010292   k=         1
        151        -0.045393643074926   k=         1
        152        -0.110047065589892   k=         1
        153        0.000163004458594   k=         1
        154        -0.000729990998693   k=         1
        155        0.028412157243495   k=         1
        156        0.074680343669354   k=         1
        157        -0.001315061854993   k=         1
        158        0.001358825484449   k=         1
        159        -0.000433204041813   k=         1
        160        0.001738028138496   k=         1
        161        -0.000191536205738   k=         1
        162        -0.001203320153984   k=         1
        163        -0.001701818071151   k=         1
        164        -0.002029269228146   k=         1
        165        -0.003537565874631   k=         1
        166        -0.001243340223358   k=         1
        167        -0.002252853950012   k=         1
        168        -0.004384914559103   k=         1
        169        0.000412798809763   k=         1
        170        0.001394908939833   k=         1
        171        -0.000415236399130   k=         1
        172        -0.000402963167043   k=         1
        173        0.001509721097212   k=         1
        174        0.006768041555238   k=         1
        175        -0.000187176751071   k=         1
        176        -0.000842625324507   k=         1
        177        0.005210854759378   k=         1
        178        0.004361930336196   k=         1
        179        0.000337910638330   k=         1
        180        -0.001132219468481   k=         1
        181        0.003675540935837   k=         1
        182        -0.014930539143713   k=         1
        183        -0.055139349574319   k=         1
        184        -0.002738349057542   k=         1
        185        0.003399714536184   k=         1
        186        -0.002138827444879   k=         1
        187        -0.006937133177028   k=         1
        188        0.033955118620443   k=         1
        189        0.084467585892327   k=         1
        190        -0.001067779524213   k=         1
        191        0.006108743390564   k=         1
        192        -0.034735526841460   k=         1
        193        -0.094232464220604   k=         1
        194        -0.000709794572752   k=         1
        195        -0.003831337708987   k=         1
        196        -0.017200034188134   k=         1
        197        -0.076491122585874   k=         1
        198        -0.000661847791458   k=         1
        199        -0.003623408188722   k=         1
        200        -0.009155267361077   k=         1
        201        -0.048067025146893   k=         1
        202        -0.000195158968343   k=         1
        203        0.004477723724343   k=         1
        204        0.008081875048818   k=         1
        205        0.047172478035429   k=         1
        206        0.000934667519628   k=         1
        207        0.005184401287761   k=         1
        208        0.021230621435232   k=         1
        209        0.060390537671502   k=         1
        210        -0.004429821603630   k=         1
        211        -0.000537940863819   k=         1
        212        0.037706558493309   k=         1
        213        0.100284424836596   k=         1
        214        -0.000416767249910   k=         1
        215        0.001027159987864   k=         1
        216        -0.013148290613024   k=         1
        217        -0.067196146826998   k=         1
        218        -0.000174660072338   k=         1
        219        0.003310666000010   k=         1
        220        -0.003211396912192   k=         1
        221        -0.025131086646573   k=         1
        222        0.000200975667898   k=         1
        223        0.003811816534903   k=         1
        224        -0.001486660099071   k=         1
        225        -0.030484865905438   k=         1
        226        0.001177578275705   k=         1
        227        -0.008000826444848   k=         1
        228        0.003055919515971   k=         1
        229        0.052379090647389   k=         1
        230        -0.000269461360791   k=         1
        231        -0.004725669728920   k=         1
        232        0.012581428620374   k=         1
        233        0.055348340798439   k=         1
        234        -0.001091260033664   k=         1
        235        -0.004835995590845   k=         1
        236        0.001615533277678   k=         1
        237        0.047070178549756   k=         1
        238        0.001040996563271   k=         1
        239        0.003249799379022   k=         1
        240        0.004120345157550   k=         1
        241        0.019056436162650   k=         1
        242        -0.002913891658054   k=         1
        243        0.007708746747424   k=         1
        244        0.008246976293809   k=         1
        245        0.040331488492465   k=         1
        246        0.000085672555774   k=         1
        247        -0.002374473853078   k=         1
        248        -0.002899964809519   k=         1
        249        -0.012256166834494   k=         1
        250        0.000400206942429   k=         1
        251        -0.000987367100345   k=         1
        252        -0.004897877924885   k=         1
        253        -0.020873145578890   k=         1
        254        0.000092877060754   k=         1
        255        0.000717442945553   k=         1
        256        -0.007550581860993   k=         1
        257        -0.019305334827712   k=         1
        258        0.000010635696320   k=         1
        259        -0.000105012931554   k=         1
        260        0.000338933316603   k=         1
        261        0.002461223532945   k=         1
        262        0.000280446963702   k=         1
        263        -0.000440524282917   k=         1
        264        0.001294307400170   k=         1
        265        0.002212311023941   k=         1
        266        -0.000155442578566   k=         1
        267        -0.000497745031966   k=         1
        268        0.006630365174257   k=         1
        269        0.021935327477035   k=         1
        270        0.000495375904668   k=         1
        271        0.000912091895129   k=         1
        272        0.002501759261859   k=         1
        273        0.006019537459224   k=         1
        274        0.000458312456267   k=         1
        275        -0.001022900806732   k=         1
        276        -0.002557745576169   k=         1
        277        -0.008950266638744   k=         1
        278        0.000418455794040   k=         1
        279        0.003595281822986   k=         1
        280        -0.004924645762000   k=         1
        281        -0.014821461760856   k=         1
        282        0.000014408807715   k=         1
        283        -0.000405217390445   k=         1
        284        -0.001069302376491   k=         1
        285        -0.002270873330590   k=         1
        286        0.000353193515898   k=         1
        287        0.000714978569912   k=         1
        288        -0.000596373471678   k=         1
        289        -0.001073230337640   k=         1
        290        -0.000692530296090   k=         1
        291        -0.003283514689858   k=         1
        292        0.005214135152593   k=         1
        293        0.012723482677936   k=         1
        294        0.000225230158773   k=         1
        295        0.000534304905220   k=         1
        296        0.004611372760599   k=         1
        297        0.008986343021202   k=         1
        298        0.000212122097598   k=         1
        299        0.000626064689750   k=         1
        300        0.001170845518902   k=         1
        301        0.010039528652912   k=         1
        302        -0.000320658279754   k=         1
        303        -0.001785984248629   k=         1
        304        0.003287637079675   k=         1
        305        -0.019670177809032   k=         1
        306        0.000432969919487   k=         1
        307        -0.000575749558440   k=         1
        308        0.000534539896853   k=         1
        309        -0.012376760289370   k=         1
        310        -0.000165641852884   k=         1
        311        -0.000064636918488   k=         1
        312        -0.005904212596871   k=         1
        313        0.027851685195907   k=         1
        314        0.000355575359839   k=         1
        315        0.000730500073844   k=         1
        316        -0.005223712785766   k=         1
        317        0.012353226515546   k=         1
        318        0.000660431962771   k=         1
        319        -0.000245972378619   k=         1
        320        -0.003658240208622   k=         1
        321        0.015183150205016   k=         1
        322        -0.000090938629908   k=         1
        323        -0.000463505123759   k=         1
        324        0.003259619708290   k=         1
        325        -0.015893779986919   k=         1
        326        -0.000311492216607   k=         1
        327        -0.001208499938471   k=         1
        328        0.007497106147280   k=         1
        329        -0.017524400981732   k=         1
        330        -0.000366623871935   k=         1
        331        0.001518777581773   k=         1
        332        0.005807380318582   k=         1
        333        -0.024972487749249   k=         1
        334        0.001985651529641   k=         1
        335        0.000532334876108   k=         1
        336        -0.006779025850904   k=         1
        337        0.022175521270674   k=         1
        338        -0.001338396162996   k=         1
        339        0.001661327055240   k=         1
        340        -0.005385348136235   k=         1
        341        0.020501859312026   k=         1
        342        0.000526889211157   k=         1
        343        0.001736713627538   k=         1
        344        0.008477450268477   k=         1
        345        -0.024559131308508   k=         1
        346        -0.000068115848228   k=         1
        347        0.002432753938126   k=         1
        348        0.004974326734362   k=         1
        349        -0.018519366570731   k=         1
        350        -0.000172449213305   k=         1
        351        0.004203916842903   k=         1
        352        0.005427296580143   k=         1
        353        -0.016289197483857   k=         1
        354        0.000161646307115   k=         1
        355        -0.002775456170868   k=         1
        356        -0.003467248846472   k=         1
        357        0.013171511841558   k=         1
        358        0.000011472953820   k=         1
        359        -0.001399649348162   k=         1
        360        -0.004386277407224   k=         1
        361        0.012919610626178   k=         1
        362        0.000398418596697   k=         1
        363        0.000688225601297   k=         1
        364        -0.010831264090618   k=         1
        365        0.025174281600337   k=         1
        366        0.000476763309786   k=         1
        367        -0.000692435042897   k=         1
        368        0.005411748605704   k=         1
        369        -0.010527713489209   k=         1
        370        -0.001185084181923   k=         1
        371        0.002868357195829   k=         1
        372        0.000673894475614   k=         1
        373        0.004433945740586   k=         1
        374        -0.025087116479681   k=         1
        375        -0.072640516443366   k=         1
        376        0.002615299535548   k=         1
        377        -0.001343109229667   k=         1
        378        -0.000294234793167   k=         1
        379        -0.000054239648893   k=         1
        380        -0.000177930517139   k=         1
        381        -0.000589923619356   k=         1
        382        -0.000358187657556   k=         1
        383        0.000325910779074   k=         1
        384        0.000952602259803   k=         1
        385        -0.000337017682955   k=         1
        386        -0.000250350682261   k=         1
        387        0.000594772090800   k=         1
        388        -0.000081284289136   k=         1
        389        -0.001024762697142   k=         1
        390        -0.000681545152442   k=         1
        391        0.000079515181502   k=         1
        392        -0.000501192144687   k=         1
        393        -0.001078797798985   k=         1
        394        -0.000447959126492   k=         1
        395        -0.000294272589114   k=         1
        396        0.000245288865474   k=         1
        397        0.000234421818372   k=         1
        398        -0.000368237087571   k=         1
        399        0.000311947197721   k=         1
        400        0.003166601608137   k=         1
        401        0.007278169463821   k=         1
        402        -0.017811124138293   k=         1
        403        0.000057863382052   k=         1
        404        -0.002328197152236   k=         1
        405        -0.004837186230337   k=         1
        406        0.007799538336148   k=         1
        407        -0.000241665682444   k=         1
        408        0.001274944021179   k=         1
        409        -0.008859940501092   k=         1
        410        0.009077441502703   k=         1
        411        0.000412844189624   k=         1
        412        -0.000542491289240   k=         1
        413        -0.004924598623126   k=         1
        414        0.006349780009409   k=         1
        415        -0.000043131682307   k=         1
        416        -0.000376924585999   k=         1
        417        0.001761906091280   k=         1
        418        -0.002205126744532   k=         1
        419        0.000247182245775   k=         1
        420        -0.001517577279805   k=         1
        421        0.002295936198716   k=         1
        422        -0.002502441044340   k=         1
        423        0.000231787095546   k=         1
        424        -0.001395861543954   k=         1
        425        0.006688796203301   k=         1
        426        -0.008454614271972   k=         1
