# file_format= v0.04.05
       144       426
    188.97268778      0.00000000      0.00000000    0
      0.00000000    188.97268778      0.00000000    0
      0.00000000      0.00000000    188.97268778    0
 6
       4
     2     2     2     2
     0     1     1     1
 1.710E+00 1.625E+00 1.625E+00 1.625E+00
 0.000E+00 0.000E+00 0.000E+00 0.000E+00
 0.000E+00 0.000E+00 0.000E+00 0.000E+00
 0.000E+00 0.000E+00 0.000E+00 0.000E+00
      0.856416     -0.689763    -0.159654
 6
       4
     2     2     2     2
     0     1     1     1
 1.710E+00 1.625E+00 1.625E+00 1.625E+00
 0.000E+00 0.000E+00 0.000E+00 0.000E+00
 0.000E+00 0.000E+00 0.000E+00 0.000E+00
 0.000E+00 0.000E+00 0.000E+00 0.000E+00
      -0.912636     1.179533    0.510982
 6
       4
     2     2     2     2
     0     1     1     1
 1.710E+00 1.625E+00 1.625E+00 1.625E+00
 0.000E+00 0.000E+00 0.000E+00 0.000E+00
 0.000E+00 0.000E+00 0.000E+00 0.000E+00
 0.000E+00 0.000E+00 0.000E+00 0.000E+00
      -0.160825     -3.024620    -1.070855
 6
       4
     2     2     2     2
     0     1     1     1
 1.710E+00 1.625E+00 1.625E+00 1.625E+00
 0.000E+00 0.000E+00 0.000E+00 0.000E+00
 0.000E+00 0.000E+00 0.000E+00 0.000E+00
 0.000E+00 0.000E+00 0.000E+00 0.000E+00
      -3.582223     0.759046    0.420182
 6
       4
     2     2     2     2
     0     1     1     1
 1.710E+00 1.625E+00 1.625E+00 1.625E+00
 0.000E+00 0.000E+00 0.000E+00 0.000E+00
 0.000E+00 0.000E+00 0.000E+00 0.000E+00
 0.000E+00 0.000E+00 0.000E+00 0.000E+00
      -4.354363     -1.590127    -0.284908
 6
       4
     2     2     2     2
     0     1     1     1
 1.710E+00 1.625E+00 1.625E+00 1.625E+00
 0.000E+00 0.000E+00 0.000E+00 0.000E+00
 0.000E+00 0.000E+00 0.000E+00 0.000E+00
 0.000E+00 0.000E+00 0.000E+00 0.000E+00
      -2.698173     -3.488926    -1.025645
 6
       4
     2     2     2     2
     0     1     1     1
 1.710E+00 1.625E+00 1.625E+00 1.625E+00
 0.000E+00 0.000E+00 0.000E+00 0.000E+00
 0.000E+00 0.000E+00 0.000E+00 0.000E+00
 0.000E+00 0.000E+00 0.000E+00 0.000E+00
      3.617763     -0.136897    -0.048494
 6
       4
     2     2     2     2
     0     1     1     1
 1.710E+00 1.625E+00 1.625E+00 1.625E+00
 0.000E+00 0.000E+00 0.000E+00 0.000E+00
 0.000E+00 0.000E+00 0.000E+00 0.000E+00
 0.000E+00 0.000E+00 0.000E+00 0.000E+00
      5.750472     0.228878    0.146977
 6
       4
     2     2     2     2
     0     1     1     1
 1.710E+00 1.625E+00 1.625E+00 1.625E+00
 0.000E+00 0.000E+00 0.000E+00 0.000E+00
 0.000E+00 0.000E+00 0.000E+00 0.000E+00
 0.000E+00 0.000E+00 0.000E+00 0.000E+00
      8.543292     0.729795    0.032067
 6
       4
     2     2     2     2
     0     1     1     1
 1.710E+00 1.625E+00 1.625E+00 1.625E+00
 0.000E+00 0.000E+00 0.000E+00 0.000E+00
 0.000E+00 0.000E+00 0.000E+00 0.000E+00
 0.000E+00 0.000E+00 0.000E+00 0.000E+00
      9.793788     2.906427    -0.717799
 6
       4
     2     2     2     2
     0     1     1     1
 1.710E+00 1.625E+00 1.625E+00 1.625E+00
 0.000E+00 0.000E+00 0.000E+00 0.000E+00
 0.000E+00 0.000E+00 0.000E+00 0.000E+00
 0.000E+00 0.000E+00 0.000E+00 0.000E+00
      10.175738     -1.255653    0.686539
 6
       4
     2     2     2     2
     0     1     1     1
 1.710E+00 1.625E+00 1.625E+00 1.625E+00
 0.000E+00 0.000E+00 0.000E+00 0.000E+00
 0.000E+00 0.000E+00 0.000E+00 0.000E+00
 0.000E+00 0.000E+00 0.000E+00 0.000E+00
      12.500502     3.099383    -0.657657
 6
       4
     2     2     2     2
     0     1     1     1
 1.710E+00 1.625E+00 1.625E+00 1.625E+00
 0.000E+00 0.000E+00 0.000E+00 0.000E+00
 0.000E+00 0.000E+00 0.000E+00 0.000E+00
 0.000E+00 0.000E+00 0.000E+00 0.000E+00
      12.779907     -1.096805    0.909756
 6
       4
     2     2     2     2
     0     1     1     1
 1.710E+00 1.625E+00 1.625E+00 1.625E+00
 0.000E+00 0.000E+00 0.000E+00 0.000E+00
 0.000E+00 0.000E+00 0.000E+00 0.000E+00
 0.000E+00 0.000E+00 0.000E+00 0.000E+00
      14.116879     1.162894    0.244871
 6
       4
     2     2     2     2
     0     1     1     1
 1.710E+00 1.625E+00 1.625E+00 1.625E+00
 0.000E+00 0.000E+00 0.000E+00 0.000E+00
 0.000E+00 0.000E+00 0.000E+00 0.000E+00
 0.000E+00 0.000E+00 0.000E+00 0.000E+00
      16.927421     1.326701    0.358528
 6
       4
     2     2     2     2
     0     1     1     1
 1.710E+00 1.625E+00 1.625E+00 1.625E+00
 0.000E+00 0.000E+00 0.000E+00 0.000E+00
 0.000E+00 0.000E+00 0.000E+00 0.000E+00
 0.000E+00 0.000E+00 0.000E+00 0.000E+00
      19.096218     1.404095    0.402122
 6
       4
     2     2     2     2
     0     1     1     1
 1.710E+00 1.625E+00 1.625E+00 1.625E+00
 0.000E+00 0.000E+00 0.000E+00 0.000E+00
 0.000E+00 0.000E+00 0.000E+00 0.000E+00
 0.000E+00 0.000E+00 0.000E+00 0.000E+00
      21.862964     1.319327    0.183154
 6
       4
     2     2     2     2
     0     1     1     1
 1.710E+00 1.625E+00 1.625E+00 1.625E+00
 0.000E+00 0.000E+00 0.000E+00 0.000E+00
 0.000E+00 0.000E+00 0.000E+00 0.000E+00
 0.000E+00 0.000E+00 0.000E+00 0.000E+00
      23.272444     -0.488245    1.582664
 6
       4
     2     2     2     2
     0     1     1     1
 1.710E+00 1.625E+00 1.625E+00 1.625E+00
 0.000E+00 0.000E+00 0.000E+00 0.000E+00
 0.000E+00 0.000E+00 0.000E+00 0.000E+00
 0.000E+00 0.000E+00 0.000E+00 0.000E+00
      23.382498     2.845825    -1.408169
 6
       4
     2     2     2     2
     0     1     1     1
 1.710E+00 1.625E+00 1.625E+00 1.625E+00
 0.000E+00 0.000E+00 0.000E+00 0.000E+00
 0.000E+00 0.000E+00 0.000E+00 0.000E+00
 0.000E+00 0.000E+00 0.000E+00 0.000E+00
      26.016336     2.627509    -1.448944
 6
       4
     2     2     2     2
     0     1     1     1
 1.710E+00 1.625E+00 1.625E+00 1.625E+00
 0.000E+00 0.000E+00 0.000E+00 0.000E+00
 0.000E+00 0.000E+00 0.000E+00 0.000E+00
 0.000E+00 0.000E+00 0.000E+00 0.000E+00
      25.795843     -0.908238    1.349552
 6
       4
     2     2     2     2
     0     1     1     1
 1.710E+00 1.625E+00 1.625E+00 1.625E+00
 0.000E+00 0.000E+00 0.000E+00 0.000E+00
 0.000E+00 0.000E+00 0.000E+00 0.000E+00
 0.000E+00 0.000E+00 0.000E+00 0.000E+00
      27.369004     0.747362    -0.072465
 6
       4
     2     2     2     2
     0     1     1     1
 1.710E+00 1.625E+00 1.625E+00 1.625E+00
 0.000E+00 0.000E+00 0.000E+00 0.000E+00
 0.000E+00 0.000E+00 0.000E+00 0.000E+00
 0.000E+00 0.000E+00 0.000E+00 0.000E+00
      30.101345     0.510515    0.053351
 6
       4
     2     2     2     2
     0     1     1     1
 1.710E+00 1.625E+00 1.625E+00 1.625E+00
 0.000E+00 0.000E+00 0.000E+00 0.000E+00
 0.000E+00 0.000E+00 0.000E+00 0.000E+00
 0.000E+00 0.000E+00 0.000E+00 0.000E+00
      32.171326     -0.048906    0.090573
 6
       4
     2     2     2     2
     0     1     1     1
 1.710E+00 1.625E+00 1.625E+00 1.625E+00
 0.000E+00 0.000E+00 0.000E+00 0.000E+00
 0.000E+00 0.000E+00 0.000E+00 0.000E+00
 0.000E+00 0.000E+00 0.000E+00 0.000E+00
      35.021156     -0.125132    0.095688
 6
       4
     2     2     2     2
     0     1     1     1
 1.710E+00 1.625E+00 1.625E+00 1.625E+00
 0.000E+00 0.000E+00 0.000E+00 0.000E+00
 0.000E+00 0.000E+00 0.000E+00 0.000E+00
 0.000E+00 0.000E+00 0.000E+00 0.000E+00
      36.451554     -2.214919    0.776940
 6
       4
     2     2     2     2
     0     1     1     1
 1.710E+00 1.625E+00 1.625E+00 1.625E+00
 0.000E+00 0.000E+00 0.000E+00 0.000E+00
 0.000E+00 0.000E+00 0.000E+00 0.000E+00
 0.000E+00 0.000E+00 0.000E+00 0.000E+00
      36.381999     2.101489    -0.401208
 6
       4
     2     2     2     2
     0     1     1     1
 1.710E+00 1.625E+00 1.625E+00 1.625E+00
 0.000E+00 0.000E+00 0.000E+00 0.000E+00
 0.000E+00 0.000E+00 0.000E+00 0.000E+00
 0.000E+00 0.000E+00 0.000E+00 0.000E+00
      39.031534     2.181551    -0.411556
 6
       4
     2     2     2     2
     0     1     1     1
 1.710E+00 1.625E+00 1.625E+00 1.625E+00
 0.000E+00 0.000E+00 0.000E+00 0.000E+00
 0.000E+00 0.000E+00 0.000E+00 0.000E+00
 0.000E+00 0.000E+00 0.000E+00 0.000E+00
      39.019550     -2.172629    0.582321
 6
       4
     2     2     2     2
     0     1     1     1
 1.710E+00 1.625E+00 1.625E+00 1.625E+00
 0.000E+00 0.000E+00 0.000E+00 0.000E+00
 0.000E+00 0.000E+00 0.000E+00 0.000E+00
 0.000E+00 0.000E+00 0.000E+00 0.000E+00
      40.467507     -0.062431    -0.110218
 6
       4
     2     2     2     2
     0     1     1     1
 1.710E+00 1.625E+00 1.625E+00 1.625E+00
 0.000E+00 0.000E+00 0.000E+00 0.000E+00
 0.000E+00 0.000E+00 0.000E+00 0.000E+00
 0.000E+00 0.000E+00 0.000E+00 0.000E+00
      43.295574     -0.383170    -0.233219
 6
       4
     2     2     2     2
     0     1     1     1
 1.710E+00 1.625E+00 1.625E+00 1.625E+00
 0.000E+00 0.000E+00 0.000E+00 0.000E+00
 0.000E+00 0.000E+00 0.000E+00 0.000E+00
 0.000E+00 0.000E+00 0.000E+00 0.000E+00
      45.457083     -0.631046    -0.344198
 6
       4
     2     2     2     2
     0     1     1     1
 1.710E+00 1.625E+00 1.625E+00 1.625E+00
 0.000E+00 0.000E+00 0.000E+00 0.000E+00
 0.000E+00 0.000E+00 0.000E+00 0.000E+00
 0.000E+00 0.000E+00 0.000E+00 0.000E+00
      48.167946     -0.627096    -0.366306
 6
       4
     2     2     2     2
     0     1     1     1
 1.710E+00 1.625E+00 1.625E+00 1.625E+00
 0.000E+00 0.000E+00 0.000E+00 0.000E+00
 0.000E+00 0.000E+00 0.000E+00 0.000E+00
 0.000E+00 0.000E+00 0.000E+00 0.000E+00
      49.821549     -2.442112    0.765229
 6
       4
     2     2     2     2
     0     1     1     1
 1.710E+00 1.625E+00 1.625E+00 1.625E+00
 0.000E+00 0.000E+00 0.000E+00 0.000E+00
 0.000E+00 0.000E+00 0.000E+00 0.000E+00
 0.000E+00 0.000E+00 0.000E+00 0.000E+00
      49.572560     1.621413    -1.156295
 6
       4
     2     2     2     2
     0     1     1     1
 1.710E+00 1.625E+00 1.625E+00 1.625E+00
 0.000E+00 0.000E+00 0.000E+00 0.000E+00
 0.000E+00 0.000E+00 0.000E+00 0.000E+00
 0.000E+00 0.000E+00 0.000E+00 0.000E+00
      52.178203     1.888192    -1.155445
 6
       4
     2     2     2     2
     0     1     1     1
 1.710E+00 1.625E+00 1.625E+00 1.625E+00
 0.000E+00 0.000E+00 0.000E+00 0.000E+00
 0.000E+00 0.000E+00 0.000E+00 0.000E+00
 0.000E+00 0.000E+00 0.000E+00 0.000E+00
      52.366418     -2.028952    1.172881
 6
       4
     2     2     2     2
     0     1     1     1
 1.710E+00 1.625E+00 1.625E+00 1.625E+00
 0.000E+00 0.000E+00 0.000E+00 0.000E+00
 0.000E+00 0.000E+00 0.000E+00 0.000E+00
 0.000E+00 0.000E+00 0.000E+00 0.000E+00
      53.737265     0.001568    0.046234
 6
       4
     2     2     2     2
     0     1     1     1
 1.710E+00 1.625E+00 1.625E+00 1.625E+00
 0.000E+00 0.000E+00 0.000E+00 0.000E+00
 0.000E+00 0.000E+00 0.000E+00 0.000E+00
 0.000E+00 0.000E+00 0.000E+00 0.000E+00
      56.444462     0.192937    0.036215
 1
       1
     1
     0
 1.300E+00
 0.000E+00
 0.000E+00
 0.000E+00
      -5.015877     2.206376    1.028107
 1
       1
     1
     0
 1.300E+00
 0.000E+00
 0.000E+00
 0.000E+00
      -0.211884     3.051770    1.083603
 1
       1
     1
     0
 1.300E+00
 0.000E+00
 0.000E+00
 0.000E+00
      -6.541685     -1.868314    -0.271988
 1
       1
     1
     0
 1.300E+00
 0.000E+00
 0.000E+00
 0.000E+00
      -3.521230     -5.345595    -1.624322
 1
       1
     1
     0
 1.300E+00
 0.000E+00
 0.000E+00
 0.000E+00
      1.160118     -4.652464    -1.671132
 1
       1
     1
     0
 1.300E+00
 0.000E+00
 0.000E+00
 0.000E+00
      8.706837     4.659554    -1.383166
 1
       1
     1
     0
 1.300E+00
 0.000E+00
 0.000E+00
 0.000E+00
      9.282650     -3.149531    1.134083
 1
       1
     1
     0
 1.300E+00
 0.000E+00
 0.000E+00
 0.000E+00
      13.390423     4.979252    -1.127465
 1
       1
     1
     0
 1.300E+00
 0.000E+00
 0.000E+00
 0.000E+00
      13.877422     -2.821480    1.440277
 1
       1
     1
     0
 1.300E+00
 0.000E+00
 0.000E+00
 0.000E+00
      22.435277     4.369663    -2.632239
 1
       1
     1
     0
 1.300E+00
 0.000E+00
 0.000E+00
 0.000E+00
      27.092263     3.929759    -2.644076
 1
       1
     1
     0
 1.300E+00
 0.000E+00
 0.000E+00
 0.000E+00
      22.213710     -1.824589    2.888246
 1
       1
     1
     0
 1.300E+00
 0.000E+00
 0.000E+00
 0.000E+00
      26.669610     -2.460306    2.549817
 1
       1
     1
     0
 1.300E+00
 0.000E+00
 0.000E+00
 0.000E+00
      35.328798     3.880513    -0.718733
 1
       1
     1
     0
 1.300E+00
 0.000E+00
 0.000E+00
 0.000E+00
      35.493529     -4.076914    1.268743
 1
       1
     1
     0
 1.300E+00
 0.000E+00
 0.000E+00
 0.000E+00
      40.028272     4.078350    -0.793585
 1
       1
     1
     0
 1.300E+00
 0.000E+00
 0.000E+00
 0.000E+00
      40.078618     -3.990408    1.144896
 1
       1
     1
     0
 1.300E+00
 0.000E+00
 0.000E+00
 0.000E+00
      48.273719     3.204238    -1.849694
 1
       1
     1
     0
 1.300E+00
 0.000E+00
 0.000E+00
 0.000E+00
      49.005805     -4.351791    1.427641
 1
       1
     1
     0
 1.300E+00
 0.000E+00
 0.000E+00
 0.000E+00
      53.023901     3.781616    -1.839917
 1
       1
     1
     0
 1.300E+00
 0.000E+00
 0.000E+00
 0.000E+00
      53.370879     -3.527688    2.283135
 1
       1
     1
     0
 1.300E+00
 0.000E+00
 0.000E+00
 0.000E+00
      61.855726     4.121097    -1.522040
 1
       1
     1
     0
 1.300E+00
 0.000E+00
 0.000E+00
 0.000E+00
      61.778527     -3.795872    1.205211
 6
       4
     2     2     2     2
     0     1     1     1
 1.710E+00 1.625E+00 1.625E+00 1.625E+00
 0.000E+00 0.000E+00 0.000E+00 0.000E+00
 0.000E+00 0.000E+00 0.000E+00 0.000E+00
 0.000E+00 0.000E+00 0.000E+00 0.000E+00
      69.564295     0.209425    0.094819
 1
       1
     1
     0
 1.300E+00
 0.000E+00
 0.000E+00
 0.000E+00
      66.461521     3.979122    -1.486959
 1
       1
     1
     0
 1.300E+00
 0.000E+00
 0.000E+00
 0.000E+00
      66.464626     -3.690956    1.193513
 6
       4
     2     2     2     2
     0     1     1     1
 1.710E+00 1.625E+00 1.625E+00 1.625E+00
 0.000E+00 0.000E+00 0.000E+00 0.000E+00
 0.000E+00 0.000E+00 0.000E+00 0.000E+00
 0.000E+00 0.000E+00 0.000E+00 0.000E+00
      58.601316     0.293747    0.020717
 6
       4
     2     2     2     2
     0     1     1     1
 1.710E+00 1.625E+00 1.625E+00 1.625E+00
 0.000E+00 0.000E+00 0.000E+00 0.000E+00
 0.000E+00 0.000E+00 0.000E+00 0.000E+00
 0.000E+00 0.000E+00 0.000E+00 0.000E+00
      61.400703     0.189243    -0.086007
 6
       4
     2     2     2     2
     0     1     1     1
 1.710E+00 1.625E+00 1.625E+00 1.625E+00
 0.000E+00 0.000E+00 0.000E+00 0.000E+00
 0.000E+00 0.000E+00 0.000E+00 0.000E+00
 0.000E+00 0.000E+00 0.000E+00 0.000E+00
      62.808957     -2.051360    0.558042
 6
       4
     2     2     2     2
     0     1     1     1
 1.710E+00 1.625E+00 1.625E+00 1.625E+00
 0.000E+00 0.000E+00 0.000E+00 0.000E+00
 0.000E+00 0.000E+00 0.000E+00 0.000E+00
 0.000E+00 0.000E+00 0.000E+00 0.000E+00
      62.834139     2.284764    -0.839454
 6
       4
     2     2     2     2
     0     1     1     1
 1.710E+00 1.625E+00 1.625E+00 1.625E+00
 0.000E+00 0.000E+00 0.000E+00 0.000E+00
 0.000E+00 0.000E+00 0.000E+00 0.000E+00
 0.000E+00 0.000E+00 0.000E+00 0.000E+00
      65.475179     2.289433    -0.827500
 6
       4
     2     2     2     2
     0     1     1     1
 1.710E+00 1.625E+00 1.625E+00 1.625E+00
 0.000E+00 0.000E+00 0.000E+00 0.000E+00
 0.000E+00 0.000E+00 0.000E+00 0.000E+00
 0.000E+00 0.000E+00 0.000E+00 0.000E+00
      65.402923     -2.090392    0.432299
 6
       4
     2     2     2     2
     0     1     1     1
 1.710E+00 1.625E+00 1.625E+00 1.625E+00
 0.000E+00 0.000E+00 0.000E+00 0.000E+00
 0.000E+00 0.000E+00 0.000E+00 0.000E+00
 0.000E+00 0.000E+00 0.000E+00 0.000E+00
      66.868876     0.158501    -0.119489
 6
       4
     2     2     2     2
     0     1     1     1
 1.710E+00 1.625E+00 1.625E+00 1.625E+00
 0.000E+00 0.000E+00 0.000E+00 0.000E+00
 0.000E+00 0.000E+00 0.000E+00 0.000E+00
 0.000E+00 0.000E+00 0.000E+00 0.000E+00
      80.021874     -0.239984    0.428631
 6
       4
     2     2     2     2
     0     1     1     1
 1.710E+00 1.625E+00 1.625E+00 1.625E+00
 0.000E+00 0.000E+00 0.000E+00 0.000E+00
 0.000E+00 0.000E+00 0.000E+00 0.000E+00
 0.000E+00 0.000E+00 0.000E+00 0.000E+00
      78.793932     2.064732    -0.126472
 6
       4
     2     2     2     2
     0     1     1     1
 1.710E+00 1.625E+00 1.625E+00 1.625E+00
 0.000E+00 0.000E+00 0.000E+00 0.000E+00
 0.000E+00 0.000E+00 0.000E+00 0.000E+00
 0.000E+00 0.000E+00 0.000E+00 0.000E+00
      78.422107     -2.261167    0.929127
 6
       4
     2     2     2     2
     0     1     1     1
 1.710E+00 1.625E+00 1.625E+00 1.625E+00
 0.000E+00 0.000E+00 0.000E+00 0.000E+00
 0.000E+00 0.000E+00 0.000E+00 0.000E+00
 0.000E+00 0.000E+00 0.000E+00 0.000E+00
      76.185891     2.272006    -0.333397
 6
       4
     2     2     2     2
     0     1     1     1
 1.710E+00 1.625E+00 1.625E+00 1.625E+00
 0.000E+00 0.000E+00 0.000E+00 0.000E+00
 0.000E+00 0.000E+00 0.000E+00 0.000E+00
 0.000E+00 0.000E+00 0.000E+00 0.000E+00
      74.516412     0.225970    0.134110
 6
       4
     2     2     2     2
     0     1     1     1
 1.710E+00 1.625E+00 1.625E+00 1.625E+00
 0.000E+00 0.000E+00 0.000E+00 0.000E+00
 0.000E+00 0.000E+00 0.000E+00 0.000E+00
 0.000E+00 0.000E+00 0.000E+00 0.000E+00
      75.771906     -2.012220    0.836166
 6
       4
     2     2     2     2
     0     1     1     1
 1.710E+00 1.625E+00 1.625E+00 1.625E+00
 0.000E+00 0.000E+00 0.000E+00 0.000E+00
 0.000E+00 0.000E+00 0.000E+00 0.000E+00
 0.000E+00 0.000E+00 0.000E+00 0.000E+00
      82.951593     -0.340808    0.367595
 6
       4
     2     2     2     2
     0     1     1     1
 1.710E+00 1.625E+00 1.625E+00 1.625E+00
 0.000E+00 0.000E+00 0.000E+00 0.000E+00
 0.000E+00 0.000E+00 0.000E+00 0.000E+00
 0.000E+00 0.000E+00 0.000E+00 0.000E+00
      85.055709     0.052960    0.235730
 6
       4
     2     2     2     2
     0     1     1     1
 1.710E+00 1.625E+00 1.625E+00 1.625E+00
 0.000E+00 0.000E+00 0.000E+00 0.000E+00
 0.000E+00 0.000E+00 0.000E+00 0.000E+00
 0.000E+00 0.000E+00 0.000E+00 0.000E+00
      87.901814     0.084042    0.054322
 6
       4
     2     2     2     2
     0     1     1     1
 1.710E+00 1.625E+00 1.625E+00 1.625E+00
 0.000E+00 0.000E+00 0.000E+00 0.000E+00
 0.000E+00 0.000E+00 0.000E+00 0.000E+00
 0.000E+00 0.000E+00 0.000E+00 0.000E+00
      89.136043     2.250465    -0.908919
 6
       4
     2     2     2     2
     0     1     1     1
 1.710E+00 1.625E+00 1.625E+00 1.625E+00
 0.000E+00 0.000E+00 0.000E+00 0.000E+00
 0.000E+00 0.000E+00 0.000E+00 0.000E+00
 0.000E+00 0.000E+00 0.000E+00 0.000E+00
      89.524193     -1.956840    0.794535
 6
       4
     2     2     2     2
     0     1     1     1
 1.710E+00 1.625E+00 1.625E+00 1.625E+00
 0.000E+00 0.000E+00 0.000E+00 0.000E+00
 0.000E+00 0.000E+00 0.000E+00 0.000E+00
 0.000E+00 0.000E+00 0.000E+00 0.000E+00
      91.735013     2.315194    -1.146370
 6
       4
     2     2     2     2
     0     1     1     1
 1.710E+00 1.625E+00 1.625E+00 1.625E+00
 0.000E+00 0.000E+00 0.000E+00 0.000E+00
 0.000E+00 0.000E+00 0.000E+00 0.000E+00
 0.000E+00 0.000E+00 0.000E+00 0.000E+00
      92.063737     -1.912635    0.369647
 6
       4
     2     2     2     2
     0     1     1     1
 1.710E+00 1.625E+00 1.625E+00 1.625E+00
 0.000E+00 0.000E+00 0.000E+00 0.000E+00
 0.000E+00 0.000E+00 0.000E+00 0.000E+00
 0.000E+00 0.000E+00 0.000E+00 0.000E+00
      93.345787     0.305586    -0.499441
 6
       4
     2     2     2     2
     0     1     1     1
 1.710E+00 1.625E+00 1.625E+00 1.625E+00
 0.000E+00 0.000E+00 0.000E+00 0.000E+00
 0.000E+00 0.000E+00 0.000E+00 0.000E+00
 0.000E+00 0.000E+00 0.000E+00 0.000E+00
      96.164614     0.496707    -0.281860
 6
       4
     2     2     2     2
     0     1     1     1
 1.710E+00 1.625E+00 1.625E+00 1.625E+00
 0.000E+00 0.000E+00 0.000E+00 0.000E+00
 0.000E+00 0.000E+00 0.000E+00 0.000E+00
 0.000E+00 0.000E+00 0.000E+00 0.000E+00
      98.297529     0.289665    0.035453
 6
       4
     2     2     2     2
     0     1     1     1
 1.710E+00 1.625E+00 1.625E+00 1.625E+00
 0.000E+00 0.000E+00 0.000E+00 0.000E+00
 0.000E+00 0.000E+00 0.000E+00 0.000E+00
 0.000E+00 0.000E+00 0.000E+00 0.000E+00
      101.102395     0.305419    0.108104
 6
       4
     2     2     2     2
     0     1     1     1
 1.710E+00 1.625E+00 1.625E+00 1.625E+00
 0.000E+00 0.000E+00 0.000E+00 0.000E+00
 0.000E+00 0.000E+00 0.000E+00 0.000E+00
 0.000E+00 0.000E+00 0.000E+00 0.000E+00
      102.559063     -1.791842    0.673969
 6
       4
     2     2     2     2
     0     1     1     1
 1.710E+00 1.625E+00 1.625E+00 1.625E+00
 0.000E+00 0.000E+00 0.000E+00 0.000E+00
 0.000E+00 0.000E+00 0.000E+00 0.000E+00
 0.000E+00 0.000E+00 0.000E+00 0.000E+00
      102.555469     2.509065    -0.613537
 6
       4
     2     2     2     2
     0     1     1     1
 1.710E+00 1.625E+00 1.625E+00 1.625E+00
 0.000E+00 0.000E+00 0.000E+00 0.000E+00
 0.000E+00 0.000E+00 0.000E+00 0.000E+00
 0.000E+00 0.000E+00 0.000E+00 0.000E+00
      105.134798     2.507511    -0.728064
 6
       4
     2     2     2     2
     0     1     1     1
 1.710E+00 1.625E+00 1.625E+00 1.625E+00
 0.000E+00 0.000E+00 0.000E+00 0.000E+00
 0.000E+00 0.000E+00 0.000E+00 0.000E+00
 0.000E+00 0.000E+00 0.000E+00 0.000E+00
      105.252465     -1.744650    0.795696
 6
       4
     2     2     2     2
     0     1     1     1
 1.710E+00 1.625E+00 1.625E+00 1.625E+00
 0.000E+00 0.000E+00 0.000E+00 0.000E+00
 0.000E+00 0.000E+00 0.000E+00 0.000E+00
 0.000E+00 0.000E+00 0.000E+00 0.000E+00
      106.630826     0.398689    0.118792
 6
       4
     2     2     2     2
     0     1     1     1
 1.710E+00 1.625E+00 1.625E+00 1.625E+00
 0.000E+00 0.000E+00 0.000E+00 0.000E+00
 0.000E+00 0.000E+00 0.000E+00 0.000E+00
 0.000E+00 0.000E+00 0.000E+00 0.000E+00
      109.420173     0.597486    0.274830
 6
       4
     2     2     2     2
     0     1     1     1
 1.710E+00 1.625E+00 1.625E+00 1.625E+00
 0.000E+00 0.000E+00 0.000E+00 0.000E+00
 0.000E+00 0.000E+00 0.000E+00 0.000E+00
 0.000E+00 0.000E+00 0.000E+00 0.000E+00
      111.502507     0.953420    -0.095303
 6
       4
     2     2     2     2
     0     1     1     1
 1.710E+00 1.625E+00 1.625E+00 1.625E+00
 0.000E+00 0.000E+00 0.000E+00 0.000E+00
 0.000E+00 0.000E+00 0.000E+00 0.000E+00
 0.000E+00 0.000E+00 0.000E+00 0.000E+00
      114.345485     0.991475    0.075583
 6
       4
     2     2     2     2
     0     1     1     1
 1.710E+00 1.625E+00 1.625E+00 1.625E+00
 0.000E+00 0.000E+00 0.000E+00 0.000E+00
 0.000E+00 0.000E+00 0.000E+00 0.000E+00
 0.000E+00 0.000E+00 0.000E+00 0.000E+00
      115.568479     -1.364059    -0.418516
 6
       4
     2     2     2     2
     0     1     1     1
 1.710E+00 1.625E+00 1.625E+00 1.625E+00
 0.000E+00 0.000E+00 0.000E+00 0.000E+00
 0.000E+00 0.000E+00 0.000E+00 0.000E+00
 0.000E+00 0.000E+00 0.000E+00 0.000E+00
      115.901993     2.985657    0.586947
 6
       4
     2     2     2     2
     0     1     1     1
 1.710E+00 1.625E+00 1.625E+00 1.625E+00
 0.000E+00 0.000E+00 0.000E+00 0.000E+00
 0.000E+00 0.000E+00 0.000E+00 0.000E+00
 0.000E+00 0.000E+00 0.000E+00 0.000E+00
      118.577471     2.732806    0.612770
 6
       4
     2     2     2     2
     0     1     1     1
 1.710E+00 1.625E+00 1.625E+00 1.625E+00
 0.000E+00 0.000E+00 0.000E+00 0.000E+00
 0.000E+00 0.000E+00 0.000E+00 0.000E+00
 0.000E+00 0.000E+00 0.000E+00 0.000E+00
      118.132012     -1.666725    -0.428373
 6
       4
     2     2     2     2
     0     1     1     1
 1.710E+00 1.625E+00 1.625E+00 1.625E+00
 0.000E+00 0.000E+00 0.000E+00 0.000E+00
 0.000E+00 0.000E+00 0.000E+00 0.000E+00
 0.000E+00 0.000E+00 0.000E+00 0.000E+00
      119.722966     0.412607    0.164839
 6
       4
     2     2     2     2
     0     1     1     1
 1.710E+00 1.625E+00 1.625E+00 1.625E+00
 0.000E+00 0.000E+00 0.000E+00 0.000E+00
 0.000E+00 0.000E+00 0.000E+00 0.000E+00
 0.000E+00 0.000E+00 0.000E+00 0.000E+00
      122.482112     0.145271    0.155815
 6
       4
     2     2     2     2
     0     1     1     1
 1.710E+00 1.625E+00 1.625E+00 1.625E+00
 0.000E+00 0.000E+00 0.000E+00 0.000E+00
 0.000E+00 0.000E+00 0.000E+00 0.000E+00
 0.000E+00 0.000E+00 0.000E+00 0.000E+00
      124.607679     -0.110778    0.028499
 6
       4
     2     2     2     2
     0     1     1     1
 1.710E+00 1.625E+00 1.625E+00 1.625E+00
 0.000E+00 0.000E+00 0.000E+00 0.000E+00
 0.000E+00 0.000E+00 0.000E+00 0.000E+00
 0.000E+00 0.000E+00 0.000E+00 0.000E+00
      127.402677     -0.249739    -0.129308
 6
       4
     2     2     2     2
     0     1     1     1
 1.710E+00 1.625E+00 1.625E+00 1.625E+00
 0.000E+00 0.000E+00 0.000E+00 0.000E+00
 0.000E+00 0.000E+00 0.000E+00 0.000E+00
 0.000E+00 0.000E+00 0.000E+00 0.000E+00
      128.747738     -2.362197    -1.128803
 6
       4
     2     2     2     2
     0     1     1     1
 1.710E+00 1.625E+00 1.625E+00 1.625E+00
 0.000E+00 0.000E+00 0.000E+00 0.000E+00
 0.000E+00 0.000E+00 0.000E+00 0.000E+00
 0.000E+00 0.000E+00 0.000E+00 0.000E+00
      129.046718     1.784226    0.512023
 6
       4
     2     2     2     2
     0     1     1     1
 1.710E+00 1.625E+00 1.625E+00 1.625E+00
 0.000E+00 0.000E+00 0.000E+00 0.000E+00
 0.000E+00 0.000E+00 0.000E+00 0.000E+00
 0.000E+00 0.000E+00 0.000E+00 0.000E+00
      131.618068     1.627595    0.522539
 6
       4
     2     2     2     2
     0     1     1     1
 1.710E+00 1.625E+00 1.625E+00 1.625E+00
 0.000E+00 0.000E+00 0.000E+00 0.000E+00
 0.000E+00 0.000E+00 0.000E+00 0.000E+00
 0.000E+00 0.000E+00 0.000E+00 0.000E+00
      131.413148     -2.548874    -1.065843
 6
       4
     2     2     2     2
     0     1     1     1
 1.710E+00 1.625E+00 1.625E+00 1.625E+00
 0.000E+00 0.000E+00 0.000E+00 0.000E+00
 0.000E+00 0.000E+00 0.000E+00 0.000E+00
 0.000E+00 0.000E+00 0.000E+00 0.000E+00
      133.001553     -0.625267    -0.024207
 6
       4
     2     2     2     2
     0     1     1     1
 1.710E+00 1.625E+00 1.625E+00 1.625E+00
 0.000E+00 0.000E+00 0.000E+00 0.000E+00
 0.000E+00 0.000E+00 0.000E+00 0.000E+00
 0.000E+00 0.000E+00 0.000E+00 0.000E+00
      135.735886     -0.914274    0.281605
 1
       1
     1
     0
 1.300E+00
 0.000E+00
 0.000E+00
 0.000E+00
      75.372902     4.083694    -0.791610
 1
       1
     1
     0
 1.300E+00
 0.000E+00
 0.000E+00
 0.000E+00
      79.954458     3.821383    -0.631414
 6
       4
     2     2     2     2
     0     1     1     1
 1.710E+00 1.625E+00 1.625E+00 1.625E+00
 0.000E+00 0.000E+00 0.000E+00 0.000E+00
 0.000E+00 0.000E+00 0.000E+00 0.000E+00
 0.000E+00 0.000E+00 0.000E+00 0.000E+00
      71.736878     0.262060    -0.000841
 1
       1
     1
     0
 1.300E+00
 0.000E+00
 0.000E+00
 0.000E+00
      74.594180     -3.709457    1.228483
 1
       1
     1
     0
 1.300E+00
 0.000E+00
 0.000E+00
 0.000E+00
      79.229874     -4.155088    1.694105
 1
       1
     1
     0
 1.300E+00
 0.000E+00
 0.000E+00
 0.000E+00
      88.004628     3.856574    -1.612089
 1
       1
     1
     0
 1.300E+00
 0.000E+00
 0.000E+00
 0.000E+00
      88.691955     -3.761947    1.564532
 1
       1
     1
     0
 1.300E+00
 0.000E+00
 0.000E+00
 0.000E+00
      92.629474     4.140981    -1.888925
 1
       1
     1
     0
 1.300E+00
 0.000E+00
 0.000E+00
 0.000E+00
      93.226967     -3.616677    0.928232
 1
       1
     1
     0
 1.300E+00
 0.000E+00
 0.000E+00
 0.000E+00
      101.557972     4.306542    -1.030555
 1
       1
     1
     0
 1.300E+00
 0.000E+00
 0.000E+00
 0.000E+00
      106.195603     4.247972    -1.458689
 1
       1
     1
     0
 1.300E+00
 0.000E+00
 0.000E+00
 0.000E+00
      101.609999     -3.687927    1.142611
 1
       1
     1
     0
 1.300E+00
 0.000E+00
 0.000E+00
 0.000E+00
      106.277018     -3.561623    1.395908
 1
       1
     1
     0
 1.300E+00
 0.000E+00
 0.000E+00
 0.000E+00
      115.065374     4.932092    0.941635
 1
       1
     1
     0
 1.300E+00
 0.000E+00
 0.000E+00
 0.000E+00
      114.298011     -3.119970    -0.694421
 1
       1
     1
     0
 1.300E+00
 0.000E+00
 0.000E+00
 0.000E+00
      119.756156     4.400310    1.176279
 1
       1
     1
     0
 1.300E+00
 0.000E+00
 0.000E+00
 0.000E+00
      119.020208     -3.609985    -0.848861
 1
       1
     1
     0
 1.300E+00
 0.000E+00
 0.000E+00
 0.000E+00
      128.309957     3.604010    1.254517
 1
       1
     1
     0
 1.300E+00
 0.000E+00
 0.000E+00
 0.000E+00
      127.780314     -3.952944    -2.108416
 1
       1
     1
     0
 1.300E+00
 0.000E+00
 0.000E+00
 0.000E+00
      132.723864     3.263472    1.102415
 1
       1
     1
     0
 1.300E+00
 0.000E+00
 0.000E+00
 0.000E+00
      132.464557     -4.292263    -1.826216
 1
       1
     1
     0
 1.300E+00
 0.000E+00
 0.000E+00
 0.000E+00
      141.305215     1.871500    3.179978
 1
       1
     1
     0
 1.300E+00
 0.000E+00
 0.000E+00
 0.000E+00
      140.760770     -4.144048    -2.396662
 1
       1
     1
     0
 1.300E+00
 0.000E+00
 0.000E+00
 0.000E+00
      148.190284     -1.390173    0.241450
 1
       1
     1
     0
 1.300E+00
 0.000E+00
 0.000E+00
 0.000E+00
      146.027236     1.615655    3.081380
 1
       1
     1
     0
 1.300E+00
 0.000E+00
 0.000E+00
 0.000E+00
      145.625363     -4.255810    -2.581339
 6
       4
     2     2     2     2
     0     1     1     1
 1.710E+00 1.625E+00 1.625E+00 1.625E+00
 0.000E+00 0.000E+00 0.000E+00 0.000E+00
 0.000E+00 0.000E+00 0.000E+00 0.000E+00
 0.000E+00 0.000E+00 0.000E+00 0.000E+00
      137.898704     -1.099747    0.455562
 6
       4
     2     2     2     2
     0     1     1     1
 1.710E+00 1.625E+00 1.625E+00 1.625E+00
 0.000E+00 0.000E+00 0.000E+00 0.000E+00
 0.000E+00 0.000E+00 0.000E+00 0.000E+00
 0.000E+00 0.000E+00 0.000E+00 0.000E+00
      140.705872     -1.156178    0.448587
 6
       4
     2     2     2     2
     0     1     1     1
 1.710E+00 1.625E+00 1.625E+00 1.625E+00
 0.000E+00 0.000E+00 0.000E+00 0.000E+00
 0.000E+00 0.000E+00 0.000E+00 0.000E+00
 0.000E+00 0.000E+00 0.000E+00 0.000E+00
      141.958318     -2.836392    -1.222054
 6
       4
     2     2     2     2
     0     1     1     1
 1.710E+00 1.625E+00 1.625E+00 1.625E+00
 0.000E+00 0.000E+00 0.000E+00 0.000E+00
 0.000E+00 0.000E+00 0.000E+00 0.000E+00
 0.000E+00 0.000E+00 0.000E+00 0.000E+00
      142.184567     0.487349    1.919899
 6
       4
     2     2     2     2
     0     1     1     1
 1.710E+00 1.625E+00 1.625E+00 1.625E+00
 0.000E+00 0.000E+00 0.000E+00 0.000E+00
 0.000E+00 0.000E+00 0.000E+00 0.000E+00
 0.000E+00 0.000E+00 0.000E+00 0.000E+00
      144.820943     0.387199    1.771554
 6
       4
     2     2     2     2
     0     1     1     1
 1.710E+00 1.625E+00 1.625E+00 1.625E+00
 0.000E+00 0.000E+00 0.000E+00 0.000E+00
 0.000E+00 0.000E+00 0.000E+00 0.000E+00
 0.000E+00 0.000E+00 0.000E+00 0.000E+00
      144.580375     -2.880844    -1.378950
 6
       4
     2     2     2     2
     0     1     1     1
 1.710E+00 1.625E+00 1.625E+00 1.625E+00
 0.000E+00 0.000E+00 0.000E+00 0.000E+00
 0.000E+00 0.000E+00 0.000E+00 0.000E+00
 0.000E+00 0.000E+00 0.000E+00 0.000E+00
      145.984439     -1.381734    0.271903
# LCAO coefficients .. are not included.
         1
        1        0.000255722643859   k=         1
        2        0.002728012560456   k=         1
        3        0.002024038982767   k=         1
        4        -0.014028845593866   k=         1
        5        -0.001727286228165   k=         1
        6        -0.004292201314889   k=         1
        7        0.008601831949520   k=         1
        8        -0.015230280156243   k=         1
        9        0.001628896420899   k=         1
        10        0.000718566652659   k=         1
        11        0.008087203688862   k=         1
        12        -0.011679289050777   k=         1
        13        0.000566400549430   k=         1
        14        0.001831600142178   k=         1
        15        -0.001688644653373   k=         1
        16        0.004358089322227   k=         1
        17        0.000023787092309   k=         1
        18        0.000621827597889   k=         1
        19        -0.004772558138093   k=         1
        20        0.017039315947393   k=         1
        21        -0.000169111410552   k=         1
        22        0.000607971774976   k=         1
        23        -0.002322048274424   k=         1
        24        0.004686546724894   k=         1
        25        -0.000836785815809   k=         1
        26        -0.006070460571955   k=         1
        27        0.008707588664252   k=         1
        28        0.032274372421233   k=         1
        29        0.001497426436122   k=         1
        30        0.001510189840489   k=         1
        31        0.002811142219486   k=         1
        32        0.018274307626588   k=         1
        33        -0.000296574133363   k=         1
        34        -0.002043625077911   k=         1
        35        -0.019308317230925   k=         1
        36        -0.051908599892402   k=         1
        37        -0.000345218874694   k=         1
        38        0.000869277614854   k=         1
        39        -0.006459009756288   k=         1
        40        -0.021422990786021   k=         1
        41        0.000432300774771   k=         1
        42        0.004660352945268   k=         1
        43        -0.005052057271557   k=         1
        44        -0.022128966111140   k=         1
        45        0.001370276202615   k=         1
        46        -0.000859212942749   k=         1
        47        0.009990232811160   k=         1
        48        0.048203400488788   k=         1
        49        -0.000995011724730   k=         1
        50        -0.009408903229409   k=         1
        51        0.004263221464691   k=         1
        52        0.039010956934035   k=         1
        53        -0.000053347921939   k=         1
        54        -0.004477048391960   k=         1
        55        0.023208817703959   k=         1
        56        0.040986996549736   k=         1
        57        0.001072551556935   k=         1
        58        0.005016070344994   k=         1
        59        -0.048613557709334   k=         1
        60        -0.056730237202748   k=         1
        61        -0.000325314362682   k=         1
        62        -0.000428287142352   k=         1
        63        -0.027920522762810   k=         1
        64        -0.039724269402575   k=         1
        65        -0.000320413190717   k=         1
        66        0.011023266714726   k=         1
        67        0.071655940785139   k=         1
        68        0.080810886167855   k=         1
        69        0.003047775170849   k=         1
        70        0.013610349055172   k=         1
        71        0.034161482728515   k=         1
        72        0.036695038540495   k=         1
        73        -0.001136940888267   k=         1
        74        0.006339376723401   k=         1
        75        0.036970148359357   k=         1
        76        0.037515549444371   k=         1
        77        0.001704339912211   k=         1
        78        -0.002232029092379   k=         1
        79        -0.054356768170856   k=         1
        80        -0.054988412804785   k=         1
        81        -0.000786009393107   k=         1
        82        -0.019433449858968   k=         1
        83        -0.047075950502521   k=         1
        84        -0.046703054638356   k=         1
        85        -0.000031133261840   k=         1
        86        0.001162304353661   k=         1
        87        -0.052324232122777   k=         1
        88        -0.082615219679990   k=         1
        89        0.005582921326470   k=         1
        90        -0.000588738798307   k=         1
        91        0.033429338587874   k=         1
        92        0.092057787270727   k=         1
        93        -0.003975082378715   k=         1
        94        0.006826786290915   k=         1
        95        0.037141246961093   k=         1
        96        0.075386146995212   k=         1
        97        0.003648516593271   k=         1
        98        -0.000878743680265   k=         1
        99        -0.045463763406145   k=         1
        100        -0.138993167543069   k=         1
        101        0.000307678399784   k=         1
        102        -0.002042383835593   k=         1
        103        -0.015622926510547   k=         1
        104        -0.065543705799473   k=         1
        105        -0.000984477184764   k=         1
        106        0.005147790202449   k=         1
        107        -0.008636832649435   k=         1
        108        -0.077677859265032   k=         1
        109        0.003296983492350   k=         1
        110        0.001068942930558   k=         1
        111        0.013015989564290   k=         1
        112        0.100247374944801   k=         1
        113        -0.003987360750368   k=         1
        114        0.001237508245608   k=         1
        115        0.025905011176523   k=         1
        116        0.102318247227893   k=         1
        117        -0.002583408649210   k=         1
        118        0.015320903649810   k=         1
        119        0.032913564766184   k=         1
        120        0.126266275923605   k=         1
        121        0.000086014284356   k=         1
        122        -0.022403785024435   k=         1
        123        -0.061465030735958   k=         1
        124        -0.153969340895291   k=         1
        125        -0.002103160247891   k=         1
        126        -0.010068239575093   k=         1
        127        -0.036815132597378   k=         1
        128        -0.112180044138707   k=         1
        129        -0.004068813136093   k=         1
        130        -0.008718385479429   k=         1
        131        0.088242894265861   k=         1
        132        0.200166929100876   k=         1
        133        -0.001642963449571   k=         1
        134        -0.042317857839891   k=         1
        135        0.049190458023498   k=         1
        136        0.103913201446406   k=         1
        137        0.000588760857074   k=         1
        138        -0.012232905179693   k=         1
        139        0.040742827063832   k=         1
        140        0.118394481850982   k=         1
        141        0.006134644665210   k=         1
        142        0.018957994628310   k=         1
        143        -0.055315365850579   k=         1
        144        -0.108978040598157   k=         1
        145        -0.006454458166093   k=         1
        146        0.042075101509412   k=         1
        147        -0.070364100310825   k=         1
        148        -0.112223164764927   k=         1
        149        0.001505295736981   k=         1
        150        0.004139682748379   k=         1
        151        -0.114633006304380   k=         1
        152        -0.174239764942839   k=         1
        153        -0.006168169365465   k=         1
        154        0.005903709713506   k=         1
        155        0.055179054637658   k=         1
        156        0.129702052865298   k=         1
        157        -0.001814638771927   k=         1
        158        0.000439960642043   k=         1
        159        0.000511972978353   k=         1
        160        0.001563367301900   k=         1
        161        -0.001600482467548   k=         1
        162        0.001621240345563   k=         1
        163        -0.004864183287917   k=         1
        164        -0.002529503466941   k=         1
        165        0.002154689943501   k=         1
        166        0.002517416506971   k=         1
        167        -0.005023195399282   k=         1
        168        -0.004962259435142   k=         1
        169        0.000626167337440   k=         1
        170        0.005290890331432   k=         1
        171        -0.002232007921862   k=         1
        172        -0.007287982244990   k=         1
        173        -0.000346022533596   k=         1
        174        0.002186317272682   k=         1
        175        0.002494412410974   k=         1
        176        0.009380292653484   k=         1
        177        0.006516407788263   k=         1
        178        -0.002722544683740   k=         1
        179        0.003930240768465   k=         1
        180        -0.006854233514915   k=         1
        181        0.008700158692689   k=         1
        182        -0.024795129579700   k=         1
        183        -0.097341158131969   k=         1
        184        0.006520378909371   k=         1
        185        0.002875863457385   k=         1
        186        0.003367123931265   k=         1
        187        0.001081879965024   k=         1
        188        0.084345878914448   k=         1
        189        0.141639154210529   k=         1
        190        -0.001419605714844   k=         1
        191        -0.006148927658309   k=         1
        192        -0.053534317471756   k=         1
        193        -0.164405258511953   k=         1
        194        0.000722509341343   k=         1
        195        -0.016794261622730   k=         1
        196        -0.030243350994015   k=         1
        197        -0.103794557806828   k=         1
        198        -0.003615966476678   k=         1
        199        -0.001238018040989   k=         1
        200        -0.040567465810243   k=         1
        201        -0.119278787688759   k=         1
        202        0.001092877581618   k=         1
        203        -0.000225827454257   k=         1
        204        0.039765235431301   k=         1
        205        0.098629090796944   k=         1
        206        -0.003624750977045   k=         1
        207        0.006812239099957   k=         1
        208        0.039019277087881   k=         1
        209        0.089742410499819   k=         1
        210        0.000247045307414   k=         1
        211        -0.021844625259938   k=         1
        212        0.041418562918411   k=         1
        213        0.177831812303482   k=         1
        214        -0.000649112319699   k=         1
        215        -0.006619110908960   k=         1
        216        -0.026259192652000   k=         1
        217        -0.117800388371801   k=         1
        218        -0.001134533396857   k=         1
        219        0.006157076369727   k=         1
        220        -0.017044545483812   k=         1
        221        -0.055543697116147   k=         1
        222        0.000931192847297   k=         1
        223        0.006814746162661   k=         1
        224        -0.017560755562515   k=         1
        225        -0.051315944359884   k=         1
        226        -0.001145744450750   k=         1
        227        -0.009011612189830   k=         1
        228        0.019382004795884   k=         1
        229        0.080882766966754   k=         1
        230        -0.001765001747447   k=         1
        231        0.002232827290122   k=         1
        232        0.026005249366542   k=         1
        233        0.100363208557536   k=         1
        234        0.000922782833017   k=         1
        235        -0.008527971145700   k=         1
        236        0.028456832064754   k=         1
        237        0.091342839339051   k=         1
        238        -0.002453741421031   k=         1
        239        0.005804837393741   k=         1
        240        0.021281042102529   k=         1
        241        0.061549842112236   k=         1
        242        -0.001106161593410   k=         1
        243        -0.003476816459756   k=         1
        244        0.017649128817296   k=         1
        245        0.071960653311594   k=         1
        246        0.000516578480372   k=         1
        247        0.000188588107555   k=         1
        248        -0.030889597865272   k=         1
        249        -0.081246048404857   k=         1
        250        -0.001112342551722   k=         1
        251        -0.011669094237363   k=         1
        252        -0.027310714996466   k=         1
        253        -0.051515296022098   k=         1
        254        -0.003716771949843   k=         1
        255        -0.013021332252048   k=         1
        256        -0.021765537200946   k=         1
        257        -0.046173188900668   k=         1
        258        -0.000141999432258   k=         1
        259        0.009802169703495   k=         1
        260        0.017530169665644   k=         1
        261        0.047755596925024   k=         1
        262        -0.000357962352981   k=         1
        263        0.013977668707639   k=         1
        264        0.021127592107504   k=         1
        265        0.042788819362888   k=         1
        266        -0.002380872326170   k=         1
        267        -0.010493773492399   k=         1
        268        0.026336284994126   k=         1
        269        0.087244354100306   k=         1
        270        -0.002131875810968   k=         1
        271        0.014204591261354   k=         1
        272        -0.015682681287948   k=         1
        273        -0.052123440487941   k=         1
        274        -0.001119583426390   k=         1
        275        0.003211937642788   k=         1
        276        -0.018270647042141   k=         1
        277        -0.062545704650091   k=         1
        278        -0.000220019860724   k=         1
        279        0.003196105126927   k=         1
        280        0.017786927387611   k=         1
        281        0.062959777301533   k=         1
        282        -0.000306997983216   k=         1
        283        -0.001373649985774   k=         1
        284        0.012174067591124   k=         1
        285        0.049600649115046   k=         1
        286        0.000111381942787   k=         1
        287        0.003420730149050   k=         1
        288        0.011648732722934   k=         1
        289        0.040782663293219   k=         1
        290        0.001451080769130   k=         1
        291        0.000064875657136   k=         1
        292        -0.015527221310709   k=         1
        293        -0.030888672685449   k=         1
        294        -0.001734854197229   k=         1
        295        0.001438877116082   k=         1
        296        -0.014893815598800   k=         1
        297        -0.040319607128946   k=         1
        298        -0.000353459291725   k=         1
        299        0.004430144109301   k=         1
        300        -0.023520152316616   k=         1
        301        -0.066686537974394   k=         1
        302        0.004594284184647   k=         1
        303        0.003199846505595   k=         1
        304        0.001198870958006   k=         1
        305        0.044096800557257   k=         1
        306        -0.004616462505219   k=         1
        307        0.001542176573270   k=         1
        308        0.013127808047614   k=         1
        309        0.048704185226915   k=         1
        310        -0.000040170635590   k=         1
        311        0.002667445487083   k=         1
        312        0.008966670286184   k=         1
        313        -0.058421920074786   k=         1
        314        0.001759621719470   k=         1
        315        -0.004274399431193   k=         1
        316        0.010263804616660   k=         1
        317        -0.034218697905968   k=         1
        318        -0.001635002293084   k=         1
        319        0.004378619336037   k=         1
        320        0.010793686088400   k=         1
        321        -0.033205765532331   k=         1
        322        -0.000810705904173   k=         1
        323        -0.003633045874316   k=         1
        324        -0.011312370821842   k=         1
        325        0.044792963362816   k=         1
        326        -0.000867805056815   k=         1
        327        0.001747456699166   k=         1
        328        -0.007601149525234   k=         1
        329        0.030475512964469   k=         1
        330        0.000770699941131   k=         1
        331        -0.004661761955124   k=         1
        332        -0.013758821131528   k=         1
        333        0.057130733268760   k=         1
        334        -0.000520405485906   k=         1
        335        0.002257630632993   k=         1
        336        0.015217865788095   k=         1
        337        -0.046469970976687   k=         1
        338        -0.000260360525324   k=         1
        339        -0.004118140414822   k=         1
        340        0.014020512505115   k=         1
        341        -0.046615495965531   k=         1
        342        0.000632094659627   k=         1
        343        0.006135475193067   k=         1
        344        -0.020837085964819   k=         1
        345        0.058617022990616   k=         1
        346        0.000556214173813   k=         1
        347        -0.000671017691565   k=         1
        348        -0.021936110306716   k=         1
        349        0.036692676449497   k=         1
        350        0.000960612683588   k=         1
        351        0.000276051609366   k=         1
        352        -0.016040457236779   k=         1
        353        0.035887389067508   k=         1
        354        -0.000151905037962   k=         1
        355        0.001161211836588   k=         1
        356        0.010879873953315   k=         1
        357        -0.032731072834948   k=         1
        358        -0.000958256714548   k=         1
        359        0.002221993840174   k=         1
        360        0.015159598628418   k=         1
        361        -0.032092360071745   k=         1
        362        -0.000543330024015   k=         1
        363        0.013631652535945   k=         1
        364        0.020436598221616   k=         1
        365        -0.061584343892360   k=         1
        366        0.000849870908295   k=         1
        367        -0.007386920972137   k=         1
        368        -0.013697877401178   k=         1
        369        0.026784907644315   k=         1
        370        0.002055112553896   k=         1
        371        0.002140780091286   k=         1
        372        0.004911896936970   k=         1
        373        -0.006768338528564   k=         1
        374        -0.033644971035796   k=         1
        375        -0.136727778859822   k=         1
        376        0.000426215256990   k=         1
        377        0.004474935560151   k=         1
        378        0.002175573261571   k=         1
        379        0.005187044572806   k=         1
        380        0.006318534269694   k=         1
        381        0.001876099705990   k=         1
        382        0.001461785036856   k=         1
        383        -0.001002465507200   k=         1
        384        0.000150468130709   k=         1
        385        -0.000946763315937   k=         1
        386        0.001372306401632   k=         1
        387        0.000096845834607   k=         1
        388        -0.000844102895602   k=         1
        389        0.002122673725960   k=         1
        390        0.000116296267590   k=         1
        391        0.002561607110106   k=         1
        392        -0.000487073559693   k=         1
        393        -0.003714546923342   k=         1
        394        0.000712715159543   k=         1
        395        -0.000799874055061   k=         1
        396        -0.000659644914433   k=         1
        397        -0.000806976392584   k=         1
        398        0.002061402823043   k=         1
        399        0.000438893357702   k=         1
        400        -0.001284067674442   k=         1
        401        -0.017254232408621   k=         1
        402        0.044407037093804   k=         1
        403        0.000214555870112   k=         1
        404        -0.001960506483137   k=         1
        405        0.015258206419289   k=         1
        406        -0.021020680008762   k=         1
        407        0.001249565531539   k=         1
        408        -0.003781044221341   k=         1
        409        0.020693475709609   k=         1
        410        -0.016429755745063   k=         1
        411        -0.001305950001533   k=         1
        412        0.002001316745655   k=         1
        413        0.020458890822777   k=         1
        414        -0.018164247732008   k=         1
        415        0.000146041364854   k=         1
        416        -0.001151458944080   k=         1
        417        -0.007135365292155   k=         1
        418        0.007047311379201   k=         1
        419        -0.000702637936170   k=         1
        420        0.000801813607933   k=         1
        421        -0.006626462896980   k=         1
        422        0.005952900916276   k=         1
        423        0.001102079318063   k=         1
        424        -0.001452979982241   k=         1
        425        -0.021986258093268   k=         1
        426        0.023418233069579   k=         1
