# file_format= v0.04.05
       144       426
    188.97268778      0.00000000      0.00000000    0
      0.00000000    188.97268778      0.00000000    0
      0.00000000      0.00000000    188.97268778    0
 6
       4
     2     2     2     2
     0     1     1     1
 1.710E+00 1.625E+00 1.625E+00 1.625E+00
 0.000E+00 0.000E+00 0.000E+00 0.000E+00
 0.000E+00 0.000E+00 0.000E+00 0.000E+00
 0.000E+00 0.000E+00 0.000E+00 0.000E+00
      1.234617     -0.738369    0.035113
 6
       4
     2     2     2     2
     0     1     1     1
 1.710E+00 1.625E+00 1.625E+00 1.625E+00
 0.000E+00 0.000E+00 0.000E+00 0.000E+00
 0.000E+00 0.000E+00 0.000E+00 0.000E+00
 0.000E+00 0.000E+00 0.000E+00 0.000E+00
      -0.557280     1.082458    0.527443
 6
       4
     2     2     2     2
     0     1     1     1
 1.710E+00 1.625E+00 1.625E+00 1.625E+00
 0.000E+00 0.000E+00 0.000E+00 0.000E+00
 0.000E+00 0.000E+00 0.000E+00 0.000E+00
 0.000E+00 0.000E+00 0.000E+00 0.000E+00
      0.389200     -3.282057    -0.743106
 6
       4
     2     2     2     2
     0     1     1     1
 1.710E+00 1.625E+00 1.625E+00 1.625E+00
 0.000E+00 0.000E+00 0.000E+00 0.000E+00
 0.000E+00 0.000E+00 0.000E+00 0.000E+00
 0.000E+00 0.000E+00 0.000E+00 0.000E+00
      -3.298812     0.613235    0.418153
 6
       4
     2     2     2     2
     0     1     1     1
 1.710E+00 1.625E+00 1.625E+00 1.625E+00
 0.000E+00 0.000E+00 0.000E+00 0.000E+00
 0.000E+00 0.000E+00 0.000E+00 0.000E+00
 0.000E+00 0.000E+00 0.000E+00 0.000E+00
      -4.162044     -1.946790    -0.509251
 6
       4
     2     2     2     2
     0     1     1     1
 1.710E+00 1.625E+00 1.625E+00 1.625E+00
 0.000E+00 0.000E+00 0.000E+00 0.000E+00
 0.000E+00 0.000E+00 0.000E+00 0.000E+00
 0.000E+00 0.000E+00 0.000E+00 0.000E+00
      -2.347690     -3.732352    -0.979432
 6
       4
     2     2     2     2
     0     1     1     1
 1.710E+00 1.625E+00 1.625E+00 1.625E+00
 0.000E+00 0.000E+00 0.000E+00 0.000E+00
 0.000E+00 0.000E+00 0.000E+00 0.000E+00
 0.000E+00 0.000E+00 0.000E+00 0.000E+00
      3.826661     -0.253293    -0.058765
 6
       4
     2     2     2     2
     0     1     1     1
 1.710E+00 1.625E+00 1.625E+00 1.625E+00
 0.000E+00 0.000E+00 0.000E+00 0.000E+00
 0.000E+00 0.000E+00 0.000E+00 0.000E+00
 0.000E+00 0.000E+00 0.000E+00 0.000E+00
      6.096583     -0.116921    -0.183143
 6
       4
     2     2     2     2
     0     1     1     1
 1.710E+00 1.625E+00 1.625E+00 1.625E+00
 0.000E+00 0.000E+00 0.000E+00 0.000E+00
 0.000E+00 0.000E+00 0.000E+00 0.000E+00
 0.000E+00 0.000E+00 0.000E+00 0.000E+00
      8.792659     0.213110    -0.071316
 6
       4
     2     2     2     2
     0     1     1     1
 1.710E+00 1.625E+00 1.625E+00 1.625E+00
 0.000E+00 0.000E+00 0.000E+00 0.000E+00
 0.000E+00 0.000E+00 0.000E+00 0.000E+00
 0.000E+00 0.000E+00 0.000E+00 0.000E+00
      9.876337     2.612102    -0.470347
 6
       4
     2     2     2     2
     0     1     1     1
 1.710E+00 1.625E+00 1.625E+00 1.625E+00
 0.000E+00 0.000E+00 0.000E+00 0.000E+00
 0.000E+00 0.000E+00 0.000E+00 0.000E+00
 0.000E+00 0.000E+00 0.000E+00 0.000E+00
      10.420862     -1.880669    0.586716
 6
       4
     2     2     2     2
     0     1     1     1
 1.710E+00 1.625E+00 1.625E+00 1.625E+00
 0.000E+00 0.000E+00 0.000E+00 0.000E+00
 0.000E+00 0.000E+00 0.000E+00 0.000E+00
 0.000E+00 0.000E+00 0.000E+00 0.000E+00
      12.489394     2.923716    -0.151450
 6
       4
     2     2     2     2
     0     1     1     1
 1.710E+00 1.625E+00 1.625E+00 1.625E+00
 0.000E+00 0.000E+00 0.000E+00 0.000E+00
 0.000E+00 0.000E+00 0.000E+00 0.000E+00
 0.000E+00 0.000E+00 0.000E+00 0.000E+00
      13.027093     -1.570933    0.783346
 6
       4
     2     2     2     2
     0     1     1     1
 1.710E+00 1.625E+00 1.625E+00 1.625E+00
 0.000E+00 0.000E+00 0.000E+00 0.000E+00
 0.000E+00 0.000E+00 0.000E+00 0.000E+00
 0.000E+00 0.000E+00 0.000E+00 0.000E+00
      14.130900     0.898187    0.298679
 6
       4
     2     2     2     2
     0     1     1     1
 1.710E+00 1.625E+00 1.625E+00 1.625E+00
 0.000E+00 0.000E+00 0.000E+00 0.000E+00
 0.000E+00 0.000E+00 0.000E+00 0.000E+00
 0.000E+00 0.000E+00 0.000E+00 0.000E+00
      16.780304     1.231500    0.245179
 6
       4
     2     2     2     2
     0     1     1     1
 1.710E+00 1.625E+00 1.625E+00 1.625E+00
 0.000E+00 0.000E+00 0.000E+00 0.000E+00
 0.000E+00 0.000E+00 0.000E+00 0.000E+00
 0.000E+00 0.000E+00 0.000E+00 0.000E+00
      19.082077     1.238511    0.318479
 6
       4
     2     2     2     2
     0     1     1     1
 1.710E+00 1.625E+00 1.625E+00 1.625E+00
 0.000E+00 0.000E+00 0.000E+00 0.000E+00
 0.000E+00 0.000E+00 0.000E+00 0.000E+00
 0.000E+00 0.000E+00 0.000E+00 0.000E+00
      21.804031     1.334045    0.220019
 6
       4
     2     2     2     2
     0     1     1     1
 1.710E+00 1.625E+00 1.625E+00 1.625E+00
 0.000E+00 0.000E+00 0.000E+00 0.000E+00
 0.000E+00 0.000E+00 0.000E+00 0.000E+00
 0.000E+00 0.000E+00 0.000E+00 0.000E+00
      23.236143     -0.625743    1.470789
 6
       4
     2     2     2     2
     0     1     1     1
 1.710E+00 1.625E+00 1.625E+00 1.625E+00
 0.000E+00 0.000E+00 0.000E+00 0.000E+00
 0.000E+00 0.000E+00 0.000E+00 0.000E+00
 0.000E+00 0.000E+00 0.000E+00 0.000E+00
      23.364372     3.194661    -1.071297
 6
       4
     2     2     2     2
     0     1     1     1
 1.710E+00 1.625E+00 1.625E+00 1.625E+00
 0.000E+00 0.000E+00 0.000E+00 0.000E+00
 0.000E+00 0.000E+00 0.000E+00 0.000E+00
 0.000E+00 0.000E+00 0.000E+00 0.000E+00
      25.884329     2.789243    -1.264707
 6
       4
     2     2     2     2
     0     1     1     1
 1.710E+00 1.625E+00 1.625E+00 1.625E+00
 0.000E+00 0.000E+00 0.000E+00 0.000E+00
 0.000E+00 0.000E+00 0.000E+00 0.000E+00
 0.000E+00 0.000E+00 0.000E+00 0.000E+00
      25.778211     -0.811864    1.493348
 6
       4
     2     2     2     2
     0     1     1     1
 1.710E+00 1.625E+00 1.625E+00 1.625E+00
 0.000E+00 0.000E+00 0.000E+00 0.000E+00
 0.000E+00 0.000E+00 0.000E+00 0.000E+00
 0.000E+00 0.000E+00 0.000E+00 0.000E+00
      27.362603     0.781424    -0.075485
 6
       4
     2     2     2     2
     0     1     1     1
 1.710E+00 1.625E+00 1.625E+00 1.625E+00
 0.000E+00 0.000E+00 0.000E+00 0.000E+00
 0.000E+00 0.000E+00 0.000E+00 0.000E+00
 0.000E+00 0.000E+00 0.000E+00 0.000E+00
      30.039884     0.480429    -0.240112
 6
       4
     2     2     2     2
     0     1     1     1
 1.710E+00 1.625E+00 1.625E+00 1.625E+00
 0.000E+00 0.000E+00 0.000E+00 0.000E+00
 0.000E+00 0.000E+00 0.000E+00 0.000E+00
 0.000E+00 0.000E+00 0.000E+00 0.000E+00
      32.438466     0.162898    -0.056988
 6
       4
     2     2     2     2
     0     1     1     1
 1.710E+00 1.625E+00 1.625E+00 1.625E+00
 0.000E+00 0.000E+00 0.000E+00 0.000E+00
 0.000E+00 0.000E+00 0.000E+00 0.000E+00
 0.000E+00 0.000E+00 0.000E+00 0.000E+00
      35.049024     -0.049753    -0.164884
 6
       4
     2     2     2     2
     0     1     1     1
 1.710E+00 1.625E+00 1.625E+00 1.625E+00
 0.000E+00 0.000E+00 0.000E+00 0.000E+00
 0.000E+00 0.000E+00 0.000E+00 0.000E+00
 0.000E+00 0.000E+00 0.000E+00 0.000E+00
      36.448878     -2.374269    0.523293
 6
       4
     2     2     2     2
     0     1     1     1
 1.710E+00 1.625E+00 1.625E+00 1.625E+00
 0.000E+00 0.000E+00 0.000E+00 0.000E+00
 0.000E+00 0.000E+00 0.000E+00 0.000E+00
 0.000E+00 0.000E+00 0.000E+00 0.000E+00
      36.663475     2.036159    -0.754356
 6
       4
     2     2     2     2
     0     1     1     1
 1.710E+00 1.625E+00 1.625E+00 1.625E+00
 0.000E+00 0.000E+00 0.000E+00 0.000E+00
 0.000E+00 0.000E+00 0.000E+00 0.000E+00
 0.000E+00 0.000E+00 0.000E+00 0.000E+00
      39.311414     1.911488    -0.795115
 6
       4
     2     2     2     2
     0     1     1     1
 1.710E+00 1.625E+00 1.625E+00 1.625E+00
 0.000E+00 0.000E+00 0.000E+00 0.000E+00
 0.000E+00 0.000E+00 0.000E+00 0.000E+00
 0.000E+00 0.000E+00 0.000E+00 0.000E+00
      39.042686     -2.421094    0.681637
 6
       4
     2     2     2     2
     0     1     1     1
 1.710E+00 1.625E+00 1.625E+00 1.625E+00
 0.000E+00 0.000E+00 0.000E+00 0.000E+00
 0.000E+00 0.000E+00 0.000E+00 0.000E+00
 0.000E+00 0.000E+00 0.000E+00 0.000E+00
      40.668821     -0.311763    -0.096482
 6
       4
     2     2     2     2
     0     1     1     1
 1.710E+00 1.625E+00 1.625E+00 1.625E+00
 0.000E+00 0.000E+00 0.000E+00 0.000E+00
 0.000E+00 0.000E+00 0.000E+00 0.000E+00
 0.000E+00 0.000E+00 0.000E+00 0.000E+00
      43.321309     -0.518860    -0.078660
 6
       4
     2     2     2     2
     0     1     1     1
 1.710E+00 1.625E+00 1.625E+00 1.625E+00
 0.000E+00 0.000E+00 0.000E+00 0.000E+00
 0.000E+00 0.000E+00 0.000E+00 0.000E+00
 0.000E+00 0.000E+00 0.000E+00 0.000E+00
      45.609398     -0.428870    -0.163112
 6
       4
     2     2     2     2
     0     1     1     1
 1.710E+00 1.625E+00 1.625E+00 1.625E+00
 0.000E+00 0.000E+00 0.000E+00 0.000E+00
 0.000E+00 0.000E+00 0.000E+00 0.000E+00
 0.000E+00 0.000E+00 0.000E+00 0.000E+00
      48.268719     -0.553450    -0.310180
 6
       4
     2     2     2     2
     0     1     1     1
 1.710E+00 1.625E+00 1.625E+00 1.625E+00
 0.000E+00 0.000E+00 0.000E+00 0.000E+00
 0.000E+00 0.000E+00 0.000E+00 0.000E+00
 0.000E+00 0.000E+00 0.000E+00 0.000E+00
      49.737877     -2.464936    0.768497
 6
       4
     2     2     2     2
     0     1     1     1
 1.710E+00 1.625E+00 1.625E+00 1.625E+00
 0.000E+00 0.000E+00 0.000E+00 0.000E+00
 0.000E+00 0.000E+00 0.000E+00 0.000E+00
 0.000E+00 0.000E+00 0.000E+00 0.000E+00
      49.616710     1.509120    -1.559952
 6
       4
     2     2     2     2
     0     1     1     1
 1.710E+00 1.625E+00 1.625E+00 1.625E+00
 0.000E+00 0.000E+00 0.000E+00 0.000E+00
 0.000E+00 0.000E+00 0.000E+00 0.000E+00
 0.000E+00 0.000E+00 0.000E+00 0.000E+00
      52.172245     1.806434    -1.334780
 6
       4
     2     2     2     2
     0     1     1     1
 1.710E+00 1.625E+00 1.625E+00 1.625E+00
 0.000E+00 0.000E+00 0.000E+00 0.000E+00
 0.000E+00 0.000E+00 0.000E+00 0.000E+00
 0.000E+00 0.000E+00 0.000E+00 0.000E+00
      52.362752     -2.281731    0.625616
 6
       4
     2     2     2     2
     0     1     1     1
 1.710E+00 1.625E+00 1.625E+00 1.625E+00
 0.000E+00 0.000E+00 0.000E+00 0.000E+00
 0.000E+00 0.000E+00 0.000E+00 0.000E+00
 0.000E+00 0.000E+00 0.000E+00 0.000E+00
      53.640235     -0.120308    -0.347562
 6
       4
     2     2     2     2
     0     1     1     1
 1.710E+00 1.625E+00 1.625E+00 1.625E+00
 0.000E+00 0.000E+00 0.000E+00 0.000E+00
 0.000E+00 0.000E+00 0.000E+00 0.000E+00
 0.000E+00 0.000E+00 0.000E+00 0.000E+00
      56.372431     0.066567    -0.131614
 1
       1
     1
     0
 1.300E+00
 0.000E+00
 0.000E+00
 0.000E+00
      -4.727354     2.154308    0.921489
 1
       1
     1
     0
 1.300E+00
 0.000E+00
 0.000E+00
 0.000E+00
      0.117908     3.079600    1.273091
 1
       1
     1
     0
 1.300E+00
 0.000E+00
 0.000E+00
 0.000E+00
      -6.289078     -2.140957    -0.425120
 1
       1
     1
     0
 1.300E+00
 0.000E+00
 0.000E+00
 0.000E+00
      -2.952901     -5.738100    -1.522526
 1
       1
     1
     0
 1.300E+00
 0.000E+00
 0.000E+00
 0.000E+00
      1.735662     -4.772467    -1.172598
 1
       1
     1
     0
 1.300E+00
 0.000E+00
 0.000E+00
 0.000E+00
      8.728924     4.256895    -0.941214
 1
       1
     1
     0
 1.300E+00
 0.000E+00
 0.000E+00
 0.000E+00
      9.491827     -3.823433    0.925365
 1
       1
     1
     0
 1.300E+00
 0.000E+00
 0.000E+00
 0.000E+00
      13.472382     4.750541    -0.521742
 1
       1
     1
     0
 1.300E+00
 0.000E+00
 0.000E+00
 0.000E+00
      14.424328     -3.143771    1.332164
 1
       1
     1
     0
 1.300E+00
 0.000E+00
 0.000E+00
 0.000E+00
      22.483686     4.880403    -1.984772
 1
       1
     1
     0
 1.300E+00
 0.000E+00
 0.000E+00
 0.000E+00
      27.040342     4.315359    -2.420873
 1
       1
     1
     0
 1.300E+00
 0.000E+00
 0.000E+00
 0.000E+00
      22.182564     -2.074371    2.696104
 1
       1
     1
     0
 1.300E+00
 0.000E+00
 0.000E+00
 0.000E+00
      26.661318     -2.412205    2.622630
 1
       1
     1
     0
 1.300E+00
 0.000E+00
 0.000E+00
 0.000E+00
      35.787287     3.967202    -1.284158
 1
       1
     1
     0
 1.300E+00
 0.000E+00
 0.000E+00
 0.000E+00
      35.404725     -4.118119    1.142336
 1
       1
     1
     0
 1.300E+00
 0.000E+00
 0.000E+00
 0.000E+00
      40.350949     3.606415    -1.340532
 1
       1
     1
     0
 1.300E+00
 0.000E+00
 0.000E+00
 0.000E+00
      39.958299     -4.223840    1.235350
 1
       1
     1
     0
 1.300E+00
 0.000E+00
 0.000E+00
 0.000E+00
      48.463875     3.011278    -2.401609
 1
       1
     1
     0
 1.300E+00
 0.000E+00
 0.000E+00
 0.000E+00
      48.876104     -3.990404    1.881007
 1
       1
     1
     0
 1.300E+00
 0.000E+00
 0.000E+00
 0.000E+00
      52.955839     3.500090    -2.147978
 1
       1
     1
     0
 1.300E+00
 0.000E+00
 0.000E+00
 0.000E+00
      53.503785     -3.881331    1.519874
 1
       1
     1
     0
 1.300E+00
 0.000E+00
 0.000E+00
 0.000E+00
      61.825462     4.329134    -1.160505
 1
       1
     1
     0
 1.300E+00
 0.000E+00
 0.000E+00
 0.000E+00
      62.189724     -3.610652    1.229197
 6
       4
     2     2     2     2
     0     1     1     1
 1.710E+00 1.625E+00 1.625E+00 1.625E+00
 0.000E+00 0.000E+00 0.000E+00 0.000E+00
 0.000E+00 0.000E+00 0.000E+00 0.000E+00
 0.000E+00 0.000E+00 0.000E+00 0.000E+00
      69.757347     0.442587    -0.250003
 1
       1
     1
     0
 1.300E+00
 0.000E+00
 0.000E+00
 0.000E+00
      66.380554     4.584494    -1.383157
 1
       1
     1
     0
 1.300E+00
 0.000E+00
 0.000E+00
 0.000E+00
      66.723547     -3.444613    0.994083
 6
       4
     2     2     2     2
     0     1     1     1
 1.710E+00 1.625E+00 1.625E+00 1.625E+00
 0.000E+00 0.000E+00 0.000E+00 0.000E+00
 0.000E+00 0.000E+00 0.000E+00 0.000E+00
 0.000E+00 0.000E+00 0.000E+00 0.000E+00
      58.721377     0.165759    -0.231605
 6
       4
     2     2     2     2
     0     1     1     1
 1.710E+00 1.625E+00 1.625E+00 1.625E+00
 0.000E+00 0.000E+00 0.000E+00 0.000E+00
 0.000E+00 0.000E+00 0.000E+00 0.000E+00
 0.000E+00 0.000E+00 0.000E+00 0.000E+00
      61.413670     0.311597    -0.156422
 6
       4
     2     2     2     2
     0     1     1     1
 1.710E+00 1.625E+00 1.625E+00 1.625E+00
 0.000E+00 0.000E+00 0.000E+00 0.000E+00
 0.000E+00 0.000E+00 0.000E+00 0.000E+00
 0.000E+00 0.000E+00 0.000E+00 0.000E+00
      62.997189     -1.714025    0.474690
 6
       4
     2     2     2     2
     0     1     1     1
 1.710E+00 1.625E+00 1.625E+00 1.625E+00
 0.000E+00 0.000E+00 0.000E+00 0.000E+00
 0.000E+00 0.000E+00 0.000E+00 0.000E+00
 0.000E+00 0.000E+00 0.000E+00 0.000E+00
      62.807360     2.547780    -0.804789
 6
       4
     2     2     2     2
     0     1     1     1
 1.710E+00 1.625E+00 1.625E+00 1.625E+00
 0.000E+00 0.000E+00 0.000E+00 0.000E+00
 0.000E+00 0.000E+00 0.000E+00 0.000E+00
 0.000E+00 0.000E+00 0.000E+00 0.000E+00
      65.527571     2.611199    -0.929407
 6
       4
     2     2     2     2
     0     1     1     1
 1.710E+00 1.625E+00 1.625E+00 1.625E+00
 0.000E+00 0.000E+00 0.000E+00 0.000E+00
 0.000E+00 0.000E+00 0.000E+00 0.000E+00
 0.000E+00 0.000E+00 0.000E+00 0.000E+00
      65.666720     -1.643721    0.488301
 6
       4
     2     2     2     2
     0     1     1     1
 1.710E+00 1.625E+00 1.625E+00 1.625E+00
 0.000E+00 0.000E+00 0.000E+00 0.000E+00
 0.000E+00 0.000E+00 0.000E+00 0.000E+00
 0.000E+00 0.000E+00 0.000E+00 0.000E+00
      67.085652     0.519130    -0.354312
 6
       4
     2     2     2     2
     0     1     1     1
 1.710E+00 1.625E+00 1.625E+00 1.625E+00
 0.000E+00 0.000E+00 0.000E+00 0.000E+00
 0.000E+00 0.000E+00 0.000E+00 0.000E+00
 0.000E+00 0.000E+00 0.000E+00 0.000E+00
      80.233920     -0.168184    0.706351
 6
       4
     2     2     2     2
     0     1     1     1
 1.710E+00 1.625E+00 1.625E+00 1.625E+00
 0.000E+00 0.000E+00 0.000E+00 0.000E+00
 0.000E+00 0.000E+00 0.000E+00 0.000E+00
 0.000E+00 0.000E+00 0.000E+00 0.000E+00
      78.865000     2.183703    0.173352
 6
       4
     2     2     2     2
     0     1     1     1
 1.710E+00 1.625E+00 1.625E+00 1.625E+00
 0.000E+00 0.000E+00 0.000E+00 0.000E+00
 0.000E+00 0.000E+00 0.000E+00 0.000E+00
 0.000E+00 0.000E+00 0.000E+00 0.000E+00
      78.705048     -2.320344    0.980288
 6
       4
     2     2     2     2
     0     1     1     1
 1.710E+00 1.625E+00 1.625E+00 1.625E+00
 0.000E+00 0.000E+00 0.000E+00 0.000E+00
 0.000E+00 0.000E+00 0.000E+00 0.000E+00
 0.000E+00 0.000E+00 0.000E+00 0.000E+00
      76.261606     2.250012    0.052725
 6
       4
     2     2     2     2
     0     1     1     1
 1.710E+00 1.625E+00 1.625E+00 1.625E+00
 0.000E+00 0.000E+00 0.000E+00 0.000E+00
 0.000E+00 0.000E+00 0.000E+00 0.000E+00
 0.000E+00 0.000E+00 0.000E+00 0.000E+00
      74.683547     0.059031    0.272686
 6
       4
     2     2     2     2
     0     1     1     1
 1.710E+00 1.625E+00 1.625E+00 1.625E+00
 0.000E+00 0.000E+00 0.000E+00 0.000E+00
 0.000E+00 0.000E+00 0.000E+00 0.000E+00
 0.000E+00 0.000E+00 0.000E+00 0.000E+00
      76.047961     -2.259778    0.736700
 6
       4
     2     2     2     2
     0     1     1     1
 1.710E+00 1.625E+00 1.625E+00 1.625E+00
 0.000E+00 0.000E+00 0.000E+00 0.000E+00
 0.000E+00 0.000E+00 0.000E+00 0.000E+00
 0.000E+00 0.000E+00 0.000E+00 0.000E+00
      82.858386     -0.181142    0.753473
 6
       4
     2     2     2     2
     0     1     1     1
 1.710E+00 1.625E+00 1.625E+00 1.625E+00
 0.000E+00 0.000E+00 0.000E+00 0.000E+00
 0.000E+00 0.000E+00 0.000E+00 0.000E+00
 0.000E+00 0.000E+00 0.000E+00 0.000E+00
      85.151631     -0.011913    0.261478
 6
       4
     2     2     2     2
     0     1     1     1
 1.710E+00 1.625E+00 1.625E+00 1.625E+00
 0.000E+00 0.000E+00 0.000E+00 0.000E+00
 0.000E+00 0.000E+00 0.000E+00 0.000E+00
 0.000E+00 0.000E+00 0.000E+00 0.000E+00
      87.760827     0.004239    0.005342
 6
       4
     2     2     2     2
     0     1     1     1
 1.710E+00 1.625E+00 1.625E+00 1.625E+00
 0.000E+00 0.000E+00 0.000E+00 0.000E+00
 0.000E+00 0.000E+00 0.000E+00 0.000E+00
 0.000E+00 0.000E+00 0.000E+00 0.000E+00
      89.093169     2.242698    -0.662060
 6
       4
     2     2     2     2
     0     1     1     1
 1.710E+00 1.625E+00 1.625E+00 1.625E+00
 0.000E+00 0.000E+00 0.000E+00 0.000E+00
 0.000E+00 0.000E+00 0.000E+00 0.000E+00
 0.000E+00 0.000E+00 0.000E+00 0.000E+00
      89.321748     -2.129270    0.593793
 6
       4
     2     2     2     2
     0     1     1     1
 1.710E+00 1.625E+00 1.625E+00 1.625E+00
 0.000E+00 0.000E+00 0.000E+00 0.000E+00
 0.000E+00 0.000E+00 0.000E+00 0.000E+00
 0.000E+00 0.000E+00 0.000E+00 0.000E+00
      91.662280     2.268576    -0.728635
 6
       4
     2     2     2     2
     0     1     1     1
 1.710E+00 1.625E+00 1.625E+00 1.625E+00
 0.000E+00 0.000E+00 0.000E+00 0.000E+00
 0.000E+00 0.000E+00 0.000E+00 0.000E+00
 0.000E+00 0.000E+00 0.000E+00 0.000E+00
      91.897620     -2.103490    0.704223
 6
       4
     2     2     2     2
     0     1     1     1
 1.710E+00 1.625E+00 1.625E+00 1.625E+00
 0.000E+00 0.000E+00 0.000E+00 0.000E+00
 0.000E+00 0.000E+00 0.000E+00 0.000E+00
 0.000E+00 0.000E+00 0.000E+00 0.000E+00
      93.257526     0.181588    -0.135934
 6
       4
     2     2     2     2
     0     1     1     1
 1.710E+00 1.625E+00 1.625E+00 1.625E+00
 0.000E+00 0.000E+00 0.000E+00 0.000E+00
 0.000E+00 0.000E+00 0.000E+00 0.000E+00
 0.000E+00 0.000E+00 0.000E+00 0.000E+00
      95.963852     0.367839    -0.145756
 6
       4
     2     2     2     2
     0     1     1     1
 1.710E+00 1.625E+00 1.625E+00 1.625E+00
 0.000E+00 0.000E+00 0.000E+00 0.000E+00
 0.000E+00 0.000E+00 0.000E+00 0.000E+00
 0.000E+00 0.000E+00 0.000E+00 0.000E+00
      98.270156     0.369400    -0.424686
 6
       4
     2     2     2     2
     0     1     1     1
 1.710E+00 1.625E+00 1.625E+00 1.625E+00
 0.000E+00 0.000E+00 0.000E+00 0.000E+00
 0.000E+00 0.000E+00 0.000E+00 0.000E+00
 0.000E+00 0.000E+00 0.000E+00 0.000E+00
      100.971440     0.527220    -0.237712
 6
       4
     2     2     2     2
     0     1     1     1
 1.710E+00 1.625E+00 1.625E+00 1.625E+00
 0.000E+00 0.000E+00 0.000E+00 0.000E+00
 0.000E+00 0.000E+00 0.000E+00 0.000E+00
 0.000E+00 0.000E+00 0.000E+00 0.000E+00
      102.464169     -1.361412    0.812486
 6
       4
     2     2     2     2
     0     1     1     1
 1.710E+00 1.625E+00 1.625E+00 1.625E+00
 0.000E+00 0.000E+00 0.000E+00 0.000E+00
 0.000E+00 0.000E+00 0.000E+00 0.000E+00
 0.000E+00 0.000E+00 0.000E+00 0.000E+00
      102.309548     2.913041    -0.715755
 6
       4
     2     2     2     2
     0     1     1     1
 1.710E+00 1.625E+00 1.625E+00 1.625E+00
 0.000E+00 0.000E+00 0.000E+00 0.000E+00
 0.000E+00 0.000E+00 0.000E+00 0.000E+00
 0.000E+00 0.000E+00 0.000E+00 0.000E+00
      104.870106     3.165539    -0.329468
 6
       4
     2     2     2     2
     0     1     1     1
 1.710E+00 1.625E+00 1.625E+00 1.625E+00
 0.000E+00 0.000E+00 0.000E+00 0.000E+00
 0.000E+00 0.000E+00 0.000E+00 0.000E+00
 0.000E+00 0.000E+00 0.000E+00 0.000E+00
      105.149870     -1.174298    0.975458
 6
       4
     2     2     2     2
     0     1     1     1
 1.710E+00 1.625E+00 1.625E+00 1.625E+00
 0.000E+00 0.000E+00 0.000E+00 0.000E+00
 0.000E+00 0.000E+00 0.000E+00 0.000E+00
 0.000E+00 0.000E+00 0.000E+00 0.000E+00
      106.454832     1.061058    0.324494
 6
       4
     2     2     2     2
     0     1     1     1
 1.710E+00 1.625E+00 1.625E+00 1.625E+00
 0.000E+00 0.000E+00 0.000E+00 0.000E+00
 0.000E+00 0.000E+00 0.000E+00 0.000E+00
 0.000E+00 0.000E+00 0.000E+00 0.000E+00
      109.149895     1.147311    0.240638
 6
       4
     2     2     2     2
     0     1     1     1
 1.710E+00 1.625E+00 1.625E+00 1.625E+00
 0.000E+00 0.000E+00 0.000E+00 0.000E+00
 0.000E+00 0.000E+00 0.000E+00 0.000E+00
 0.000E+00 0.000E+00 0.000E+00 0.000E+00
      111.497573     0.933973    0.065231
 6
       4
     2     2     2     2
     0     1     1     1
 1.710E+00 1.625E+00 1.625E+00 1.625E+00
 0.000E+00 0.000E+00 0.000E+00 0.000E+00
 0.000E+00 0.000E+00 0.000E+00 0.000E+00
 0.000E+00 0.000E+00 0.000E+00 0.000E+00
      114.166938     0.792738    -0.032008
 6
       4
     2     2     2     2
     0     1     1     1
 1.710E+00 1.625E+00 1.625E+00 1.625E+00
 0.000E+00 0.000E+00 0.000E+00 0.000E+00
 0.000E+00 0.000E+00 0.000E+00 0.000E+00
 0.000E+00 0.000E+00 0.000E+00 0.000E+00
      115.534449     -1.583779    -0.750353
 6
       4
     2     2     2     2
     0     1     1     1
 1.710E+00 1.625E+00 1.625E+00 1.625E+00
 0.000E+00 0.000E+00 0.000E+00 0.000E+00
 0.000E+00 0.000E+00 0.000E+00 0.000E+00
 0.000E+00 0.000E+00 0.000E+00 0.000E+00
      115.782856     2.822500    0.369691
 6
       4
     2     2     2     2
     0     1     1     1
 1.710E+00 1.625E+00 1.625E+00 1.625E+00
 0.000E+00 0.000E+00 0.000E+00 0.000E+00
 0.000E+00 0.000E+00 0.000E+00 0.000E+00
 0.000E+00 0.000E+00 0.000E+00 0.000E+00
      118.479478     2.642358    0.413961
 6
       4
     2     2     2     2
     0     1     1     1
 1.710E+00 1.625E+00 1.625E+00 1.625E+00
 0.000E+00 0.000E+00 0.000E+00 0.000E+00
 0.000E+00 0.000E+00 0.000E+00 0.000E+00
 0.000E+00 0.000E+00 0.000E+00 0.000E+00
      118.154721     -1.726025    -0.719695
 6
       4
     2     2     2     2
     0     1     1     1
 1.710E+00 1.625E+00 1.625E+00 1.625E+00
 0.000E+00 0.000E+00 0.000E+00 0.000E+00
 0.000E+00 0.000E+00 0.000E+00 0.000E+00
 0.000E+00 0.000E+00 0.000E+00 0.000E+00
      119.703767     0.308220    0.006387
 6
       4
     2     2     2     2
     0     1     1     1
 1.710E+00 1.625E+00 1.625E+00 1.625E+00
 0.000E+00 0.000E+00 0.000E+00 0.000E+00
 0.000E+00 0.000E+00 0.000E+00 0.000E+00
 0.000E+00 0.000E+00 0.000E+00 0.000E+00
      122.321729     0.228130    0.042734
 6
       4
     2     2     2     2
     0     1     1     1
 1.710E+00 1.625E+00 1.625E+00 1.625E+00
 0.000E+00 0.000E+00 0.000E+00 0.000E+00
 0.000E+00 0.000E+00 0.000E+00 0.000E+00
 0.000E+00 0.000E+00 0.000E+00 0.000E+00
      124.672176     0.263430    -0.212054
 6
       4
     2     2     2     2
     0     1     1     1
 1.710E+00 1.625E+00 1.625E+00 1.625E+00
 0.000E+00 0.000E+00 0.000E+00 0.000E+00
 0.000E+00 0.000E+00 0.000E+00 0.000E+00
 0.000E+00 0.000E+00 0.000E+00 0.000E+00
      127.364606     0.104668    -0.096157
 6
       4
     2     2     2     2
     0     1     1     1
 1.710E+00 1.625E+00 1.625E+00 1.625E+00
 0.000E+00 0.000E+00 0.000E+00 0.000E+00
 0.000E+00 0.000E+00 0.000E+00 0.000E+00
 0.000E+00 0.000E+00 0.000E+00 0.000E+00
      128.567167     -2.157179    -0.761938
 6
       4
     2     2     2     2
     0     1     1     1
 1.710E+00 1.625E+00 1.625E+00 1.625E+00
 0.000E+00 0.000E+00 0.000E+00 0.000E+00
 0.000E+00 0.000E+00 0.000E+00 0.000E+00
 0.000E+00 0.000E+00 0.000E+00 0.000E+00
      128.914847     2.090536    0.752451
 6
       4
     2     2     2     2
     0     1     1     1
 1.710E+00 1.625E+00 1.625E+00 1.625E+00
 0.000E+00 0.000E+00 0.000E+00 0.000E+00
 0.000E+00 0.000E+00 0.000E+00 0.000E+00
 0.000E+00 0.000E+00 0.000E+00 0.000E+00
      131.501319     1.834981    0.951131
 6
       4
     2     2     2     2
     0     1     1     1
 1.710E+00 1.625E+00 1.625E+00 1.625E+00
 0.000E+00 0.000E+00 0.000E+00 0.000E+00
 0.000E+00 0.000E+00 0.000E+00 0.000E+00
 0.000E+00 0.000E+00 0.000E+00 0.000E+00
      131.149191     -2.444963    -0.672565
 6
       4
     2     2     2     2
     0     1     1     1
 1.710E+00 1.625E+00 1.625E+00 1.625E+00
 0.000E+00 0.000E+00 0.000E+00 0.000E+00
 0.000E+00 0.000E+00 0.000E+00 0.000E+00
 0.000E+00 0.000E+00 0.000E+00 0.000E+00
      132.791185     -0.445269    0.218938
 6
       4
     2     2     2     2
     0     1     1     1
 1.710E+00 1.625E+00 1.625E+00 1.625E+00
 0.000E+00 0.000E+00 0.000E+00 0.000E+00
 0.000E+00 0.000E+00 0.000E+00 0.000E+00
 0.000E+00 0.000E+00 0.000E+00 0.000E+00
      135.445683     -0.759617    0.201534
 1
       1
     1
     0
 1.300E+00
 0.000E+00
 0.000E+00
 0.000E+00
      75.169689     4.144604    -0.387980
 1
       1
     1
     0
 1.300E+00
 0.000E+00
 0.000E+00
 0.000E+00
      79.905799     3.992343    0.012448
 6
       4
     2     2     2     2
     0     1     1     1
 1.710E+00 1.625E+00 1.625E+00 1.625E+00
 0.000E+00 0.000E+00 0.000E+00 0.000E+00
 0.000E+00 0.000E+00 0.000E+00 0.000E+00
 0.000E+00 0.000E+00 0.000E+00 0.000E+00
      71.982794     0.142774    -0.014558
 1
       1
     1
     0
 1.300E+00
 0.000E+00
 0.000E+00
 0.000E+00
      74.983902     -4.138831    1.055542
 1
       1
     1
     0
 1.300E+00
 0.000E+00
 0.000E+00
 0.000E+00
      79.583695     -4.094284    1.210281
 1
       1
     1
     0
 1.300E+00
 0.000E+00
 0.000E+00
 0.000E+00
      88.008659     4.122963    -1.148067
 1
       1
     1
     0
 1.300E+00
 0.000E+00
 0.000E+00
 0.000E+00
      88.372344     -3.983363    1.136689
 1
       1
     1
     0
 1.300E+00
 0.000E+00
 0.000E+00
 0.000E+00
      92.543013     4.120876    -1.420766
 1
       1
     1
     0
 1.300E+00
 0.000E+00
 0.000E+00
 0.000E+00
      92.979509     -3.900173    1.202822
 1
       1
     1
     0
 1.300E+00
 0.000E+00
 0.000E+00
 0.000E+00
      101.314361     4.704773    -1.480409
 1
       1
     1
     0
 1.300E+00
 0.000E+00
 0.000E+00
 0.000E+00
      105.785326     5.022312    -0.574539
 1
       1
     1
     0
 1.300E+00
 0.000E+00
 0.000E+00
 0.000E+00
      101.640885     -3.155313    1.489221
 1
       1
     1
     0
 1.300E+00
 0.000E+00
 0.000E+00
 0.000E+00
      106.210811     -2.839336    1.609841
 1
       1
     1
     0
 1.300E+00
 0.000E+00
 0.000E+00
 0.000E+00
      114.939021     4.734091    0.828809
 1
       1
     1
     0
 1.300E+00
 0.000E+00
 0.000E+00
 0.000E+00
      114.469810     -3.201937    -1.366217
 1
       1
     1
     0
 1.300E+00
 0.000E+00
 0.000E+00
 0.000E+00
      119.670965     4.421913    0.708855
 1
       1
     1
     0
 1.300E+00
 0.000E+00
 0.000E+00
 0.000E+00
      119.083007     -3.478708    -1.196567
 1
       1
     1
     0
 1.300E+00
 0.000E+00
 0.000E+00
 0.000E+00
      128.104504     4.061573    1.238952
 1
       1
     1
     0
 1.300E+00
 0.000E+00
 0.000E+00
 0.000E+00
      127.508963     -3.963804    -1.329789
 1
       1
     1
     0
 1.300E+00
 0.000E+00
 0.000E+00
 0.000E+00
      132.844156     3.418684    1.651932
 1
       1
     1
     0
 1.300E+00
 0.000E+00
 0.000E+00
 0.000E+00
      132.077645     -4.211111    -1.261031
 1
       1
     1
     0
 1.300E+00
 0.000E+00
 0.000E+00
 0.000E+00
      140.396195     1.741883    3.105309
 1
       1
     1
     0
 1.300E+00
 0.000E+00
 0.000E+00
 0.000E+00
      140.395010     -4.620267    -2.054053
 1
       1
     1
     0
 1.300E+00
 0.000E+00
 0.000E+00
 0.000E+00
      148.117657     -0.955120    0.301485
 1
       1
     1
     0
 1.300E+00
 0.000E+00
 0.000E+00
 0.000E+00
      145.438397     1.928762    2.711517
 1
       1
     1
     0
 1.300E+00
 0.000E+00
 0.000E+00
 0.000E+00
      145.376233     -4.515238    -2.479116
 6
       4
     2     2     2     2
     0     1     1     1
 1.710E+00 1.625E+00 1.625E+00 1.625E+00
 0.000E+00 0.000E+00 0.000E+00 0.000E+00
 0.000E+00 0.000E+00 0.000E+00 0.000E+00
 0.000E+00 0.000E+00 0.000E+00 0.000E+00
      137.687724     -1.161399    0.234258
 6
       4
     2     2     2     2
     0     1     1     1
 1.710E+00 1.625E+00 1.625E+00 1.625E+00
 0.000E+00 0.000E+00 0.000E+00 0.000E+00
 0.000E+00 0.000E+00 0.000E+00 0.000E+00
 0.000E+00 0.000E+00 0.000E+00 0.000E+00
      140.241033     -1.330337    0.335266
 6
       4
     2     2     2     2
     0     1     1     1
 1.710E+00 1.625E+00 1.625E+00 1.625E+00
 0.000E+00 0.000E+00 0.000E+00 0.000E+00
 0.000E+00 0.000E+00 0.000E+00 0.000E+00
 0.000E+00 0.000E+00 0.000E+00 0.000E+00
      141.646112     -3.164686    -1.019124
 6
       4
     2     2     2     2
     0     1     1     1
 1.710E+00 1.625E+00 1.625E+00 1.625E+00
 0.000E+00 0.000E+00 0.000E+00 0.000E+00
 0.000E+00 0.000E+00 0.000E+00 0.000E+00
 0.000E+00 0.000E+00 0.000E+00 0.000E+00
      141.674704     0.445117    1.889698
 6
       4
     2     2     2     2
     0     1     1     1
 1.710E+00 1.625E+00 1.625E+00 1.625E+00
 0.000E+00 0.000E+00 0.000E+00 0.000E+00
 0.000E+00 0.000E+00 0.000E+00 0.000E+00
 0.000E+00 0.000E+00 0.000E+00 0.000E+00
      144.358640     0.510954    1.747080
 6
       4
     2     2     2     2
     0     1     1     1
 1.710E+00 1.625E+00 1.625E+00 1.625E+00
 0.000E+00 0.000E+00 0.000E+00 0.000E+00
 0.000E+00 0.000E+00 0.000E+00 0.000E+00
 0.000E+00 0.000E+00 0.000E+00 0.000E+00
      144.272610     -3.137652    -1.184291
 6
       4
     2     2     2     2
     0     1     1     1
 1.710E+00 1.625E+00 1.625E+00 1.625E+00
 0.000E+00 0.000E+00 0.000E+00 0.000E+00
 0.000E+00 0.000E+00 0.000E+00 0.000E+00
 0.000E+00 0.000E+00 0.000E+00 0.000E+00
      145.717259     -1.263204    0.233360
# LCAO coefficients .. are not included.
         1
        1        -0.000096524701919   k=         1
        2        -0.000430746188053   k=         1
        3        -0.000099088890273   k=         1
        4        -0.003584083129317   k=         1
        5        -0.000242972481395   k=         1
        6        -0.000390456070165   k=         1
        7        0.001901331201478   k=         1
        8        -0.003834046117712   k=         1
        9        0.000453644236058   k=         1
        10        0.001149554573909   k=         1
        11        0.003609703294357   k=         1
        12        -0.006313672291233   k=         1
        13        0.000081385038534   k=         1
        14        -0.000141524518266   k=         1
        15        -0.001030390935190   k=         1
        16        0.002225026411000   k=         1
        17        -0.000173095743676   k=         1
        18        0.000149657216423   k=         1
        19        -0.001614566746534   k=         1
        20        0.005692815729245   k=         1
        21        -0.000180224037871   k=         1
        22        -0.000551135390992   k=         1
        23        -0.000290983360874   k=         1
        24        0.000187796068476   k=         1
        25        0.000024641227400   k=         1
        26        0.000876452177496   k=         1
        27        0.002116854292041   k=         1
        28        0.009724846160832   k=         1
        29        -0.000025762329422   k=         1
        30        0.000057438475778   k=         1
        31        0.000616749504619   k=         1
        32        0.005138145784891   k=         1
        33        0.000018997227320   k=         1
        34        0.001347996206103   k=         1
        35        -0.002909265499763   k=         1
        36        -0.012954057975355   k=         1
        37        0.000060670743518   k=         1
        38        0.000885435482206   k=         1
        39        -0.001076163462253   k=         1
        40        -0.005456381704339   k=         1
        41        0.000124676225160   k=         1
        42        0.001173557232048   k=         1
        43        -0.001121008914633   k=         1
        44        -0.004719580437363   k=         1
        45        0.000640527896967   k=         1
        46        -0.000715844717379   k=         1
        47        0.001537462340201   k=         1
        48        0.010644003060033   k=         1
        49        -0.000433696679376   k=         1
        50        -0.001906744714583   k=         1
        51        0.001071066331833   k=         1
        52        0.009603486152418   k=         1
        53        -0.000063609781901   k=         1
        54        0.000311225813154   k=         1
        55        0.002609077482558   k=         1
        56        0.009200659064057   k=         1
        57        0.000293399409163   k=         1
        58        0.000122847651199   k=         1
        59        -0.008051563852345   k=         1
        60        -0.014497374627723   k=         1
        61        0.000001817727414   k=         1
        62        0.000531761481823   k=         1
        63        -0.003648787889896   k=         1
        64        -0.009754159672765   k=         1
        65        0.000050684313141   k=         1
        66        0.000081677064052   k=         1
        67        0.010942541053537   k=         1
        68        0.018634291035676   k=         1
        69        0.000071386342459   k=         1
        70        0.000644890856838   k=         1
        71        0.006060409668929   k=         1
        72        0.007310343523515   k=         1
        73        -0.000227086029044   k=         1
        74        0.002116850765850   k=         1
        75        0.005251491866977   k=         1
        76        0.007053863094504   k=         1
        77        0.000910883404142   k=         1
        78        -0.002040395924902   k=         1
        79        -0.008985855659604   k=         1
        80        -0.011472857292181   k=         1
        81        -0.000906937845494   k=         1
        82        -0.002409190349529   k=         1
        83        -0.010070226804494   k=         1
        84        -0.009966862438529   k=         1
        85        0.000361365588736   k=         1
        86        -0.001873679743088   k=         1
        87        -0.009274773420002   k=         1
        88        -0.013394537597795   k=         1
        89        -0.000971353506337   k=         1
        90        0.000423493703369   k=         1
        91        0.008073466846826   k=         1
        92        0.020974420613381   k=         1
        93        0.000790901934706   k=         1
        94        0.000484964265271   k=         1
        95        0.009043998610627   k=         1
        96        0.014340746513967   k=         1
        97        0.000235787870438   k=         1
        98        -0.000944429574179   k=         1
        99        -0.006917156220999   k=         1
        100        -0.021387459247472   k=         1
        101        0.000781557839193   k=         1
        102        -0.000044538529325   k=         1
        103        -0.002649679604143   k=         1
        104        -0.011933806445987   k=         1
        105        -0.000657678187789   k=         1
        106        0.000350652092646   k=         1
        107        -0.002704835491679   k=         1
        108        -0.013930638189769   k=         1
        109        0.000525800201137   k=         1
        110        0.000816998827485   k=         1
        111        0.003757404180596   k=         1
        112        0.016349969640005   k=         1
        113        -0.000059649850447   k=         1
        114        -0.001369763194901   k=         1
        115        0.003614919729845   k=         1
        116        0.014184893393292   k=         1
        117        -0.000320289634875   k=         1
        118        0.000173960760240   k=         1
        119        0.007703633316005   k=         1
        120        0.018206737227959   k=         1
        121        0.000537036744351   k=         1
        122        -0.000304741771983   k=         1
        123        -0.011654842398675   k=         1
        124        -0.019946933614049   k=         1
        125        -0.000739134547404   k=         1
        126        -0.001571591592403   k=         1
        127        -0.007608112099784   k=         1
        128        -0.016600296283837   k=         1
        129        0.000011222324394   k=         1
        130        0.002537386205504   k=         1
        131        0.014404041724827   k=         1
        132        0.024209742245635   k=         1
        133        0.000188321253177   k=         1
        134        0.000268153894578   k=         1
        135        0.007911978257482   k=         1
        136        0.010846273374015   k=         1
        137        -0.000891089175901   k=         1
        138        -0.002087284005938   k=         1
        139        0.008365477210877   k=         1
        140        0.013829877451271   k=         1
        141        -0.000225663306289   k=         1
        142        0.004026659027303   k=         1
        143        -0.008665944541384   k=         1
        144        -0.015160151346594   k=         1
        145        -0.000117628205780   k=         1
        146        0.000111632899827   k=         1
        147        -0.011748986535106   k=         1
        148        -0.020951381923818   k=         1
        149        0.000015698053539   k=         1
        150        0.001296141893402   k=         1
        151        -0.007917202840575   k=         1
        152        -0.021367340998223   k=         1
        153        0.001664528447953   k=         1
        154        -0.000696097308787   k=         1
        155        0.011283875372951   k=         1
        156        0.036091110658902   k=         1
        157        -0.000242283462683   k=         1
        158        0.000445190733542   k=         1
        159        -0.000156339608979   k=         1
        160        0.000603816644427   k=         1
        161        -0.000062260464403   k=         1
        162        0.000214543419921   k=         1
        163        -0.000481422507582   k=         1
        164        -0.000417916864204   k=         1
        165        -0.000179693902045   k=         1
        166        0.000314297105177   k=         1
        167        -0.000647639814464   k=         1
        168        -0.001414984907741   k=         1
        169        0.000573865062489   k=         1
        170        0.000594836655708   k=         1
        171        -0.000772810226071   k=         1
        172        -0.000878422088638   k=         1
        173        0.000530860260836   k=         1
        174        0.001200102995416   k=         1
        175        0.000271578562610   k=         1
        176        -0.000415830985544   k=         1
        177        0.000663378823813   k=         1
        178        0.000517629482159   k=         1
        179        0.001607758261295   k=         1
        180        0.000075454633493   k=         1
        181        0.004549360889037   k=         1
        182        -0.011817570937081   k=         1
        183        -0.068935015545774   k=         1
        184        0.000291021071051   k=         1
        185        0.000007193351439   k=         1
        186        -0.001368395042454   k=         1
        187        -0.000432812438070   k=         1
        188        0.007563962888929   k=         1
        189        0.022047244102485   k=         1
        190        -0.000223497004155   k=         1
        191        0.001523968622881   k=         1
        192        -0.013840062307276   k=         1
        193        -0.045087535725388   k=         1
        194        0.000054772841143   k=         1
        195        -0.001969927470426   k=         1
        196        -0.005793356960975   k=         1
        197        -0.016470321293528   k=         1
        198        0.000229595082578   k=         1
        199        -0.001606772994998   k=         1
        200        -0.005408738121209   k=         1
        201        -0.022200830975183   k=         1
        202        -0.001310982505359   k=         1
        203        0.000962017096942   k=         1
        204        0.010505281693478   k=         1
        205        0.038466786020614   k=         1
        206        0.001714988539186   k=         1
        207        0.003509333714026   k=         1
        208        0.015680360852651   k=         1
        209        0.039359381010271   k=         1
        210        -0.000448475924787   k=         1
        211        -0.000226924383826   k=         1
        212        0.009718584148483   k=         1
        213        0.031683677477405   k=         1
        214        -0.000742542958085   k=         1
        215        0.002251432553837   k=         1
        216        -0.016218102070716   k=         1
        217        -0.067967687248176   k=         1
        218        0.000961145687989   k=         1
        219        0.003327757887570   k=         1
        220        -0.010585059691448   k=         1
        221        -0.075435627163544   k=         1
        222        0.001025062033218   k=         1
        223        0.007958209499402   k=         1
        224        -0.004265092622513   k=         1
        225        -0.076597337030466   k=         1
        226        0.000401526757663   k=         1
        227        -0.001974169874554   k=         1
        228        0.005374269389388   k=         1
        229        0.032366828807259   k=         1
        230        0.000300926195921   k=         1
        231        -0.010537041455034   k=         1
        232        0.016488014698378   k=         1
        233        0.096609239587271   k=         1
        234        -0.001355053935299   k=         1
        235        -0.002962034995745   k=         1
        236        0.006367715265564   k=         1
        237        0.043496109012593   k=         1
        238        0.007130818274110   k=         1
        239        0.011532476670955   k=         1
        240        0.030795021469424   k=         1
        241        0.110578759061745   k=         1
        242        -0.002893148935932   k=         1
        243        0.018882306979015   k=         1
        244        0.021378368855726   k=         1
        245        0.077625638136930   k=         1
        246        0.002634542683034   k=         1
        247        -0.013556066757077   k=         1
        248        -0.033311227926768   k=         1
        249        -0.118032977377205   k=         1
        250        -0.000929180745519   k=         1
        251        0.001318818312116   k=         1
        252        -0.017148187175291   k=         1
        253        -0.071917588936044   k=         1
        254        0.000200455551786   k=         1
        255        0.007569992632054   k=         1
        256        -0.020738255734470   k=         1
        257        -0.064052133806100   k=         1
        258        0.002024692907457   k=         1
        259        -0.000056960129881   k=         1
        260        0.025746674222803   k=         1
        261        0.079063807160232   k=         1
        262        0.002878549008510   k=         1
        263        -0.007913288672613   k=         1
        264        0.022243044548956   k=         1
        265        0.077968353997023   k=         1
        266        -0.001847207171167   k=         1
        267        0.005409835746581   k=         1
        268        0.040374092953626   k=         1
        269        0.111647765139895   k=         1
        270        -0.006669951558514   k=         1
        271        -0.013089272479929   k=         1
        272        -0.040915613054536   k=         1
        273        -0.104960146711326   k=         1
        274        0.006662501233211   k=         1
        275        -0.003794867832184   k=         1
        276        -0.037739526708767   k=         1
        277        -0.102164583436994   k=         1
        278        -0.004713635039006   k=         1
        279        -0.018218355767394   k=         1
        280        0.044144162662705   k=         1
        281        0.121764386254897   k=         1
        282        0.002552213510095   k=         1
        283        -0.011331412519011   k=         1
        284        0.037872202184014   k=         1
        285        0.073876571208235   k=         1
        286        -0.001879522462413   k=         1
        287        -0.025238521859400   k=         1
        288        0.021698061891957   k=         1
        289        0.072512610304641   k=         1
        290        0.004335423525624   k=         1
        291        0.029709003702052   k=         1
        292        -0.028990437039578   k=         1
        293        -0.068931368331595   k=         1
        294        -0.003843133690596   k=         1
        295        0.002249137017729   k=         1
        296        -0.044157221043750   k=         1
        297        -0.099031774587514   k=         1
        298        0.000335581064549   k=         1
        299        -0.004891288372623   k=         1
        300        -0.021465508547086   k=         1
        301        -0.122845138209786   k=         1
        302        -0.002197723975690   k=         1
        303        0.012922736674848   k=         1
        304        -0.019831918876282   k=         1
        305        0.142799383662060   k=         1
        306        0.000097699816701   k=         1
        307        0.010790587677687   k=         1
        308        0.008712793246494   k=         1
        309        0.128020235738710   k=         1
        310        -0.002203110574716   k=         1
        311        -0.006227800541842   k=         1
        312        0.029683617406873   k=         1
        313        -0.147738445872584   k=         1
        314        0.003092715419183   k=         1
        315        -0.000361332928743   k=         1
        316        0.043573724999375   k=         1
        317        -0.097821505973380   k=         1
        318        -0.002308321082942   k=         1
        319        0.010171594999641   k=         1
        320        0.027787044820817   k=         1
        321        -0.089242703040454   k=         1
        322        0.000145428157663   k=         1
        323        -0.008796874436396   k=         1
        324        -0.016192539322299   k=         1
        325        0.125352594259204   k=         1
        326        -0.000640069047904   k=         1
        327        -0.003488303932376   k=         1
        328        -0.024292442089527   k=         1
        329        0.074786829145958   k=         1
        330        0.003804104672387   k=         1
        331        -0.005645377249290   k=         1
        332        -0.036067774800998   k=         1
        333        0.138044253660503   k=         1
        334        -0.007749458320809   k=         1
        335        -0.010265130600265   k=         1
        336        0.041934142368134   k=         1
        337        -0.129081658866070   k=         1
        338        0.008507665403130   k=         1
        339        -0.010729047186576   k=         1
        340        0.041258415044163   k=         1
        341        -0.145400919981729   k=         1
        342        -0.001464128335542   k=         1
        343        -0.005976090669702   k=         1
        344        -0.044067137078213   k=         1
        345        0.124178783497930   k=         1
        346        -0.000222542527502   k=         1
        347        -0.008279210748905   k=         1
        348        -0.025441896790239   k=         1
        349        0.095506552648774   k=         1
        350        0.000824966764735   k=         1
        351        -0.019997025672827   k=         1
        352        -0.032225691678783   k=         1
        353        0.096296304595283   k=         1
        354        -0.000104351380437   k=         1
        355        0.015533734084525   k=         1
        356        0.022775805691004   k=         1
        357        -0.078515579565434   k=         1
        358        -0.000675229176205   k=         1
        359        0.005640245274366   k=         1
        360        0.026749999915343   k=         1
        361        -0.079375981609860   k=         1
        362        -0.002272386277493   k=         1
        363        0.004570048253443   k=         1
        364        0.061118601496123   k=         1
        365        -0.142361393662589   k=         1
        366        -0.002005814107612   k=         1
        367        -0.003002777449329   k=         1
        368        -0.043567386245215   k=         1
        369        0.078542857652650   k=         1
        370        -0.001257891736939   k=         1
        371        0.000833276182295   k=         1
        372        0.000305451824102   k=         1
        373        0.004298390282096   k=         1
        374        -0.009097924035716   k=         1
        375        -0.036739607757686   k=         1
        376        0.002483581408709   k=         1
        377        -0.001151391938371   k=         1
        378        -0.002020085417669   k=         1
        379        -0.003107536290198   k=         1
        380        -0.003762693794328   k=         1
        381        -0.002378287430053   k=         1
        382        0.005846160497822   k=         1
        383        0.001257497333319   k=         1
        384        -0.004722440407816   k=         1
        385        0.008572333116834   k=         1
        386        -0.003477065275965   k=         1
        387        -0.004755902329740   k=         1
        388        -0.001696639120033   k=         1
        389        0.004845849124879   k=         1
        390        0.004070465102746   k=         1
        391        -0.000658014257342   k=         1
        392        0.000928258631763   k=         1
        393        0.004513369880761   k=         1
        394        0.004636360027762   k=         1
        395        0.000015989658506   k=         1
        396        -0.002600412390691   k=         1
        397        -0.003233322588332   k=         1
        398        0.004798440821872   k=         1
        399        -0.001158744093735   k=         1
        400        -0.016514781336505   k=         1
        401        -0.051844447333093   k=         1
        402        0.118047365956756   k=         1
        403        0.000291265849637   k=         1
        404        0.010696107210986   k=         1
        405        0.035136991142263   k=         1
        406        -0.056829621562979   k=         1
        407        0.003179767991741   k=         1
        408        -0.012393237559201   k=         1
        409        0.057752820681352   k=         1
        410        -0.059336023589253   k=         1
        411        -0.003328752695159   k=         1
        412        -0.001706890429379   k=         1
        413        0.072374018931800   k=         1
        414        -0.071319567067806   k=         1
        415        0.000241543483185   k=         1
        416        0.003064631067035   k=         1
        417        -0.013020323137567   k=         1
        418        0.013814942922523   k=         1
        419        -0.001756549053053   k=         1
        420        0.006734123858227   k=         1
        421        -0.020142873290449   k=         1
        422        0.021965436225818   k=         1
        423        0.000790980170540   k=         1
        424        0.005231295540798   k=         1
        425        -0.068414395492524   k=         1
        426        0.088730822073626   k=         1
