# file_format= v0.04.05
       144       426
    188.97268778      0.00000000      0.00000000    0
      0.00000000    188.97268778      0.00000000    0
      0.00000000      0.00000000    188.97268778    0
 6
       4
     2     2     2     2
     0     1     1     1
 1.710E+00 1.625E+00 1.625E+00 1.625E+00
 0.000E+00 0.000E+00 0.000E+00 0.000E+00
 0.000E+00 0.000E+00 0.000E+00 0.000E+00
 0.000E+00 0.000E+00 0.000E+00 0.000E+00
      0.971731     -0.674683    -0.148984
 6
       4
     2     2     2     2
     0     1     1     1
 1.710E+00 1.625E+00 1.625E+00 1.625E+00
 0.000E+00 0.000E+00 0.000E+00 0.000E+00
 0.000E+00 0.000E+00 0.000E+00 0.000E+00
 0.000E+00 0.000E+00 0.000E+00 0.000E+00
      -0.719071     1.162896    0.539343
 6
       4
     2     2     2     2
     0     1     1     1
 1.710E+00 1.625E+00 1.625E+00 1.625E+00
 0.000E+00 0.000E+00 0.000E+00 0.000E+00
 0.000E+00 0.000E+00 0.000E+00 0.000E+00
 0.000E+00 0.000E+00 0.000E+00 0.000E+00
      0.084588     -3.152603    -0.844452
 6
       4
     2     2     2     2
     0     1     1     1
 1.710E+00 1.625E+00 1.625E+00 1.625E+00
 0.000E+00 0.000E+00 0.000E+00 0.000E+00
 0.000E+00 0.000E+00 0.000E+00 0.000E+00
 0.000E+00 0.000E+00 0.000E+00 0.000E+00
      -3.452820     0.669929    0.449611
 6
       4
     2     2     2     2
     0     1     1     1
 1.710E+00 1.625E+00 1.625E+00 1.625E+00
 0.000E+00 0.000E+00 0.000E+00 0.000E+00
 0.000E+00 0.000E+00 0.000E+00 0.000E+00
 0.000E+00 0.000E+00 0.000E+00 0.000E+00
      -4.116496     -1.788964    -0.389333
 6
       4
     2     2     2     2
     0     1     1     1
 1.710E+00 1.625E+00 1.625E+00 1.625E+00
 0.000E+00 0.000E+00 0.000E+00 0.000E+00
 0.000E+00 0.000E+00 0.000E+00 0.000E+00
 0.000E+00 0.000E+00 0.000E+00 0.000E+00
      -2.530249     -3.585249    -1.026822
 6
       4
     2     2     2     2
     0     1     1     1
 1.710E+00 1.625E+00 1.625E+00 1.625E+00
 0.000E+00 0.000E+00 0.000E+00 0.000E+00
 0.000E+00 0.000E+00 0.000E+00 0.000E+00
 0.000E+00 0.000E+00 0.000E+00 0.000E+00
      3.649847     -0.299276    -0.002655
 6
       4
     2     2     2     2
     0     1     1     1
 1.710E+00 1.625E+00 1.625E+00 1.625E+00
 0.000E+00 0.000E+00 0.000E+00 0.000E+00
 0.000E+00 0.000E+00 0.000E+00 0.000E+00
 0.000E+00 0.000E+00 0.000E+00 0.000E+00
      5.891393     0.181179    -0.053269
 6
       4
     2     2     2     2
     0     1     1     1
 1.710E+00 1.625E+00 1.625E+00 1.625E+00
 0.000E+00 0.000E+00 0.000E+00 0.000E+00
 0.000E+00 0.000E+00 0.000E+00 0.000E+00
 0.000E+00 0.000E+00 0.000E+00 0.000E+00
      8.679285     0.418149    0.032001
 6
       4
     2     2     2     2
     0     1     1     1
 1.710E+00 1.625E+00 1.625E+00 1.625E+00
 0.000E+00 0.000E+00 0.000E+00 0.000E+00
 0.000E+00 0.000E+00 0.000E+00 0.000E+00
 0.000E+00 0.000E+00 0.000E+00 0.000E+00
      9.857240     2.787283    -0.599722
 6
       4
     2     2     2     2
     0     1     1     1
 1.710E+00 1.625E+00 1.625E+00 1.625E+00
 0.000E+00 0.000E+00 0.000E+00 0.000E+00
 0.000E+00 0.000E+00 0.000E+00 0.000E+00
 0.000E+00 0.000E+00 0.000E+00 0.000E+00
      10.170159     -1.681635    0.678344
 6
       4
     2     2     2     2
     0     1     1     1
 1.710E+00 1.625E+00 1.625E+00 1.625E+00
 0.000E+00 0.000E+00 0.000E+00 0.000E+00
 0.000E+00 0.000E+00 0.000E+00 0.000E+00
 0.000E+00 0.000E+00 0.000E+00 0.000E+00
      12.451611     3.083683    -0.508907
 6
       4
     2     2     2     2
     0     1     1     1
 1.710E+00 1.625E+00 1.625E+00 1.625E+00
 0.000E+00 0.000E+00 0.000E+00 0.000E+00
 0.000E+00 0.000E+00 0.000E+00 0.000E+00
 0.000E+00 0.000E+00 0.000E+00 0.000E+00
      12.858383     -1.374447    0.742432
 6
       4
     2     2     2     2
     0     1     1     1
 1.710E+00 1.625E+00 1.625E+00 1.625E+00
 0.000E+00 0.000E+00 0.000E+00 0.000E+00
 0.000E+00 0.000E+00 0.000E+00 0.000E+00
 0.000E+00 0.000E+00 0.000E+00 0.000E+00
      13.971566     1.016682    0.277990
 6
       4
     2     2     2     2
     0     1     1     1
 1.710E+00 1.625E+00 1.625E+00 1.625E+00
 0.000E+00 0.000E+00 0.000E+00 0.000E+00
 0.000E+00 0.000E+00 0.000E+00 0.000E+00
 0.000E+00 0.000E+00 0.000E+00 0.000E+00
      16.790565     1.280815    0.533124
 6
       4
     2     2     2     2
     0     1     1     1
 1.710E+00 1.625E+00 1.625E+00 1.625E+00
 0.000E+00 0.000E+00 0.000E+00 0.000E+00
 0.000E+00 0.000E+00 0.000E+00 0.000E+00
 0.000E+00 0.000E+00 0.000E+00 0.000E+00
      19.074250     1.563393    0.317729
 6
       4
     2     2     2     2
     0     1     1     1
 1.710E+00 1.625E+00 1.625E+00 1.625E+00
 0.000E+00 0.000E+00 0.000E+00 0.000E+00
 0.000E+00 0.000E+00 0.000E+00 0.000E+00
 0.000E+00 0.000E+00 0.000E+00 0.000E+00
      21.925406     1.312033    0.240381
 6
       4
     2     2     2     2
     0     1     1     1
 1.710E+00 1.625E+00 1.625E+00 1.625E+00
 0.000E+00 0.000E+00 0.000E+00 0.000E+00
 0.000E+00 0.000E+00 0.000E+00 0.000E+00
 0.000E+00 0.000E+00 0.000E+00 0.000E+00
      23.214210     -0.733516    1.587077
 6
       4
     2     2     2     2
     0     1     1     1
 1.710E+00 1.625E+00 1.625E+00 1.625E+00
 0.000E+00 0.000E+00 0.000E+00 0.000E+00
 0.000E+00 0.000E+00 0.000E+00 0.000E+00
 0.000E+00 0.000E+00 0.000E+00 0.000E+00
      23.438073     2.946047    -1.318760
 6
       4
     2     2     2     2
     0     1     1     1
 1.710E+00 1.625E+00 1.625E+00 1.625E+00
 0.000E+00 0.000E+00 0.000E+00 0.000E+00
 0.000E+00 0.000E+00 0.000E+00 0.000E+00
 0.000E+00 0.000E+00 0.000E+00 0.000E+00
      26.008936     2.820624    -1.420603
 6
       4
     2     2     2     2
     0     1     1     1
 1.710E+00 1.625E+00 1.625E+00 1.625E+00
 0.000E+00 0.000E+00 0.000E+00 0.000E+00
 0.000E+00 0.000E+00 0.000E+00 0.000E+00
 0.000E+00 0.000E+00 0.000E+00 0.000E+00
      25.731076     -0.867428    1.461132
 6
       4
     2     2     2     2
     0     1     1     1
 1.710E+00 1.625E+00 1.625E+00 1.625E+00
 0.000E+00 0.000E+00 0.000E+00 0.000E+00
 0.000E+00 0.000E+00 0.000E+00 0.000E+00
 0.000E+00 0.000E+00 0.000E+00 0.000E+00
      27.329814     0.915680    -0.031309
 6
       4
     2     2     2     2
     0     1     1     1
 1.710E+00 1.625E+00 1.625E+00 1.625E+00
 0.000E+00 0.000E+00 0.000E+00 0.000E+00
 0.000E+00 0.000E+00 0.000E+00 0.000E+00
 0.000E+00 0.000E+00 0.000E+00 0.000E+00
      30.067368     0.538708    -0.139348
 6
       4
     2     2     2     2
     0     1     1     1
 1.710E+00 1.625E+00 1.625E+00 1.625E+00
 0.000E+00 0.000E+00 0.000E+00 0.000E+00
 0.000E+00 0.000E+00 0.000E+00 0.000E+00
 0.000E+00 0.000E+00 0.000E+00 0.000E+00
      32.360070     0.045631    -0.153939
 6
       4
     2     2     2     2
     0     1     1     1
 1.710E+00 1.625E+00 1.625E+00 1.625E+00
 0.000E+00 0.000E+00 0.000E+00 0.000E+00
 0.000E+00 0.000E+00 0.000E+00 0.000E+00
 0.000E+00 0.000E+00 0.000E+00 0.000E+00
      35.181977     -0.167781    0.063242
 6
       4
     2     2     2     2
     0     1     1     1
 1.710E+00 1.625E+00 1.625E+00 1.625E+00
 0.000E+00 0.000E+00 0.000E+00 0.000E+00
 0.000E+00 0.000E+00 0.000E+00 0.000E+00
 0.000E+00 0.000E+00 0.000E+00 0.000E+00
      36.481835     -2.396745    0.718085
 6
       4
     2     2     2     2
     0     1     1     1
 1.710E+00 1.625E+00 1.625E+00 1.625E+00
 0.000E+00 0.000E+00 0.000E+00 0.000E+00
 0.000E+00 0.000E+00 0.000E+00 0.000E+00
 0.000E+00 0.000E+00 0.000E+00 0.000E+00
      36.560614     2.144750    -0.603871
 6
       4
     2     2     2     2
     0     1     1     1
 1.710E+00 1.625E+00 1.625E+00 1.625E+00
 0.000E+00 0.000E+00 0.000E+00 0.000E+00
 0.000E+00 0.000E+00 0.000E+00 0.000E+00
 0.000E+00 0.000E+00 0.000E+00 0.000E+00
      39.122810     2.100995    -0.567305
 6
       4
     2     2     2     2
     0     1     1     1
 1.710E+00 1.625E+00 1.625E+00 1.625E+00
 0.000E+00 0.000E+00 0.000E+00 0.000E+00
 0.000E+00 0.000E+00 0.000E+00 0.000E+00
 0.000E+00 0.000E+00 0.000E+00 0.000E+00
      39.163178     -2.402728    0.642807
 6
       4
     2     2     2     2
     0     1     1     1
 1.710E+00 1.625E+00 1.625E+00 1.625E+00
 0.000E+00 0.000E+00 0.000E+00 0.000E+00
 0.000E+00 0.000E+00 0.000E+00 0.000E+00
 0.000E+00 0.000E+00 0.000E+00 0.000E+00
      40.487572     -0.206007    0.035996
 6
       4
     2     2     2     2
     0     1     1     1
 1.710E+00 1.625E+00 1.625E+00 1.625E+00
 0.000E+00 0.000E+00 0.000E+00 0.000E+00
 0.000E+00 0.000E+00 0.000E+00 0.000E+00
 0.000E+00 0.000E+00 0.000E+00 0.000E+00
      43.252064     -0.167982    -0.281444
 6
       4
     2     2     2     2
     0     1     1     1
 1.710E+00 1.625E+00 1.625E+00 1.625E+00
 0.000E+00 0.000E+00 0.000E+00 0.000E+00
 0.000E+00 0.000E+00 0.000E+00 0.000E+00
 0.000E+00 0.000E+00 0.000E+00 0.000E+00
      45.491818     -0.699021    -0.386761
 6
       4
     2     2     2     2
     0     1     1     1
 1.710E+00 1.625E+00 1.625E+00 1.625E+00
 0.000E+00 0.000E+00 0.000E+00 0.000E+00
 0.000E+00 0.000E+00 0.000E+00 0.000E+00
 0.000E+00 0.000E+00 0.000E+00 0.000E+00
      48.287172     -0.561439    -0.301398
 6
       4
     2     2     2     2
     0     1     1     1
 1.710E+00 1.625E+00 1.625E+00 1.625E+00
 0.000E+00 0.000E+00 0.000E+00 0.000E+00
 0.000E+00 0.000E+00 0.000E+00 0.000E+00
 0.000E+00 0.000E+00 0.000E+00 0.000E+00
      49.860316     -2.449092    0.809447
 6
       4
     2     2     2     2
     0     1     1     1
 1.710E+00 1.625E+00 1.625E+00 1.625E+00
 0.000E+00 0.000E+00 0.000E+00 0.000E+00
 0.000E+00 0.000E+00 0.000E+00 0.000E+00
 0.000E+00 0.000E+00 0.000E+00 0.000E+00
      49.460159     1.624114    -1.385443
 6
       4
     2     2     2     2
     0     1     1     1
 1.710E+00 1.625E+00 1.625E+00 1.625E+00
 0.000E+00 0.000E+00 0.000E+00 0.000E+00
 0.000E+00 0.000E+00 0.000E+00 0.000E+00
 0.000E+00 0.000E+00 0.000E+00 0.000E+00
      52.099358     1.872121    -1.234717
 6
       4
     2     2     2     2
     0     1     1     1
 1.710E+00 1.625E+00 1.625E+00 1.625E+00
 0.000E+00 0.000E+00 0.000E+00 0.000E+00
 0.000E+00 0.000E+00 0.000E+00 0.000E+00
 0.000E+00 0.000E+00 0.000E+00 0.000E+00
      52.471715     -2.336410    0.937971
 6
       4
     2     2     2     2
     0     1     1     1
 1.710E+00 1.625E+00 1.625E+00 1.625E+00
 0.000E+00 0.000E+00 0.000E+00 0.000E+00
 0.000E+00 0.000E+00 0.000E+00 0.000E+00
 0.000E+00 0.000E+00 0.000E+00 0.000E+00
      53.599899     -0.028338    -0.063005
 6
       4
     2     2     2     2
     0     1     1     1
 1.710E+00 1.625E+00 1.625E+00 1.625E+00
 0.000E+00 0.000E+00 0.000E+00 0.000E+00
 0.000E+00 0.000E+00 0.000E+00 0.000E+00
 0.000E+00 0.000E+00 0.000E+00 0.000E+00
      56.432071     0.186705    -0.042970
 1
       1
     1
     0
 1.300E+00
 0.000E+00
 0.000E+00
 0.000E+00
      -4.793222     2.026108    0.830610
 1
       1
     1
     0
 1.300E+00
 0.000E+00
 0.000E+00
 0.000E+00
      -0.175329     2.909091    1.091067
 1
       1
     1
     0
 1.300E+00
 0.000E+00
 0.000E+00
 0.000E+00
      -6.250458     -1.972228    -0.431986
 1
       1
     1
     0
 1.300E+00
 0.000E+00
 0.000E+00
 0.000E+00
      -3.261516     -5.303542    -1.657845
 1
       1
     1
     0
 1.300E+00
 0.000E+00
 0.000E+00
 0.000E+00
      1.343149     -4.618241    -1.432983
 1
       1
     1
     0
 1.300E+00
 0.000E+00
 0.000E+00
 0.000E+00
      8.562333     4.262525    -1.163448
 1
       1
     1
     0
 1.300E+00
 0.000E+00
 0.000E+00
 0.000E+00
      9.346997     -3.382978    1.154061
 1
       1
     1
     0
 1.300E+00
 0.000E+00
 0.000E+00
 0.000E+00
      13.432564     4.719644    -1.047271
 1
       1
     1
     0
 1.300E+00
 0.000E+00
 0.000E+00
 0.000E+00
      14.058331     -2.801428    1.276185
 1
       1
     1
     0
 1.300E+00
 0.000E+00
 0.000E+00
 0.000E+00
      22.489147     4.360788    -2.405837
 1
       1
     1
     0
 1.300E+00
 0.000E+00
 0.000E+00
 0.000E+00
      26.986172     4.025674    -2.522459
 1
       1
     1
     0
 1.300E+00
 0.000E+00
 0.000E+00
 0.000E+00
      22.213880     -2.019184    2.687024
 1
       1
     1
     0
 1.300E+00
 0.000E+00
 0.000E+00
 0.000E+00
      26.638628     -2.377211    2.372298
 1
       1
     1
     0
 1.300E+00
 0.000E+00
 0.000E+00
 0.000E+00
      35.532762     3.717089    -1.016157
 1
       1
     1
     0
 1.300E+00
 0.000E+00
 0.000E+00
 0.000E+00
      35.611697     -4.082948    1.262777
 1
       1
     1
     0
 1.300E+00
 0.000E+00
 0.000E+00
 0.000E+00
      40.297071     3.698283    -1.056689
 1
       1
     1
     0
 1.300E+00
 0.000E+00
 0.000E+00
 0.000E+00
      40.058789     -4.160031    1.086360
 1
       1
     1
     0
 1.300E+00
 0.000E+00
 0.000E+00
 0.000E+00
      48.343526     2.955208    -2.426899
 1
       1
     1
     0
 1.300E+00
 0.000E+00
 0.000E+00
 0.000E+00
      48.899215     -4.065653    1.616674
 1
       1
     1
     0
 1.300E+00
 0.000E+00
 0.000E+00
 0.000E+00
      52.859190     3.477980    -2.291811
 1
       1
     1
     0
 1.300E+00
 0.000E+00
 0.000E+00
 0.000E+00
      53.485385     -3.773624    1.770214
 1
       1
     1
     0
 1.300E+00
 0.000E+00
 0.000E+00
 0.000E+00
      61.751049     4.225114    -1.423260
 1
       1
     1
     0
 1.300E+00
 0.000E+00
 0.000E+00
 0.000E+00
      61.911910     -3.684705    0.870973
 6
       4
     2     2     2     2
     0     1     1     1
 1.710E+00 1.625E+00 1.625E+00 1.625E+00
 0.000E+00 0.000E+00 0.000E+00 0.000E+00
 0.000E+00 0.000E+00 0.000E+00 0.000E+00
 0.000E+00 0.000E+00 0.000E+00 0.000E+00
      69.680465     0.343371    -0.214652
 1
       1
     1
     0
 1.300E+00
 0.000E+00
 0.000E+00
 0.000E+00
      66.374010     4.130671    -1.347588
 1
       1
     1
     0
 1.300E+00
 0.000E+00
 0.000E+00
 0.000E+00
      66.451765     -3.658615    0.852096
 6
       4
     2     2     2     2
     0     1     1     1
 1.710E+00 1.625E+00 1.625E+00 1.625E+00
 0.000E+00 0.000E+00 0.000E+00 0.000E+00
 0.000E+00 0.000E+00 0.000E+00 0.000E+00
 0.000E+00 0.000E+00 0.000E+00 0.000E+00
      58.725454     0.225416    -0.039251
 6
       4
     2     2     2     2
     0     1     1     1
 1.710E+00 1.625E+00 1.625E+00 1.625E+00
 0.000E+00 0.000E+00 0.000E+00 0.000E+00
 0.000E+00 0.000E+00 0.000E+00 0.000E+00
 0.000E+00 0.000E+00 0.000E+00 0.000E+00
      61.504672     0.223145    -0.139723
 6
       4
     2     2     2     2
     0     1     1     1
 1.710E+00 1.625E+00 1.625E+00 1.625E+00
 0.000E+00 0.000E+00 0.000E+00 0.000E+00
 0.000E+00 0.000E+00 0.000E+00 0.000E+00
 0.000E+00 0.000E+00 0.000E+00 0.000E+00
      62.794601     -1.990460    0.531400
 6
       4
     2     2     2     2
     0     1     1     1
 1.710E+00 1.625E+00 1.625E+00 1.625E+00
 0.000E+00 0.000E+00 0.000E+00 0.000E+00
 0.000E+00 0.000E+00 0.000E+00 0.000E+00
 0.000E+00 0.000E+00 0.000E+00 0.000E+00
      62.762683     2.528956    -0.903746
 6
       4
     2     2     2     2
     0     1     1     1
 1.710E+00 1.625E+00 1.625E+00 1.625E+00
 0.000E+00 0.000E+00 0.000E+00 0.000E+00
 0.000E+00 0.000E+00 0.000E+00 0.000E+00
 0.000E+00 0.000E+00 0.000E+00 0.000E+00
      65.418538     2.538715    -0.891045
 6
       4
     2     2     2     2
     0     1     1     1
 1.710E+00 1.625E+00 1.625E+00 1.625E+00
 0.000E+00 0.000E+00 0.000E+00 0.000E+00
 0.000E+00 0.000E+00 0.000E+00 0.000E+00
 0.000E+00 0.000E+00 0.000E+00 0.000E+00
      65.528904     -1.977400    0.565446
 6
       4
     2     2     2     2
     0     1     1     1
 1.710E+00 1.625E+00 1.625E+00 1.625E+00
 0.000E+00 0.000E+00 0.000E+00 0.000E+00
 0.000E+00 0.000E+00 0.000E+00 0.000E+00
 0.000E+00 0.000E+00 0.000E+00 0.000E+00
      66.870681     0.334020    -0.179620
 6
       4
     2     2     2     2
     0     1     1     1
 1.710E+00 1.625E+00 1.625E+00 1.625E+00
 0.000E+00 0.000E+00 0.000E+00 0.000E+00
 0.000E+00 0.000E+00 0.000E+00 0.000E+00
 0.000E+00 0.000E+00 0.000E+00 0.000E+00
      80.052221     -0.198434    0.561876
 6
       4
     2     2     2     2
     0     1     1     1
 1.710E+00 1.625E+00 1.625E+00 1.625E+00
 0.000E+00 0.000E+00 0.000E+00 0.000E+00
 0.000E+00 0.000E+00 0.000E+00 0.000E+00
 0.000E+00 0.000E+00 0.000E+00 0.000E+00
      78.871104     2.171512    0.007398
 6
       4
     2     2     2     2
     0     1     1     1
 1.710E+00 1.625E+00 1.625E+00 1.625E+00
 0.000E+00 0.000E+00 0.000E+00 0.000E+00
 0.000E+00 0.000E+00 0.000E+00 0.000E+00
 0.000E+00 0.000E+00 0.000E+00 0.000E+00
      78.567548     -2.407386    1.014798
 6
       4
     2     2     2     2
     0     1     1     1
 1.710E+00 1.625E+00 1.625E+00 1.625E+00
 0.000E+00 0.000E+00 0.000E+00 0.000E+00
 0.000E+00 0.000E+00 0.000E+00 0.000E+00
 0.000E+00 0.000E+00 0.000E+00 0.000E+00
      76.263177     2.301696    -0.159778
 6
       4
     2     2     2     2
     0     1     1     1
 1.710E+00 1.625E+00 1.625E+00 1.625E+00
 0.000E+00 0.000E+00 0.000E+00 0.000E+00
 0.000E+00 0.000E+00 0.000E+00 0.000E+00
 0.000E+00 0.000E+00 0.000E+00 0.000E+00
      74.716697     0.174805    0.196473
 6
       4
     2     2     2     2
     0     1     1     1
 1.710E+00 1.625E+00 1.625E+00 1.625E+00
 0.000E+00 0.000E+00 0.000E+00 0.000E+00
 0.000E+00 0.000E+00 0.000E+00 0.000E+00
 0.000E+00 0.000E+00 0.000E+00 0.000E+00
      75.938550     -2.284533    0.833770
 6
       4
     2     2     2     2
     0     1     1     1
 1.710E+00 1.625E+00 1.625E+00 1.625E+00
 0.000E+00 0.000E+00 0.000E+00 0.000E+00
 0.000E+00 0.000E+00 0.000E+00 0.000E+00
 0.000E+00 0.000E+00 0.000E+00 0.000E+00
      82.785651     -0.235163    0.539821
 6
       4
     2     2     2     2
     0     1     1     1
 1.710E+00 1.625E+00 1.625E+00 1.625E+00
 0.000E+00 0.000E+00 0.000E+00 0.000E+00
 0.000E+00 0.000E+00 0.000E+00 0.000E+00
 0.000E+00 0.000E+00 0.000E+00 0.000E+00
      85.104212     -0.119886    0.409698
 6
       4
     2     2     2     2
     0     1     1     1
 1.710E+00 1.625E+00 1.625E+00 1.625E+00
 0.000E+00 0.000E+00 0.000E+00 0.000E+00
 0.000E+00 0.000E+00 0.000E+00 0.000E+00
 0.000E+00 0.000E+00 0.000E+00 0.000E+00
      87.858222     0.067730    0.098309
 6
       4
     2     2     2     2
     0     1     1     1
 1.710E+00 1.625E+00 1.625E+00 1.625E+00
 0.000E+00 0.000E+00 0.000E+00 0.000E+00
 0.000E+00 0.000E+00 0.000E+00 0.000E+00
 0.000E+00 0.000E+00 0.000E+00 0.000E+00
      89.175892     2.313327    -0.914268
 6
       4
     2     2     2     2
     0     1     1     1
 1.710E+00 1.625E+00 1.625E+00 1.625E+00
 0.000E+00 0.000E+00 0.000E+00 0.000E+00
 0.000E+00 0.000E+00 0.000E+00 0.000E+00
 0.000E+00 0.000E+00 0.000E+00 0.000E+00
      89.356517     -2.103290    0.594829
 6
       4
     2     2     2     2
     0     1     1     1
 1.710E+00 1.625E+00 1.625E+00 1.625E+00
 0.000E+00 0.000E+00 0.000E+00 0.000E+00
 0.000E+00 0.000E+00 0.000E+00 0.000E+00
 0.000E+00 0.000E+00 0.000E+00 0.000E+00
      91.754160     2.420119    -1.049216
 6
       4
     2     2     2     2
     0     1     1     1
 1.710E+00 1.625E+00 1.625E+00 1.625E+00
 0.000E+00 0.000E+00 0.000E+00 0.000E+00
 0.000E+00 0.000E+00 0.000E+00 0.000E+00
 0.000E+00 0.000E+00 0.000E+00 0.000E+00
      91.928716     -1.966785    0.526927
 6
       4
     2     2     2     2
     0     1     1     1
 1.710E+00 1.625E+00 1.625E+00 1.625E+00
 0.000E+00 0.000E+00 0.000E+00 0.000E+00
 0.000E+00 0.000E+00 0.000E+00 0.000E+00
 0.000E+00 0.000E+00 0.000E+00 0.000E+00
      93.246817     0.343707    -0.202615
 6
       4
     2     2     2     2
     0     1     1     1
 1.710E+00 1.625E+00 1.625E+00 1.625E+00
 0.000E+00 0.000E+00 0.000E+00 0.000E+00
 0.000E+00 0.000E+00 0.000E+00 0.000E+00
 0.000E+00 0.000E+00 0.000E+00 0.000E+00
      96.017053     0.269290    -0.264308
 6
       4
     2     2     2     2
     0     1     1     1
 1.710E+00 1.625E+00 1.625E+00 1.625E+00
 0.000E+00 0.000E+00 0.000E+00 0.000E+00
 0.000E+00 0.000E+00 0.000E+00 0.000E+00
 0.000E+00 0.000E+00 0.000E+00 0.000E+00
      98.316950     0.405684    -0.130351
 6
       4
     2     2     2     2
     0     1     1     1
 1.710E+00 1.625E+00 1.625E+00 1.625E+00
 0.000E+00 0.000E+00 0.000E+00 0.000E+00
 0.000E+00 0.000E+00 0.000E+00 0.000E+00
 0.000E+00 0.000E+00 0.000E+00 0.000E+00
      101.092001     0.478601    -0.047706
 6
       4
     2     2     2     2
     0     1     1     1
 1.710E+00 1.625E+00 1.625E+00 1.625E+00
 0.000E+00 0.000E+00 0.000E+00 0.000E+00
 0.000E+00 0.000E+00 0.000E+00 0.000E+00
 0.000E+00 0.000E+00 0.000E+00 0.000E+00
      102.543991     -1.714014    0.690651
 6
       4
     2     2     2     2
     0     1     1     1
 1.710E+00 1.625E+00 1.625E+00 1.625E+00
 0.000E+00 0.000E+00 0.000E+00 0.000E+00
 0.000E+00 0.000E+00 0.000E+00 0.000E+00
 0.000E+00 0.000E+00 0.000E+00 0.000E+00
      102.351235     2.705003    -0.739892
 6
       4
     2     2     2     2
     0     1     1     1
 1.710E+00 1.625E+00 1.625E+00 1.625E+00
 0.000E+00 0.000E+00 0.000E+00 0.000E+00
 0.000E+00 0.000E+00 0.000E+00 0.000E+00
 0.000E+00 0.000E+00 0.000E+00 0.000E+00
      105.052054     2.857113    -0.516426
 6
       4
     2     2     2     2
     0     1     1     1
 1.710E+00 1.625E+00 1.625E+00 1.625E+00
 0.000E+00 0.000E+00 0.000E+00 0.000E+00
 0.000E+00 0.000E+00 0.000E+00 0.000E+00
 0.000E+00 0.000E+00 0.000E+00 0.000E+00
      105.150860     -1.605245    0.936954
 6
       4
     2     2     2     2
     0     1     1     1
 1.710E+00 1.625E+00 1.625E+00 1.625E+00
 0.000E+00 0.000E+00 0.000E+00 0.000E+00
 0.000E+00 0.000E+00 0.000E+00 0.000E+00
 0.000E+00 0.000E+00 0.000E+00 0.000E+00
      106.458963     0.805836    0.336362
 6
       4
     2     2     2     2
     0     1     1     1
 1.710E+00 1.625E+00 1.625E+00 1.625E+00
 0.000E+00 0.000E+00 0.000E+00 0.000E+00
 0.000E+00 0.000E+00 0.000E+00 0.000E+00
 0.000E+00 0.000E+00 0.000E+00 0.000E+00
      109.275008     0.858778    0.279717
 6
       4
     2     2     2     2
     0     1     1     1
 1.710E+00 1.625E+00 1.625E+00 1.625E+00
 0.000E+00 0.000E+00 0.000E+00 0.000E+00
 0.000E+00 0.000E+00 0.000E+00 0.000E+00
 0.000E+00 0.000E+00 0.000E+00 0.000E+00
      111.579221     1.006430    0.058808
 6
       4
     2     2     2     2
     0     1     1     1
 1.710E+00 1.625E+00 1.625E+00 1.625E+00
 0.000E+00 0.000E+00 0.000E+00 0.000E+00
 0.000E+00 0.000E+00 0.000E+00 0.000E+00
 0.000E+00 0.000E+00 0.000E+00 0.000E+00
      114.318065     0.883721    -0.205396
 6
       4
     2     2     2     2
     0     1     1     1
 1.710E+00 1.625E+00 1.625E+00 1.625E+00
 0.000E+00 0.000E+00 0.000E+00 0.000E+00
 0.000E+00 0.000E+00 0.000E+00 0.000E+00
 0.000E+00 0.000E+00 0.000E+00 0.000E+00
      115.496549     -1.516605    -0.649565
 6
       4
     2     2     2     2
     0     1     1     1
 1.710E+00 1.625E+00 1.625E+00 1.625E+00
 0.000E+00 0.000E+00 0.000E+00 0.000E+00
 0.000E+00 0.000E+00 0.000E+00 0.000E+00
 0.000E+00 0.000E+00 0.000E+00 0.000E+00
      115.878540     3.011702    0.459576
 6
       4
     2     2     2     2
     0     1     1     1
 1.710E+00 1.625E+00 1.625E+00 1.625E+00
 0.000E+00 0.000E+00 0.000E+00 0.000E+00
 0.000E+00 0.000E+00 0.000E+00 0.000E+00
 0.000E+00 0.000E+00 0.000E+00 0.000E+00
      118.525402     2.783848    0.634887
 6
       4
     2     2     2     2
     0     1     1     1
 1.710E+00 1.625E+00 1.625E+00 1.625E+00
 0.000E+00 0.000E+00 0.000E+00 0.000E+00
 0.000E+00 0.000E+00 0.000E+00 0.000E+00
 0.000E+00 0.000E+00 0.000E+00 0.000E+00
      118.159301     -1.726350    -0.447529
 6
       4
     2     2     2     2
     0     1     1     1
 1.710E+00 1.625E+00 1.625E+00 1.625E+00
 0.000E+00 0.000E+00 0.000E+00 0.000E+00
 0.000E+00 0.000E+00 0.000E+00 0.000E+00
 0.000E+00 0.000E+00 0.000E+00 0.000E+00
      119.686701     0.309050    0.029892
 6
       4
     2     2     2     2
     0     1     1     1
 1.710E+00 1.625E+00 1.625E+00 1.625E+00
 0.000E+00 0.000E+00 0.000E+00 0.000E+00
 0.000E+00 0.000E+00 0.000E+00 0.000E+00
 0.000E+00 0.000E+00 0.000E+00 0.000E+00
      122.520258     0.132630    0.060615
 6
       4
     2     2     2     2
     0     1     1     1
 1.710E+00 1.625E+00 1.625E+00 1.625E+00
 0.000E+00 0.000E+00 0.000E+00 0.000E+00
 0.000E+00 0.000E+00 0.000E+00 0.000E+00
 0.000E+00 0.000E+00 0.000E+00 0.000E+00
      124.829276     0.050157    0.037966
 6
       4
     2     2     2     2
     0     1     1     1
 1.710E+00 1.625E+00 1.625E+00 1.625E+00
 0.000E+00 0.000E+00 0.000E+00 0.000E+00
 0.000E+00 0.000E+00 0.000E+00 0.000E+00
 0.000E+00 0.000E+00 0.000E+00 0.000E+00
      127.575116     -0.061373    -0.162694
 6
       4
     2     2     2     2
     0     1     1     1
 1.710E+00 1.625E+00 1.625E+00 1.625E+00
 0.000E+00 0.000E+00 0.000E+00 0.000E+00
 0.000E+00 0.000E+00 0.000E+00 0.000E+00
 0.000E+00 0.000E+00 0.000E+00 0.000E+00
      128.669058     -2.371589    -1.058683
 6
       4
     2     2     2     2
     0     1     1     1
 1.710E+00 1.625E+00 1.625E+00 1.625E+00
 0.000E+00 0.000E+00 0.000E+00 0.000E+00
 0.000E+00 0.000E+00 0.000E+00 0.000E+00
 0.000E+00 0.000E+00 0.000E+00 0.000E+00
      129.010380     2.040067    0.669471
 6
       4
     2     2     2     2
     0     1     1     1
 1.710E+00 1.625E+00 1.625E+00 1.625E+00
 0.000E+00 0.000E+00 0.000E+00 0.000E+00
 0.000E+00 0.000E+00 0.000E+00 0.000E+00
 0.000E+00 0.000E+00 0.000E+00 0.000E+00
      131.563458     1.830150    0.740311
 6
       4
     2     2     2     2
     0     1     1     1
 1.710E+00 1.625E+00 1.625E+00 1.625E+00
 0.000E+00 0.000E+00 0.000E+00 0.000E+00
 0.000E+00 0.000E+00 0.000E+00 0.000E+00
 0.000E+00 0.000E+00 0.000E+00 0.000E+00
      131.269033     -2.614202    -0.930794
 6
       4
     2     2     2     2
     0     1     1     1
 1.710E+00 1.625E+00 1.625E+00 1.625E+00
 0.000E+00 0.000E+00 0.000E+00 0.000E+00
 0.000E+00 0.000E+00 0.000E+00 0.000E+00
 0.000E+00 0.000E+00 0.000E+00 0.000E+00
      132.777218     -0.487217    0.030001
 6
       4
     2     2     2     2
     0     1     1     1
 1.710E+00 1.625E+00 1.625E+00 1.625E+00
 0.000E+00 0.000E+00 0.000E+00 0.000E+00
 0.000E+00 0.000E+00 0.000E+00 0.000E+00
 0.000E+00 0.000E+00 0.000E+00 0.000E+00
      135.443731     -0.826770    0.352081
 1
       1
     1
     0
 1.300E+00
 0.000E+00
 0.000E+00
 0.000E+00
      75.373441     3.931488    -0.558440
 1
       1
     1
     0
 1.300E+00
 0.000E+00
 0.000E+00
 0.000E+00
      80.018408     3.815901    -0.202044
 6
       4
     2     2     2     2
     0     1     1     1
 1.710E+00 1.625E+00 1.625E+00 1.625E+00
 0.000E+00 0.000E+00 0.000E+00 0.000E+00
 0.000E+00 0.000E+00 0.000E+00 0.000E+00
 0.000E+00 0.000E+00 0.000E+00 0.000E+00
      71.984366     0.316096    0.004736
 1
       1
     1
     0
 1.300E+00
 0.000E+00
 0.000E+00
 0.000E+00
      74.830796     -3.838846    1.069645
 1
       1
     1
     0
 1.300E+00
 0.000E+00
 0.000E+00
 0.000E+00
      79.448871     -4.295661    1.338325
 1
       1
     1
     0
 1.300E+00
 0.000E+00
 0.000E+00
 0.000E+00
      88.194090     3.906716    -1.340334
 1
       1
     1
     0
 1.300E+00
 0.000E+00
 0.000E+00
 0.000E+00
      88.537240     -3.756947    1.286166
 1
       1
     1
     0
 1.300E+00
 0.000E+00
 0.000E+00
 0.000E+00
      92.593474     4.110245    -1.650511
 1
       1
     1
     0
 1.300E+00
 0.000E+00
 0.000E+00
 0.000E+00
      92.977440     -3.543334    1.043469
 1
       1
     1
     0
 1.300E+00
 0.000E+00
 0.000E+00
 0.000E+00
      101.501616     4.287801    -1.409150
 1
       1
     1
     0
 1.300E+00
 0.000E+00
 0.000E+00
 0.000E+00
      105.871258     4.618054    -1.108634
 1
       1
     1
     0
 1.300E+00
 0.000E+00
 0.000E+00
 0.000E+00
      101.516702     -3.392313    1.161358
 1
       1
     1
     0
 1.300E+00
 0.000E+00
 0.000E+00
 0.000E+00
      106.284118     -3.173307    1.505775
 1
       1
     1
     0
 1.300E+00
 0.000E+00
 0.000E+00
 0.000E+00
      114.965645     4.719742    0.850955
 1
       1
     1
     0
 1.300E+00
 0.000E+00
 0.000E+00
 0.000E+00
      114.353620     -3.119329    -1.223926
 1
       1
     1
     0
 1.300E+00
 0.000E+00
 0.000E+00
 0.000E+00
      119.685799     4.273001    1.092328
 1
       1
     1
     0
 1.300E+00
 0.000E+00
 0.000E+00
 0.000E+00
      119.097531     -3.526762    -0.862962
 1
       1
     1
     0
 1.300E+00
 0.000E+00
 0.000E+00
 0.000E+00
      128.151927     3.722180    1.162618
 1
       1
     1
     0
 1.300E+00
 0.000E+00
 0.000E+00
 0.000E+00
      127.633879     -3.910752    -1.642693
 1
       1
     1
     0
 1.300E+00
 0.000E+00
 0.000E+00
 0.000E+00
      132.764351     3.223413    1.268025
 1
       1
     1
     0
 1.300E+00
 0.000E+00
 0.000E+00
 0.000E+00
      132.290672     -4.293163    -1.437343
 1
       1
     1
     0
 1.300E+00
 0.000E+00
 0.000E+00
 0.000E+00
      140.961999     1.778644    2.839884
 1
       1
     1
     0
 1.300E+00
 0.000E+00
 0.000E+00
 0.000E+00
      140.740106     -4.213112    -2.305521
 1
       1
     1
     0
 1.300E+00
 0.000E+00
 0.000E+00
 0.000E+00
      147.663480     -1.127598    0.301564
 1
       1
     1
     0
 1.300E+00
 0.000E+00
 0.000E+00
 0.000E+00
      145.973961     1.681799    2.770705
 1
       1
     1
     0
 1.300E+00
 0.000E+00
 0.000E+00
 0.000E+00
      145.552890     -4.237622    -2.334373
 6
       4
     2     2     2     2
     0     1     1     1
 1.710E+00 1.625E+00 1.625E+00 1.625E+00
 0.000E+00 0.000E+00 0.000E+00 0.000E+00
 0.000E+00 0.000E+00 0.000E+00 0.000E+00
 0.000E+00 0.000E+00 0.000E+00 0.000E+00
      137.741007     -1.101155    0.457856
 6
       4
     2     2     2     2
     0     1     1     1
 1.710E+00 1.625E+00 1.625E+00 1.625E+00
 0.000E+00 0.000E+00 0.000E+00 0.000E+00
 0.000E+00 0.000E+00 0.000E+00 0.000E+00
 0.000E+00 0.000E+00 0.000E+00 0.000E+00
      140.445507     -1.345581    0.320796
 6
       4
     2     2     2     2
     0     1     1     1
 1.710E+00 1.625E+00 1.625E+00 1.625E+00
 0.000E+00 0.000E+00 0.000E+00 0.000E+00
 0.000E+00 0.000E+00 0.000E+00 0.000E+00
 0.000E+00 0.000E+00 0.000E+00 0.000E+00
      141.804320     -2.996688    -1.207182
 6
       4
     2     2     2     2
     0     1     1     1
 1.710E+00 1.625E+00 1.625E+00 1.625E+00
 0.000E+00 0.000E+00 0.000E+00 0.000E+00
 0.000E+00 0.000E+00 0.000E+00 0.000E+00
 0.000E+00 0.000E+00 0.000E+00 0.000E+00
      142.008473     0.496958    1.906752
 6
       4
     2     2     2     2
     0     1     1     1
 1.710E+00 1.625E+00 1.625E+00 1.625E+00
 0.000E+00 0.000E+00 0.000E+00 0.000E+00
 0.000E+00 0.000E+00 0.000E+00 0.000E+00
 0.000E+00 0.000E+00 0.000E+00 0.000E+00
      144.581885     0.458810    1.860868
 6
       4
     2     2     2     2
     0     1     1     1
 1.710E+00 1.625E+00 1.625E+00 1.625E+00
 0.000E+00 0.000E+00 0.000E+00 0.000E+00
 0.000E+00 0.000E+00 0.000E+00 0.000E+00
 0.000E+00 0.000E+00 0.000E+00 0.000E+00
      144.481327     -3.052542    -1.213811
 6
       4
     2     2     2     2
     0     1     1     1
 1.710E+00 1.625E+00 1.625E+00 1.625E+00
 0.000E+00 0.000E+00 0.000E+00 0.000E+00
 0.000E+00 0.000E+00 0.000E+00 0.000E+00
 0.000E+00 0.000E+00 0.000E+00 0.000E+00
      145.860092     -1.280437    0.157359
# LCAO coefficients .. are not included.
         1
        1        0.000315173511383   k=         1
        2        -0.000213154956431   k=         1
        3        0.000087655008995   k=         1
        4        -0.016382245941247   k=         1
        5        -0.001895691585680   k=         1
        6        -0.004540660864560   k=         1
        7        0.010008893032323   k=         1
        8        -0.017559154369672   k=         1
        9        0.001378435189069   k=         1
        10        0.002574371995535   k=         1
        11        0.013078148702388   k=         1
        12        -0.021236097241024   k=         1
        13        0.000611140959845   k=         1
        14        0.000995536782119   k=         1
        15        -0.002977589903216   k=         1
        16        0.007721200283283   k=         1
        17        -0.000062179534104   k=         1
        18        0.000059634111294   k=         1
        19        -0.006431278354807   k=         1
        20        0.021061795915974   k=         1
        21        -0.000511900298083   k=         1
        22        -0.001224531341581   k=         1
        23        -0.001909516882584   k=         1
        24        0.002606750619050   k=         1
        25        0.000732883193511   k=         1
        26        -0.002151668394877   k=         1
        27        0.010535699859437   k=         1
        28        0.043444790440489   k=         1
        29        -0.000747145724735   k=         1
        30        -0.001070427924829   k=         1
        31        0.003403410680479   k=         1
        32        0.024461230359832   k=         1
        33        -0.000024927271044   k=         1
        34        0.002878521513774   k=         1
        35        -0.016241017967276   k=         1
        36        -0.060050417097672   k=         1
        37        -0.000964387761880   k=         1
        38        -0.001547083148906   k=         1
        39        -0.009070623697739   k=         1
        40        -0.026387944104161   k=         1
        41        -0.000111975560790   k=         1
        42        0.001179268942359   k=         1
        43        -0.007416611442542   k=         1
        44        -0.024600672809455   k=         1
        45        0.002101279741588   k=         1
        46        0.002546076441440   k=         1
        47        0.009507899020992   k=         1
        48        0.040727659617508   k=         1
        49        -0.002433460568712   k=         1
        50        -0.006154139368678   k=         1
        51        0.009304798772387   k=         1
        52        0.051613000761514   k=         1
        53        -0.000127234957952   k=         1
        54        -0.011174506238414   k=         1
        55        0.015920959296302   k=         1
        56        0.047147901021000   k=         1
        57        -0.002897356818186   k=         1
        58        0.010729072385968   k=         1
        59        -0.049175511823783   k=         1
        60        -0.071005049236934   k=         1
        61        -0.000813539575206   k=         1
        62        -0.009468158468559   k=         1
        63        -0.026563195666699   k=         1
        64        -0.047986980907165   k=         1
        65        0.000627443706789   k=         1
        66        0.019286821142676   k=         1
        67        0.073080755447256   k=         1
        68        0.098171107790116   k=         1
        69        0.000582998580207   k=         1
        70        0.000195980819256   k=         1
        71        0.031263735389418   k=         1
        72        0.036026073626785   k=         1
        73        -0.002153116640344   k=         1
        74        0.000252035606438   k=         1
        75        0.042867697759330   k=         1
        76        0.046515802064051   k=         1
        77        0.001137129593741   k=         1
        78        0.002829041903994   k=         1
        79        -0.054331155462523   k=         1
        80        -0.054815268120917   k=         1
        81        -0.003286691840424   k=         1
        82        -0.006693518437295   k=         1
        83        -0.046538101961658   k=         1
        84        -0.058020219614279   k=         1
        85        -0.001694112732967   k=         1
        86        -0.015382450314684   k=         1
        87        -0.061154946906630   k=         1
        88        -0.089627713593559   k=         1
        89        0.000451607782915   k=         1
        90        0.014371128469535   k=         1
        91        0.035525007341184   k=         1
        92        0.091534044070781   k=         1
        93        -0.004104621533725   k=         1
        94        0.002832552249552   k=         1
        95        0.052624464687748   k=         1
        96        0.086838863115248   k=         1
        97        -0.001438899242849   k=         1
        98        0.007662788442791   k=         1
        99        -0.036926559482326   k=         1
        100        -0.107575441613661   k=         1
        101        0.003254114311349   k=         1
        102        -0.002424934800054   k=         1
        103        -0.017903470411078   k=         1
        104        -0.076950038759625   k=         1
        105        -0.000066383492259   k=         1
        106        0.006345660335954   k=         1
        107        -0.012440082957995   k=         1
        108        -0.061681097667923   k=         1
        109        0.000229412750658   k=         1
        110        -0.001455298076335   k=         1
        111        0.017111623159531   k=         1
        112        0.058526146067198   k=         1
        113        -0.003119823270776   k=         1
        114        0.001448180262129   k=         1
        115        0.015573003405720   k=         1
        116        0.077285931111112   k=         1
        117        0.003376824650361   k=         1
        118        0.015421383630494   k=         1
        119        0.030266781147462   k=         1
        120        0.106710135597326   k=         1
        121        -0.001922287138358   k=         1
        122        -0.017958429615049   k=         1
        123        -0.033295903889314   k=         1
        124        -0.087352310378869   k=         1
        125        0.004305205054374   k=         1
        126        -0.001566044438219   k=         1
        127        -0.029026259212428   k=         1
        128        -0.092901274619377   k=         1
        129        0.000132531479706   k=         1
        130        -0.010055571984364   k=         1
        131        0.045250491517508   k=         1
        132        0.100556949578800   k=         1
        133        0.002347689321823   k=         1
        134        -0.006611072479722   k=         1
        135        0.036540965370692   k=         1
        136        0.054483356689885   k=         1
        137        -0.000340640406721   k=         1
        138        -0.006417954962761   k=         1
        139        0.042757166304228   k=         1
        140        0.059777933432467   k=         1
        141        -0.000187970399021   k=         1
        142        0.005629121270046   k=         1
        143        -0.040571995079188   k=         1
        144        -0.056762346066036   k=         1
        145        -0.000579915441124   k=         1
        146        0.002720857544535   k=         1
        147        -0.035558922885489   k=         1
        148        -0.061050874916675   k=         1
        149        -0.001051374728081   k=         1
        150        0.009885803162544   k=         1
        151        -0.044094786425749   k=         1
        152        -0.101732621973010   k=         1
        153        0.000293169617956   k=         1
        154        -0.004805214278067   k=         1
        155        0.034512084259959   k=         1
        156        0.090693550024183   k=         1
        157        -0.001604453056131   k=         1
        158        0.001172205148996   k=         1
        159        -0.000249693142723   k=         1
        160        0.001985247940480   k=         1
        161        -0.000648556610736   k=         1
        162        0.001506036865357   k=         1
        163        -0.001320263559175   k=         1
        164        0.000930237196444   k=         1
        165        0.001378348744292   k=         1
        166        0.006042418939924   k=         1
        167        -0.001067229188055   k=         1
        168        -0.000118927563009   k=         1
        169        0.003287239854217   k=         1
        170        0.000475475470088   k=         1
        171        -0.002158094522846   k=         1
        172        -0.003648827395218   k=         1
        173        0.000678915597915   k=         1
        174        0.003518468405328   k=         1
        175        -0.003510903233781   k=         1
        176        -0.004310038588450   k=         1
        177        0.002953940067339   k=         1
        178        0.000564804773024   k=         1
        179        -0.003028089340539   k=         1
        180        0.004569027042876   k=         1
        181        0.002674546042053   k=         1
        182        -0.030999870866881   k=         1
        183        -0.115528443363461   k=         1
        184        -0.003440058483920   k=         1
        185        0.000907288367453   k=         1
        186        0.001798681722044   k=         1
        187        0.005720661257764   k=         1
        188        0.035718298604344   k=         1
        189        0.082887035206410   k=         1
        190        0.000771813036432   k=         1
        191        -0.007091284318299   k=         1
        192        -0.040146158769359   k=         1
        193        -0.108797540058856   k=         1
        194        -0.000589028118030   k=         1
        195        0.002588593141356   k=         1
        196        -0.013963151256249   k=         1
        197        -0.064840742688845   k=         1
        198        -0.000735678074721   k=         1
        199        0.005060246020554   k=         1
        200        -0.017136818063593   k=         1
        201        -0.069145132011828   k=         1
        202        0.001007127005921   k=         1
        203        -0.003614432744425   k=         1
        204        0.019088317231204   k=         1
        205        0.071406062371754   k=         1
        206        0.003468705845498   k=         1
        207        0.000175997862282   k=         1
        208        0.021375221330873   k=         1
        209        0.090627510954617   k=         1
        210        -0.000482298819428   k=         1
        211        0.002855058049665   k=         1
        212        0.038338404742123   k=         1
        213        0.106396980523032   k=         1
        214        0.000763250767186   k=         1
        215        0.002119707349798   k=         1
        216        -0.033129075678509   k=         1
        217        -0.128339215931064   k=         1
        218        0.000011663071707   k=         1
        219        0.005017983905477   k=         1
        220        -0.015812513830317   k=         1
        221        -0.100273093693700   k=         1
        222        0.000386258208207   k=         1
        223        0.004158660716074   k=         1
        224        -0.010244904849557   k=         1
        225        -0.076220123145048   k=         1
        226        0.000544971496322   k=         1
        227        -0.005845750204637   k=         1
        228        0.013045124306949   k=         1
        229        0.074642933316699   k=         1
        230        0.000111305284413   k=         1
        231        -0.012047563487529   k=         1
        232        0.035420094961199   k=         1
        233        0.135438154161345   k=         1
        234        -0.001041526181580   k=         1
        235        -0.004743244438908   k=         1
        236        0.014317953316087   k=         1
        237        0.089270524820746   k=         1
        238        -0.001702364476747   k=         1
        239        0.001061157908918   k=         1
        240        0.033815626373596   k=         1
        241        0.114988363252116   k=         1
        242        0.003400257709444   k=         1
        243        0.013510857896471   k=         1
        244        0.030935791927853   k=         1
        245        0.117996322402365   k=         1
        246        -0.003866167950965   k=         1
        247        -0.020312039174055   k=         1
        248        -0.042213543939592   k=         1
        249        -0.128603352816639   k=         1
        250        0.003038899149953   k=         1
        251        -0.007776273521244   k=         1
        252        -0.036557431082807   k=         1
        253        -0.094243384037446   k=         1
        254        0.001907845269000   k=         1
        255        -0.000678578799608   k=         1
        256        -0.027102681663380   k=         1
        257        -0.077045094683956   k=         1
        258        -0.001021077784657   k=         1
        259        -0.000522632533228   k=         1
        260        0.024715422688811   k=         1
        261        0.064398812981229   k=         1
        262        0.000624597827111   k=         1
        263        -0.003343316485361   k=         1
        264        0.027146593675260   k=         1
        265        0.083900711540498   k=         1
        266        0.004021539175577   k=         1
        267        -0.001683613165023   k=         1
        268        0.049914463324629   k=         1
        269        0.136743782560937   k=         1
        270        0.003510635145315   k=         1
        271        0.002972612315528   k=         1
        272        -0.029413899894163   k=         1
        273        -0.088146454884309   k=         1
        274        -0.004207624750894   k=         1
        275        0.004592992108513   k=         1
        276        -0.039442433679987   k=         1
        277        -0.109866207833942   k=         1
        278        0.001498902964894   k=         1
        279        -0.002934875609913   k=         1
        280        0.028391373268540   k=         1
        281        0.093233809757028   k=         1
        282        -0.000640199861635   k=         1
        283        -0.006751842481188   k=         1
        284        0.019871159869793   k=         1
        285        0.059915772384388   k=         1
        286        -0.001197719978522   k=         1
        287        -0.013769687564065   k=         1
        288        0.031162412988368   k=         1
        289        0.081322732875482   k=         1
        290        0.002058457868367   k=         1
        291        0.014738531904312   k=         1
        292        -0.028432273113115   k=         1
        293        -0.055971059965178   k=         1
        294        -0.002243357034369   k=         1
        295        0.004264533824572   k=         1
        296        -0.021438853423521   k=         1
        297        -0.054892989403927   k=         1
        298        -0.001803109516043   k=         1
        299        0.003966889751185   k=         1
        300        -0.027418473561360   k=         1
        301        -0.105943793380566   k=         1
        302        0.000199200863367   k=         1
        303        0.007239381287668   k=         1
        304        -0.006638731593805   k=         1
        305        0.085498002469913   k=         1
        306        0.002215533892186   k=         1
        307        0.015073028643613   k=         1
        308        0.014694237935731   k=         1
        309        0.087726024427461   k=         1
        310        0.003185376167599   k=         1
        311        -0.006788801856050   k=         1
        312        0.015689666074610   k=         1
        313        -0.092643460797303   k=         1
        314        0.001285993381357   k=         1
        315        0.008312553621834   k=         1
        316        0.023062941114000   k=         1
        317        -0.071547858215030   k=         1
        318        -0.003354230775678   k=         1
        319        0.015521285429177   k=         1
        320        0.022603259966427   k=         1
        321        -0.045425595872844   k=         1
        322        0.001961266535344   k=         1
        323        -0.012577679734736   k=         1
        324        -0.014754040480046   k=         1
        325        0.059965597098061   k=         1
        326        0.002442433532180   k=         1
        327        -0.007062688354406   k=         1
        328        -0.012246013324838   k=         1
        329        0.053706159553936   k=         1
        330        -0.002328013870065   k=         1
        331        -0.001244656527273   k=         1
        332        -0.019980794637173   k=         1
        333        0.090509390374592   k=         1
        334        0.002549241976166   k=         1
        335        -0.000913487190343   k=         1
        336        0.029715485314818   k=         1
        337        -0.080566874103108   k=         1
        338        -0.002855101545005   k=         1
        339        -0.004726688370365   k=         1
        340        0.021385479760379   k=         1
        341        -0.076058907443991   k=         1
        342        -0.000348860813531   k=         1
        343        0.005722933177459   k=         1
        344        -0.037105363136302   k=         1
        345        0.089712136367825   k=         1
        346        0.000269232491407   k=         1
        347        -0.001200940689599   k=         1
        348        -0.020127581745463   k=         1
        349        0.056905066606193   k=         1
        350        0.002136892718828   k=         1
        351        -0.003603788024079   k=         1
        352        -0.021797623139332   k=         1
        353        0.059618503005962   k=         1
        354        -0.000967289457002   k=         1
        355        0.004757357127643   k=         1
        356        0.016647682910449   k=         1
        357        -0.053304098091092   k=         1
        358        -0.001949890473716   k=         1
        359        0.003353616035205   k=         1
        360        0.016174006342486   k=         1
        361        -0.056400914340341   k=         1
        362        0.001565467204490   k=         1
        363        0.021285880082686   k=         1
        364        0.038201819430746   k=         1
        365        -0.096466767860528   k=         1
        366        0.001028939368733   k=         1
        367        -0.012126815911829   k=         1
        368        -0.026624564682865   k=         1
        369        0.049497865863346   k=         1
        370        -0.002941819889608   k=         1
        371        0.002648460451870   k=         1
        372        -0.002400966145656   k=         1
        373        0.010147640820330   k=         1
        374        -0.030912427739602   k=         1
        375        -0.094978676123690   k=         1
        376        0.002076064172076   k=         1
        377        -0.002113547519295   k=         1
        378        -0.003427473369758   k=         1
        379        -0.003013054156575   k=         1
        380        0.002066019479624   k=         1
        381        0.000457825951421   k=         1
        382        0.005011927110183   k=         1
        383        -0.000931973308147   k=         1
        384        -0.000650878476424   k=         1
        385        0.002114827547694   k=         1
        386        -0.000440195170380   k=         1
        387        -0.003111187557641   k=         1
        388        -0.006034417960753   k=         1
        389        -0.000007962978045   k=         1
        390        0.002231617215472   k=         1
        391        -0.000739548726029   k=         1
        392        -0.001682432158481   k=         1
        393        -0.000113462903430   k=         1
        394        0.000409519978868   k=         1
        395        -0.001977832797223   k=         1
        396        0.001642935705008   k=         1
        397        -0.003429886520238   k=         1
        398        0.001301604845135   k=         1
        399        0.001904999312433   k=         1
        400        -0.000059135102366   k=         1
        401        -0.036331772650691   k=         1
        402        0.082384214906890   k=         1
        403        0.000262778402724   k=         1
        404        -0.003007689341896   k=         1
        405        0.026135554809337   k=         1
        406        -0.036398882851473   k=         1
        407        0.002530697566835   k=         1
        408        -0.001934129530583   k=         1
        409        0.044717201826374   k=         1
        410        -0.040446076908538   k=         1
        411        -0.002976679888020   k=         1
        412        0.006367539678382   k=         1
        413        0.036048112609384   k=         1
        414        -0.034635427707360   k=         1
        415        0.001327093511959   k=         1
        416        -0.002002077256602   k=         1
        417        -0.007302582808654   k=         1
        418        0.008003937325765   k=         1
        419        0.000345391056870   k=         1
        420        -0.000008810283511   k=         1
        421        -0.013832557232513   k=         1
        422        0.014802648746779   k=         1
        423        -0.002270501496832   k=         1
        424        0.003846724063557   k=         1
        425        -0.043192926646652   k=         1
        426        0.050945847005217   k=         1
