# file_format= v0.04.05
       144       426
    188.97268778      0.00000000      0.00000000    0
      0.00000000    188.97268778      0.00000000    0
      0.00000000      0.00000000    188.97268778    0
 6
       4
     2     2     2     2
     0     1     1     1
 1.710E+00 1.625E+00 1.625E+00 1.625E+00
 0.000E+00 0.000E+00 0.000E+00 0.000E+00
 0.000E+00 0.000E+00 0.000E+00 0.000E+00
 0.000E+00 0.000E+00 0.000E+00 0.000E+00
      0.822560     -0.594769    -0.247531
 6
       4
     2     2     2     2
     0     1     1     1
 1.710E+00 1.625E+00 1.625E+00 1.625E+00
 0.000E+00 0.000E+00 0.000E+00 0.000E+00
 0.000E+00 0.000E+00 0.000E+00 0.000E+00
 0.000E+00 0.000E+00 0.000E+00 0.000E+00
      -0.980841     1.311721    0.531642
 6
       4
     2     2     2     2
     0     1     1     1
 1.710E+00 1.625E+00 1.625E+00 1.625E+00
 0.000E+00 0.000E+00 0.000E+00 0.000E+00
 0.000E+00 0.000E+00 0.000E+00 0.000E+00
 0.000E+00 0.000E+00 0.000E+00 0.000E+00
      -0.237125     -2.911733    -1.083180
 6
       4
     2     2     2     2
     0     1     1     1
 1.710E+00 1.625E+00 1.625E+00 1.625E+00
 0.000E+00 0.000E+00 0.000E+00 0.000E+00
 0.000E+00 0.000E+00 0.000E+00 0.000E+00
 0.000E+00 0.000E+00 0.000E+00 0.000E+00
      -3.556411     0.830399    0.492929
 6
       4
     2     2     2     2
     0     1     1     1
 1.710E+00 1.625E+00 1.625E+00 1.625E+00
 0.000E+00 0.000E+00 0.000E+00 0.000E+00
 0.000E+00 0.000E+00 0.000E+00 0.000E+00
 0.000E+00 0.000E+00 0.000E+00 0.000E+00
      -4.707546     -1.517641    -0.259584
 6
       4
     2     2     2     2
     0     1     1     1
 1.710E+00 1.625E+00 1.625E+00 1.625E+00
 0.000E+00 0.000E+00 0.000E+00 0.000E+00
 0.000E+00 0.000E+00 0.000E+00 0.000E+00
 0.000E+00 0.000E+00 0.000E+00 0.000E+00
      -2.864492     -3.463104    -1.083743
 6
       4
     2     2     2     2
     0     1     1     1
 1.710E+00 1.625E+00 1.625E+00 1.625E+00
 0.000E+00 0.000E+00 0.000E+00 0.000E+00
 0.000E+00 0.000E+00 0.000E+00 0.000E+00
 0.000E+00 0.000E+00 0.000E+00 0.000E+00
      3.581407     -0.089084    -0.043713
 6
       4
     2     2     2     2
     0     1     1     1
 1.710E+00 1.625E+00 1.625E+00 1.625E+00
 0.000E+00 0.000E+00 0.000E+00 0.000E+00
 0.000E+00 0.000E+00 0.000E+00 0.000E+00
 0.000E+00 0.000E+00 0.000E+00 0.000E+00
      5.813479     0.563675    -0.020167
 6
       4
     2     2     2     2
     0     1     1     1
 1.710E+00 1.625E+00 1.625E+00 1.625E+00
 0.000E+00 0.000E+00 0.000E+00 0.000E+00
 0.000E+00 0.000E+00 0.000E+00 0.000E+00
 0.000E+00 0.000E+00 0.000E+00 0.000E+00
      8.580033     0.815623    0.047644
 6
       4
     2     2     2     2
     0     1     1     1
 1.710E+00 1.625E+00 1.625E+00 1.625E+00
 0.000E+00 0.000E+00 0.000E+00 0.000E+00
 0.000E+00 0.000E+00 0.000E+00 0.000E+00
 0.000E+00 0.000E+00 0.000E+00 0.000E+00
      9.825326     3.096883    -0.745013
 6
       4
     2     2     2     2
     0     1     1     1
 1.710E+00 1.625E+00 1.625E+00 1.625E+00
 0.000E+00 0.000E+00 0.000E+00 0.000E+00
 0.000E+00 0.000E+00 0.000E+00 0.000E+00
 0.000E+00 0.000E+00 0.000E+00 0.000E+00
      10.168587     -1.235098    0.941159
 6
       4
     2     2     2     2
     0     1     1     1
 1.710E+00 1.625E+00 1.625E+00 1.625E+00
 0.000E+00 0.000E+00 0.000E+00 0.000E+00
 0.000E+00 0.000E+00 0.000E+00 0.000E+00
 0.000E+00 0.000E+00 0.000E+00 0.000E+00
      12.475157     3.301555    -0.718808
 6
       4
     2     2     2     2
     0     1     1     1
 1.710E+00 1.625E+00 1.625E+00 1.625E+00
 0.000E+00 0.000E+00 0.000E+00 0.000E+00
 0.000E+00 0.000E+00 0.000E+00 0.000E+00
 0.000E+00 0.000E+00 0.000E+00 0.000E+00
      12.818567     -0.991237    0.997426
 6
       4
     2     2     2     2
     0     1     1     1
 1.710E+00 1.625E+00 1.625E+00 1.625E+00
 0.000E+00 0.000E+00 0.000E+00 0.000E+00
 0.000E+00 0.000E+00 0.000E+00 0.000E+00
 0.000E+00 0.000E+00 0.000E+00 0.000E+00
      14.048495     1.275529    0.168371
 6
       4
     2     2     2     2
     0     1     1     1
 1.710E+00 1.625E+00 1.625E+00 1.625E+00
 0.000E+00 0.000E+00 0.000E+00 0.000E+00
 0.000E+00 0.000E+00 0.000E+00 0.000E+00
 0.000E+00 0.000E+00 0.000E+00 0.000E+00
      16.814381     1.430574    0.128496
 6
       4
     2     2     2     2
     0     1     1     1
 1.710E+00 1.625E+00 1.625E+00 1.625E+00
 0.000E+00 0.000E+00 0.000E+00 0.000E+00
 0.000E+00 0.000E+00 0.000E+00 0.000E+00
 0.000E+00 0.000E+00 0.000E+00 0.000E+00
      19.101543     1.307902    0.266179
 6
       4
     2     2     2     2
     0     1     1     1
 1.710E+00 1.625E+00 1.625E+00 1.625E+00
 0.000E+00 0.000E+00 0.000E+00 0.000E+00
 0.000E+00 0.000E+00 0.000E+00 0.000E+00
 0.000E+00 0.000E+00 0.000E+00 0.000E+00
      21.888844     1.264735    0.166011
 6
       4
     2     2     2     2
     0     1     1     1
 1.710E+00 1.625E+00 1.625E+00 1.625E+00
 0.000E+00 0.000E+00 0.000E+00 0.000E+00
 0.000E+00 0.000E+00 0.000E+00 0.000E+00
 0.000E+00 0.000E+00 0.000E+00 0.000E+00
      23.130301     -0.572385    1.667324
 6
       4
     2     2     2     2
     0     1     1     1
 1.710E+00 1.625E+00 1.625E+00 1.625E+00
 0.000E+00 0.000E+00 0.000E+00 0.000E+00
 0.000E+00 0.000E+00 0.000E+00 0.000E+00
 0.000E+00 0.000E+00 0.000E+00 0.000E+00
      23.334875     2.881579    -1.435861
 6
       4
     2     2     2     2
     0     1     1     1
 1.710E+00 1.625E+00 1.625E+00 1.625E+00
 0.000E+00 0.000E+00 0.000E+00 0.000E+00
 0.000E+00 0.000E+00 0.000E+00 0.000E+00
 0.000E+00 0.000E+00 0.000E+00 0.000E+00
      26.009525     2.530918    -1.570829
 6
       4
     2     2     2     2
     0     1     1     1
 1.710E+00 1.625E+00 1.625E+00 1.625E+00
 0.000E+00 0.000E+00 0.000E+00 0.000E+00
 0.000E+00 0.000E+00 0.000E+00 0.000E+00
 0.000E+00 0.000E+00 0.000E+00 0.000E+00
      25.840897     -0.931556    1.532932
 6
       4
     2     2     2     2
     0     1     1     1
 1.710E+00 1.625E+00 1.625E+00 1.625E+00
 0.000E+00 0.000E+00 0.000E+00 0.000E+00
 0.000E+00 0.000E+00 0.000E+00 0.000E+00
 0.000E+00 0.000E+00 0.000E+00 0.000E+00
      27.245595     0.667895    -0.055182
 6
       4
     2     2     2     2
     0     1     1     1
 1.710E+00 1.625E+00 1.625E+00 1.625E+00
 0.000E+00 0.000E+00 0.000E+00 0.000E+00
 0.000E+00 0.000E+00 0.000E+00 0.000E+00
 0.000E+00 0.000E+00 0.000E+00 0.000E+00
      30.031871     0.344824    -0.038522
 6
       4
     2     2     2     2
     0     1     1     1
 1.710E+00 1.625E+00 1.625E+00 1.625E+00
 0.000E+00 0.000E+00 0.000E+00 0.000E+00
 0.000E+00 0.000E+00 0.000E+00 0.000E+00
 0.000E+00 0.000E+00 0.000E+00 0.000E+00
      32.217916     0.127579    0.323627
 6
       4
     2     2     2     2
     0     1     1     1
 1.710E+00 1.625E+00 1.625E+00 1.625E+00
 0.000E+00 0.000E+00 0.000E+00 0.000E+00
 0.000E+00 0.000E+00 0.000E+00 0.000E+00
 0.000E+00 0.000E+00 0.000E+00 0.000E+00
      34.920683     0.024387    0.285466
 6
       4
     2     2     2     2
     0     1     1     1
 1.710E+00 1.625E+00 1.625E+00 1.625E+00
 0.000E+00 0.000E+00 0.000E+00 0.000E+00
 0.000E+00 0.000E+00 0.000E+00 0.000E+00
 0.000E+00 0.000E+00 0.000E+00 0.000E+00
      36.359437     -2.286429    0.687448
 6
       4
     2     2     2     2
     0     1     1     1
 1.710E+00 1.625E+00 1.625E+00 1.625E+00
 0.000E+00 0.000E+00 0.000E+00 0.000E+00
 0.000E+00 0.000E+00 0.000E+00 0.000E+00
 0.000E+00 0.000E+00 0.000E+00 0.000E+00
      36.322971     2.283269    -0.291708
 6
       4
     2     2     2     2
     0     1     1     1
 1.710E+00 1.625E+00 1.625E+00 1.625E+00
 0.000E+00 0.000E+00 0.000E+00 0.000E+00
 0.000E+00 0.000E+00 0.000E+00 0.000E+00
 0.000E+00 0.000E+00 0.000E+00 0.000E+00
      39.021122     2.190472    -0.452111
 6
       4
     2     2     2     2
     0     1     1     1
 1.710E+00 1.625E+00 1.625E+00 1.625E+00
 0.000E+00 0.000E+00 0.000E+00 0.000E+00
 0.000E+00 0.000E+00 0.000E+00 0.000E+00
 0.000E+00 0.000E+00 0.000E+00 0.000E+00
      39.032494     -2.342257    0.639816
 6
       4
     2     2     2     2
     0     1     1     1
 1.710E+00 1.625E+00 1.625E+00 1.625E+00
 0.000E+00 0.000E+00 0.000E+00 0.000E+00
 0.000E+00 0.000E+00 0.000E+00 0.000E+00
 0.000E+00 0.000E+00 0.000E+00 0.000E+00
      40.427879     -0.079057    -0.043369
 6
       4
     2     2     2     2
     0     1     1     1
 1.710E+00 1.625E+00 1.625E+00 1.625E+00
 0.000E+00 0.000E+00 0.000E+00 0.000E+00
 0.000E+00 0.000E+00 0.000E+00 0.000E+00
 0.000E+00 0.000E+00 0.000E+00 0.000E+00
      43.163887     -0.264624    -0.264838
 6
       4
     2     2     2     2
     0     1     1     1
 1.710E+00 1.625E+00 1.625E+00 1.625E+00
 0.000E+00 0.000E+00 0.000E+00 0.000E+00
 0.000E+00 0.000E+00 0.000E+00 0.000E+00
 0.000E+00 0.000E+00 0.000E+00 0.000E+00
      45.456474     -0.523891    -0.305950
 6
       4
     2     2     2     2
     0     1     1     1
 1.710E+00 1.625E+00 1.625E+00 1.625E+00
 0.000E+00 0.000E+00 0.000E+00 0.000E+00
 0.000E+00 0.000E+00 0.000E+00 0.000E+00
 0.000E+00 0.000E+00 0.000E+00 0.000E+00
      48.319037     -0.500069    -0.276994
 6
       4
     2     2     2     2
     0     1     1     1
 1.710E+00 1.625E+00 1.625E+00 1.625E+00
 0.000E+00 0.000E+00 0.000E+00 0.000E+00
 0.000E+00 0.000E+00 0.000E+00 0.000E+00
 0.000E+00 0.000E+00 0.000E+00 0.000E+00
      49.682393     -2.481222    0.938776
 6
       4
     2     2     2     2
     0     1     1     1
 1.710E+00 1.625E+00 1.625E+00 1.625E+00
 0.000E+00 0.000E+00 0.000E+00 0.000E+00
 0.000E+00 0.000E+00 0.000E+00 0.000E+00
 0.000E+00 0.000E+00 0.000E+00 0.000E+00
      49.540760     1.786536    -1.166237
 6
       4
     2     2     2     2
     0     1     1     1
 1.710E+00 1.625E+00 1.625E+00 1.625E+00
 0.000E+00 0.000E+00 0.000E+00 0.000E+00
 0.000E+00 0.000E+00 0.000E+00 0.000E+00
 0.000E+00 0.000E+00 0.000E+00 0.000E+00
      52.137359     1.985000    -1.023272
 6
       4
     2     2     2     2
     0     1     1     1
 1.710E+00 1.625E+00 1.625E+00 1.625E+00
 0.000E+00 0.000E+00 0.000E+00 0.000E+00
 0.000E+00 0.000E+00 0.000E+00 0.000E+00
 0.000E+00 0.000E+00 0.000E+00 0.000E+00
      52.396090     -2.089264    1.141565
 6
       4
     2     2     2     2
     0     1     1     1
 1.710E+00 1.625E+00 1.625E+00 1.625E+00
 0.000E+00 0.000E+00 0.000E+00 0.000E+00
 0.000E+00 0.000E+00 0.000E+00 0.000E+00
 0.000E+00 0.000E+00 0.000E+00 0.000E+00
      53.580136     0.047838    0.167694
 6
       4
     2     2     2     2
     0     1     1     1
 1.710E+00 1.625E+00 1.625E+00 1.625E+00
 0.000E+00 0.000E+00 0.000E+00 0.000E+00
 0.000E+00 0.000E+00 0.000E+00 0.000E+00
 0.000E+00 0.000E+00 0.000E+00 0.000E+00
      56.388618     0.198143    0.218791
 1
       1
     1
     0
 1.300E+00
 0.000E+00
 0.000E+00
 0.000E+00
      -4.756308     2.412239    0.947418
 1
       1
     1
     0
 1.300E+00
 0.000E+00
 0.000E+00
 0.000E+00
      -0.296829     3.014300    1.102162
 1
       1
     1
     0
 1.300E+00
 0.000E+00
 0.000E+00
 0.000E+00
      -7.068280     -1.966717    -0.314603
 1
       1
     1
     0
 1.300E+00
 0.000E+00
 0.000E+00
 0.000E+00
      -3.597037     -5.203098    -1.748184
 1
       1
     1
     0
 1.300E+00
 0.000E+00
 0.000E+00
 0.000E+00
      1.074145     -4.349503    -1.912616
 1
       1
     1
     0
 1.300E+00
 0.000E+00
 0.000E+00
 0.000E+00
      8.844910     4.779293    -1.477218
 1
       1
     1
     0
 1.300E+00
 0.000E+00
 0.000E+00
 0.000E+00
      9.393386     -2.928093    1.602918
 1
       1
     1
     0
 1.300E+00
 0.000E+00
 0.000E+00
 0.000E+00
      13.372689     4.922613    -1.514772
 1
       1
     1
     0
 1.300E+00
 0.000E+00
 0.000E+00
 0.000E+00
      13.913699     -2.429167    1.751814
 1
       1
     1
     0
 1.300E+00
 0.000E+00
 0.000E+00
 0.000E+00
      22.367606     4.301836    -2.597997
 1
       1
     1
     0
 1.300E+00
 0.000E+00
 0.000E+00
 0.000E+00
      27.051435     3.648271    -2.695637
 1
       1
     1
     0
 1.300E+00
 0.000E+00
 0.000E+00
 0.000E+00
      22.046978     -1.698197    2.912510
 1
       1
     1
     0
 1.300E+00
 0.000E+00
 0.000E+00
 0.000E+00
      26.824298     -2.379001    2.549658
 1
       1
     1
     0
 1.300E+00
 0.000E+00
 0.000E+00
 0.000E+00
      35.455765     4.004157    -0.616268
 1
       1
     1
     0
 1.300E+00
 0.000E+00
 0.000E+00
 0.000E+00
      35.256200     -3.889077    1.261781
 1
       1
     1
     0
 1.300E+00
 0.000E+00
 0.000E+00
 0.000E+00
      40.028480     3.993974    -0.847004
 1
       1
     1
     0
 1.300E+00
 0.000E+00
 0.000E+00
 0.000E+00
      40.167632     -4.039229    0.967553
 1
       1
     1
     0
 1.300E+00
 0.000E+00
 0.000E+00
 0.000E+00
      48.236084     3.141613    -1.934055
 1
       1
     1
     0
 1.300E+00
 0.000E+00
 0.000E+00
 0.000E+00
      48.665380     -4.097929    1.774290
 1
       1
     1
     0
 1.300E+00
 0.000E+00
 0.000E+00
 0.000E+00
      53.145501     3.627616    -1.915182
 1
       1
     1
     0
 1.300E+00
 0.000E+00
 0.000E+00
 0.000E+00
      53.524979     -3.431614    2.107411
 1
       1
     1
     0
 1.300E+00
 0.000E+00
 0.000E+00
 0.000E+00
      61.773034     4.097946    -1.330397
 1
       1
     1
     0
 1.300E+00
 0.000E+00
 0.000E+00
 0.000E+00
      61.575049     -3.713574    1.021665
 6
       4
     2     2     2     2
     0     1     1     1
 1.710E+00 1.625E+00 1.625E+00 1.625E+00
 0.000E+00 0.000E+00 0.000E+00 0.000E+00
 0.000E+00 0.000E+00 0.000E+00 0.000E+00
 0.000E+00 0.000E+00 0.000E+00 0.000E+00
      69.543593     0.000779    0.127679
 1
       1
     1
     0
 1.300E+00
 0.000E+00
 0.000E+00
 0.000E+00
      66.522488     3.826034    -1.291722
 1
       1
     1
     0
 1.300E+00
 0.000E+00
 0.000E+00
 0.000E+00
      66.371020     -3.880087    0.734637
 6
       4
     2     2     2     2
     0     1     1     1
 1.710E+00 1.625E+00 1.625E+00 1.625E+00
 0.000E+00 0.000E+00 0.000E+00 0.000E+00
 0.000E+00 0.000E+00 0.000E+00 0.000E+00
 0.000E+00 0.000E+00 0.000E+00 0.000E+00
      58.643198     0.136049    0.053428
 6
       4
     2     2     2     2
     0     1     1     1
 1.710E+00 1.625E+00 1.625E+00 1.625E+00
 0.000E+00 0.000E+00 0.000E+00 0.000E+00
 0.000E+00 0.000E+00 0.000E+00 0.000E+00
 0.000E+00 0.000E+00 0.000E+00 0.000E+00
      61.376174     0.186639    -0.113631
 6
       4
     2     2     2     2
     0     1     1     1
 1.710E+00 1.625E+00 1.625E+00 1.625E+00
 0.000E+00 0.000E+00 0.000E+00 0.000E+00
 0.000E+00 0.000E+00 0.000E+00 0.000E+00
 0.000E+00 0.000E+00 0.000E+00 0.000E+00
      62.723443     -2.142481    0.619702
 6
       4
     2     2     2     2
     0     1     1     1
 1.710E+00 1.625E+00 1.625E+00 1.625E+00
 0.000E+00 0.000E+00 0.000E+00 0.000E+00
 0.000E+00 0.000E+00 0.000E+00 0.000E+00
 0.000E+00 0.000E+00 0.000E+00 0.000E+00
      62.790175     2.314412    -0.836892
 6
       4
     2     2     2     2
     0     1     1     1
 1.710E+00 1.625E+00 1.625E+00 1.625E+00
 0.000E+00 0.000E+00 0.000E+00 0.000E+00
 0.000E+00 0.000E+00 0.000E+00 0.000E+00
 0.000E+00 0.000E+00 0.000E+00 0.000E+00
      65.516237     2.240497    -0.877475
 6
       4
     2     2     2     2
     0     1     1     1
 1.710E+00 1.625E+00 1.625E+00 1.625E+00
 0.000E+00 0.000E+00 0.000E+00 0.000E+00
 0.000E+00 0.000E+00 0.000E+00 0.000E+00
 0.000E+00 0.000E+00 0.000E+00 0.000E+00
      65.306031     -2.272834    0.601209
 6
       4
     2     2     2     2
     0     1     1     1
 1.710E+00 1.625E+00 1.625E+00 1.625E+00
 0.000E+00 0.000E+00 0.000E+00 0.000E+00
 0.000E+00 0.000E+00 0.000E+00 0.000E+00
 0.000E+00 0.000E+00 0.000E+00 0.000E+00
      66.796972     0.009821    -0.009632
 6
       4
     2     2     2     2
     0     1     1     1
 1.710E+00 1.625E+00 1.625E+00 1.625E+00
 0.000E+00 0.000E+00 0.000E+00 0.000E+00
 0.000E+00 0.000E+00 0.000E+00 0.000E+00
 0.000E+00 0.000E+00 0.000E+00 0.000E+00
      80.038131     -0.202412    0.269794
 6
       4
     2     2     2     2
     0     1     1     1
 1.710E+00 1.625E+00 1.625E+00 1.625E+00
 0.000E+00 0.000E+00 0.000E+00 0.000E+00
 0.000E+00 0.000E+00 0.000E+00 0.000E+00
 0.000E+00 0.000E+00 0.000E+00 0.000E+00
      78.787240     2.135215    -0.425782
 6
       4
     2     2     2     2
     0     1     1     1
 1.710E+00 1.625E+00 1.625E+00 1.625E+00
 0.000E+00 0.000E+00 0.000E+00 0.000E+00
 0.000E+00 0.000E+00 0.000E+00 0.000E+00
 0.000E+00 0.000E+00 0.000E+00 0.000E+00
      78.374547     -2.256371    0.950162
 6
       4
     2     2     2     2
     0     1     1     1
 1.710E+00 1.625E+00 1.625E+00 1.625E+00
 0.000E+00 0.000E+00 0.000E+00 0.000E+00
 0.000E+00 0.000E+00 0.000E+00 0.000E+00
 0.000E+00 0.000E+00 0.000E+00 0.000E+00
      76.112308     2.408316    -0.467254
 6
       4
     2     2     2     2
     0     1     1     1
 1.710E+00 1.625E+00 1.625E+00 1.625E+00
 0.000E+00 0.000E+00 0.000E+00 0.000E+00
 0.000E+00 0.000E+00 0.000E+00 0.000E+00
 0.000E+00 0.000E+00 0.000E+00 0.000E+00
      74.552445     0.209920    0.153347
 6
       4
     2     2     2     2
     0     1     1     1
 1.710E+00 1.625E+00 1.625E+00 1.625E+00
 0.000E+00 0.000E+00 0.000E+00 0.000E+00
 0.000E+00 0.000E+00 0.000E+00 0.000E+00
 0.000E+00 0.000E+00 0.000E+00 0.000E+00
      75.723246     -2.081000    0.880941
 6
       4
     2     2     2     2
     0     1     1     1
 1.710E+00 1.625E+00 1.625E+00 1.625E+00
 0.000E+00 0.000E+00 0.000E+00 0.000E+00
 0.000E+00 0.000E+00 0.000E+00 0.000E+00
 0.000E+00 0.000E+00 0.000E+00 0.000E+00
      82.828362     -0.225794    0.282871
 6
       4
     2     2     2     2
     0     1     1     1
 1.710E+00 1.625E+00 1.625E+00 1.625E+00
 0.000E+00 0.000E+00 0.000E+00 0.000E+00
 0.000E+00 0.000E+00 0.000E+00 0.000E+00
 0.000E+00 0.000E+00 0.000E+00 0.000E+00
      85.094093     -0.135323    0.185397
 6
       4
     2     2     2     2
     0     1     1     1
 1.710E+00 1.625E+00 1.625E+00 1.625E+00
 0.000E+00 0.000E+00 0.000E+00 0.000E+00
 0.000E+00 0.000E+00 0.000E+00 0.000E+00
 0.000E+00 0.000E+00 0.000E+00 0.000E+00
      87.890732     0.115840    -0.013154
 6
       4
     2     2     2     2
     0     1     1     1
 1.710E+00 1.625E+00 1.625E+00 1.625E+00
 0.000E+00 0.000E+00 0.000E+00 0.000E+00
 0.000E+00 0.000E+00 0.000E+00 0.000E+00
 0.000E+00 0.000E+00 0.000E+00 0.000E+00
      89.105295     2.284327    -1.028478
 6
       4
     2     2     2     2
     0     1     1     1
 1.710E+00 1.625E+00 1.625E+00 1.625E+00
 0.000E+00 0.000E+00 0.000E+00 0.000E+00
 0.000E+00 0.000E+00 0.000E+00 0.000E+00
 0.000E+00 0.000E+00 0.000E+00 0.000E+00
      89.472546     -1.958463    0.786047
 6
       4
     2     2     2     2
     0     1     1     1
 1.710E+00 1.625E+00 1.625E+00 1.625E+00
 0.000E+00 0.000E+00 0.000E+00 0.000E+00
 0.000E+00 0.000E+00 0.000E+00 0.000E+00
 0.000E+00 0.000E+00 0.000E+00 0.000E+00
      91.824237     2.398943    -1.281775
 6
       4
     2     2     2     2
     0     1     1     1
 1.710E+00 1.625E+00 1.625E+00 1.625E+00
 0.000E+00 0.000E+00 0.000E+00 0.000E+00
 0.000E+00 0.000E+00 0.000E+00 0.000E+00
 0.000E+00 0.000E+00 0.000E+00 0.000E+00
      92.169176     -1.929119    0.457903
 6
       4
     2     2     2     2
     0     1     1     1
 1.710E+00 1.625E+00 1.625E+00 1.625E+00
 0.000E+00 0.000E+00 0.000E+00 0.000E+00
 0.000E+00 0.000E+00 0.000E+00 0.000E+00
 0.000E+00 0.000E+00 0.000E+00 0.000E+00
      93.378425     0.340744    -0.441075
 6
       4
     2     2     2     2
     0     1     1     1
 1.710E+00 1.625E+00 1.625E+00 1.625E+00
 0.000E+00 0.000E+00 0.000E+00 0.000E+00
 0.000E+00 0.000E+00 0.000E+00 0.000E+00
 0.000E+00 0.000E+00 0.000E+00 0.000E+00
      96.181720     0.498107    -0.420286
 6
       4
     2     2     2     2
     0     1     1     1
 1.710E+00 1.625E+00 1.625E+00 1.625E+00
 0.000E+00 0.000E+00 0.000E+00 0.000E+00
 0.000E+00 0.000E+00 0.000E+00 0.000E+00
 0.000E+00 0.000E+00 0.000E+00 0.000E+00
      98.428653     0.315337    0.004573
 6
       4
     2     2     2     2
     0     1     1     1
 1.710E+00 1.625E+00 1.625E+00 1.625E+00
 0.000E+00 0.000E+00 0.000E+00 0.000E+00
 0.000E+00 0.000E+00 0.000E+00 0.000E+00
 0.000E+00 0.000E+00 0.000E+00 0.000E+00
      101.237829     0.212430    0.181773
 6
       4
     2     2     2     2
     0     1     1     1
 1.710E+00 1.625E+00 1.625E+00 1.625E+00
 0.000E+00 0.000E+00 0.000E+00 0.000E+00
 0.000E+00 0.000E+00 0.000E+00 0.000E+00
 0.000E+00 0.000E+00 0.000E+00 0.000E+00
      102.561760     -2.065714    0.808568
 6
       4
     2     2     2     2
     0     1     1     1
 1.710E+00 1.625E+00 1.625E+00 1.625E+00
 0.000E+00 0.000E+00 0.000E+00 0.000E+00
 0.000E+00 0.000E+00 0.000E+00 0.000E+00
 0.000E+00 0.000E+00 0.000E+00 0.000E+00
      102.613610     2.450332    -0.596275
 6
       4
     2     2     2     2
     0     1     1     1
 1.710E+00 1.625E+00 1.625E+00 1.625E+00
 0.000E+00 0.000E+00 0.000E+00 0.000E+00
 0.000E+00 0.000E+00 0.000E+00 0.000E+00
 0.000E+00 0.000E+00 0.000E+00 0.000E+00
      105.236138     2.457591    -0.769513
 6
       4
     2     2     2     2
     0     1     1     1
 1.710E+00 1.625E+00 1.625E+00 1.625E+00
 0.000E+00 0.000E+00 0.000E+00 0.000E+00
 0.000E+00 0.000E+00 0.000E+00 0.000E+00
 0.000E+00 0.000E+00 0.000E+00 0.000E+00
      105.268639     -2.037875    0.723608
 6
       4
     2     2     2     2
     0     1     1     1
 1.710E+00 1.625E+00 1.625E+00 1.625E+00
 0.000E+00 0.000E+00 0.000E+00 0.000E+00
 0.000E+00 0.000E+00 0.000E+00 0.000E+00
 0.000E+00 0.000E+00 0.000E+00 0.000E+00
      106.632470     0.141478    -0.102327
 6
       4
     2     2     2     2
     0     1     1     1
 1.710E+00 1.625E+00 1.625E+00 1.625E+00
 0.000E+00 0.000E+00 0.000E+00 0.000E+00
 0.000E+00 0.000E+00 0.000E+00 0.000E+00
 0.000E+00 0.000E+00 0.000E+00 0.000E+00
      109.391247     0.423554    -0.097621
 6
       4
     2     2     2     2
     0     1     1     1
 1.710E+00 1.625E+00 1.625E+00 1.625E+00
 0.000E+00 0.000E+00 0.000E+00 0.000E+00
 0.000E+00 0.000E+00 0.000E+00 0.000E+00
 0.000E+00 0.000E+00 0.000E+00 0.000E+00
      111.575628     0.974364    0.192238
 6
       4
     2     2     2     2
     0     1     1     1
 1.710E+00 1.625E+00 1.625E+00 1.625E+00
 0.000E+00 0.000E+00 0.000E+00 0.000E+00
 0.000E+00 0.000E+00 0.000E+00 0.000E+00
 0.000E+00 0.000E+00 0.000E+00 0.000E+00
      114.336552     0.912974    0.199009
 6
       4
     2     2     2     2
     0     1     1     1
 1.710E+00 1.625E+00 1.625E+00 1.625E+00
 0.000E+00 0.000E+00 0.000E+00 0.000E+00
 0.000E+00 0.000E+00 0.000E+00 0.000E+00
 0.000E+00 0.000E+00 0.000E+00 0.000E+00
      115.494361     -1.512140    -0.301202
 6
       4
     2     2     2     2
     0     1     1     1
 1.710E+00 1.625E+00 1.625E+00 1.625E+00
 0.000E+00 0.000E+00 0.000E+00 0.000E+00
 0.000E+00 0.000E+00 0.000E+00 0.000E+00
 0.000E+00 0.000E+00 0.000E+00 0.000E+00
      115.908339     3.126712    0.656066
 6
       4
     2     2     2     2
     0     1     1     1
 1.710E+00 1.625E+00 1.625E+00 1.625E+00
 0.000E+00 0.000E+00 0.000E+00 0.000E+00
 0.000E+00 0.000E+00 0.000E+00 0.000E+00
 0.000E+00 0.000E+00 0.000E+00 0.000E+00
      118.532006     2.866550    0.726420
 6
       4
     2     2     2     2
     0     1     1     1
 1.710E+00 1.625E+00 1.625E+00 1.625E+00
 0.000E+00 0.000E+00 0.000E+00 0.000E+00
 0.000E+00 0.000E+00 0.000E+00 0.000E+00
 0.000E+00 0.000E+00 0.000E+00 0.000E+00
      118.154021     -1.695819    -0.333907
 6
       4
     2     2     2     2
     0     1     1     1
 1.710E+00 1.625E+00 1.625E+00 1.625E+00
 0.000E+00 0.000E+00 0.000E+00 0.000E+00
 0.000E+00 0.000E+00 0.000E+00 0.000E+00
 0.000E+00 0.000E+00 0.000E+00 0.000E+00
      119.741525     0.507340    0.215334
 6
       4
     2     2     2     2
     0     1     1     1
 1.710E+00 1.625E+00 1.625E+00 1.625E+00
 0.000E+00 0.000E+00 0.000E+00 0.000E+00
 0.000E+00 0.000E+00 0.000E+00 0.000E+00
 0.000E+00 0.000E+00 0.000E+00 0.000E+00
      122.504743     0.138740    0.186047
 6
       4
     2     2     2     2
     0     1     1     1
 1.710E+00 1.625E+00 1.625E+00 1.625E+00
 0.000E+00 0.000E+00 0.000E+00 0.000E+00
 0.000E+00 0.000E+00 0.000E+00 0.000E+00
 0.000E+00 0.000E+00 0.000E+00 0.000E+00
      124.720506     -0.218711    -0.068359
 6
       4
     2     2     2     2
     0     1     1     1
 1.710E+00 1.625E+00 1.625E+00 1.625E+00
 0.000E+00 0.000E+00 0.000E+00 0.000E+00
 0.000E+00 0.000E+00 0.000E+00 0.000E+00
 0.000E+00 0.000E+00 0.000E+00 0.000E+00
      127.541485     -0.377182    -0.245243
 6
       4
     2     2     2     2
     0     1     1     1
 1.710E+00 1.625E+00 1.625E+00 1.625E+00
 0.000E+00 0.000E+00 0.000E+00 0.000E+00
 0.000E+00 0.000E+00 0.000E+00 0.000E+00
 0.000E+00 0.000E+00 0.000E+00 0.000E+00
      128.814589     -2.517495    -1.175710
 6
       4
     2     2     2     2
     0     1     1     1
 1.710E+00 1.625E+00 1.625E+00 1.625E+00
 0.000E+00 0.000E+00 0.000E+00 0.000E+00
 0.000E+00 0.000E+00 0.000E+00 0.000E+00
 0.000E+00 0.000E+00 0.000E+00 0.000E+00
      128.988626     1.725261    0.554725
 6
       4
     2     2     2     2
     0     1     1     1
 1.710E+00 1.625E+00 1.625E+00 1.625E+00
 0.000E+00 0.000E+00 0.000E+00 0.000E+00
 0.000E+00 0.000E+00 0.000E+00 0.000E+00
 0.000E+00 0.000E+00 0.000E+00 0.000E+00
      131.748659     1.613805    0.625471
 6
       4
     2     2     2     2
     0     1     1     1
 1.710E+00 1.625E+00 1.625E+00 1.625E+00
 0.000E+00 0.000E+00 0.000E+00 0.000E+00
 0.000E+00 0.000E+00 0.000E+00 0.000E+00
 0.000E+00 0.000E+00 0.000E+00 0.000E+00
      131.448988     -2.728579    -1.170855
 6
       4
     2     2     2     2
     0     1     1     1
 1.710E+00 1.625E+00 1.625E+00 1.625E+00
 0.000E+00 0.000E+00 0.000E+00 0.000E+00
 0.000E+00 0.000E+00 0.000E+00 0.000E+00
 0.000E+00 0.000E+00 0.000E+00 0.000E+00
      132.998471     -0.703982    -0.204586
 6
       4
     2     2     2     2
     0     1     1     1
 1.710E+00 1.625E+00 1.625E+00 1.625E+00
 0.000E+00 0.000E+00 0.000E+00 0.000E+00
 0.000E+00 0.000E+00 0.000E+00 0.000E+00
 0.000E+00 0.000E+00 0.000E+00 0.000E+00
      135.749402     -0.937669    0.073709
 1
       1
     1
     0
 1.300E+00
 0.000E+00
 0.000E+00
 0.000E+00
      75.268285     3.991039    -0.949937
 1
       1
     1
     0
 1.300E+00
 0.000E+00
 0.000E+00
 0.000E+00
      79.846534     3.852652    -0.819385
 6
       4
     2     2     2     2
     0     1     1     1
 1.710E+00 1.625E+00 1.625E+00 1.625E+00
 0.000E+00 0.000E+00 0.000E+00 0.000E+00
 0.000E+00 0.000E+00 0.000E+00 0.000E+00
 0.000E+00 0.000E+00 0.000E+00 0.000E+00
      71.853811     0.329823    0.083435
 1
       1
     1
     0
 1.300E+00
 0.000E+00
 0.000E+00
 0.000E+00
      74.573947     -3.593836    1.404913
 1
       1
     1
     0
 1.300E+00
 0.000E+00
 0.000E+00
 0.000E+00
      79.288303     -4.157495    1.345201
 1
       1
     1
     0
 1.300E+00
 0.000E+00
 0.000E+00
 0.000E+00
      88.012472     3.806485    -1.426673
 1
       1
     1
     0
 1.300E+00
 0.000E+00
 0.000E+00
 0.000E+00
      88.591212     -3.515624    1.710958
 1
       1
     1
     0
 1.300E+00
 0.000E+00
 0.000E+00
 0.000E+00
      92.703577     4.088730    -1.954077
 1
       1
     1
     0
 1.300E+00
 0.000E+00
 0.000E+00
 0.000E+00
      93.366523     -3.452104    0.970314
 1
       1
     1
     0
 1.300E+00
 0.000E+00
 0.000E+00
 0.000E+00
      101.566630     3.998847    -1.138157
 1
       1
     1
     0
 1.300E+00
 0.000E+00
 0.000E+00
 0.000E+00
      106.490882     3.980933    -1.268222
 1
       1
     1
     0
 1.300E+00
 0.000E+00
 0.000E+00
 0.000E+00
      101.611179     -3.815833    1.397373
 1
       1
     1
     0
 1.300E+00
 0.000E+00
 0.000E+00
 0.000E+00
      106.328422     -3.712903    1.373355
 1
       1
     1
     0
 1.300E+00
 0.000E+00
 0.000E+00
 0.000E+00
      115.012497     4.922585    0.969322
 1
       1
     1
     0
 1.300E+00
 0.000E+00
 0.000E+00
 0.000E+00
      114.380010     -3.201831    -0.876973
 1
       1
     1
     0
 1.300E+00
 0.000E+00
 0.000E+00
 0.000E+00
      119.690981     4.478498    0.966566
 1
       1
     1
     0
 1.300E+00
 0.000E+00
 0.000E+00
 0.000E+00
      119.078407     -3.533240    -0.838458
 1
       1
     1
     0
 1.300E+00
 0.000E+00
 0.000E+00
 0.000E+00
      128.209741     3.413561    0.992539
 1
       1
     1
     0
 1.300E+00
 0.000E+00
 0.000E+00
 0.000E+00
      127.878115     -4.085397    -1.770331
 1
       1
     1
     0
 1.300E+00
 0.000E+00
 0.000E+00
 0.000E+00
      132.853947     3.009797    1.169404
 1
       1
     1
     0
 1.300E+00
 0.000E+00
 0.000E+00
 0.000E+00
      132.480679     -4.326940    -1.786849
 1
       1
     1
     0
 1.300E+00
 0.000E+00
 0.000E+00
 0.000E+00
      141.499175     1.719995    3.321655
 1
       1
     1
     0
 1.300E+00
 0.000E+00
 0.000E+00
 0.000E+00
      141.005231     -3.970133    -2.447925
 1
       1
     1
     0
 1.300E+00
 0.000E+00
 0.000E+00
 0.000E+00
      148.644197     -1.742169    0.157142
 1
       1
     1
     0
 1.300E+00
 0.000E+00
 0.000E+00
 0.000E+00
      145.991486     1.670323    3.217924
 1
       1
     1
     0
 1.300E+00
 0.000E+00
 0.000E+00
 0.000E+00
      145.535805     -4.119710    -2.824362
 6
       4
     2     2     2     2
     0     1     1     1
 1.710E+00 1.625E+00 1.625E+00 1.625E+00
 0.000E+00 0.000E+00 0.000E+00 0.000E+00
 0.000E+00 0.000E+00 0.000E+00 0.000E+00
 0.000E+00 0.000E+00 0.000E+00 0.000E+00
      138.056411     -0.947972    0.445066
 6
       4
     2     2     2     2
     0     1     1     1
 1.710E+00 1.625E+00 1.625E+00 1.625E+00
 0.000E+00 0.000E+00 0.000E+00 0.000E+00
 0.000E+00 0.000E+00 0.000E+00 0.000E+00
 0.000E+00 0.000E+00 0.000E+00 0.000E+00
      140.790168     -1.004369    0.470718
 6
       4
     2     2     2     2
     0     1     1     1
 1.710E+00 1.625E+00 1.625E+00 1.625E+00
 0.000E+00 0.000E+00 0.000E+00 0.000E+00
 0.000E+00 0.000E+00 0.000E+00 0.000E+00
 0.000E+00 0.000E+00 0.000E+00 0.000E+00
      142.069331     -2.793213    -1.267364
 6
       4
     2     2     2     2
     0     1     1     1
 1.710E+00 1.625E+00 1.625E+00 1.625E+00
 0.000E+00 0.000E+00 0.000E+00 0.000E+00
 0.000E+00 0.000E+00 0.000E+00 0.000E+00
 0.000E+00 0.000E+00 0.000E+00 0.000E+00
      142.251616     0.521808    2.027287
 6
       4
     2     2     2     2
     0     1     1     1
 1.710E+00 1.625E+00 1.625E+00 1.625E+00
 0.000E+00 0.000E+00 0.000E+00 0.000E+00
 0.000E+00 0.000E+00 0.000E+00 0.000E+00
 0.000E+00 0.000E+00 0.000E+00 0.000E+00
      145.011427     0.351189    1.884091
 6
       4
     2     2     2     2
     0     1     1     1
 1.710E+00 1.625E+00 1.625E+00 1.625E+00
 0.000E+00 0.000E+00 0.000E+00 0.000E+00
 0.000E+00 0.000E+00 0.000E+00 0.000E+00
 0.000E+00 0.000E+00 0.000E+00 0.000E+00
      144.730018     -2.916866    -1.475621
 6
       4
     2     2     2     2
     0     1     1     1
 1.710E+00 1.625E+00 1.625E+00 1.625E+00
 0.000E+00 0.000E+00 0.000E+00 0.000E+00
 0.000E+00 0.000E+00 0.000E+00 0.000E+00
 0.000E+00 0.000E+00 0.000E+00 0.000E+00
      146.205161     -1.382323    0.182156
# LCAO coefficients .. are not included.
         1
        1        0.000135413290582   k=         1
        2        0.001564428938947   k=         1
        3        0.000791515461810   k=         1
        4        -0.012206945116448   k=         1
        5        -0.001544466998171   k=         1
        6        -0.004853929059007   k=         1
        7        0.008464509544033   k=         1
        8        -0.012215075250264   k=         1
        9        0.001209286124946   k=         1
        10        -0.000079425724267   k=         1
        11        0.008770488973857   k=         1
        12        -0.010678206813065   k=         1
        13        0.000590952595285   k=         1
        14        0.001468284793626   k=         1
        15        -0.001669978379987   k=         1
        16        0.003301075135309   k=         1
        17        -0.000045379820158   k=         1
        18        0.000469580889929   k=         1
        19        -0.004935473484130   k=         1
        20        0.017447612771830   k=         1
        21        -0.000145747278427   k=         1
        22        0.000675633706753   k=         1
        23        -0.002692938031367   k=         1
        24        0.004636999970822   k=         1
        25        0.000553084984224   k=         1
        26        -0.004571451294133   k=         1
        27        0.008299382976452   k=         1
        28        0.029221608951054   k=         1
        29        -0.000005988801040   k=         1
        30        -0.000001886879364   k=         1
        31        0.002789894556922   k=         1
        32        0.016670999483902   k=         1
        33        0.000426708242955   k=         1
        34        0.001192457999204   k=         1
        35        -0.013053842610892   k=         1
        36        -0.037929420427670   k=         1
        37        -0.000012977097351   k=         1
        38        0.000295193938037   k=         1
        39        -0.007229665797560   k=         1
        40        -0.016677762048168   k=         1
        41        0.000192181211377   k=         1
        42        0.003199849658020   k=         1
        43        -0.007481702071660   k=         1
        44        -0.016802373621165   k=         1
        45        0.001002964031099   k=         1
        46        0.000650248999476   k=         1
        47        0.010968381058272   k=         1
        48        0.026549626924505   k=         1
        49        -0.000980117460144   k=         1
        50        -0.004404539084887   k=         1
        51        0.008923478162951   k=         1
        52        0.025808740684256   k=         1
        53        0.000407768750931   k=         1
        54        0.000337917641103   k=         1
        55        0.013596986191921   k=         1
        56        0.030675259984372   k=         1
        57        0.000297755392173   k=         1
        58        0.000166479658582   k=         1
        59        -0.026749274726598   k=         1
        60        -0.034020969105131   k=         1
        61        0.000667866516677   k=         1
        62        0.002321754438536   k=         1
        63        -0.017000034789991   k=         1
        64        -0.029269640012969   k=         1
        65        0.000009447335194   k=         1
        66        0.001039967123973   k=         1
        67        0.034491563113561   k=         1
        68        0.041796031335564   k=         1
        69        0.001677615722555   k=         1
        70        0.008272609563375   k=         1
        71        0.021034658520977   k=         1
        72        0.020674254379291   k=         1
        73        -0.000568267218992   k=         1
        74        0.006372427502975   k=         1
        75        0.020148883616954   k=         1
        76        0.018124368272173   k=         1
        77        0.002332750014612   k=         1
        78        -0.004915659750974   k=         1
        79        -0.029756777062138   k=         1
        80        -0.027069892223837   k=         1
        81        -0.002565438956984   k=         1
        82        -0.013769483116805   k=         1
        83        -0.030680350392811   k=         1
        84        -0.024980622859082   k=         1
        85        0.000365649391395   k=         1
        86        0.001449998847109   k=         1
        87        -0.027379834245152   k=         1
        88        -0.039511022414819   k=         1
        89        -0.003051366730792   k=         1
        90        -0.009647023689238   k=         1
        91        0.020914408109239   k=         1
        92        0.069232185436392   k=         1
        93        0.002827053197207   k=         1
        94        -0.000817991613454   k=         1
        95        0.020705898230360   k=         1
        96        0.042690378188070   k=         1
        97        -0.000847093429246   k=         1
        98        -0.005897481658252   k=         1
        99        -0.021914387013150   k=         1
        100        -0.092669080678283   k=         1
        101        0.003122541833560   k=         1
        102        -0.001991052885214   k=         1
        103        -0.008682796949207   k=         1
        104        -0.045457082640907   k=         1
        105        -0.000302071281596   k=         1
        106        -0.000707517823587   k=         1
        107        -0.009212394244450   k=         1
        108        -0.050102240359371   k=         1
        109        0.000560578497311   k=         1
        110        0.003932735613118   k=         1
        111        0.011172103127578   k=         1
        112        0.067831015085574   k=         1
        113        -0.000811604886882   k=         1
        114        -0.000831675828132   k=         1
        115        0.011320142746747   k=         1
        116        0.064590059866651   k=         1
        117        0.000104307999849   k=         1
        118        0.011116617264330   k=         1
        119        0.022900551357423   k=         1
        120        0.079649135862549   k=         1
        121        0.001183453508554   k=         1
        122        -0.012442974675361   k=         1
        123        -0.034244318950834   k=         1
        124        -0.088035912454235   k=         1
        125        -0.000500986871097   k=         1
        126        -0.001573630950197   k=         1
        127        -0.026187245766566   k=         1
        128        -0.078180470842966   k=         1
        129        -0.002901472308948   k=         1
        130        -0.009656710027616   k=         1
        131        0.047823030934050   k=         1
        132        0.114101097560328   k=         1
        133        -0.000354348851834   k=         1
        134        -0.015197041124831   k=         1
        135        0.038856740412970   k=         1
        136        0.058685569413023   k=         1
        137        -0.000752159791269   k=         1
        138        -0.006883700851635   k=         1
        139        0.028155621145643   k=         1
        140        0.055079390427280   k=         1
        141        0.002041855927071   k=         1
        142        0.011238104881990   k=         1
        143        -0.044407219687765   k=         1
        144        -0.063192209634247   k=         1
        145        -0.000968133738962   k=         1
        146        0.017088641253652   k=         1
        147        -0.047381057579563   k=         1
        148        -0.079920980686373   k=         1
        149        -0.001696566118192   k=         1
        150        0.004578800818662   k=         1
        151        -0.046252613877830   k=         1
        152        -0.097816717378236   k=         1
        153        0.003440994873057   k=         1
        154        0.007187061504638   k=         1
        155        0.053184440359057   k=         1
        156        0.131151778592809   k=         1
        157        -0.002112617093174   k=         1
        158        0.000743089705647   k=         1
        159        0.000500286425337   k=         1
        160        0.001454826717437   k=         1
        161        -0.001587535121962   k=         1
        162        -0.000084892426414   k=         1
        163        -0.000494922872384   k=         1
        164        -0.000096536008052   k=         1
        165        -0.000597388512844   k=         1
        166        0.000925117583778   k=         1
        167        -0.003128082051800   k=         1
        168        -0.004225695362758   k=         1
        169        -0.000003258243045   k=         1
        170        0.000818790245790   k=         1
        171        -0.002363972711647   k=         1
        172        -0.002628450209507   k=         1
        173        0.000466500384061   k=         1
        174        0.004839384506355   k=         1
        175        -0.001790474132400   k=         1
        176        -0.000995515051581   k=         1
        177        0.004973659206228   k=         1
        178        0.004954020732190   k=         1
        179        -0.005122224027072   k=         1
        180        -0.003335632819740   k=         1
        181        0.011830352627042   k=         1
        182        -0.050586393560859   k=         1
        183        -0.146614057604162   k=         1
        184        -0.001659551124670   k=         1
        185        0.007039131763231   k=         1
        186        -0.003052268566398   k=         1
        187        0.007880689540587   k=         1
        188        0.042791535181501   k=         1
        189        0.093175305763861   k=         1
        190        0.003135514839948   k=         1
        191        -0.006970596355200   k=         1
        192        -0.066370138221193   k=         1
        193        -0.166251108396392   k=         1
        194        -0.001597179626874   k=         1
        195        -0.006107539744906   k=         1
        196        -0.017839761134078   k=         1
        197        -0.084955509414631   k=         1
        198        -0.002560804005937   k=         1
        199        -0.002279446110819   k=         1
        200        -0.023677121394506   k=         1
        201        -0.100618971345543   k=         1
        202        -0.001241390413651   k=         1
        203        0.000723540470434   k=         1
        204        0.036899274078664   k=         1
        205        0.136772041071272   k=         1
        206        0.002016956631968   k=         1
        207        0.006787212049090   k=         1
        208        0.013367159953575   k=         1
        209        0.102485270891675   k=         1
        210        0.002351706521058   k=         1
        211        -0.014812912148420   k=         1
        212        0.061859309701985   k=         1
        213        0.157264617775033   k=         1
        214        0.000812284354361   k=         1
        215        -0.001935498955557   k=         1
        216        -0.056014113919753   k=         1
        217        -0.163984018942979   k=         1
        218        -0.000586361846973   k=         1
        219        -0.000407032826843   k=         1
        220        -0.017101956165694   k=         1
        221        -0.081456129694607   k=         1
        222        -0.000714835622966   k=         1
        223        -0.001172487232795   k=         1
        224        -0.020383696176946   k=         1
        225        -0.091611877394877   k=         1
        226        0.001700897346903   k=         1
        227        -0.001139981482634   k=         1
        228        0.031556170928182   k=         1
        229        0.118096369401391   k=         1
        230        -0.001755801095277   k=         1
        231        -0.000249452144790   k=         1
        232        0.047731128871408   k=         1
        233        0.143172865061511   k=         1
        234        -0.001306619447851   k=         1
        235        0.002401239480558   k=         1
        236        0.033557909610901   k=         1
        237        0.112147556806066   k=         1
        238        0.001169139809371   k=         1
        239        0.001266681467901   k=         1
        240        0.035970548674317   k=         1
        241        0.089853296699920   k=         1
        242        -0.002674118310233   k=         1
        243        -0.000122371590262   k=         1
        244        0.042865686099737   k=         1
        245        0.122690418324412   k=         1
        246        -0.000330605686089   k=         1
        247        -0.002420635086540   k=         1
        248        -0.040666322883018   k=         1
        249        -0.094835829849090   k=         1
        250        0.001543173497974   k=         1
        251        -0.014586323803807   k=         1
        252        -0.032043304216240   k=         1
        253        -0.075801211437099   k=         1
        254        -0.000836464045270   k=         1
        255        -0.016086002777442   k=         1
        256        -0.036768840000538   k=         1
        257        -0.073034345750088   k=         1
        258        -0.001552822368925   k=         1
        259        0.008687777745732   k=         1
        260        0.024453657698873   k=         1
        261        0.063711107604998   k=         1
        262        -0.000859057027442   k=         1
        263        0.011971391335595   k=         1
        264        0.024930524330986   k=         1
        265        0.054202638887405   k=         1
        266        0.001954940679597   k=         1
        267        -0.007668900001587   k=         1
        268        0.040600324795201   k=         1
        269        0.106820682320875   k=         1
        270        0.000723716982322   k=         1
        271        0.014018062552393   k=         1
        272        -0.024402949218153   k=         1
        273        -0.072814911408573   k=         1
        274        -0.001883301930131   k=         1
        275        0.011743151229121   k=         1
        276        -0.031179741942710   k=         1
        277        -0.084457449968239   k=         1
        278        0.001759723387006   k=         1
        279        -0.001818598615192   k=         1
        280        0.024422055871141   k=         1
        281        0.083588017476804   k=         1
        282        -0.000516148618617   k=         1
        283        0.006624890628518   k=         1
        284        0.019022498459566   k=         1
        285        0.066018221362169   k=         1
        286        0.000170809771287   k=         1
        287        0.004626732489658   k=         1
        288        0.020763944304726   k=         1
        289        0.052416539452030   k=         1
        290        0.002047625376399   k=         1
        291        -0.002541200749197   k=         1
        292        -0.017252468578828   k=         1
        293        -0.046413024344162   k=         1
        294        -0.001015071906180   k=         1
        295        -0.006779246995788   k=         1
        296        -0.024393672810945   k=         1
        297        -0.049195241617785   k=         1
        298        0.002307479030059   k=         1
        299        0.000287092274372   k=         1
        300        -0.026275926330541   k=         1
        301        -0.091249843122617   k=         1
        302        -0.002649994886037   k=         1
        303        -0.005876693895425   k=         1
        304        -0.000979544129267   k=         1
        305        0.060889869599558   k=         1
        306        0.004899297236703   k=         1
        307        -0.009520291132889   k=         1
        308        0.013947251993973   k=         1
        309        0.072390249208686   k=         1
        310        -0.000168501867581   k=         1
        311        0.002941348692856   k=         1
        312        0.006995342448185   k=         1
        313        -0.064967019740569   k=         1
        314        0.001357230384880   k=         1
        315        -0.004199275211252   k=         1
        316        0.019451226694775   k=         1
        317        -0.044097254157831   k=         1
        318        -0.001592948464509   k=         1
        319        0.005533699096922   k=         1
        320        0.014138971752041   k=         1
        321        -0.051738935398312   k=         1
        322        0.001073528029850   k=         1
        323        -0.001386942980901   k=         1
        324        -0.006214807697341   k=         1
        325        0.033082870504360   k=         1
        326        -0.000272743735293   k=         1
        327        0.003000297693523   k=         1
        328        -0.009906409342907   k=         1
        329        0.036137826820063   k=         1
        330        -0.000860693163000   k=         1
        331        -0.002714152578659   k=         1
        332        -0.016216613618523   k=         1
        333        0.072380597577796   k=         1
        334        -0.000999214203665   k=         1
        335        0.000679965080568   k=         1
        336        0.010883205796674   k=         1
        337        -0.033530288903422   k=         1
        338        0.000378451177462   k=         1
        339        -0.005462009330273   k=         1
        340        0.014322994835072   k=         1
        341        -0.051612253594774   k=         1
        342        -0.000200794473152   k=         1
        343        0.003567622624687   k=         1
        344        -0.013384766583139   k=         1
        345        0.032296680998675   k=         1
        346        0.000014531229012   k=         1
        347        0.000541860741375   k=         1
        348        -0.010683138582644   k=         1
        349        0.027616497265484   k=         1
        350        0.001185647493757   k=         1
        351        -0.002624797094136   k=         1
        352        -0.010609900550924   k=         1
        353        0.030204869642342   k=         1
        354        -0.000629094271776   k=         1
        355        0.002363760765371   k=         1
        356        0.006832070844697   k=         1
        357        -0.020133048350081   k=         1
        358        -0.000539118366707   k=         1
        359        0.000203050386492   k=         1
        360        0.006854173384802   k=         1
        361        -0.019652367687344   k=         1
        362        0.000486901876690   k=         1
        363        0.005836626411252   k=         1
        364        0.017607496618136   k=         1
        365        -0.039107199718130   k=         1
        366        -0.000178830125847   k=         1
        367        -0.003659300117581   k=         1
        368        -0.010251916977623   k=         1
        369        0.017541358253727   k=         1
        370        -0.002736859698836   k=         1
        371        0.002856529811345   k=         1
        372        0.000888136237654   k=         1
        373        0.001677760980675   k=         1
        374        -0.056182482459142   k=         1
        375        -0.149407132315638   k=         1
        376        0.001816469627175   k=         1
        377        -0.002005747607880   k=         1
        378        0.001747631112856   k=         1
        379        0.002702352691259   k=         1
        380        0.003778793804297   k=         1
        381        0.002322739429629   k=         1
        382        0.000388646904061   k=         1
        383        -0.002234505324079   k=         1
        384        -0.003327531237961   k=         1
        385        -0.000448094640118   k=         1
        386        0.001211042243003   k=         1
        387        -0.000590311277893   k=         1
        388        -0.001464319591563   k=         1
        389        0.003444787148402   k=         1
        390        0.000941299824614   k=         1
        391        -0.000081758796537   k=         1
        392        -0.000458053123812   k=         1
        393        0.000032919729289   k=         1
        394        0.000811493220116   k=         1
        395        -0.000105478253018   k=         1
        396        -0.000778711482049   k=         1
        397        -0.000364585075840   k=         1
        398        0.001421555581311   k=         1
        399        0.000866877867814   k=         1
        400        -0.003451631413176   k=         1
        401        -0.014586132683005   k=         1
        402        0.030713781235156   k=         1
        403        0.000105690062715   k=         1
        404        0.000715590349795   k=         1
        405        0.008617048197610   k=         1
        406        -0.012061299919913   k=         1
        407        0.000771889894380   k=         1
        408        -0.003086389902634   k=         1
        409        0.015801706673124   k=         1
        410        -0.011370511936033   k=         1
        411        -0.000738015936632   k=         1
        412        0.000636226200298   k=         1
        413        0.015372968307858   k=         1
        414        -0.012112893684703   k=         1
        415        0.000166272460726   k=         1
        416        0.000168623725454   k=         1
        417        -0.005588618525584   k=         1
        418        0.004907969572823   k=         1
        419        -0.000268186741313   k=         1
        420        0.001424952157060   k=         1
        421        -0.002795508274330   k=         1
        422        0.002171640555853   k=         1
        423        -0.000084133163615   k=         1
        424        -0.002124998162478   k=         1
        425        -0.015536955051762   k=         1
        426        0.015728873350409   k=         1
