# file_format= v0.04.05
       144       426
    188.97268778      0.00000000      0.00000000    0
      0.00000000    188.97268778      0.00000000    0
      0.00000000      0.00000000    188.97268778    0
 6
       4
     2     2     2     2
     0     1     1     1
 1.710E+00 1.625E+00 1.625E+00 1.625E+00
 0.000E+00 0.000E+00 0.000E+00 0.000E+00
 0.000E+00 0.000E+00 0.000E+00 0.000E+00
 0.000E+00 0.000E+00 0.000E+00 0.000E+00
      0.894301     -0.705391    -0.154897
 6
       4
     2     2     2     2
     0     1     1     1
 1.710E+00 1.625E+00 1.625E+00 1.625E+00
 0.000E+00 0.000E+00 0.000E+00 0.000E+00
 0.000E+00 0.000E+00 0.000E+00 0.000E+00
 0.000E+00 0.000E+00 0.000E+00 0.000E+00
      -0.797929     1.246289    0.548648
 6
       4
     2     2     2     2
     0     1     1     1
 1.710E+00 1.625E+00 1.625E+00 1.625E+00
 0.000E+00 0.000E+00 0.000E+00 0.000E+00
 0.000E+00 0.000E+00 0.000E+00 0.000E+00
 0.000E+00 0.000E+00 0.000E+00 0.000E+00
      0.128639     -3.202638    -0.940477
 6
       4
     2     2     2     2
     0     1     1     1
 1.710E+00 1.625E+00 1.625E+00 1.625E+00
 0.000E+00 0.000E+00 0.000E+00 0.000E+00
 0.000E+00 0.000E+00 0.000E+00 0.000E+00
 0.000E+00 0.000E+00 0.000E+00 0.000E+00
      -3.466967     0.785321    0.455800
 6
       4
     2     2     2     2
     0     1     1     1
 1.710E+00 1.625E+00 1.625E+00 1.625E+00
 0.000E+00 0.000E+00 0.000E+00 0.000E+00
 0.000E+00 0.000E+00 0.000E+00 0.000E+00
 0.000E+00 0.000E+00 0.000E+00 0.000E+00
      -4.274473     -1.662233    -0.342197
 6
       4
     2     2     2     2
     0     1     1     1
 1.710E+00 1.625E+00 1.625E+00 1.625E+00
 0.000E+00 0.000E+00 0.000E+00 0.000E+00
 0.000E+00 0.000E+00 0.000E+00 0.000E+00
 0.000E+00 0.000E+00 0.000E+00 0.000E+00
      -2.578340     -3.654490    -1.084414
 6
       4
     2     2     2     2
     0     1     1     1
 1.710E+00 1.625E+00 1.625E+00 1.625E+00
 0.000E+00 0.000E+00 0.000E+00 0.000E+00
 0.000E+00 0.000E+00 0.000E+00 0.000E+00
 0.000E+00 0.000E+00 0.000E+00 0.000E+00
      3.643539     -0.260332    -0.033008
 6
       4
     2     2     2     2
     0     1     1     1
 1.710E+00 1.625E+00 1.625E+00 1.625E+00
 0.000E+00 0.000E+00 0.000E+00 0.000E+00
 0.000E+00 0.000E+00 0.000E+00 0.000E+00
 0.000E+00 0.000E+00 0.000E+00 0.000E+00
      5.773436     0.150980    0.037415
 6
       4
     2     2     2     2
     0     1     1     1
 1.710E+00 1.625E+00 1.625E+00 1.625E+00
 0.000E+00 0.000E+00 0.000E+00 0.000E+00
 0.000E+00 0.000E+00 0.000E+00 0.000E+00
 0.000E+00 0.000E+00 0.000E+00 0.000E+00
      8.585989     0.525276    0.050063
 6
       4
     2     2     2     2
     0     1     1     1
 1.710E+00 1.625E+00 1.625E+00 1.625E+00
 0.000E+00 0.000E+00 0.000E+00 0.000E+00
 0.000E+00 0.000E+00 0.000E+00 0.000E+00
 0.000E+00 0.000E+00 0.000E+00 0.000E+00
      9.860018     2.922733    -0.680260
 6
       4
     2     2     2     2
     0     1     1     1
 1.710E+00 1.625E+00 1.625E+00 1.625E+00
 0.000E+00 0.000E+00 0.000E+00 0.000E+00
 0.000E+00 0.000E+00 0.000E+00 0.000E+00
 0.000E+00 0.000E+00 0.000E+00 0.000E+00
      10.182647     -1.632640    0.689219
 6
       4
     2     2     2     2
     0     1     1     1
 1.710E+00 1.625E+00 1.625E+00 1.625E+00
 0.000E+00 0.000E+00 0.000E+00 0.000E+00
 0.000E+00 0.000E+00 0.000E+00 0.000E+00
 0.000E+00 0.000E+00 0.000E+00 0.000E+00
      12.482574     3.141250    -0.560092
 6
       4
     2     2     2     2
     0     1     1     1
 1.710E+00 1.625E+00 1.625E+00 1.625E+00
 0.000E+00 0.000E+00 0.000E+00 0.000E+00
 0.000E+00 0.000E+00 0.000E+00 0.000E+00
 0.000E+00 0.000E+00 0.000E+00 0.000E+00
      12.823030     -1.309926    0.783802
 6
       4
     2     2     2     2
     0     1     1     1
 1.710E+00 1.625E+00 1.625E+00 1.625E+00
 0.000E+00 0.000E+00 0.000E+00 0.000E+00
 0.000E+00 0.000E+00 0.000E+00 0.000E+00
 0.000E+00 0.000E+00 0.000E+00 0.000E+00
      14.020365     1.052029    0.254221
 6
       4
     2     2     2     2
     0     1     1     1
 1.710E+00 1.625E+00 1.625E+00 1.625E+00
 0.000E+00 0.000E+00 0.000E+00 0.000E+00
 0.000E+00 0.000E+00 0.000E+00 0.000E+00
 0.000E+00 0.000E+00 0.000E+00 0.000E+00
      16.868278     1.281586    0.529611
 6
       4
     2     2     2     2
     0     1     1     1
 1.710E+00 1.625E+00 1.625E+00 1.625E+00
 0.000E+00 0.000E+00 0.000E+00 0.000E+00
 0.000E+00 0.000E+00 0.000E+00 0.000E+00
 0.000E+00 0.000E+00 0.000E+00 0.000E+00
      19.048502     1.546342    0.345844
 6
       4
     2     2     2     2
     0     1     1     1
 1.710E+00 1.625E+00 1.625E+00 1.625E+00
 0.000E+00 0.000E+00 0.000E+00 0.000E+00
 0.000E+00 0.000E+00 0.000E+00 0.000E+00
 0.000E+00 0.000E+00 0.000E+00 0.000E+00
      21.934439     1.325008    0.243597
 6
       4
     2     2     2     2
     0     1     1     1
 1.710E+00 1.625E+00 1.625E+00 1.625E+00
 0.000E+00 0.000E+00 0.000E+00 0.000E+00
 0.000E+00 0.000E+00 0.000E+00 0.000E+00
 0.000E+00 0.000E+00 0.000E+00 0.000E+00
      23.157084     -0.731016    1.637397
 6
       4
     2     2     2     2
     0     1     1     1
 1.710E+00 1.625E+00 1.625E+00 1.625E+00
 0.000E+00 0.000E+00 0.000E+00 0.000E+00
 0.000E+00 0.000E+00 0.000E+00 0.000E+00
 0.000E+00 0.000E+00 0.000E+00 0.000E+00
      23.397930     2.913551    -1.379080
 6
       4
     2     2     2     2
     0     1     1     1
 1.710E+00 1.625E+00 1.625E+00 1.625E+00
 0.000E+00 0.000E+00 0.000E+00 0.000E+00
 0.000E+00 0.000E+00 0.000E+00 0.000E+00
 0.000E+00 0.000E+00 0.000E+00 0.000E+00
      26.081469     2.799676    -1.461639
 6
       4
     2     2     2     2
     0     1     1     1
 1.710E+00 1.625E+00 1.625E+00 1.625E+00
 0.000E+00 0.000E+00 0.000E+00 0.000E+00
 0.000E+00 0.000E+00 0.000E+00 0.000E+00
 0.000E+00 0.000E+00 0.000E+00 0.000E+00
      25.786298     -0.895641    1.432809
 6
       4
     2     2     2     2
     0     1     1     1
 1.710E+00 1.625E+00 1.625E+00 1.625E+00
 0.000E+00 0.000E+00 0.000E+00 0.000E+00
 0.000E+00 0.000E+00 0.000E+00 0.000E+00
 0.000E+00 0.000E+00 0.000E+00 0.000E+00
      27.304003     0.886142    -0.070258
 6
       4
     2     2     2     2
     0     1     1     1
 1.710E+00 1.625E+00 1.625E+00 1.625E+00
 0.000E+00 0.000E+00 0.000E+00 0.000E+00
 0.000E+00 0.000E+00 0.000E+00 0.000E+00
 0.000E+00 0.000E+00 0.000E+00 0.000E+00
      30.120906     0.562545    -0.058865
 6
       4
     2     2     2     2
     0     1     1     1
 1.710E+00 1.625E+00 1.625E+00 1.625E+00
 0.000E+00 0.000E+00 0.000E+00 0.000E+00
 0.000E+00 0.000E+00 0.000E+00 0.000E+00
 0.000E+00 0.000E+00 0.000E+00 0.000E+00
      32.322081     -0.030372    -0.109464
 6
       4
     2     2     2     2
     0     1     1     1
 1.710E+00 1.625E+00 1.625E+00 1.625E+00
 0.000E+00 0.000E+00 0.000E+00 0.000E+00
 0.000E+00 0.000E+00 0.000E+00 0.000E+00
 0.000E+00 0.000E+00 0.000E+00 0.000E+00
      35.052240     -0.177406    0.059296
 6
       4
     2     2     2     2
     0     1     1     1
 1.710E+00 1.625E+00 1.625E+00 1.625E+00
 0.000E+00 0.000E+00 0.000E+00 0.000E+00
 0.000E+00 0.000E+00 0.000E+00 0.000E+00
 0.000E+00 0.000E+00 0.000E+00 0.000E+00
      36.409097     -2.396195    0.768242
 6
       4
     2     2     2     2
     0     1     1     1
 1.710E+00 1.625E+00 1.625E+00 1.625E+00
 0.000E+00 0.000E+00 0.000E+00 0.000E+00
 0.000E+00 0.000E+00 0.000E+00 0.000E+00
 0.000E+00 0.000E+00 0.000E+00 0.000E+00
      36.550315     2.175583    -0.529855
 6
       4
     2     2     2     2
     0     1     1     1
 1.710E+00 1.625E+00 1.625E+00 1.625E+00
 0.000E+00 0.000E+00 0.000E+00 0.000E+00
 0.000E+00 0.000E+00 0.000E+00 0.000E+00
 0.000E+00 0.000E+00 0.000E+00 0.000E+00
      39.111508     2.209532    -0.543404
 6
       4
     2     2     2     2
     0     1     1     1
 1.710E+00 1.625E+00 1.625E+00 1.625E+00
 0.000E+00 0.000E+00 0.000E+00 0.000E+00
 0.000E+00 0.000E+00 0.000E+00 0.000E+00
 0.000E+00 0.000E+00 0.000E+00 0.000E+00
      39.187573     -2.382876    0.641437
 6
       4
     2     2     2     2
     0     1     1     1
 1.710E+00 1.625E+00 1.625E+00 1.625E+00
 0.000E+00 0.000E+00 0.000E+00 0.000E+00
 0.000E+00 0.000E+00 0.000E+00 0.000E+00
 0.000E+00 0.000E+00 0.000E+00 0.000E+00
      40.524815     -0.140775    -0.002351
 6
       4
     2     2     2     2
     0     1     1     1
 1.710E+00 1.625E+00 1.625E+00 1.625E+00
 0.000E+00 0.000E+00 0.000E+00 0.000E+00
 0.000E+00 0.000E+00 0.000E+00 0.000E+00
 0.000E+00 0.000E+00 0.000E+00 0.000E+00
      43.285268     -0.225080    -0.271733
 6
       4
     2     2     2     2
     0     1     1     1
 1.710E+00 1.625E+00 1.625E+00 1.625E+00
 0.000E+00 0.000E+00 0.000E+00 0.000E+00
 0.000E+00 0.000E+00 0.000E+00 0.000E+00
 0.000E+00 0.000E+00 0.000E+00 0.000E+00
      45.414755     -0.705646    -0.405460
 6
       4
     2     2     2     2
     0     1     1     1
 1.710E+00 1.625E+00 1.625E+00 1.625E+00
 0.000E+00 0.000E+00 0.000E+00 0.000E+00
 0.000E+00 0.000E+00 0.000E+00 0.000E+00
 0.000E+00 0.000E+00 0.000E+00 0.000E+00
      48.304425     -0.502431    -0.299892
 6
       4
     2     2     2     2
     0     1     1     1
 1.710E+00 1.625E+00 1.625E+00 1.625E+00
 0.000E+00 0.000E+00 0.000E+00 0.000E+00
 0.000E+00 0.000E+00 0.000E+00 0.000E+00
 0.000E+00 0.000E+00 0.000E+00 0.000E+00
      49.864294     -2.509123    0.767788
 6
       4
     2     2     2     2
     0     1     1     1
 1.710E+00 1.625E+00 1.625E+00 1.625E+00
 0.000E+00 0.000E+00 0.000E+00 0.000E+00
 0.000E+00 0.000E+00 0.000E+00 0.000E+00
 0.000E+00 0.000E+00 0.000E+00 0.000E+00
      49.385766     1.625185    -1.351982
 6
       4
     2     2     2     2
     0     1     1     1
 1.710E+00 1.625E+00 1.625E+00 1.625E+00
 0.000E+00 0.000E+00 0.000E+00 0.000E+00
 0.000E+00 0.000E+00 0.000E+00 0.000E+00
 0.000E+00 0.000E+00 0.000E+00 0.000E+00
      52.104389     1.817085    -1.153288
 6
       4
     2     2     2     2
     0     1     1     1
 1.710E+00 1.625E+00 1.625E+00 1.625E+00
 0.000E+00 0.000E+00 0.000E+00 0.000E+00
 0.000E+00 0.000E+00 0.000E+00 0.000E+00
 0.000E+00 0.000E+00 0.000E+00 0.000E+00
      52.457682     -2.228667    1.049599
 6
       4
     2     2     2     2
     0     1     1     1
 1.710E+00 1.625E+00 1.625E+00 1.625E+00
 0.000E+00 0.000E+00 0.000E+00 0.000E+00
 0.000E+00 0.000E+00 0.000E+00 0.000E+00
 0.000E+00 0.000E+00 0.000E+00 0.000E+00
      53.643073     0.007606    -0.063827
 6
       4
     2     2     2     2
     0     1     1     1
 1.710E+00 1.625E+00 1.625E+00 1.625E+00
 0.000E+00 0.000E+00 0.000E+00 0.000E+00
 0.000E+00 0.000E+00 0.000E+00 0.000E+00
 0.000E+00 0.000E+00 0.000E+00 0.000E+00
      56.485970     0.174531    -0.022692
 1
       1
     1
     0
 1.300E+00
 0.000E+00
 0.000E+00
 0.000E+00
      -4.697180     2.289242    0.970652
 1
       1
     1
     0
 1.300E+00
 0.000E+00
 0.000E+00
 0.000E+00
      -0.216151     3.132021    1.305443
 1
       1
     1
     0
 1.300E+00
 0.000E+00
 0.000E+00
 0.000E+00
      -6.791722     -2.388483    -0.249559
 1
       1
     1
     0
 1.300E+00
 0.000E+00
 0.000E+00
 0.000E+00
      -3.162744     -5.521779    -1.638060
 1
       1
     1
     0
 1.300E+00
 0.000E+00
 0.000E+00
 0.000E+00
      1.467006     -4.490459    -1.412976
 1
       1
     1
     0
 1.300E+00
 0.000E+00
 0.000E+00
 0.000E+00
      8.631511     4.288062    -1.230520
 1
       1
     1
     0
 1.300E+00
 0.000E+00
 0.000E+00
 0.000E+00
      9.247627     -3.405874    1.129321
 1
       1
     1
     0
 1.300E+00
 0.000E+00
 0.000E+00
 0.000E+00
      13.351534     4.837305    -1.224132
 1
       1
     1
     0
 1.300E+00
 0.000E+00
 0.000E+00
 0.000E+00
      14.027540     -2.886487    1.418275
 1
       1
     1
     0
 1.300E+00
 0.000E+00
 0.000E+00
 0.000E+00
      22.498445     4.258779    -2.506799
 1
       1
     1
     0
 1.300E+00
 0.000E+00
 0.000E+00
 0.000E+00
      27.252001     4.199959    -2.592885
 1
       1
     1
     0
 1.300E+00
 0.000E+00
 0.000E+00
 0.000E+00
      21.987054     -1.924147    2.798945
 1
       1
     1
     0
 1.300E+00
 0.000E+00
 0.000E+00
 0.000E+00
      26.775503     -2.414064    2.322522
 1
       1
     1
     0
 1.300E+00
 0.000E+00
 0.000E+00
 0.000E+00
      35.342691     3.815211    -1.007606
 1
       1
     1
     0
 1.300E+00
 0.000E+00
 0.000E+00
 0.000E+00
      35.513692     -4.061558    1.420573
 1
       1
     1
     0
 1.300E+00
 0.000E+00
 0.000E+00
 0.000E+00
      40.149623     3.790928    -0.920143
 1
       1
     1
     0
 1.300E+00
 0.000E+00
 0.000E+00
 0.000E+00
      40.071392     -4.089165    0.923477
 1
       1
     1
     0
 1.300E+00
 0.000E+00
 0.000E+00
 0.000E+00
      48.578007     3.138901    -2.258446
 1
       1
     1
     0
 1.300E+00
 0.000E+00
 0.000E+00
 0.000E+00
      48.946991     -4.054594    1.488594
 1
       1
     1
     0
 1.300E+00
 0.000E+00
 0.000E+00
 0.000E+00
      52.916164     3.274470    -2.068403
 1
       1
     1
     0
 1.300E+00
 0.000E+00
 0.000E+00
 0.000E+00
      53.670784     -3.580929    1.977634
 1
       1
     1
     0
 1.300E+00
 0.000E+00
 0.000E+00
 0.000E+00
      61.768215     3.984733    -1.393654
 1
       1
     1
     0
 1.300E+00
 0.000E+00
 0.000E+00
 0.000E+00
      61.845888     -3.761881    0.994412
 6
       4
     2     2     2     2
     0     1     1     1
 1.710E+00 1.625E+00 1.625E+00 1.625E+00
 0.000E+00 0.000E+00 0.000E+00 0.000E+00
 0.000E+00 0.000E+00 0.000E+00 0.000E+00
 0.000E+00 0.000E+00 0.000E+00 0.000E+00
      69.676106     0.321747    -0.104003
 1
       1
     1
     0
 1.300E+00
 0.000E+00
 0.000E+00
 0.000E+00
      66.548764     4.224191    -1.272880
 1
       1
     1
     0
 1.300E+00
 0.000E+00
 0.000E+00
 0.000E+00
      66.309378     -3.840745    0.894205
 6
       4
     2     2     2     2
     0     1     1     1
 1.710E+00 1.625E+00 1.625E+00 1.625E+00
 0.000E+00 0.000E+00 0.000E+00 0.000E+00
 0.000E+00 0.000E+00 0.000E+00 0.000E+00
 0.000E+00 0.000E+00 0.000E+00 0.000E+00
      58.723405     0.288722    -0.027494
 6
       4
     2     2     2     2
     0     1     1     1
 1.710E+00 1.625E+00 1.625E+00 1.625E+00
 0.000E+00 0.000E+00 0.000E+00 0.000E+00
 0.000E+00 0.000E+00 0.000E+00 0.000E+00
 0.000E+00 0.000E+00 0.000E+00 0.000E+00
      61.452946     0.160708    -0.054687
 6
       4
     2     2     2     2
     0     1     1     1
 1.710E+00 1.625E+00 1.625E+00 1.625E+00
 0.000E+00 0.000E+00 0.000E+00 0.000E+00
 0.000E+00 0.000E+00 0.000E+00 0.000E+00
 0.000E+00 0.000E+00 0.000E+00 0.000E+00
      62.765370     -1.984726    0.489129
 6
       4
     2     2     2     2
     0     1     1     1
 1.710E+00 1.625E+00 1.625E+00 1.625E+00
 0.000E+00 0.000E+00 0.000E+00 0.000E+00
 0.000E+00 0.000E+00 0.000E+00 0.000E+00
 0.000E+00 0.000E+00 0.000E+00 0.000E+00
      62.815779     2.463148    -0.927536
 6
       4
     2     2     2     2
     0     1     1     1
 1.710E+00 1.625E+00 1.625E+00 1.625E+00
 0.000E+00 0.000E+00 0.000E+00 0.000E+00
 0.000E+00 0.000E+00 0.000E+00 0.000E+00
 0.000E+00 0.000E+00 0.000E+00 0.000E+00
      65.376422     2.499765    -0.875451
 6
       4
     2     2     2     2
     0     1     1     1
 1.710E+00 1.625E+00 1.625E+00 1.625E+00
 0.000E+00 0.000E+00 0.000E+00 0.000E+00
 0.000E+00 0.000E+00 0.000E+00 0.000E+00
 0.000E+00 0.000E+00 0.000E+00 0.000E+00
      65.565621     -1.965933    0.554842
 6
       4
     2     2     2     2
     0     1     1     1
 1.710E+00 1.625E+00 1.625E+00 1.625E+00
 0.000E+00 0.000E+00 0.000E+00 0.000E+00
 0.000E+00 0.000E+00 0.000E+00 0.000E+00
 0.000E+00 0.000E+00 0.000E+00 0.000E+00
      66.825881     0.197968    -0.176251
 6
       4
     2     2     2     2
     0     1     1     1
 1.710E+00 1.625E+00 1.625E+00 1.625E+00
 0.000E+00 0.000E+00 0.000E+00 0.000E+00
 0.000E+00 0.000E+00 0.000E+00 0.000E+00
 0.000E+00 0.000E+00 0.000E+00 0.000E+00
      80.114451     -0.202813    0.525057
 6
       4
     2     2     2     2
     0     1     1     1
 1.710E+00 1.625E+00 1.625E+00 1.625E+00
 0.000E+00 0.000E+00 0.000E+00 0.000E+00
 0.000E+00 0.000E+00 0.000E+00 0.000E+00
 0.000E+00 0.000E+00 0.000E+00 0.000E+00
      78.859069     2.160607    -0.034958
 6
       4
     2     2     2     2
     0     1     1     1
 1.710E+00 1.625E+00 1.625E+00 1.625E+00
 0.000E+00 0.000E+00 0.000E+00 0.000E+00
 0.000E+00 0.000E+00 0.000E+00 0.000E+00
 0.000E+00 0.000E+00 0.000E+00 0.000E+00
      78.515607     -2.417526    1.031756
 6
       4
     2     2     2     2
     0     1     1     1
 1.710E+00 1.625E+00 1.625E+00 1.625E+00
 0.000E+00 0.000E+00 0.000E+00 0.000E+00
 0.000E+00 0.000E+00 0.000E+00 0.000E+00
 0.000E+00 0.000E+00 0.000E+00 0.000E+00
      76.193652     2.321753    -0.217553
 6
       4
     2     2     2     2
     0     1     1     1
 1.710E+00 1.625E+00 1.625E+00 1.625E+00
 0.000E+00 0.000E+00 0.000E+00 0.000E+00
 0.000E+00 0.000E+00 0.000E+00 0.000E+00
 0.000E+00 0.000E+00 0.000E+00 0.000E+00
      74.668715     0.192019    0.174031
 6
       4
     2     2     2     2
     0     1     1     1
 1.710E+00 1.625E+00 1.625E+00 1.625E+00
 0.000E+00 0.000E+00 0.000E+00 0.000E+00
 0.000E+00 0.000E+00 0.000E+00 0.000E+00
 0.000E+00 0.000E+00 0.000E+00 0.000E+00
      75.898715     -2.236991    0.823373
 6
       4
     2     2     2     2
     0     1     1     1
 1.710E+00 1.625E+00 1.625E+00 1.625E+00
 0.000E+00 0.000E+00 0.000E+00 0.000E+00
 0.000E+00 0.000E+00 0.000E+00 0.000E+00
 0.000E+00 0.000E+00 0.000E+00 0.000E+00
      82.844633     -0.287726    0.473662
 6
       4
     2     2     2     2
     0     1     1     1
 1.710E+00 1.625E+00 1.625E+00 1.625E+00
 0.000E+00 0.000E+00 0.000E+00 0.000E+00
 0.000E+00 0.000E+00 0.000E+00 0.000E+00
 0.000E+00 0.000E+00 0.000E+00 0.000E+00
      85.044045     -0.057064    0.366233
 6
       4
     2     2     2     2
     0     1     1     1
 1.710E+00 1.625E+00 1.625E+00 1.625E+00
 0.000E+00 0.000E+00 0.000E+00 0.000E+00
 0.000E+00 0.000E+00 0.000E+00 0.000E+00
 0.000E+00 0.000E+00 0.000E+00 0.000E+00
      87.837705     0.082303    0.125444
 6
       4
     2     2     2     2
     0     1     1     1
 1.710E+00 1.625E+00 1.625E+00 1.625E+00
 0.000E+00 0.000E+00 0.000E+00 0.000E+00
 0.000E+00 0.000E+00 0.000E+00 0.000E+00
 0.000E+00 0.000E+00 0.000E+00 0.000E+00
      89.152136     2.237885    -0.918605
 6
       4
     2     2     2     2
     0     1     1     1
 1.710E+00 1.625E+00 1.625E+00 1.625E+00
 0.000E+00 0.000E+00 0.000E+00 0.000E+00
 0.000E+00 0.000E+00 0.000E+00 0.000E+00
 0.000E+00 0.000E+00 0.000E+00 0.000E+00
      89.362330     -2.074857    0.654813
 6
       4
     2     2     2     2
     0     1     1     1
 1.710E+00 1.625E+00 1.625E+00 1.625E+00
 0.000E+00 0.000E+00 0.000E+00 0.000E+00
 0.000E+00 0.000E+00 0.000E+00 0.000E+00
 0.000E+00 0.000E+00 0.000E+00 0.000E+00
      91.812073     2.451525    -1.080126
 6
       4
     2     2     2     2
     0     1     1     1
 1.710E+00 1.625E+00 1.625E+00 1.625E+00
 0.000E+00 0.000E+00 0.000E+00 0.000E+00
 0.000E+00 0.000E+00 0.000E+00 0.000E+00
 0.000E+00 0.000E+00 0.000E+00 0.000E+00
      92.042406     -1.919346    0.481912
 6
       4
     2     2     2     2
     0     1     1     1
 1.710E+00 1.625E+00 1.625E+00 1.625E+00
 0.000E+00 0.000E+00 0.000E+00 0.000E+00
 0.000E+00 0.000E+00 0.000E+00 0.000E+00
 0.000E+00 0.000E+00 0.000E+00 0.000E+00
      93.315678     0.322971    -0.341963
 6
       4
     2     2     2     2
     0     1     1     1
 1.710E+00 1.625E+00 1.625E+00 1.625E+00
 0.000E+00 0.000E+00 0.000E+00 0.000E+00
 0.000E+00 0.000E+00 0.000E+00 0.000E+00
 0.000E+00 0.000E+00 0.000E+00 0.000E+00
      96.068123     0.325237    -0.248367
 6
       4
     2     2     2     2
     0     1     1     1
 1.710E+00 1.625E+00 1.625E+00 1.625E+00
 0.000E+00 0.000E+00 0.000E+00 0.000E+00
 0.000E+00 0.000E+00 0.000E+00 0.000E+00
 0.000E+00 0.000E+00 0.000E+00 0.000E+00
      98.260821     0.378193    -0.055550
 6
       4
     2     2     2     2
     0     1     1     1
 1.710E+00 1.625E+00 1.625E+00 1.625E+00
 0.000E+00 0.000E+00 0.000E+00 0.000E+00
 0.000E+00 0.000E+00 0.000E+00 0.000E+00
 0.000E+00 0.000E+00 0.000E+00 0.000E+00
      101.045053     0.459595    -0.044872
 6
       4
     2     2     2     2
     0     1     1     1
 1.710E+00 1.625E+00 1.625E+00 1.625E+00
 0.000E+00 0.000E+00 0.000E+00 0.000E+00
 0.000E+00 0.000E+00 0.000E+00 0.000E+00
 0.000E+00 0.000E+00 0.000E+00 0.000E+00
      102.611473     -1.766601    0.701188
 6
       4
     2     2     2     2
     0     1     1     1
 1.710E+00 1.625E+00 1.625E+00 1.625E+00
 0.000E+00 0.000E+00 0.000E+00 0.000E+00
 0.000E+00 0.000E+00 0.000E+00 0.000E+00
 0.000E+00 0.000E+00 0.000E+00 0.000E+00
      102.349130     2.664393    -0.672986
 6
       4
     2     2     2     2
     0     1     1     1
 1.710E+00 1.625E+00 1.625E+00 1.625E+00
 0.000E+00 0.000E+00 0.000E+00 0.000E+00
 0.000E+00 0.000E+00 0.000E+00 0.000E+00
 0.000E+00 0.000E+00 0.000E+00 0.000E+00
      105.129299     2.692334    -0.611978
 6
       4
     2     2     2     2
     0     1     1     1
 1.710E+00 1.625E+00 1.625E+00 1.625E+00
 0.000E+00 0.000E+00 0.000E+00 0.000E+00
 0.000E+00 0.000E+00 0.000E+00 0.000E+00
 0.000E+00 0.000E+00 0.000E+00 0.000E+00
      105.166573     -1.640849    0.872241
 6
       4
     2     2     2     2
     0     1     1     1
 1.710E+00 1.625E+00 1.625E+00 1.625E+00
 0.000E+00 0.000E+00 0.000E+00 0.000E+00
 0.000E+00 0.000E+00 0.000E+00 0.000E+00
 0.000E+00 0.000E+00 0.000E+00 0.000E+00
      106.541502     0.693140    0.324611
 6
       4
     2     2     2     2
     0     1     1     1
 1.710E+00 1.625E+00 1.625E+00 1.625E+00
 0.000E+00 0.000E+00 0.000E+00 0.000E+00
 0.000E+00 0.000E+00 0.000E+00 0.000E+00
 0.000E+00 0.000E+00 0.000E+00 0.000E+00
      109.364093     0.762208    0.316026
 6
       4
     2     2     2     2
     0     1     1     1
 1.710E+00 1.625E+00 1.625E+00 1.625E+00
 0.000E+00 0.000E+00 0.000E+00 0.000E+00
 0.000E+00 0.000E+00 0.000E+00 0.000E+00
 0.000E+00 0.000E+00 0.000E+00 0.000E+00
      111.553879     0.979322    -0.021343
 6
       4
     2     2     2     2
     0     1     1     1
 1.710E+00 1.625E+00 1.625E+00 1.625E+00
 0.000E+00 0.000E+00 0.000E+00 0.000E+00
 0.000E+00 0.000E+00 0.000E+00 0.000E+00
 0.000E+00 0.000E+00 0.000E+00 0.000E+00
      114.287194     0.896662    -0.160772
 6
       4
     2     2     2     2
     0     1     1     1
 1.710E+00 1.625E+00 1.625E+00 1.625E+00
 0.000E+00 0.000E+00 0.000E+00 0.000E+00
 0.000E+00 0.000E+00 0.000E+00 0.000E+00
 0.000E+00 0.000E+00 0.000E+00 0.000E+00
      115.495999     -1.491134    -0.570368
 6
       4
     2     2     2     2
     0     1     1     1
 1.710E+00 1.625E+00 1.625E+00 1.625E+00
 0.000E+00 0.000E+00 0.000E+00 0.000E+00
 0.000E+00 0.000E+00 0.000E+00 0.000E+00
 0.000E+00 0.000E+00 0.000E+00 0.000E+00
      115.907838     3.069098    0.511252
 6
       4
     2     2     2     2
     0     1     1     1
 1.710E+00 1.625E+00 1.625E+00 1.625E+00
 0.000E+00 0.000E+00 0.000E+00 0.000E+00
 0.000E+00 0.000E+00 0.000E+00 0.000E+00
 0.000E+00 0.000E+00 0.000E+00 0.000E+00
      118.512954     2.763758    0.645702
 6
       4
     2     2     2     2
     0     1     1     1
 1.710E+00 1.625E+00 1.625E+00 1.625E+00
 0.000E+00 0.000E+00 0.000E+00 0.000E+00
 0.000E+00 0.000E+00 0.000E+00 0.000E+00
 0.000E+00 0.000E+00 0.000E+00 0.000E+00
      118.141001     -1.727172    -0.458037
 6
       4
     2     2     2     2
     0     1     1     1
 1.710E+00 1.625E+00 1.625E+00 1.625E+00
 0.000E+00 0.000E+00 0.000E+00 0.000E+00
 0.000E+00 0.000E+00 0.000E+00 0.000E+00
 0.000E+00 0.000E+00 0.000E+00 0.000E+00
      119.750173     0.334058    0.069508
 6
       4
     2     2     2     2
     0     1     1     1
 1.710E+00 1.625E+00 1.625E+00 1.625E+00
 0.000E+00 0.000E+00 0.000E+00 0.000E+00
 0.000E+00 0.000E+00 0.000E+00 0.000E+00
 0.000E+00 0.000E+00 0.000E+00 0.000E+00
      122.526396     0.129896    0.084204
 6
       4
     2     2     2     2
     0     1     1     1
 1.710E+00 1.625E+00 1.625E+00 1.625E+00
 0.000E+00 0.000E+00 0.000E+00 0.000E+00
 0.000E+00 0.000E+00 0.000E+00 0.000E+00
 0.000E+00 0.000E+00 0.000E+00 0.000E+00
      124.775820     0.012606    0.067558
 6
       4
     2     2     2     2
     0     1     1     1
 1.710E+00 1.625E+00 1.625E+00 1.625E+00
 0.000E+00 0.000E+00 0.000E+00 0.000E+00
 0.000E+00 0.000E+00 0.000E+00 0.000E+00
 0.000E+00 0.000E+00 0.000E+00 0.000E+00
      127.509097     -0.144154    -0.166421
 6
       4
     2     2     2     2
     0     1     1     1
 1.710E+00 1.625E+00 1.625E+00 1.625E+00
 0.000E+00 0.000E+00 0.000E+00 0.000E+00
 0.000E+00 0.000E+00 0.000E+00 0.000E+00
 0.000E+00 0.000E+00 0.000E+00 0.000E+00
      128.718946     -2.392665    -1.120247
 6
       4
     2     2     2     2
     0     1     1     1
 1.710E+00 1.625E+00 1.625E+00 1.625E+00
 0.000E+00 0.000E+00 0.000E+00 0.000E+00
 0.000E+00 0.000E+00 0.000E+00 0.000E+00
 0.000E+00 0.000E+00 0.000E+00 0.000E+00
      128.992004     2.003852    0.654306
 6
       4
     2     2     2     2
     0     1     1     1
 1.710E+00 1.625E+00 1.625E+00 1.625E+00
 0.000E+00 0.000E+00 0.000E+00 0.000E+00
 0.000E+00 0.000E+00 0.000E+00 0.000E+00
 0.000E+00 0.000E+00 0.000E+00 0.000E+00
      131.653623     1.775970    0.646458
 6
       4
     2     2     2     2
     0     1     1     1
 1.710E+00 1.625E+00 1.625E+00 1.625E+00
 0.000E+00 0.000E+00 0.000E+00 0.000E+00
 0.000E+00 0.000E+00 0.000E+00 0.000E+00
 0.000E+00 0.000E+00 0.000E+00 0.000E+00
      131.338211     -2.590822    -0.986637
 6
       4
     2     2     2     2
     0     1     1     1
 1.710E+00 1.625E+00 1.625E+00 1.625E+00
 0.000E+00 0.000E+00 0.000E+00 0.000E+00
 0.000E+00 0.000E+00 0.000E+00 0.000E+00
 0.000E+00 0.000E+00 0.000E+00 0.000E+00
      132.801951     -0.561479    0.020326
 6
       4
     2     2     2     2
     0     1     1     1
 1.710E+00 1.625E+00 1.625E+00 1.625E+00
 0.000E+00 0.000E+00 0.000E+00 0.000E+00
 0.000E+00 0.000E+00 0.000E+00 0.000E+00
 0.000E+00 0.000E+00 0.000E+00 0.000E+00
      135.621800     -0.846784    0.365337
 1
       1
     1
     0
 1.300E+00
 0.000E+00
 0.000E+00
 0.000E+00
      75.351427     4.255232    -0.772410
 1
       1
     1
     0
 1.300E+00
 0.000E+00
 0.000E+00
 0.000E+00
      80.097718     3.649813    -0.206230
 6
       4
     2     2     2     2
     0     1     1     1
 1.710E+00 1.625E+00 1.625E+00 1.625E+00
 0.000E+00 0.000E+00 0.000E+00 0.000E+00
 0.000E+00 0.000E+00 0.000E+00 0.000E+00
 0.000E+00 0.000E+00 0.000E+00 0.000E+00
      71.836977     0.310733    -0.011556
 1
       1
     1
     0
 1.300E+00
 0.000E+00
 0.000E+00
 0.000E+00
      74.724473     -3.899605    1.221152
 1
       1
     1
     0
 1.300E+00
 0.000E+00
 0.000E+00
 0.000E+00
      79.266684     -4.089496    1.296199
 1
       1
     1
     0
 1.300E+00
 0.000E+00
 0.000E+00
 0.000E+00
      88.053640     3.966567    -1.490262
 1
       1
     1
     0
 1.300E+00
 0.000E+00
 0.000E+00
 0.000E+00
      88.437933     -3.757709    1.310582
 1
       1
     1
     0
 1.300E+00
 0.000E+00
 0.000E+00
 0.000E+00
      92.663971     4.143965    -1.781101
 1
       1
     1
     0
 1.300E+00
 0.000E+00
 0.000E+00
 0.000E+00
      93.086844     -3.610699    0.924732
 1
       1
     1
     0
 1.300E+00
 0.000E+00
 0.000E+00
 0.000E+00
      101.316158     4.339871    -1.382682
 1
       1
     1
     0
 1.300E+00
 0.000E+00
 0.000E+00
 0.000E+00
      105.781239     4.409451    -1.228751
 1
       1
     1
     0
 1.300E+00
 0.000E+00
 0.000E+00
 0.000E+00
      101.582844     -3.381462    1.067854
 1
       1
     1
     0
 1.300E+00
 0.000E+00
 0.000E+00
 0.000E+00
      106.211582     -3.190661    1.405249
 1
       1
     1
     0
 1.300E+00
 0.000E+00
 0.000E+00
 0.000E+00
      115.067332     4.832003    0.992080
 1
       1
     1
     0
 1.300E+00
 0.000E+00
 0.000E+00
 0.000E+00
      114.337487     -2.927318    -1.018430
 1
       1
     1
     0
 1.300E+00
 0.000E+00
 0.000E+00
 0.000E+00
      119.689894     4.380426    1.064517
 1
       1
     1
     0
 1.300E+00
 0.000E+00
 0.000E+00
 0.000E+00
      118.954347     -3.432406    -0.745956
 1
       1
     1
     0
 1.300E+00
 0.000E+00
 0.000E+00
 0.000E+00
      127.751458     3.605609    1.082749
 1
       1
     1
     0
 1.300E+00
 0.000E+00
 0.000E+00
 0.000E+00
      127.391488     -3.889674    -1.670678
 1
       1
     1
     0
 1.300E+00
 0.000E+00
 0.000E+00
 0.000E+00
      132.756488     3.513171    1.245747
 1
       1
     1
     0
 1.300E+00
 0.000E+00
 0.000E+00
 0.000E+00
      132.009330     -4.321990    -1.596800
 1
       1
     1
     0
 1.300E+00
 0.000E+00
 0.000E+00
 0.000E+00
      140.865754     1.906800    2.981617
 1
       1
     1
     0
 1.300E+00
 0.000E+00
 0.000E+00
 0.000E+00
      140.644178     -4.142376    -2.533438
 1
       1
     1
     0
 1.300E+00
 0.000E+00
 0.000E+00
 0.000E+00
      148.610900     -1.285395    -0.103574
 1
       1
     1
     0
 1.300E+00
 0.000E+00
 0.000E+00
 0.000E+00
      145.819534     1.730569    2.810882
 1
       1
     1
     0
 1.300E+00
 0.000E+00
 0.000E+00
 0.000E+00
      145.489375     -4.273149    -2.629437
 6
       4
     2     2     2     2
     0     1     1     1
 1.710E+00 1.625E+00 1.625E+00 1.625E+00
 0.000E+00 0.000E+00 0.000E+00 0.000E+00
 0.000E+00 0.000E+00 0.000E+00 0.000E+00
 0.000E+00 0.000E+00 0.000E+00 0.000E+00
      137.757576     -1.118665    0.460005
 6
       4
     2     2     2     2
     0     1     1     1
 1.710E+00 1.625E+00 1.625E+00 1.625E+00
 0.000E+00 0.000E+00 0.000E+00 0.000E+00
 0.000E+00 0.000E+00 0.000E+00 0.000E+00
 0.000E+00 0.000E+00 0.000E+00 0.000E+00
      140.523460     -1.346437    0.343361
 6
       4
     2     2     2     2
     0     1     1     1
 1.710E+00 1.625E+00 1.625E+00 1.625E+00
 0.000E+00 0.000E+00 0.000E+00 0.000E+00
 0.000E+00 0.000E+00 0.000E+00 0.000E+00
 0.000E+00 0.000E+00 0.000E+00 0.000E+00
      141.749643     -2.948944    -1.243604
 6
       4
     2     2     2     2
     0     1     1     1
 1.710E+00 1.625E+00 1.625E+00 1.625E+00
 0.000E+00 0.000E+00 0.000E+00 0.000E+00
 0.000E+00 0.000E+00 0.000E+00 0.000E+00
 0.000E+00 0.000E+00 0.000E+00 0.000E+00
      142.096292     0.544511    1.897884
 6
       4
     2     2     2     2
     0     1     1     1
 1.710E+00 1.625E+00 1.625E+00 1.625E+00
 0.000E+00 0.000E+00 0.000E+00 0.000E+00
 0.000E+00 0.000E+00 0.000E+00 0.000E+00
 0.000E+00 0.000E+00 0.000E+00 0.000E+00
      144.637906     0.519197    1.959075
 6
       4
     2     2     2     2
     0     1     1     1
 1.710E+00 1.625E+00 1.625E+00 1.625E+00
 0.000E+00 0.000E+00 0.000E+00 0.000E+00
 0.000E+00 0.000E+00 0.000E+00 0.000E+00
 0.000E+00 0.000E+00 0.000E+00 0.000E+00
      144.547639     -3.034153    -1.230414
 6
       4
     2     2     2     2
     0     1     1     1
 1.710E+00 1.625E+00 1.625E+00 1.625E+00
 0.000E+00 0.000E+00 0.000E+00 0.000E+00
 0.000E+00 0.000E+00 0.000E+00 0.000E+00
 0.000E+00 0.000E+00 0.000E+00 0.000E+00
      145.914208     -1.345065    0.159213
# LCAO coefficients .. are not included.
         1
        1        0.000506196004133   k=         1
        2        0.000590384158558   k=         1
        3        0.003614544493098   k=         1
        4        -0.031771106680021   k=         1
        5        -0.002448373072843   k=         1
        6        -0.004959910991392   k=         1
        7        0.017297929804200   k=         1
        8        -0.029944485193282   k=         1
        9        0.001726879228601   k=         1
        10        0.004558330189707   k=         1
        11        0.018812938248080   k=         1
        12        -0.030673940750861   k=         1
        13        0.000779922884905   k=         1
        14        0.001138405425889   k=         1
        15        -0.005119000811011   k=         1
        16        0.011392134356143   k=         1
        17        -0.000317189991274   k=         1
        18        0.004509865455901   k=         1
        19        -0.011526549594734   k=         1
        20        0.039348355565985   k=         1
        21        -0.000764404828575   k=         1
        22        -0.002638332164925   k=         1
        23        -0.004516097258830   k=         1
        24        0.010342018716912   k=         1
        25        -0.000937158462235   k=         1
        26        -0.004847802925140   k=         1
        27        0.013740578971629   k=         1
        28        0.063610067558374   k=         1
        29        0.000448079291496   k=         1
        30        -0.000929450184456   k=         1
        31        0.002927563796761   k=         1
        32        0.038073539734066   k=         1
        33        -0.000942359249548   k=         1
        34        0.001683060356304   k=         1
        35        -0.026954841303528   k=         1
        36        -0.101078465470167   k=         1
        37        -0.001091636223934   k=         1
        38        -0.002172936841624   k=         1
        39        -0.018353451455614   k=         1
        40        -0.046044049555109   k=         1
        41        -0.000672752573552   k=         1
        42        0.003146434660530   k=         1
        43        -0.014097857997969   k=         1
        44        -0.046059483460930   k=         1
        45        0.003109910012219   k=         1
        46        0.002787252976547   k=         1
        47        0.017686462795951   k=         1
        48        0.057971129472791   k=         1
        49        -0.001692801821892   k=         1
        50        -0.008521355411990   k=         1
        51        0.016743566572069   k=         1
        52        0.065725328447845   k=         1
        53        -0.001354129224578   k=         1
        54        -0.018501286162416   k=         1
        55        0.026470447371240   k=         1
        56        0.083087659096148   k=         1
        57        -0.002567509867805   k=         1
        58        0.014127467689426   k=         1
        59        -0.056060331833381   k=         1
        60        -0.080059097582606   k=         1
        61        -0.001371186403314   k=         1
        62        -0.013082459664412   k=         1
        63        -0.034568673761244   k=         1
        64        -0.067066008857204   k=         1
        65        0.001749115921193   k=         1
        66        0.026475522384219   k=         1
        67        0.092142515013388   k=         1
        68        0.116223546864853   k=         1
        69        0.001685617821915   k=         1
        70        0.004289548048854   k=         1
        71        0.042794055247937   k=         1
        72        0.045157590885923   k=         1
        73        -0.003486331503638   k=         1
        74        -0.000623662512198   k=         1
        75        0.060807328276468   k=         1
        76        0.060488511890126   k=         1
        77        0.002051782891047   k=         1
        78        0.007457145245580   k=         1
        79        -0.068391333640772   k=         1
        80        -0.072663442375433   k=         1
        81        -0.004079167224142   k=         1
        82        -0.012609320509061   k=         1
        83        -0.061063686947124   k=         1
        84        -0.076492883961130   k=         1
        85        -0.000982757761555   k=         1
        86        -0.015423020305958   k=         1
        87        -0.073167303002069   k=         1
        88        -0.110620752872685   k=         1
        89        0.005485295290494   k=         1
        90        0.018989673155924   k=         1
        91        0.048365633531353   k=         1
        92        0.137325328186007   k=         1
        93        -0.008480972770914   k=         1
        94        0.003995556982166   k=         1
        95        0.058334466675012   k=         1
        96        0.108698057363787   k=         1
        97        0.000880870166748   k=         1
        98        0.012943426522619   k=         1
        99        -0.053296993991474   k=         1
        100        -0.160106964030868   k=         1
        101        0.003268044828837   k=         1
        102        -0.007855932409145   k=         1
        103        -0.036211235524896   k=         1
        104        -0.118021513824647   k=         1
        105        -0.000622938934022   k=         1
        106        0.008033701571125   k=         1
        107        -0.020888291284788   k=         1
        108        -0.095410750582852   k=         1
        109        0.000049370515629   k=         1
        110        -0.001597555767445   k=         1
        111        0.016299013648626   k=         1
        112        0.073222941828033   k=         1
        113        -0.002639816405933   k=         1
        114        0.009970573725296   k=         1
        115        0.020943578186074   k=         1
        116        0.115585622858202   k=         1
        117        0.003518258383081   k=         1
        118        0.021345403097498   k=         1
        119        0.043845199751751   k=         1
        120        0.167066711362031   k=         1
        121        -0.002436530359113   k=         1
        122        -0.017785938575383   k=         1
        123        -0.031452462623477   k=         1
        124        -0.093251531669212   k=         1
        125        0.005094068646295   k=         1
        126        -0.004487527982146   k=         1
        127        -0.035264201436531   k=         1
        128        -0.124137384107693   k=         1
        129        0.002755586933230   k=         1
        130        -0.008368157065783   k=         1
        131        0.047698818252968   k=         1
        132        0.114415411085998   k=         1
        133        0.000037929689941   k=         1
        134        -0.014903520474952   k=         1
        135        0.038231725459335   k=         1
        136        0.061579415364716   k=         1
        137        -0.002079478743208   k=         1
        138        -0.006848070281658   k=         1
        139        0.049063486725073   k=         1
        140        0.079172716165229   k=         1
        141        -0.000485935763403   k=         1
        142        0.007325753537037   k=         1
        143        -0.050173144008010   k=         1
        144        -0.073584155363549   k=         1
        145        -0.002795374487397   k=         1
        146        0.010282247302399   k=         1
        147        -0.037896924147022   k=         1
        148        -0.056947509065184   k=         1
        149        0.001138106933634   k=         1
        150        0.007598320667715   k=         1
        151        -0.055958698271593   k=         1
        152        -0.114557264019642   k=         1
        153        -0.001900160381635   k=         1
        154        -0.003773483748752   k=         1
        155        0.041152516577983   k=         1
        156        0.099979432679946   k=         1
        157        -0.002076907490726   k=         1
        158        0.001910564952197   k=         1
        159        -0.001501254549101   k=         1
        160        0.003229399880419   k=         1
        161        -0.000488197929182   k=         1
        162        0.000299055135130   k=         1
        163        -0.000988030376802   k=         1
        164        0.002452886714856   k=         1
        165        0.001247410741468   k=         1
        166        0.007184379865946   k=         1
        167        -0.002197127027248   k=         1
        168        -0.000044961911151   k=         1
        169        0.003579470649475   k=         1
        170        0.002501027768366   k=         1
        171        -0.000939600312662   k=         1
        172        -0.004121661812911   k=         1
        173        -0.000145889492014   k=         1
        174        0.004648590419020   k=         1
        175        -0.002085820344396   k=         1
        176        -0.002424922127011   k=         1
        177        0.005167459474652   k=         1
        178        0.001115923582922   k=         1
        179        -0.004976122905748   k=         1
        180        0.000355157500321   k=         1
        181        0.002965699613993   k=         1
        182        -0.028167112682714   k=         1
        183        -0.103228002608113   k=         1
        184        -0.004127425554864   k=         1
        185        0.002665030224000   k=         1
        186        0.002877955884303   k=         1
        187        0.004498723052260   k=         1
        188        0.044629915037065   k=         1
        189        0.093152308352397   k=         1
        190        -0.002775503544645   k=         1
        191        -0.009551840641471   k=         1
        192        -0.043641478702710   k=         1
        193        -0.113061591962890   k=         1
        194        0.002020471614537   k=         1
        195        -0.002332769537530   k=         1
        196        -0.020761809449354   k=         1
        197        -0.094762545560524   k=         1
        198        -0.000545210482577   k=         1
        199        0.004411278480148   k=         1
        200        -0.014966742844118   k=         1
        201        -0.062784250857944   k=         1
        202        0.001531911907448   k=         1
        203        -0.003497958980781   k=         1
        204        0.012069089987554   k=         1
        205        0.058873862001323   k=         1
        206        0.003720291840766   k=         1
        207        0.000731062305918   k=         1
        208        0.022603974343230   k=         1
        209        0.093703062474314   k=         1
        210        -0.002378541666572   k=         1
        211        -0.001855405766095   k=         1
        212        0.041947842307930   k=         1
        213        0.118014994269355   k=         1
        214        0.000344053635171   k=         1
        215        -0.003261159731836   k=         1
        216        -0.038687649121512   k=         1
        217        -0.147014184466563   k=         1
        218        -0.000316296924635   k=         1
        219        0.008518882098654   k=         1
        220        -0.017970432880737   k=         1
        221        -0.114737945678889   k=         1
        222        -0.000084188956925   k=         1
        223        0.006127454811156   k=         1
        224        -0.010823557938680   k=         1
        225        -0.082420496742861   k=         1
        226        0.000272795223645   k=         1
        227        -0.009119448446374   k=         1
        228        0.017578934610247   k=         1
        229        0.078569222720318   k=         1
        230        -0.000100630396091   k=         1
        231        -0.009271216779517   k=         1
        232        0.038667509696212   k=         1
        233        0.149023136790775   k=         1
        234        -0.001860096745566   k=         1
        235        -0.005793707321283   k=         1
        236        0.020232644536870   k=         1
        237        0.086251942546798   k=         1
        238        -0.003397800159185   k=         1
        239        0.003381180146069   k=         1
        240        0.033077590643627   k=         1
        241        0.103995102722071   k=         1
        242        0.002471287716374   k=         1
        243        0.006280790926487   k=         1
        244        0.032594110060599   k=         1
        245        0.121732020633114   k=         1
        246        -0.003889555809563   k=         1
        247        -0.012656820674509   k=         1
        248        -0.042718760908951   k=         1
        249        -0.118442144993215   k=         1
        250        0.002175053166578   k=         1
        251        -0.010031473348201   k=         1
        252        -0.038461663451687   k=         1
        253        -0.085931386214634   k=         1
        254        -0.000337094149620   k=         1
        255        -0.008586676051486   k=         1
        256        -0.027690108780567   k=         1
        257        -0.082044275475896   k=         1
        258        0.000940311179358   k=         1
        259        0.005445393158788   k=         1
        260        0.023830992007671   k=         1
        261        0.065527970277821   k=         1
        262        0.002002006561202   k=         1
        263        0.007358870161853   k=         1
        264        0.027026799936226   k=         1
        265        0.076283904840897   k=         1
        266        -0.001739642191809   k=         1
        267        -0.006062013134753   k=         1
        268        0.044482410211226   k=         1
        269        0.126971070202926   k=         1
        270        0.000762518021395   k=         1
        271        0.009357075883858   k=         1
        272        -0.023565382424212   k=         1
        273        -0.075756933942863   k=         1
        274        -0.003518189890162   k=         1
        275        0.003933813841092   k=         1
        276        -0.032644778187010   k=         1
        277        -0.097316965365448   k=         1
        278        -0.000999847668257   k=         1
        279        -0.000210144362308   k=         1
        280        0.023796776174007   k=         1
        281        0.082338204484615   k=         1
        282        0.000248189737188   k=         1
        283        -0.005980040581929   k=         1
        284        0.016523988473781   k=         1
        285        0.055787520828601   k=         1
        286        0.001471792947413   k=         1
        287        -0.005404676183378   k=         1
        288        0.027373917746350   k=         1
        289        0.076624510557597   k=         1
        290        0.002184137200388   k=         1
        291        0.006944519290063   k=         1
        292        -0.024124458753468   k=         1
        293        -0.049476689131484   k=         1
        294        -0.001076004566083   k=         1
        295        0.003490572883153   k=         1
        296        -0.012060177225479   k=         1
        297        -0.035846613679057   k=         1
        298        -0.003167302584589   k=         1
        299        0.006578665996057   k=         1
        300        -0.028766172832283   k=         1
        301        -0.090093255811319   k=         1
        302        0.002798961197941   k=         1
        303        0.004391186653770   k=         1
        304        0.001863469606430   k=         1
        305        0.054181227859297   k=         1
        306        -0.001751530131949   k=         1
        307        0.010464320733334   k=         1
        308        0.017351564007344   k=         1
        309        0.063680125618177   k=         1
        310        0.001946938572832   k=         1
        311        -0.002902048725931   k=         1
        312        0.006508476747574   k=         1
        313        -0.057044473253323   k=         1
        314        0.001526764612903   k=         1
        315        0.001839166332137   k=         1
        316        0.015984751360669   k=         1
        317        -0.045413044664168   k=         1
        318        -0.002784379629908   k=         1
        319        0.011450452854217   k=         1
        320        0.019340539612907   k=         1
        321        -0.035457937363062   k=         1
        322        0.001457804097838   k=         1
        323        -0.005741167240176   k=         1
        324        -0.007317834673956   k=         1
        325        0.027449376731844   k=         1
        326        0.000064729839795   k=         1
        327        -0.002958727717108   k=         1
        328        -0.006861512260798   k=         1
        329        0.030378295838352   k=         1
        330        -0.000596338301063   k=         1
        331        -0.001792033375636   k=         1
        332        -0.013176941768536   k=         1
        333        0.061396360397871   k=         1
        334        0.001074430604761   k=         1
        335        -0.000081153606832   k=         1
        336        0.008986770227170   k=         1
        337        -0.028501243295009   k=         1
        338        -0.001376465575199   k=         1
        339        -0.002400418649514   k=         1
        340        0.010718271805062   k=         1
        341        -0.043520810283431   k=         1
        342        0.000045369586286   k=         1
        343        0.001861898008329   k=         1
        344        -0.010123974792665   k=         1
        345        0.025514786919994   k=         1
        346        -0.000431935658465   k=         1
        347        0.000531015378099   k=         1
        348        -0.010534083169391   k=         1
        349        0.025268822619481   k=         1
        350        0.001370863857641   k=         1
        351        -0.000919367265912   k=         1
        352        -0.010167071636440   k=         1
        353        0.027496098255016   k=         1
        354        -0.000320770853801   k=         1
        355        0.000540863768474   k=         1
        356        0.003816776484072   k=         1
        357        -0.011312382315044   k=         1
        358        -0.000148398176522   k=         1
        359        0.000350071080001   k=         1
        360        0.004459393201134   k=         1
        361        -0.012042128731104   k=         1
        362        -0.000245846136500   k=         1
        363        0.007784708915082   k=         1
        364        0.012060779971742   k=         1
        365        -0.032939275124109   k=         1
        366        0.000432888478836   k=         1
        367        -0.002699371930600   k=         1
        368        -0.003301107249619   k=         1
        369        0.007909167957678   k=         1
        370        -0.002402484268834   k=         1
        371        0.003628795344679   k=         1
        372        -0.000557848506906   k=         1
        373        0.003931484190574   k=         1
        374        -0.028530201532056   k=         1
        375        -0.090640338578646   k=         1
        376        0.003025857143127   k=         1
        377        -0.000292938040515   k=         1
        378        -0.001186314439619   k=         1
        379        -0.000300621192659   k=         1
        380        0.003246399812194   k=         1
        381        0.002001042834070   k=         1
        382        0.002829430522536   k=         1
        383        -0.001188330421782   k=         1
        384        0.000052763720573   k=         1
        385        0.000138725077414   k=         1
        386        0.001212133903218   k=         1
        387        -0.001935160645908   k=         1
        388        -0.005049608479831   k=         1
        389        0.001267547436961   k=         1
        390        0.000180534729184   k=         1
        391        0.000168454976349   k=         1
        392        -0.000737567678918   k=         1
        393        -0.001048327427574   k=         1
        394        0.000153459926277   k=         1
        395        -0.000698073786908   k=         1
        396        0.000557088353745   k=         1
        397        -0.000876695007228   k=         1
        398        0.000415550655203   k=         1
        399        0.000325519034157   k=         1
        400        0.000398343645021   k=         1
        401        -0.007231984666033   k=         1
        402        0.018487239589785   k=         1
        403        0.000055825249398   k=         1
        404        -0.001108785327747   k=         1
        405        0.003486032454083   k=         1
        406        -0.005884443706202   k=         1
        407        0.000614266736281   k=         1
        408        -0.000014175127676   k=         1
        409        0.009969482088205   k=         1
        410        -0.007733009945769   k=         1
        411        -0.000592999639698   k=         1
        412        0.001693779283230   k=         1
        413        0.005658731285631   k=         1
        414        -0.003966283893636   k=         1
        415        0.000300543919851   k=         1
        416        -0.000590340407596   k=         1
        417        -0.001396931593590   k=         1
        418        0.001338661157318   k=         1
        419        0.000057809575374   k=         1
        420        -0.000253634438176   k=         1
        421        -0.002094018636717   k=         1
        422        0.001710374576886   k=         1
        423        -0.000133537375104   k=         1
        424        0.001070312052151   k=         1
        425        -0.006873843836671   k=         1
        426        0.008393037901823   k=         1
