# file_format= v0.04.05
       144       426
    188.97268778      0.00000000      0.00000000    0
      0.00000000    188.97268778      0.00000000    0
      0.00000000      0.00000000    188.97268778    0
 6
       4
     2     2     2     2
     0     1     1     1
 1.710E+00 1.625E+00 1.625E+00 1.625E+00
 0.000E+00 0.000E+00 0.000E+00 0.000E+00
 0.000E+00 0.000E+00 0.000E+00 0.000E+00
 0.000E+00 0.000E+00 0.000E+00 0.000E+00
      0.867297     -0.731492    -0.151681
 6
       4
     2     2     2     2
     0     1     1     1
 1.710E+00 1.625E+00 1.625E+00 1.625E+00
 0.000E+00 0.000E+00 0.000E+00 0.000E+00
 0.000E+00 0.000E+00 0.000E+00 0.000E+00
 0.000E+00 0.000E+00 0.000E+00 0.000E+00
      -0.949875     1.250475    0.538115
 6
       4
     2     2     2     2
     0     1     1     1
 1.710E+00 1.625E+00 1.625E+00 1.625E+00
 0.000E+00 0.000E+00 0.000E+00 0.000E+00
 0.000E+00 0.000E+00 0.000E+00 0.000E+00
 0.000E+00 0.000E+00 0.000E+00 0.000E+00
      -0.053827     -3.103603    -1.057939
 6
       4
     2     2     2     2
     0     1     1     1
 1.710E+00 1.625E+00 1.625E+00 1.625E+00
 0.000E+00 0.000E+00 0.000E+00 0.000E+00
 0.000E+00 0.000E+00 0.000E+00 0.000E+00
 0.000E+00 0.000E+00 0.000E+00 0.000E+00
      -3.512009     0.813329    0.425515
 6
       4
     2     2     2     2
     0     1     1     1
 1.710E+00 1.625E+00 1.625E+00 1.625E+00
 0.000E+00 0.000E+00 0.000E+00 0.000E+00
 0.000E+00 0.000E+00 0.000E+00 0.000E+00
 0.000E+00 0.000E+00 0.000E+00 0.000E+00
      -4.375776     -1.574714    -0.279428
 6
       4
     2     2     2     2
     0     1     1     1
 1.710E+00 1.625E+00 1.625E+00 1.625E+00
 0.000E+00 0.000E+00 0.000E+00 0.000E+00
 0.000E+00 0.000E+00 0.000E+00 0.000E+00
 0.000E+00 0.000E+00 0.000E+00 0.000E+00
      -2.582796     -3.613903    -1.079243
 6
       4
     2     2     2     2
     0     1     1     1
 1.710E+00 1.625E+00 1.625E+00 1.625E+00
 0.000E+00 0.000E+00 0.000E+00 0.000E+00
 0.000E+00 0.000E+00 0.000E+00 0.000E+00
 0.000E+00 0.000E+00 0.000E+00 0.000E+00
      3.570065     -0.180516    -0.059902
 6
       4
     2     2     2     2
     0     1     1     1
 1.710E+00 1.625E+00 1.625E+00 1.625E+00
 0.000E+00 0.000E+00 0.000E+00 0.000E+00
 0.000E+00 0.000E+00 0.000E+00 0.000E+00
 0.000E+00 0.000E+00 0.000E+00 0.000E+00
      5.802681     0.188149    0.141799
 6
       4
     2     2     2     2
     0     1     1     1
 1.710E+00 1.625E+00 1.625E+00 1.625E+00
 0.000E+00 0.000E+00 0.000E+00 0.000E+00
 0.000E+00 0.000E+00 0.000E+00 0.000E+00
 0.000E+00 0.000E+00 0.000E+00 0.000E+00
      8.538464     0.663863    0.049811
 6
       4
     2     2     2     2
     0     1     1     1
 1.710E+00 1.625E+00 1.625E+00 1.625E+00
 0.000E+00 0.000E+00 0.000E+00 0.000E+00
 0.000E+00 0.000E+00 0.000E+00 0.000E+00
 0.000E+00 0.000E+00 0.000E+00 0.000E+00
      9.775658     2.927724    -0.723123
 6
       4
     2     2     2     2
     0     1     1     1
 1.710E+00 1.625E+00 1.625E+00 1.625E+00
 0.000E+00 0.000E+00 0.000E+00 0.000E+00
 0.000E+00 0.000E+00 0.000E+00 0.000E+00
 0.000E+00 0.000E+00 0.000E+00 0.000E+00
      10.163763     -1.376692    0.678759
 6
       4
     2     2     2     2
     0     1     1     1
 1.710E+00 1.625E+00 1.625E+00 1.625E+00
 0.000E+00 0.000E+00 0.000E+00 0.000E+00
 0.000E+00 0.000E+00 0.000E+00 0.000E+00
 0.000E+00 0.000E+00 0.000E+00 0.000E+00
      12.505458     3.159943    -0.653707
 6
       4
     2     2     2     2
     0     1     1     1
 1.710E+00 1.625E+00 1.625E+00 1.625E+00
 0.000E+00 0.000E+00 0.000E+00 0.000E+00
 0.000E+00 0.000E+00 0.000E+00 0.000E+00
 0.000E+00 0.000E+00 0.000E+00 0.000E+00
      12.784013     -1.184074    0.887170
 6
       4
     2     2     2     2
     0     1     1     1
 1.710E+00 1.625E+00 1.625E+00 1.625E+00
 0.000E+00 0.000E+00 0.000E+00 0.000E+00
 0.000E+00 0.000E+00 0.000E+00 0.000E+00
 0.000E+00 0.000E+00 0.000E+00 0.000E+00
      14.115210     1.118759    0.246887
 6
       4
     2     2     2     2
     0     1     1     1
 1.710E+00 1.625E+00 1.625E+00 1.625E+00
 0.000E+00 0.000E+00 0.000E+00 0.000E+00
 0.000E+00 0.000E+00 0.000E+00 0.000E+00
 0.000E+00 0.000E+00 0.000E+00 0.000E+00
      16.861893     1.301039    0.429743
 6
       4
     2     2     2     2
     0     1     1     1
 1.710E+00 1.625E+00 1.625E+00 1.625E+00
 0.000E+00 0.000E+00 0.000E+00 0.000E+00
 0.000E+00 0.000E+00 0.000E+00 0.000E+00
 0.000E+00 0.000E+00 0.000E+00 0.000E+00
      19.151655     1.456799    0.392424
 6
       4
     2     2     2     2
     0     1     1     1
 1.710E+00 1.625E+00 1.625E+00 1.625E+00
 0.000E+00 0.000E+00 0.000E+00 0.000E+00
 0.000E+00 0.000E+00 0.000E+00 0.000E+00
 0.000E+00 0.000E+00 0.000E+00 0.000E+00
      21.878363     1.333410    0.201222
 6
       4
     2     2     2     2
     0     1     1     1
 1.710E+00 1.625E+00 1.625E+00 1.625E+00
 0.000E+00 0.000E+00 0.000E+00 0.000E+00
 0.000E+00 0.000E+00 0.000E+00 0.000E+00
 0.000E+00 0.000E+00 0.000E+00 0.000E+00
      23.175994     -0.559582    1.618274
 6
       4
     2     2     2     2
     0     1     1     1
 1.710E+00 1.625E+00 1.625E+00 1.625E+00
 0.000E+00 0.000E+00 0.000E+00 0.000E+00
 0.000E+00 0.000E+00 0.000E+00 0.000E+00
 0.000E+00 0.000E+00 0.000E+00 0.000E+00
      23.346024     2.868506    -1.414328
 6
       4
     2     2     2     2
     0     1     1     1
 1.710E+00 1.625E+00 1.625E+00 1.625E+00
 0.000E+00 0.000E+00 0.000E+00 0.000E+00
 0.000E+00 0.000E+00 0.000E+00 0.000E+00
 0.000E+00 0.000E+00 0.000E+00 0.000E+00
      26.108953     2.685743    -1.459020
 6
       4
     2     2     2     2
     0     1     1     1
 1.710E+00 1.625E+00 1.625E+00 1.625E+00
 0.000E+00 0.000E+00 0.000E+00 0.000E+00
 0.000E+00 0.000E+00 0.000E+00 0.000E+00
 0.000E+00 0.000E+00 0.000E+00 0.000E+00
      25.838235     -0.928398    1.367417
 6
       4
     2     2     2     2
     0     1     1     1
 1.710E+00 1.625E+00 1.625E+00 1.625E+00
 0.000E+00 0.000E+00 0.000E+00 0.000E+00
 0.000E+00 0.000E+00 0.000E+00 0.000E+00
 0.000E+00 0.000E+00 0.000E+00 0.000E+00
      27.340941     0.781812    -0.079459
 6
       4
     2     2     2     2
     0     1     1     1
 1.710E+00 1.625E+00 1.625E+00 1.625E+00
 0.000E+00 0.000E+00 0.000E+00 0.000E+00
 0.000E+00 0.000E+00 0.000E+00 0.000E+00
 0.000E+00 0.000E+00 0.000E+00 0.000E+00
      30.036936     0.571173    0.037434
 6
       4
     2     2     2     2
     0     1     1     1
 1.710E+00 1.625E+00 1.625E+00 1.625E+00
 0.000E+00 0.000E+00 0.000E+00 0.000E+00
 0.000E+00 0.000E+00 0.000E+00 0.000E+00
 0.000E+00 0.000E+00 0.000E+00 0.000E+00
      32.300867     -0.090166    0.019795
 6
       4
     2     2     2     2
     0     1     1     1
 1.710E+00 1.625E+00 1.625E+00 1.625E+00
 0.000E+00 0.000E+00 0.000E+00 0.000E+00
 0.000E+00 0.000E+00 0.000E+00 0.000E+00
 0.000E+00 0.000E+00 0.000E+00 0.000E+00
      35.003103     -0.191393    0.077337
 6
       4
     2     2     2     2
     0     1     1     1
 1.710E+00 1.625E+00 1.625E+00 1.625E+00
 0.000E+00 0.000E+00 0.000E+00 0.000E+00
 0.000E+00 0.000E+00 0.000E+00 0.000E+00
 0.000E+00 0.000E+00 0.000E+00 0.000E+00
      36.403171     -2.259407    0.793322
 6
       4
     2     2     2     2
     0     1     1     1
 1.710E+00 1.625E+00 1.625E+00 1.625E+00
 0.000E+00 0.000E+00 0.000E+00 0.000E+00
 0.000E+00 0.000E+00 0.000E+00 0.000E+00
 0.000E+00 0.000E+00 0.000E+00 0.000E+00
      36.410069     2.129133    -0.429219
 6
       4
     2     2     2     2
     0     1     1     1
 1.710E+00 1.625E+00 1.625E+00 1.625E+00
 0.000E+00 0.000E+00 0.000E+00 0.000E+00
 0.000E+00 0.000E+00 0.000E+00 0.000E+00
 0.000E+00 0.000E+00 0.000E+00 0.000E+00
      39.088702     2.243944    -0.456924
 6
       4
     2     2     2     2
     0     1     1     1
 1.710E+00 1.625E+00 1.625E+00 1.625E+00
 0.000E+00 0.000E+00 0.000E+00 0.000E+00
 0.000E+00 0.000E+00 0.000E+00 0.000E+00
 0.000E+00 0.000E+00 0.000E+00 0.000E+00
      39.088173     -2.247362    0.602796
 6
       4
     2     2     2     2
     0     1     1     1
 1.710E+00 1.625E+00 1.625E+00 1.625E+00
 0.000E+00 0.000E+00 0.000E+00 0.000E+00
 0.000E+00 0.000E+00 0.000E+00 0.000E+00
 0.000E+00 0.000E+00 0.000E+00 0.000E+00
      40.503185     -0.092498    -0.085041
 6
       4
     2     2     2     2
     0     1     1     1
 1.710E+00 1.625E+00 1.625E+00 1.625E+00
 0.000E+00 0.000E+00 0.000E+00 0.000E+00
 0.000E+00 0.000E+00 0.000E+00 0.000E+00
 0.000E+00 0.000E+00 0.000E+00 0.000E+00
      43.245661     -0.334404    -0.235569
 6
       4
     2     2     2     2
     0     1     1     1
 1.710E+00 1.625E+00 1.625E+00 1.625E+00
 0.000E+00 0.000E+00 0.000E+00 0.000E+00
 0.000E+00 0.000E+00 0.000E+00 0.000E+00
 0.000E+00 0.000E+00 0.000E+00 0.000E+00
      45.500456     -0.677907    -0.375258
 6
       4
     2     2     2     2
     0     1     1     1
 1.710E+00 1.625E+00 1.625E+00 1.625E+00
 0.000E+00 0.000E+00 0.000E+00 0.000E+00
 0.000E+00 0.000E+00 0.000E+00 0.000E+00
 0.000E+00 0.000E+00 0.000E+00 0.000E+00
      48.166409     -0.539602    -0.357846
 6
       4
     2     2     2     2
     0     1     1     1
 1.710E+00 1.625E+00 1.625E+00 1.625E+00
 0.000E+00 0.000E+00 0.000E+00 0.000E+00
 0.000E+00 0.000E+00 0.000E+00 0.000E+00
 0.000E+00 0.000E+00 0.000E+00 0.000E+00
      49.851210     -2.509978    0.767926
 6
       4
     2     2     2     2
     0     1     1     1
 1.710E+00 1.625E+00 1.625E+00 1.625E+00
 0.000E+00 0.000E+00 0.000E+00 0.000E+00
 0.000E+00 0.000E+00 0.000E+00 0.000E+00
 0.000E+00 0.000E+00 0.000E+00 0.000E+00
      49.496707     1.634656    -1.232950
 6
       4
     2     2     2     2
     0     1     1     1
 1.710E+00 1.625E+00 1.625E+00 1.625E+00
 0.000E+00 0.000E+00 0.000E+00 0.000E+00
 0.000E+00 0.000E+00 0.000E+00 0.000E+00
 0.000E+00 0.000E+00 0.000E+00 0.000E+00
      52.179541     1.826656    -1.138993
 6
       4
     2     2     2     2
     0     1     1     1
 1.710E+00 1.625E+00 1.625E+00 1.625E+00
 0.000E+00 0.000E+00 0.000E+00 0.000E+00
 0.000E+00 0.000E+00 0.000E+00 0.000E+00
 0.000E+00 0.000E+00 0.000E+00 0.000E+00
      52.403069     -2.051443    1.157219
 6
       4
     2     2     2     2
     0     1     1     1
 1.710E+00 1.625E+00 1.625E+00 1.625E+00
 0.000E+00 0.000E+00 0.000E+00 0.000E+00
 0.000E+00 0.000E+00 0.000E+00 0.000E+00
 0.000E+00 0.000E+00 0.000E+00 0.000E+00
      53.749520     0.001576    0.002940
 6
       4
     2     2     2     2
     0     1     1     1
 1.710E+00 1.625E+00 1.625E+00 1.625E+00
 0.000E+00 0.000E+00 0.000E+00 0.000E+00
 0.000E+00 0.000E+00 0.000E+00 0.000E+00
 0.000E+00 0.000E+00 0.000E+00 0.000E+00
      56.390705     0.177814    0.011028
 1
       1
     1
     0
 1.300E+00
 0.000E+00
 0.000E+00
 0.000E+00
      -4.806219     2.115803    1.050400
 1
       1
     1
     0
 1.300E+00
 0.000E+00
 0.000E+00
 0.000E+00
      -0.059655     2.935687    1.151270
 1
       1
     1
     0
 1.300E+00
 0.000E+00
 0.000E+00
 0.000E+00
      -7.109015     -2.037276    -0.220926
 1
       1
     1
     0
 1.300E+00
 0.000E+00
 0.000E+00
 0.000E+00
      -3.446955     -5.290055    -1.529030
 1
       1
     1
     0
 1.300E+00
 0.000E+00
 0.000E+00
 0.000E+00
      1.189615     -4.470748    -1.467578
 1
       1
     1
     0
 1.300E+00
 0.000E+00
 0.000E+00
 0.000E+00
      8.989916     4.535201    -1.332952
 1
       1
     1
     0
 1.300E+00
 0.000E+00
 0.000E+00
 0.000E+00
      9.429627     -3.134523    1.055321
 1
       1
     1
     0
 1.300E+00
 0.000E+00
 0.000E+00
 0.000E+00
      13.337697     4.828261    -1.089408
 1
       1
     1
     0
 1.300E+00
 0.000E+00
 0.000E+00
 0.000E+00
      13.822730     -2.777395    1.380144
 1
       1
     1
     0
 1.300E+00
 0.000E+00
 0.000E+00
 0.000E+00
      22.456113     4.144526    -2.476424
 1
       1
     1
     0
 1.300E+00
 0.000E+00
 0.000E+00
 0.000E+00
      27.104706     4.041523    -2.584584
 1
       1
     1
     0
 1.300E+00
 0.000E+00
 0.000E+00
 0.000E+00
      22.205161     -1.764660    2.756795
 1
       1
     1
     0
 1.300E+00
 0.000E+00
 0.000E+00
 0.000E+00
      26.756264     -2.280306    2.361447
 1
       1
     1
     0
 1.300E+00
 0.000E+00
 0.000E+00
 0.000E+00
      35.462938     3.820104    -0.838774
 1
       1
     1
     0
 1.300E+00
 0.000E+00
 0.000E+00
 0.000E+00
      35.471616     -3.868528    1.267910
 1
       1
     1
     0
 1.300E+00
 0.000E+00
 0.000E+00
 0.000E+00
      39.940175     3.881747    -0.780580
 1
       1
     1
     0
 1.300E+00
 0.000E+00
 0.000E+00
 0.000E+00
      40.123499     -3.788224    0.960015
 1
       1
     1
     0
 1.300E+00
 0.000E+00
 0.000E+00
 0.000E+00
      48.279846     2.961705    -1.822448
 1
       1
     1
     0
 1.300E+00
 0.000E+00
 0.000E+00
 0.000E+00
      49.051920     -4.124025    1.298593
 1
       1
     1
     0
 1.300E+00
 0.000E+00
 0.000E+00
 0.000E+00
      52.897206     3.456120    -1.746031
 1
       1
     1
     0
 1.300E+00
 0.000E+00
 0.000E+00
 0.000E+00
      53.424020     -3.403366    2.126408
 1
       1
     1
     0
 1.300E+00
 0.000E+00
 0.000E+00
 0.000E+00
      61.864957     3.838332    -1.438707
 1
       1
     1
     0
 1.300E+00
 0.000E+00
 0.000E+00
 0.000E+00
      61.892417     -3.623584    1.152650
 6
       4
     2     2     2     2
     0     1     1     1
 1.710E+00 1.625E+00 1.625E+00 1.625E+00
 0.000E+00 0.000E+00 0.000E+00 0.000E+00
 0.000E+00 0.000E+00 0.000E+00 0.000E+00
 0.000E+00 0.000E+00 0.000E+00 0.000E+00
      69.527897     0.260843    0.046442
 1
       1
     1
     0
 1.300E+00
 0.000E+00
 0.000E+00
 0.000E+00
      66.462865     4.004001    -1.403804
 1
       1
     1
     0
 1.300E+00
 0.000E+00
 0.000E+00
 0.000E+00
      66.618164     -3.491664    1.151251
 6
       4
     2     2     2     2
     0     1     1     1
 1.710E+00 1.625E+00 1.625E+00 1.625E+00
 0.000E+00 0.000E+00 0.000E+00 0.000E+00
 0.000E+00 0.000E+00 0.000E+00 0.000E+00
 0.000E+00 0.000E+00 0.000E+00 0.000E+00
      58.705209     0.322287    0.000410
 6
       4
     2     2     2     2
     0     1     1     1
 1.710E+00 1.625E+00 1.625E+00 1.625E+00
 0.000E+00 0.000E+00 0.000E+00 0.000E+00
 0.000E+00 0.000E+00 0.000E+00 0.000E+00
 0.000E+00 0.000E+00 0.000E+00 0.000E+00
      61.390653     0.162407    -0.042950
 6
       4
     2     2     2     2
     0     1     1     1
 1.710E+00 1.625E+00 1.625E+00 1.625E+00
 0.000E+00 0.000E+00 0.000E+00 0.000E+00
 0.000E+00 0.000E+00 0.000E+00 0.000E+00
 0.000E+00 0.000E+00 0.000E+00 0.000E+00
      62.801037     -2.016886    0.510387
 6
       4
     2     2     2     2
     0     1     1     1
 1.710E+00 1.625E+00 1.625E+00 1.625E+00
 0.000E+00 0.000E+00 0.000E+00 0.000E+00
 0.000E+00 0.000E+00 0.000E+00 0.000E+00
 0.000E+00 0.000E+00 0.000E+00 0.000E+00
      62.853534     2.336652    -0.878985
 6
       4
     2     2     2     2
     0     1     1     1
 1.710E+00 1.625E+00 1.625E+00 1.625E+00
 0.000E+00 0.000E+00 0.000E+00 0.000E+00
 0.000E+00 0.000E+00 0.000E+00 0.000E+00
 0.000E+00 0.000E+00 0.000E+00 0.000E+00
      65.421293     2.373071    -0.833163
 6
       4
     2     2     2     2
     0     1     1     1
 1.710E+00 1.625E+00 1.625E+00 1.625E+00
 0.000E+00 0.000E+00 0.000E+00 0.000E+00
 0.000E+00 0.000E+00 0.000E+00 0.000E+00
 0.000E+00 0.000E+00 0.000E+00 0.000E+00
      65.446030     -2.032448    0.450308
 6
       4
     2     2     2     2
     0     1     1     1
 1.710E+00 1.625E+00 1.625E+00 1.625E+00
 0.000E+00 0.000E+00 0.000E+00 0.000E+00
 0.000E+00 0.000E+00 0.000E+00 0.000E+00
 0.000E+00 0.000E+00 0.000E+00 0.000E+00
      66.864560     0.095055    -0.130546
 6
       4
     2     2     2     2
     0     1     1     1
 1.710E+00 1.625E+00 1.625E+00 1.625E+00
 0.000E+00 0.000E+00 0.000E+00 0.000E+00
 0.000E+00 0.000E+00 0.000E+00 0.000E+00
 0.000E+00 0.000E+00 0.000E+00 0.000E+00
      80.053190     -0.235912    0.464600
 6
       4
     2     2     2     2
     0     1     1     1
 1.710E+00 1.625E+00 1.625E+00 1.625E+00
 0.000E+00 0.000E+00 0.000E+00 0.000E+00
 0.000E+00 0.000E+00 0.000E+00 0.000E+00
 0.000E+00 0.000E+00 0.000E+00 0.000E+00
      78.860397     2.069212    -0.074965
 6
       4
     2     2     2     2
     0     1     1     1
 1.710E+00 1.625E+00 1.625E+00 1.625E+00
 0.000E+00 0.000E+00 0.000E+00 0.000E+00
 0.000E+00 0.000E+00 0.000E+00 0.000E+00
 0.000E+00 0.000E+00 0.000E+00 0.000E+00
      78.448252     -2.326141    0.960245
 6
       4
     2     2     2     2
     0     1     1     1
 1.710E+00 1.625E+00 1.625E+00 1.625E+00
 0.000E+00 0.000E+00 0.000E+00 0.000E+00
 0.000E+00 0.000E+00 0.000E+00 0.000E+00
 0.000E+00 0.000E+00 0.000E+00 0.000E+00
      76.179483     2.322575    -0.310877
 6
       4
     2     2     2     2
     0     1     1     1
 1.710E+00 1.625E+00 1.625E+00 1.625E+00
 0.000E+00 0.000E+00 0.000E+00 0.000E+00
 0.000E+00 0.000E+00 0.000E+00 0.000E+00
 0.000E+00 0.000E+00 0.000E+00 0.000E+00
      74.554696     0.189914    0.151683
 6
       4
     2     2     2     2
     0     1     1     1
 1.710E+00 1.625E+00 1.625E+00 1.625E+00
 0.000E+00 0.000E+00 0.000E+00 0.000E+00
 0.000E+00 0.000E+00 0.000E+00 0.000E+00
 0.000E+00 0.000E+00 0.000E+00 0.000E+00
      75.811173     -2.067965    0.826247
 6
       4
     2     2     2     2
     0     1     1     1
 1.710E+00 1.625E+00 1.625E+00 1.625E+00
 0.000E+00 0.000E+00 0.000E+00 0.000E+00
 0.000E+00 0.000E+00 0.000E+00 0.000E+00
 0.000E+00 0.000E+00 0.000E+00 0.000E+00
      82.843104     -0.354452    0.396723
 6
       4
     2     2     2     2
     0     1     1     1
 1.710E+00 1.625E+00 1.625E+00 1.625E+00
 0.000E+00 0.000E+00 0.000E+00 0.000E+00
 0.000E+00 0.000E+00 0.000E+00 0.000E+00
 0.000E+00 0.000E+00 0.000E+00 0.000E+00
      85.134408     0.058521    0.268706
 6
       4
     2     2     2     2
     0     1     1     1
 1.710E+00 1.625E+00 1.625E+00 1.625E+00
 0.000E+00 0.000E+00 0.000E+00 0.000E+00
 0.000E+00 0.000E+00 0.000E+00 0.000E+00
 0.000E+00 0.000E+00 0.000E+00 0.000E+00
      87.867874     0.092151    0.079059
 6
       4
     2     2     2     2
     0     1     1     1
 1.710E+00 1.625E+00 1.625E+00 1.625E+00
 0.000E+00 0.000E+00 0.000E+00 0.000E+00
 0.000E+00 0.000E+00 0.000E+00 0.000E+00
 0.000E+00 0.000E+00 0.000E+00 0.000E+00
      89.119553     2.232156    -0.897935
 6
       4
     2     2     2     2
     0     1     1     1
 1.710E+00 1.625E+00 1.625E+00 1.625E+00
 0.000E+00 0.000E+00 0.000E+00 0.000E+00
 0.000E+00 0.000E+00 0.000E+00 0.000E+00
 0.000E+00 0.000E+00 0.000E+00 0.000E+00
      89.450346     -1.986903    0.771265
 6
       4
     2     2     2     2
     0     1     1     1
 1.710E+00 1.625E+00 1.625E+00 1.625E+00
 0.000E+00 0.000E+00 0.000E+00 0.000E+00
 0.000E+00 0.000E+00 0.000E+00 0.000E+00
 0.000E+00 0.000E+00 0.000E+00 0.000E+00
      91.794152     2.375850    -1.118980
 6
       4
     2     2     2     2
     0     1     1     1
 1.710E+00 1.625E+00 1.625E+00 1.625E+00
 0.000E+00 0.000E+00 0.000E+00 0.000E+00
 0.000E+00 0.000E+00 0.000E+00 0.000E+00
 0.000E+00 0.000E+00 0.000E+00 0.000E+00
      92.083265     -1.905783    0.398243
 6
       4
     2     2     2     2
     0     1     1     1
 1.710E+00 1.625E+00 1.625E+00 1.625E+00
 0.000E+00 0.000E+00 0.000E+00 0.000E+00
 0.000E+00 0.000E+00 0.000E+00 0.000E+00
 0.000E+00 0.000E+00 0.000E+00 0.000E+00
      93.364004     0.280762    -0.487606
 6
       4
     2     2     2     2
     0     1     1     1
 1.710E+00 1.625E+00 1.625E+00 1.625E+00
 0.000E+00 0.000E+00 0.000E+00 0.000E+00
 0.000E+00 0.000E+00 0.000E+00 0.000E+00
 0.000E+00 0.000E+00 0.000E+00 0.000E+00
      96.069650     0.455067    -0.262097
 6
       4
     2     2     2     2
     0     1     1     1
 1.710E+00 1.625E+00 1.625E+00 1.625E+00
 0.000E+00 0.000E+00 0.000E+00 0.000E+00
 0.000E+00 0.000E+00 0.000E+00 0.000E+00
 0.000E+00 0.000E+00 0.000E+00 0.000E+00
      98.341773     0.307661    0.030132
 6
       4
     2     2     2     2
     0     1     1     1
 1.710E+00 1.625E+00 1.625E+00 1.625E+00
 0.000E+00 0.000E+00 0.000E+00 0.000E+00
 0.000E+00 0.000E+00 0.000E+00 0.000E+00
 0.000E+00 0.000E+00 0.000E+00 0.000E+00
      101.051160     0.387022    0.034453
 6
       4
     2     2     2     2
     0     1     1     1
 1.710E+00 1.625E+00 1.625E+00 1.625E+00
 0.000E+00 0.000E+00 0.000E+00 0.000E+00
 0.000E+00 0.000E+00 0.000E+00 0.000E+00
 0.000E+00 0.000E+00 0.000E+00 0.000E+00
      102.569079     -1.788119    0.688964
 6
       4
     2     2     2     2
     0     1     1     1
 1.710E+00 1.625E+00 1.625E+00 1.625E+00
 0.000E+00 0.000E+00 0.000E+00 0.000E+00
 0.000E+00 0.000E+00 0.000E+00 0.000E+00
 0.000E+00 0.000E+00 0.000E+00 0.000E+00
      102.450440     2.531768    -0.610036
 6
       4
     2     2     2     2
     0     1     1     1
 1.710E+00 1.625E+00 1.625E+00 1.625E+00
 0.000E+00 0.000E+00 0.000E+00 0.000E+00
 0.000E+00 0.000E+00 0.000E+00 0.000E+00
 0.000E+00 0.000E+00 0.000E+00 0.000E+00
      105.125221     2.554411    -0.718752
 6
       4
     2     2     2     2
     0     1     1     1
 1.710E+00 1.625E+00 1.625E+00 1.625E+00
 0.000E+00 0.000E+00 0.000E+00 0.000E+00
 0.000E+00 0.000E+00 0.000E+00 0.000E+00
 0.000E+00 0.000E+00 0.000E+00 0.000E+00
      105.240830     -1.713330    0.813998
 6
       4
     2     2     2     2
     0     1     1     1
 1.710E+00 1.625E+00 1.625E+00 1.625E+00
 0.000E+00 0.000E+00 0.000E+00 0.000E+00
 0.000E+00 0.000E+00 0.000E+00 0.000E+00
 0.000E+00 0.000E+00 0.000E+00 0.000E+00
      106.648857     0.508820    0.193306
 6
       4
     2     2     2     2
     0     1     1     1
 1.710E+00 1.625E+00 1.625E+00 1.625E+00
 0.000E+00 0.000E+00 0.000E+00 0.000E+00
 0.000E+00 0.000E+00 0.000E+00 0.000E+00
 0.000E+00 0.000E+00 0.000E+00 0.000E+00
      109.332864     0.623521    0.336696
 6
       4
     2     2     2     2
     0     1     1     1
 1.710E+00 1.625E+00 1.625E+00 1.625E+00
 0.000E+00 0.000E+00 0.000E+00 0.000E+00
 0.000E+00 0.000E+00 0.000E+00 0.000E+00
 0.000E+00 0.000E+00 0.000E+00 0.000E+00
      111.591171     0.959580    -0.124714
 6
       4
     2     2     2     2
     0     1     1     1
 1.710E+00 1.625E+00 1.625E+00 1.625E+00
 0.000E+00 0.000E+00 0.000E+00 0.000E+00
 0.000E+00 0.000E+00 0.000E+00 0.000E+00
 0.000E+00 0.000E+00 0.000E+00 0.000E+00
      114.332765     0.967598    0.006555
 6
       4
     2     2     2     2
     0     1     1     1
 1.710E+00 1.625E+00 1.625E+00 1.625E+00
 0.000E+00 0.000E+00 0.000E+00 0.000E+00
 0.000E+00 0.000E+00 0.000E+00 0.000E+00
 0.000E+00 0.000E+00 0.000E+00 0.000E+00
      115.503849     -1.373961    -0.463525
 6
       4
     2     2     2     2
     0     1     1     1
 1.710E+00 1.625E+00 1.625E+00 1.625E+00
 0.000E+00 0.000E+00 0.000E+00 0.000E+00
 0.000E+00 0.000E+00 0.000E+00 0.000E+00
 0.000E+00 0.000E+00 0.000E+00 0.000E+00
      115.909460     3.023153    0.572271
 6
       4
     2     2     2     2
     0     1     1     1
 1.710E+00 1.625E+00 1.625E+00 1.625E+00
 0.000E+00 0.000E+00 0.000E+00 0.000E+00
 0.000E+00 0.000E+00 0.000E+00 0.000E+00
 0.000E+00 0.000E+00 0.000E+00 0.000E+00
      118.552625     2.726323    0.612585
 6
       4
     2     2     2     2
     0     1     1     1
 1.710E+00 1.625E+00 1.625E+00 1.625E+00
 0.000E+00 0.000E+00 0.000E+00 0.000E+00
 0.000E+00 0.000E+00 0.000E+00 0.000E+00
 0.000E+00 0.000E+00 0.000E+00 0.000E+00
      118.145518     -1.721064    -0.458928
 6
       4
     2     2     2     2
     0     1     1     1
 1.710E+00 1.625E+00 1.625E+00 1.625E+00
 0.000E+00 0.000E+00 0.000E+00 0.000E+00
 0.000E+00 0.000E+00 0.000E+00 0.000E+00
 0.000E+00 0.000E+00 0.000E+00 0.000E+00
      119.767853     0.425615    0.156806
 6
       4
     2     2     2     2
     0     1     1     1
 1.710E+00 1.625E+00 1.625E+00 1.625E+00
 0.000E+00 0.000E+00 0.000E+00 0.000E+00
 0.000E+00 0.000E+00 0.000E+00 0.000E+00
 0.000E+00 0.000E+00 0.000E+00 0.000E+00
      122.415694     0.143081    0.133205
 6
       4
     2     2     2     2
     0     1     1     1
 1.710E+00 1.625E+00 1.625E+00 1.625E+00
 0.000E+00 0.000E+00 0.000E+00 0.000E+00
 0.000E+00 0.000E+00 0.000E+00 0.000E+00
 0.000E+00 0.000E+00 0.000E+00 0.000E+00
      124.732776     -0.076105    0.048398
 6
       4
     2     2     2     2
     0     1     1     1
 1.710E+00 1.625E+00 1.625E+00 1.625E+00
 0.000E+00 0.000E+00 0.000E+00 0.000E+00
 0.000E+00 0.000E+00 0.000E+00 0.000E+00
 0.000E+00 0.000E+00 0.000E+00 0.000E+00
      127.418191     -0.233289    -0.137614
 6
       4
     2     2     2     2
     0     1     1     1
 1.710E+00 1.625E+00 1.625E+00 1.625E+00
 0.000E+00 0.000E+00 0.000E+00 0.000E+00
 0.000E+00 0.000E+00 0.000E+00 0.000E+00
 0.000E+00 0.000E+00 0.000E+00 0.000E+00
      128.703902     -2.333967    -1.116422
 6
       4
     2     2     2     2
     0     1     1     1
 1.710E+00 1.625E+00 1.625E+00 1.625E+00
 0.000E+00 0.000E+00 0.000E+00 0.000E+00
 0.000E+00 0.000E+00 0.000E+00 0.000E+00
 0.000E+00 0.000E+00 0.000E+00 0.000E+00
      128.973738     1.823346    0.536678
 6
       4
     2     2     2     2
     0     1     1     1
 1.710E+00 1.625E+00 1.625E+00 1.625E+00
 0.000E+00 0.000E+00 0.000E+00 0.000E+00
 0.000E+00 0.000E+00 0.000E+00 0.000E+00
 0.000E+00 0.000E+00 0.000E+00 0.000E+00
      131.630028     1.722073    0.551380
 6
       4
     2     2     2     2
     0     1     1     1
 1.710E+00 1.625E+00 1.625E+00 1.625E+00
 0.000E+00 0.000E+00 0.000E+00 0.000E+00
 0.000E+00 0.000E+00 0.000E+00 0.000E+00
 0.000E+00 0.000E+00 0.000E+00 0.000E+00
      131.382217     -2.590427    -1.069290
 6
       4
     2     2     2     2
     0     1     1     1
 1.710E+00 1.625E+00 1.625E+00 1.625E+00
 0.000E+00 0.000E+00 0.000E+00 0.000E+00
 0.000E+00 0.000E+00 0.000E+00 0.000E+00
 0.000E+00 0.000E+00 0.000E+00 0.000E+00
      132.957717     -0.636437    -0.000705
 6
       4
     2     2     2     2
     0     1     1     1
 1.710E+00 1.625E+00 1.625E+00 1.625E+00
 0.000E+00 0.000E+00 0.000E+00 0.000E+00
 0.000E+00 0.000E+00 0.000E+00 0.000E+00
 0.000E+00 0.000E+00 0.000E+00 0.000E+00
      135.672783     -0.881338    0.319908
 1
       1
     1
     0
 1.300E+00
 0.000E+00
 0.000E+00
 0.000E+00
      75.294492     4.116774    -0.808584
 1
       1
     1
     0
 1.300E+00
 0.000E+00
 0.000E+00
 0.000E+00
      79.723945     3.700696    -0.516895
 6
       4
     2     2     2     2
     0     1     1     1
 1.710E+00 1.625E+00 1.625E+00 1.625E+00
 0.000E+00 0.000E+00 0.000E+00 0.000E+00
 0.000E+00 0.000E+00 0.000E+00 0.000E+00
 0.000E+00 0.000E+00 0.000E+00 0.000E+00
      71.788426     0.276580    -0.012986
 1
       1
     1
     0
 1.300E+00
 0.000E+00
 0.000E+00
 0.000E+00
      74.640843     -3.613842    1.205384
 1
       1
     1
     0
 1.300E+00
 0.000E+00
 0.000E+00
 0.000E+00
      79.244943     -3.927083    1.564209
 1
       1
     1
     0
 1.300E+00
 0.000E+00
 0.000E+00
 0.000E+00
      87.923088     3.682953    -1.606469
 1
       1
     1
     0
 1.300E+00
 0.000E+00
 0.000E+00
 0.000E+00
      88.701019     -3.675067    1.341001
 1
       1
     1
     0
 1.300E+00
 0.000E+00
 0.000E+00
 0.000E+00
      92.596328     3.954830    -1.825704
 1
       1
     1
     0
 1.300E+00
 0.000E+00
 0.000E+00
 0.000E+00
      93.237083     -3.398228    0.815596
 1
       1
     1
     0
 1.300E+00
 0.000E+00
 0.000E+00
 0.000E+00
      101.546238     4.241118    -1.082494
 1
       1
     1
     0
 1.300E+00
 0.000E+00
 0.000E+00
 0.000E+00
      106.234250     3.975435    -1.294217
 1
       1
     1
     0
 1.300E+00
 0.000E+00
 0.000E+00
 0.000E+00
      101.807510     -3.479025    1.038873
 1
       1
     1
     0
 1.300E+00
 0.000E+00
 0.000E+00
 0.000E+00
      106.163069     -3.280190    1.309227
 1
       1
     1
     0
 1.300E+00
 0.000E+00
 0.000E+00
 0.000E+00
      115.151179     4.742953    0.950258
 1
       1
     1
     0
 1.300E+00
 0.000E+00
 0.000E+00
 0.000E+00
      114.519069     -2.966605    -0.688265
 1
       1
     1
     0
 1.300E+00
 0.000E+00
 0.000E+00
 0.000E+00
      119.658532     4.252486    1.115879
 1
       1
     1
     0
 1.300E+00
 0.000E+00
 0.000E+00
 0.000E+00
      118.833321     -3.441019    -0.747774
 1
       1
     1
     0
 1.300E+00
 0.000E+00
 0.000E+00
 0.000E+00
      128.412820     3.601903    1.251679
 1
       1
     1
     0
 1.300E+00
 0.000E+00
 0.000E+00
 0.000E+00
      127.867485     -3.913630    -1.989687
 1
       1
     1
     0
 1.300E+00
 0.000E+00
 0.000E+00
 0.000E+00
      132.893884     3.209921    1.114576
 1
       1
     1
     0
 1.300E+00
 0.000E+00
 0.000E+00
 0.000E+00
      132.457465     -4.033091    -1.634097
 1
       1
     1
     0
 1.300E+00
 0.000E+00
 0.000E+00
 0.000E+00
      141.218637     1.853825    3.121774
 1
       1
     1
     0
 1.300E+00
 0.000E+00
 0.000E+00
 0.000E+00
      140.937442     -4.082046    -2.495377
 1
       1
     1
     0
 1.300E+00
 0.000E+00
 0.000E+00
 0.000E+00
      148.861532     -1.376306    -0.032590
 1
       1
     1
     0
 1.300E+00
 0.000E+00
 0.000E+00
 0.000E+00
      145.646133     1.680367    3.044577
 1
       1
     1
     0
 1.300E+00
 0.000E+00
 0.000E+00
 0.000E+00
      145.399127     -4.222829    -2.576970
 6
       4
     2     2     2     2
     0     1     1     1
 1.710E+00 1.625E+00 1.625E+00 1.625E+00
 0.000E+00 0.000E+00 0.000E+00 0.000E+00
 0.000E+00 0.000E+00 0.000E+00 0.000E+00
 0.000E+00 0.000E+00 0.000E+00 0.000E+00
      137.915615     -1.131192    0.452536
 6
       4
     2     2     2     2
     0     1     1     1
 1.710E+00 1.625E+00 1.625E+00 1.625E+00
 0.000E+00 0.000E+00 0.000E+00 0.000E+00
 0.000E+00 0.000E+00 0.000E+00 0.000E+00
 0.000E+00 0.000E+00 0.000E+00 0.000E+00
      140.682087     -1.218518    0.434584
 6
       4
     2     2     2     2
     0     1     1     1
 1.710E+00 1.625E+00 1.625E+00 1.625E+00
 0.000E+00 0.000E+00 0.000E+00 0.000E+00
 0.000E+00 0.000E+00 0.000E+00 0.000E+00
 0.000E+00 0.000E+00 0.000E+00 0.000E+00
      141.812282     -2.885120    -1.250127
 6
       4
     2     2     2     2
     0     1     1     1
 1.710E+00 1.625E+00 1.625E+00 1.625E+00
 0.000E+00 0.000E+00 0.000E+00 0.000E+00
 0.000E+00 0.000E+00 0.000E+00 0.000E+00
 0.000E+00 0.000E+00 0.000E+00 0.000E+00
      142.153753     0.533464    1.909411
 6
       4
     2     2     2     2
     0     1     1     1
 1.710E+00 1.625E+00 1.625E+00 1.625E+00
 0.000E+00 0.000E+00 0.000E+00 0.000E+00
 0.000E+00 0.000E+00 0.000E+00 0.000E+00
 0.000E+00 0.000E+00 0.000E+00 0.000E+00
      144.765462     0.471978    1.869049
 6
       4
     2     2     2     2
     0     1     1     1
 1.710E+00 1.625E+00 1.625E+00 1.625E+00
 0.000E+00 0.000E+00 0.000E+00 0.000E+00
 0.000E+00 0.000E+00 0.000E+00 0.000E+00
 0.000E+00 0.000E+00 0.000E+00 0.000E+00
      144.604163     -2.925577    -1.329573
 6
       4
     2     2     2     2
     0     1     1     1
 1.710E+00 1.625E+00 1.625E+00 1.625E+00
 0.000E+00 0.000E+00 0.000E+00 0.000E+00
 0.000E+00 0.000E+00 0.000E+00 0.000E+00
 0.000E+00 0.000E+00 0.000E+00 0.000E+00
      145.948538     -1.420044    0.219497
# LCAO coefficients .. are not included.
         1
        1        0.000006738978031   k=         1
        2        -0.000819503030080   k=         1
        3        -0.000649857330548   k=         1
        4        0.005931977482853   k=         1
        5        0.000668258266790   k=         1
        6        0.001586574053661   k=         1
        7        -0.004386716766425   k=         1
        8        0.007127235392655   k=         1
        9        -0.000750373657260   k=         1
        10        -0.000627786544363   k=         1
        11        -0.003670369346952   k=         1
        12        0.005141693909346   k=         1
        13        -0.000180821872413   k=         1
        14        -0.000526485686760   k=         1
        15        0.000825280285334   k=         1
        16        -0.001380011052330   k=         1
        17        -0.000073085389618   k=         1
        18        -0.000681368859634   k=         1
        19        0.002338758827390   k=         1
        20        -0.009116006810721   k=         1
        21        0.000165501619060   k=         1
        22        -0.000070809370908   k=         1
        23        0.001141146909718   k=         1
        24        -0.002465297044441   k=         1
        25        0.000448988454302   k=         1
        26        0.002201971650969   k=         1
        27        -0.003812407409280   k=         1
        28        -0.014028866701725   k=         1
        29        -0.000513111781122   k=         1
        30        -0.000210827204348   k=         1
        31        -0.000911283360574   k=         1
        32        -0.007475837456227   k=         1
        33        0.000237106227736   k=         1
        34        0.000536825985732   k=         1
        35        0.007113160052431   k=         1
        36        0.020308445041322   k=         1
        37        0.000153744784635   k=         1
        38        0.000171740417643   k=         1
        39        0.002470137538749   k=         1
        40        0.007850788524222   k=         1
        41        -0.000075168400607   k=         1
        42        -0.001457079527158   k=         1
        43        0.001626886453051   k=         1
        44        0.007908569199492   k=         1
        45        -0.000679993884453   k=         1
        46        -0.000173912800035   k=         1
        47        -0.003693182908528   k=         1
        48        -0.018880245403314   k=         1
        49        0.000396595752087   k=         1
        50        0.003467235206148   k=         1
        51        -0.001996874056679   k=         1
        52        -0.016218712747047   k=         1
        53        0.000206627343365   k=         1
        54        0.002347789007436   k=         1
        55        -0.007752557883389   k=         1
        56        -0.014287463097705   k=         1
        57        -0.000099289481307   k=         1
        58        -0.002922200274657   k=         1
        59        0.019443424392915   k=         1
        60        0.023101344005952   k=         1
        61        0.000389186345886   k=         1
        62        0.001336401392561   k=         1
        63        0.010445768275814   k=         1
        64        0.015258449482680   k=         1
        65        -0.000216408382465   k=         1
        66        -0.005369263181545   k=         1
        67        -0.025602561794491   k=         1
        68        -0.029487882225400   k=         1
        69        -0.001011185142128   k=         1
        70        -0.003773311360122   k=         1
        71        -0.010861722239176   k=         1
        72        -0.011502559156988   k=         1
        73        0.000739500403239   k=         1
        74        -0.000718111729621   k=         1
        75        -0.013834492408117   k=         1
        76        -0.013410112526849   k=         1
        77        -0.001334048015991   k=         1
        78        -0.001490922616865   k=         1
        79        0.024701446235417   k=         1
        80        0.024725368568648   k=         1
        81        0.000737706451593   k=         1
        82        0.007460229470784   k=         1
        83        0.022015401467158   k=         1
        84        0.022017224166835   k=         1
        85        0.000246064355986   k=         1
        86        0.000928937721356   k=         1
        87        0.015151920121032   k=         1
        88        0.026842855395767   k=         1
        89        -0.003424486509066   k=         1
        90        -0.002882294045536   k=         1
        91        -0.017446400023207   k=         1
        92        -0.054457299952528   k=         1
        93        0.002520841015464   k=         1
        94        -0.002423003601258   k=         1
        95        -0.014738012130355   k=         1
        96        -0.035174250080558   k=         1
        97        -0.001938515371374   k=         1
        98        -0.002518049101268   k=         1
        99        0.020659033365580   k=         1
        100        0.062506165524031   k=         1
        101        0.000071298080292   k=         1
        102        0.000906391722182   k=         1
        103        0.008550560635412   k=         1
        104        0.030978534568772   k=         1
        105        0.000609528454851   k=         1
        106        -0.002342490959389   k=         1
        107        0.005634617900654   k=         1
        108        0.034946473375529   k=         1
        109        -0.001091607168069   k=         1
        110        -0.001048892444672   k=         1
        111        -0.005543615260283   k=         1
        112        -0.043372043401668   k=         1
        113        0.001816327783340   k=         1
        114        -0.002688044220888   k=         1
        115        -0.012171776899513   k=         1
        116        -0.057763250457842   k=         1
        117        0.000457658196455   k=         1
        118        -0.007394853374095   k=         1
        119        -0.015022757587131   k=         1
        120        -0.054973078547065   k=         1
        121        0.001287065612227   k=         1
        122        0.011708885324777   k=         1
        123        0.030678188573959   k=         1
        124        0.075127702869365   k=         1
        125        -0.000433371510699   k=         1
        126        0.004287493348358   k=         1
        127        0.018401723760798   k=         1
        128        0.055324717586630   k=         1
        129        -0.000376277054770   k=         1
        130        0.004368783959151   k=         1
        131        -0.039457089281985   k=         1
        132        -0.087634496291128   k=         1
        133        0.000728342063366   k=         1
        134        0.016905821417887   k=         1
        135        -0.021939706402014   k=         1
        136        -0.047953365257485   k=         1
        137        0.001096275579739   k=         1
        138        0.005439594986714   k=         1
        139        -0.020400786586859   k=         1
        140        -0.052156153298055   k=         1
        141        -0.002942172465034   k=         1
        142        -0.010142651276712   k=         1
        143        0.032027523218352   k=         1
        144        0.063932254675710   k=         1
        145        0.002977277160701   k=         1
        146        -0.014714389363756   k=         1
        147        0.027878347195914   k=         1
        148        0.044694580650727   k=         1
        149        -0.001144033716896   k=         1
        150        -0.002001741145206   k=         1
        151        0.046282101288708   k=         1
        152        0.071504103528463   k=         1
        153        0.003017207752202   k=         1
        154        -0.000239284339571   k=         1
        155        -0.030903630910968   k=         1
        156        -0.077483093283132   k=         1
        157        0.000753045144485   k=         1
        158        -0.000305349318977   k=         1
        159        0.000006574258263   k=         1
        160        -0.000744477841430   k=         1
        161        0.000445563095247   k=         1
        162        -0.000574149531480   k=         1
        163        0.001429177150962   k=         1
        164        0.000514942101977   k=         1
        165        -0.000663343375388   k=         1
        166        -0.001443389468317   k=         1
        167        0.001380915684017   k=         1
        168        0.001222840821879   k=         1
        169        -0.000394816992594   k=         1
        170        -0.002293286542029   k=         1
        171        0.000755952581146   k=         1
        172        0.002135849955285   k=         1
        173        0.000094650525051   k=         1
        174        -0.001453019191635   k=         1
        175        -0.000755593467835   k=         1
        176        -0.002871776317863   k=         1
        177        -0.001831513977711   k=         1
        178        0.001683637693172   k=         1
        179        -0.000679225993795   k=         1
        180        0.002895954568128   k=         1
        181        -0.002912126724770   k=         1
        182        0.014440836253029   k=         1
        183        0.057258995363595   k=         1
        184        -0.001682826117307   k=         1
        185        -0.001081750181242   k=         1
        186        -0.002426284013669   k=         1
        187        -0.000906618380218   k=         1
        188        -0.042712314167314   k=         1
        189        -0.074436817132495   k=         1
        190        0.002356774207443   k=         1
        191        0.005275380597542   k=         1
        192        0.026423649574331   k=         1
        193        0.081752263972152   k=         1
        194        -0.002106844715459   k=         1
        195        0.008375865369035   k=         1
        196        0.019954722754812   k=         1
        197        0.068304306617518   k=         1
        198        0.000900203723385   k=         1
        199        -0.001507397505529   k=         1
        200        0.016991910575349   k=         1
        201        0.049784005142911   k=         1
        202        -0.000663073577210   k=         1
        203        0.002177890989872   k=         1
        204        -0.017173491377066   k=         1
        205        -0.045677303400182   k=         1
        206        0.001759285522308   k=         1
        207        -0.001215983062934   k=         1
        208        -0.022028237671599   k=         1
        209        -0.051547364814103   k=         1
        210        0.000733146434024   k=         1
        211        0.007995249721776   k=         1
        212        -0.021660342834445   k=         1
        213        -0.090105042083295   k=         1
        214        0.000226345676280   k=         1
        215        0.002964778805955   k=         1
        216        0.014469179603838   k=         1
        217        0.066958316566414   k=         1
        218        0.000756041181216   k=         1
        219        -0.003361247849694   k=         1
        220        0.010382752617915   k=         1
        221        0.038810898298864   k=         1
        222        -0.000954530531759   k=         1
        223        -0.004109253272299   k=         1
        224        0.012172043151959   k=         1
        225        0.039621432945457   k=         1
        226        0.000562773465923   k=         1
        227        0.005441556398897   k=         1
        228        -0.012833420326209   k=         1
        229        -0.051136936222453   k=         1
        230        0.000465700534454   k=         1
        231        0.000735560204111   k=         1
        232        -0.015287755618450   k=         1
        233        -0.061887077625299   k=         1
        234        0.000063664375021   k=         1
        235        0.004133824403683   k=         1
        236        -0.014282809462363   k=         1
        237        -0.045967648228192   k=         1
        238        0.002058723303362   k=         1
        239        -0.002732185814364   k=         1
        240        -0.018364717134449   k=         1
        241        -0.054858310127579   k=         1
        242        -0.000164317822567   k=         1
        243        0.000438176362173   k=         1
        244        -0.013985778467450   k=         1
        245        -0.057792233633044   k=         1
        246        -0.000016840996459   k=         1
        247        0.002104533775796   k=         1
        248        0.021427296971632   k=         1
        249        0.057776291194360   k=         1
        250        0.000879426322418   k=         1
        251        0.006359977246174   k=         1
        252        0.020916166618869   k=         1
        253        0.037445986650415   k=         1
        254        0.002982752339670   k=         1
        255        0.007517733957755   k=         1
        256        0.015687334044357   k=         1
        257        0.037760822706732   k=         1
        258        -0.000902039400355   k=         1
        259        -0.006519562697112   k=         1
        260        -0.015212257496003   k=         1
        261        -0.040750388383350   k=         1
        262        -0.000753920282794   k=         1
        263        -0.009369012380211   k=         1
        264        -0.017483724019909   k=         1
        265        -0.036899946788134   k=         1
        266        0.002826552555197   k=         1
        267        0.006424717301208   k=         1
        268        -0.018285635588371   k=         1
        269        -0.060829419897881   k=         1
        270        0.001189418298166   k=         1
        271        -0.011152723133704   k=         1
        272        0.015170239817939   k=         1
        273        0.053409875158835   k=         1
        274        0.001374850940729   k=         1
        275        -0.002650102343070   k=         1
        276        0.016377145074573   k=         1
        277        0.056360995030690   k=         1
        278        0.001031081683521   k=         1
        279        -0.001314989799636   k=         1
        280        -0.015703658584673   k=         1
        281        -0.057148665403942   k=         1
        282        -0.000431647911210   k=         1
        283        0.002462533280853   k=         1
        284        -0.010904596931237   k=         1
        285        -0.044169355393459   k=         1
        286        -0.000341967599027   k=         1
        287        -0.001601923339005   k=         1
        288        -0.011884615759226   k=         1
        289        -0.038692940560773   k=         1
        290        -0.002314022543724   k=         1
        291        -0.002020155255963   k=         1
        292        0.022243094220162   k=         1
        293        0.039159597939544   k=         1
        294        0.001793912982084   k=         1
        295        -0.000875984153394   k=         1
        296        0.012872779366961   k=         1
        297        0.033267573096237   k=         1
        298        0.001334570118818   k=         1
        299        -0.004199604893449   k=         1
        300        0.019404950607116   k=         1
        301        0.059832539825348   k=         1
        302        -0.005956073393311   k=         1
        303        -0.005053157536221   k=         1
        304        -0.001068313735536   k=         1
        305        -0.051543563140582   k=         1
        306        0.005735259087947   k=         1
        307        -0.004839022292487   k=         1
        308        -0.015017437775581   k=         1
        309        -0.055937053474450   k=         1
        310        -0.000444417122403   k=         1
        311        -0.001414857938244   k=         1
        312        -0.007826349074292   k=         1
        313        0.054552336348126   k=         1
        314        -0.002241657002893   k=         1
        315        0.003620698474239   k=         1
        316        -0.010056676775498   k=         1
        317        0.032406876563860   k=         1
        318        0.001988246979903   k=         1
        319        -0.006467304724957   k=         1
        320        -0.014472189348895   k=         1
        321        0.037026043363742   k=         1
        322        0.000333606693725   k=         1
        323        0.004116552487873   k=         1
        324        0.009124813798523   k=         1
        325        -0.036518892931509   k=         1
        326        0.001126750528592   k=         1
        327        -0.000297359004406   k=         1
        328        0.008357030640101   k=         1
        329        -0.037055164285830   k=         1
        330        -0.000867275750506   k=         1
        331        0.003925440994754   k=         1
        332        0.013358767967676   k=         1
        333        -0.054861532139859   k=         1
        334        -0.000037646246979   k=         1
        335        -0.001693565020908   k=         1
        336        -0.013799431493383   k=         1
        337        0.043418577418955   k=         1
        338        0.000723922023523   k=         1
        339        0.003589255880460   k=         1
        340        -0.015215017413562   k=         1
        341        0.053194372935675   k=         1
        342        -0.000404916408220   k=         1
        343        -0.004137751223607   k=         1
        344        0.013329487796516   k=         1
        345        -0.038289697838116   k=         1
        346        0.000067794629018   k=         1
        347        0.000348152277733   k=         1
        348        0.018733257211913   k=         1
        349        -0.033116594299601   k=         1
        350        -0.000996518712239   k=         1
        351        -0.000300012802103   k=         1
        352        0.014428996447187   k=         1
        353        -0.032088757547521   k=         1
        354        0.000081733892894   k=         1
        355        -0.000642103346804   k=         1
        356        -0.008011186041081   k=         1
        357        0.022714498618920   k=         1
        358        0.000378367801980   k=         1
        359        -0.001885504881272   k=         1
        360        -0.010575810805978   k=         1
        361        0.021604441267884   k=         1
        362        0.000749721166047   k=         1
        363        -0.011081823522647   k=         1
        364        -0.015393907131629   k=         1
        365        0.048717689999876   k=         1
        366        -0.000702193327641   k=         1
        367        0.004978244233610   k=         1
        368        0.007978138620350   k=         1
        369        -0.018518251974725   k=         1
        370        -0.000842347304495   k=         1
        371        -0.000824913900139   k=         1
        372        -0.002217502240135   k=         1
        373        0.001776579943756   k=         1
        374        0.018765361190486   k=         1
        375        0.076034422657576   k=         1
        376        -0.000124489900663   k=         1
        377        -0.001725050760427   k=         1
        378        -0.000924355782622   k=         1
        379        -0.002703487582326   k=         1
        380        -0.003097324368977   k=         1
        381        -0.000786068466908   k=         1
        382        -0.002398077272356   k=         1
        383        0.001392421816319   k=         1
        384        0.000460261560918   k=         1
        385        0.000225968694280   k=         1
        386        -0.001028647573854   k=         1
        387        0.000178127248899   k=         1
        388        0.001739666398329   k=         1
        389        -0.001506681651574   k=         1
        390        0.000160154936831   k=         1
        391        -0.001706863868118   k=         1
        392        0.000217777451617   k=         1
        393        0.002602548689328   k=         1
        394        -0.000406957961834   k=         1
        395        0.000793110719137   k=         1
        396        -0.000033538541432   k=         1
        397        0.001131062461204   k=         1
        398        -0.001221893793756   k=         1
        399        -0.000338155678326   k=         1
        400        0.000509148147447   k=         1
        401        0.012760458352363   k=         1
        402        -0.036040445415506   k=         1
        403        0.000036737030722   k=         1
        404        0.001493462827965   k=         1
        405        -0.007690440192587   k=         1
        406        0.012740282210822   k=         1
        407        -0.001174719814606   k=         1
        408        0.001905597069940   k=         1
        409        -0.019787839018360   k=         1
        410        0.014956067190951   k=         1
        411        0.000891158470734   k=         1
        412        -0.002669642695224   k=         1
        413        -0.011300632675134   k=         1
        414        0.008371737984224   k=         1
        415        -0.000211910817165   k=         1
        416        0.001335192824567   k=         1
        417        0.004776198193200   k=         1
        418        -0.004701614821754   k=         1
        419        0.000363277074145   k=         1
        420        -0.000296224408007   k=         1
        421        0.003153414321943   k=         1
        422        -0.002208103606451   k=         1
        423        -0.000649114888725   k=         1
        424        -0.000732060542587   k=         1
        425        0.013829503961043   k=         1
        426        -0.015403752423971   k=         1
