# file_format= v0.04.05
       144       426
    188.97268778      0.00000000      0.00000000    0
      0.00000000    188.97268778      0.00000000    0
      0.00000000      0.00000000    188.97268778    0
 6
       4
     2     2     2     2
     0     1     1     1
 1.710E+00 1.625E+00 1.625E+00 1.625E+00
 0.000E+00 0.000E+00 0.000E+00 0.000E+00
 0.000E+00 0.000E+00 0.000E+00 0.000E+00
 0.000E+00 0.000E+00 0.000E+00 0.000E+00
      0.823696     -0.609098    -0.247157
 6
       4
     2     2     2     2
     0     1     1     1
 1.710E+00 1.625E+00 1.625E+00 1.625E+00
 0.000E+00 0.000E+00 0.000E+00 0.000E+00
 0.000E+00 0.000E+00 0.000E+00 0.000E+00
 0.000E+00 0.000E+00 0.000E+00 0.000E+00
      -0.977897     1.274046    0.518424
 6
       4
     2     2     2     2
     0     1     1     1
 1.710E+00 1.625E+00 1.625E+00 1.625E+00
 0.000E+00 0.000E+00 0.000E+00 0.000E+00
 0.000E+00 0.000E+00 0.000E+00 0.000E+00
 0.000E+00 0.000E+00 0.000E+00 0.000E+00
      -0.221782     -2.927118    -1.073327
 6
       4
     2     2     2     2
     0     1     1     1
 1.710E+00 1.625E+00 1.625E+00 1.625E+00
 0.000E+00 0.000E+00 0.000E+00 0.000E+00
 0.000E+00 0.000E+00 0.000E+00 0.000E+00
 0.000E+00 0.000E+00 0.000E+00 0.000E+00
      -3.543890     0.787679    0.489021
 6
       4
     2     2     2     2
     0     1     1     1
 1.710E+00 1.625E+00 1.625E+00 1.625E+00
 0.000E+00 0.000E+00 0.000E+00 0.000E+00
 0.000E+00 0.000E+00 0.000E+00 0.000E+00
 0.000E+00 0.000E+00 0.000E+00 0.000E+00
      -4.719831     -1.530903    -0.262029
 6
       4
     2     2     2     2
     0     1     1     1
 1.710E+00 1.625E+00 1.625E+00 1.625E+00
 0.000E+00 0.000E+00 0.000E+00 0.000E+00
 0.000E+00 0.000E+00 0.000E+00 0.000E+00
 0.000E+00 0.000E+00 0.000E+00 0.000E+00
      -2.861251     -3.468991    -1.062844
 6
       4
     2     2     2     2
     0     1     1     1
 1.710E+00 1.625E+00 1.625E+00 1.625E+00
 0.000E+00 0.000E+00 0.000E+00 0.000E+00
 0.000E+00 0.000E+00 0.000E+00 0.000E+00
 0.000E+00 0.000E+00 0.000E+00 0.000E+00
      3.642341     -0.081224    -0.029066
 6
       4
     2     2     2     2
     0     1     1     1
 1.710E+00 1.625E+00 1.625E+00 1.625E+00
 0.000E+00 0.000E+00 0.000E+00 0.000E+00
 0.000E+00 0.000E+00 0.000E+00 0.000E+00
 0.000E+00 0.000E+00 0.000E+00 0.000E+00
      5.752900     0.500447    0.019568
 6
       4
     2     2     2     2
     0     1     1     1
 1.710E+00 1.625E+00 1.625E+00 1.625E+00
 0.000E+00 0.000E+00 0.000E+00 0.000E+00
 0.000E+00 0.000E+00 0.000E+00 0.000E+00
 0.000E+00 0.000E+00 0.000E+00 0.000E+00
      8.568295     0.807412    0.032605
 6
       4
     2     2     2     2
     0     1     1     1
 1.710E+00 1.625E+00 1.625E+00 1.625E+00
 0.000E+00 0.000E+00 0.000E+00 0.000E+00
 0.000E+00 0.000E+00 0.000E+00 0.000E+00
 0.000E+00 0.000E+00 0.000E+00 0.000E+00
      9.822261     3.073001    -0.745198
 6
       4
     2     2     2     2
     0     1     1     1
 1.710E+00 1.625E+00 1.625E+00 1.625E+00
 0.000E+00 0.000E+00 0.000E+00 0.000E+00
 0.000E+00 0.000E+00 0.000E+00 0.000E+00
 0.000E+00 0.000E+00 0.000E+00 0.000E+00
      10.188433     -1.233105    0.889116
 6
       4
     2     2     2     2
     0     1     1     1
 1.710E+00 1.625E+00 1.625E+00 1.625E+00
 0.000E+00 0.000E+00 0.000E+00 0.000E+00
 0.000E+00 0.000E+00 0.000E+00 0.000E+00
 0.000E+00 0.000E+00 0.000E+00 0.000E+00
      12.461685     3.250382    -0.691723
 6
       4
     2     2     2     2
     0     1     1     1
 1.710E+00 1.625E+00 1.625E+00 1.625E+00
 0.000E+00 0.000E+00 0.000E+00 0.000E+00
 0.000E+00 0.000E+00 0.000E+00 0.000E+00
 0.000E+00 0.000E+00 0.000E+00 0.000E+00
      12.806293     -0.996124    0.965338
 6
       4
     2     2     2     2
     0     1     1     1
 1.710E+00 1.625E+00 1.625E+00 1.625E+00
 0.000E+00 0.000E+00 0.000E+00 0.000E+00
 0.000E+00 0.000E+00 0.000E+00 0.000E+00
 0.000E+00 0.000E+00 0.000E+00 0.000E+00
      14.059605     1.259313    0.194500
 6
       4
     2     2     2     2
     0     1     1     1
 1.710E+00 1.625E+00 1.625E+00 1.625E+00
 0.000E+00 0.000E+00 0.000E+00 0.000E+00
 0.000E+00 0.000E+00 0.000E+00 0.000E+00
 0.000E+00 0.000E+00 0.000E+00 0.000E+00
      16.885800     1.413880    0.158756
 6
       4
     2     2     2     2
     0     1     1     1
 1.710E+00 1.625E+00 1.625E+00 1.625E+00
 0.000E+00 0.000E+00 0.000E+00 0.000E+00
 0.000E+00 0.000E+00 0.000E+00 0.000E+00
 0.000E+00 0.000E+00 0.000E+00 0.000E+00
      19.057745     1.307874    0.307419
 6
       4
     2     2     2     2
     0     1     1     1
 1.710E+00 1.625E+00 1.625E+00 1.625E+00
 0.000E+00 0.000E+00 0.000E+00 0.000E+00
 0.000E+00 0.000E+00 0.000E+00 0.000E+00
 0.000E+00 0.000E+00 0.000E+00 0.000E+00
      21.897124     1.278154    0.158064
 6
       4
     2     2     2     2
     0     1     1     1
 1.710E+00 1.625E+00 1.625E+00 1.625E+00
 0.000E+00 0.000E+00 0.000E+00 0.000E+00
 0.000E+00 0.000E+00 0.000E+00 0.000E+00
 0.000E+00 0.000E+00 0.000E+00 0.000E+00
      23.159234     -0.530728    1.632757
 6
       4
     2     2     2     2
     0     1     1     1
 1.710E+00 1.625E+00 1.625E+00 1.625E+00
 0.000E+00 0.000E+00 0.000E+00 0.000E+00
 0.000E+00 0.000E+00 0.000E+00 0.000E+00
 0.000E+00 0.000E+00 0.000E+00 0.000E+00
      23.332080     2.895136    -1.437702
 6
       4
     2     2     2     2
     0     1     1     1
 1.710E+00 1.625E+00 1.625E+00 1.625E+00
 0.000E+00 0.000E+00 0.000E+00 0.000E+00
 0.000E+00 0.000E+00 0.000E+00 0.000E+00
 0.000E+00 0.000E+00 0.000E+00 0.000E+00
      25.989432     2.513037    -1.530514
 6
       4
     2     2     2     2
     0     1     1     1
 1.710E+00 1.625E+00 1.625E+00 1.625E+00
 0.000E+00 0.000E+00 0.000E+00 0.000E+00
 0.000E+00 0.000E+00 0.000E+00 0.000E+00
 0.000E+00 0.000E+00 0.000E+00 0.000E+00
      25.868321     -0.925476    1.490742
 6
       4
     2     2     2     2
     0     1     1     1
 1.710E+00 1.625E+00 1.625E+00 1.625E+00
 0.000E+00 0.000E+00 0.000E+00 0.000E+00
 0.000E+00 0.000E+00 0.000E+00 0.000E+00
 0.000E+00 0.000E+00 0.000E+00 0.000E+00
      27.258812     0.678094    -0.046553
 6
       4
     2     2     2     2
     0     1     1     1
 1.710E+00 1.625E+00 1.625E+00 1.625E+00
 0.000E+00 0.000E+00 0.000E+00 0.000E+00
 0.000E+00 0.000E+00 0.000E+00 0.000E+00
 0.000E+00 0.000E+00 0.000E+00 0.000E+00
      30.065506     0.365526    -0.008472
 6
       4
     2     2     2     2
     0     1     1     1
 1.710E+00 1.625E+00 1.625E+00 1.625E+00
 0.000E+00 0.000E+00 0.000E+00 0.000E+00
 0.000E+00 0.000E+00 0.000E+00 0.000E+00
 0.000E+00 0.000E+00 0.000E+00 0.000E+00
      32.206455     0.091697    0.289085
 6
       4
     2     2     2     2
     0     1     1     1
 1.710E+00 1.625E+00 1.625E+00 1.625E+00
 0.000E+00 0.000E+00 0.000E+00 0.000E+00
 0.000E+00 0.000E+00 0.000E+00 0.000E+00
 0.000E+00 0.000E+00 0.000E+00 0.000E+00
      34.897118     0.013536    0.252736
 6
       4
     2     2     2     2
     0     1     1     1
 1.710E+00 1.625E+00 1.625E+00 1.625E+00
 0.000E+00 0.000E+00 0.000E+00 0.000E+00
 0.000E+00 0.000E+00 0.000E+00 0.000E+00
 0.000E+00 0.000E+00 0.000E+00 0.000E+00
      36.379963     -2.281349    0.682223
 6
       4
     2     2     2     2
     0     1     1     1
 1.710E+00 1.625E+00 1.625E+00 1.625E+00
 0.000E+00 0.000E+00 0.000E+00 0.000E+00
 0.000E+00 0.000E+00 0.000E+00 0.000E+00
 0.000E+00 0.000E+00 0.000E+00 0.000E+00
      36.312944     2.247876    -0.314282
 6
       4
     2     2     2     2
     0     1     1     1
 1.710E+00 1.625E+00 1.625E+00 1.625E+00
 0.000E+00 0.000E+00 0.000E+00 0.000E+00
 0.000E+00 0.000E+00 0.000E+00 0.000E+00
 0.000E+00 0.000E+00 0.000E+00 0.000E+00
      39.019941     2.184504    -0.437171
 6
       4
     2     2     2     2
     0     1     1     1
 1.710E+00 1.625E+00 1.625E+00 1.625E+00
 0.000E+00 0.000E+00 0.000E+00 0.000E+00
 0.000E+00 0.000E+00 0.000E+00 0.000E+00
 0.000E+00 0.000E+00 0.000E+00 0.000E+00
      39.042973     -2.316313    0.642016
 6
       4
     2     2     2     2
     0     1     1     1
 1.710E+00 1.625E+00 1.625E+00 1.625E+00
 0.000E+00 0.000E+00 0.000E+00 0.000E+00
 0.000E+00 0.000E+00 0.000E+00 0.000E+00
 0.000E+00 0.000E+00 0.000E+00 0.000E+00
      40.442164     -0.057451    -0.066630
 6
       4
     2     2     2     2
     0     1     1     1
 1.710E+00 1.625E+00 1.625E+00 1.625E+00
 0.000E+00 0.000E+00 0.000E+00 0.000E+00
 0.000E+00 0.000E+00 0.000E+00 0.000E+00
 0.000E+00 0.000E+00 0.000E+00 0.000E+00
      43.220093     -0.315807    -0.260128
 6
       4
     2     2     2     2
     0     1     1     1
 1.710E+00 1.625E+00 1.625E+00 1.625E+00
 0.000E+00 0.000E+00 0.000E+00 0.000E+00
 0.000E+00 0.000E+00 0.000E+00 0.000E+00
 0.000E+00 0.000E+00 0.000E+00 0.000E+00
      45.393716     -0.535261    -0.300918
 6
       4
     2     2     2     2
     0     1     1     1
 1.710E+00 1.625E+00 1.625E+00 1.625E+00
 0.000E+00 0.000E+00 0.000E+00 0.000E+00
 0.000E+00 0.000E+00 0.000E+00 0.000E+00
 0.000E+00 0.000E+00 0.000E+00 0.000E+00
      48.353968     -0.561611    -0.318451
 6
       4
     2     2     2     2
     0     1     1     1
 1.710E+00 1.625E+00 1.625E+00 1.625E+00
 0.000E+00 0.000E+00 0.000E+00 0.000E+00
 0.000E+00 0.000E+00 0.000E+00 0.000E+00
 0.000E+00 0.000E+00 0.000E+00 0.000E+00
      49.661413     -2.503524    0.907796
 6
       4
     2     2     2     2
     0     1     1     1
 1.710E+00 1.625E+00 1.625E+00 1.625E+00
 0.000E+00 0.000E+00 0.000E+00 0.000E+00
 0.000E+00 0.000E+00 0.000E+00 0.000E+00
 0.000E+00 0.000E+00 0.000E+00 0.000E+00
      49.585046     1.774199    -1.141568
 6
       4
     2     2     2     2
     0     1     1     1
 1.710E+00 1.625E+00 1.625E+00 1.625E+00
 0.000E+00 0.000E+00 0.000E+00 0.000E+00
 0.000E+00 0.000E+00 0.000E+00 0.000E+00
 0.000E+00 0.000E+00 0.000E+00 0.000E+00
      52.140545     1.993355    -1.052901
 6
       4
     2     2     2     2
     0     1     1     1
 1.710E+00 1.625E+00 1.625E+00 1.625E+00
 0.000E+00 0.000E+00 0.000E+00 0.000E+00
 0.000E+00 0.000E+00 0.000E+00 0.000E+00
 0.000E+00 0.000E+00 0.000E+00 0.000E+00
      52.407026     -2.055455    1.136296
 6
       4
     2     2     2     2
     0     1     1     1
 1.710E+00 1.625E+00 1.625E+00 1.625E+00
 0.000E+00 0.000E+00 0.000E+00 0.000E+00
 0.000E+00 0.000E+00 0.000E+00 0.000E+00
 0.000E+00 0.000E+00 0.000E+00 0.000E+00
      53.572732     0.043388    0.154608
 6
       4
     2     2     2     2
     0     1     1     1
 1.710E+00 1.625E+00 1.625E+00 1.625E+00
 0.000E+00 0.000E+00 0.000E+00 0.000E+00
 0.000E+00 0.000E+00 0.000E+00 0.000E+00
 0.000E+00 0.000E+00 0.000E+00 0.000E+00
      56.434722     0.199009    0.182759
 1
       1
     1
     0
 1.300E+00
 0.000E+00
 0.000E+00
 0.000E+00
      -4.638571     2.414102    0.832301
 1
       1
     1
     0
 1.300E+00
 0.000E+00
 0.000E+00
 0.000E+00
      -0.248019     3.115459    1.114354
 1
       1
     1
     0
 1.300E+00
 0.000E+00
 0.000E+00
 0.000E+00
      -6.402025     -1.978260    -0.381237
 1
       1
     1
     0
 1.300E+00
 0.000E+00
 0.000E+00
 0.000E+00
      -3.583431     -5.189479    -1.750045
 1
       1
     1
     0
 1.300E+00
 0.000E+00
 0.000E+00
 0.000E+00
      0.937302     -4.210327    -1.918866
 1
       1
     1
     0
 1.300E+00
 0.000E+00
 0.000E+00
 0.000E+00
      8.982939     4.692054    -1.415049
 1
       1
     1
     0
 1.300E+00
 0.000E+00
 0.000E+00
 0.000E+00
      9.376227     -2.963910    1.551333
 1
       1
     1
     0
 1.300E+00
 0.000E+00
 0.000E+00
 0.000E+00
      13.339330     4.830748    -1.521828
 1
       1
     1
     0
 1.300E+00
 0.000E+00
 0.000E+00
 0.000E+00
      13.928760     -2.493244    1.779105
 1
       1
     1
     0
 1.300E+00
 0.000E+00
 0.000E+00
 0.000E+00
      22.487537     4.248996    -2.540198
 1
       1
     1
     0
 1.300E+00
 0.000E+00
 0.000E+00
 0.000E+00
      27.081102     3.788171    -2.781104
 1
       1
     1
     0
 1.300E+00
 0.000E+00
 0.000E+00
 0.000E+00
      22.086324     -1.616594    2.928937
 1
       1
     1
     0
 1.300E+00
 0.000E+00
 0.000E+00
 0.000E+00
      26.812604     -2.387436    2.430543
 1
       1
     1
     0
 1.300E+00
 0.000E+00
 0.000E+00
 0.000E+00
      35.435872     4.055257    -0.632225
 1
       1
     1
     0
 1.300E+00
 0.000E+00
 0.000E+00
 0.000E+00
      35.343500     -3.834228    1.342756
 1
       1
     1
     0
 1.300E+00
 0.000E+00
 0.000E+00
 0.000E+00
      39.891872     3.870289    -0.755460
 1
       1
     1
     0
 1.300E+00
 0.000E+00
 0.000E+00
 0.000E+00
      40.161228     -3.869314    0.983217
 1
       1
     1
     0
 1.300E+00
 0.000E+00
 0.000E+00
 0.000E+00
      48.302451     3.093608    -1.862695
 1
       1
     1
     0
 1.300E+00
 0.000E+00
 0.000E+00
 0.000E+00
      48.741542     -3.984249    1.724513
 1
       1
     1
     0
 1.300E+00
 0.000E+00
 0.000E+00
 0.000E+00
      53.041613     3.438636    -1.930274
 1
       1
     1
     0
 1.300E+00
 0.000E+00
 0.000E+00
 0.000E+00
      53.508092     -3.357869    2.184879
 1
       1
     1
     0
 1.300E+00
 0.000E+00
 0.000E+00
 0.000E+00
      61.848352     3.942050    -1.245535
 1
       1
     1
     0
 1.300E+00
 0.000E+00
 0.000E+00
 0.000E+00
      61.570720     -3.713971    1.026960
 6
       4
     2     2     2     2
     0     1     1     1
 1.710E+00 1.625E+00 1.625E+00 1.625E+00
 0.000E+00 0.000E+00 0.000E+00 0.000E+00
 0.000E+00 0.000E+00 0.000E+00 0.000E+00
 0.000E+00 0.000E+00 0.000E+00 0.000E+00
      69.617373     0.038507    0.136009
 1
       1
     1
     0
 1.300E+00
 0.000E+00
 0.000E+00
 0.000E+00
      66.544703     3.993084    -1.297063
 1
       1
     1
     0
 1.300E+00
 0.000E+00
 0.000E+00
 0.000E+00
      66.469458     -3.949945    0.571096
 6
       4
     2     2     2     2
     0     1     1     1
 1.710E+00 1.625E+00 1.625E+00 1.625E+00
 0.000E+00 0.000E+00 0.000E+00 0.000E+00
 0.000E+00 0.000E+00 0.000E+00 0.000E+00
 0.000E+00 0.000E+00 0.000E+00 0.000E+00
      58.611004     0.156458    0.058079
 6
       4
     2     2     2     2
     0     1     1     1
 1.710E+00 1.625E+00 1.625E+00 1.625E+00
 0.000E+00 0.000E+00 0.000E+00 0.000E+00
 0.000E+00 0.000E+00 0.000E+00 0.000E+00
 0.000E+00 0.000E+00 0.000E+00 0.000E+00
      61.374507     0.210859    -0.144247
 6
       4
     2     2     2     2
     0     1     1     1
 1.710E+00 1.625E+00 1.625E+00 1.625E+00
 0.000E+00 0.000E+00 0.000E+00 0.000E+00
 0.000E+00 0.000E+00 0.000E+00 0.000E+00
 0.000E+00 0.000E+00 0.000E+00 0.000E+00
      62.763059     -2.136551    0.635392
 6
       4
     2     2     2     2
     0     1     1     1
 1.710E+00 1.625E+00 1.625E+00 1.625E+00
 0.000E+00 0.000E+00 0.000E+00 0.000E+00
 0.000E+00 0.000E+00 0.000E+00 0.000E+00
 0.000E+00 0.000E+00 0.000E+00 0.000E+00
      62.775448     2.314064    -0.830776
 6
       4
     2     2     2     2
     0     1     1     1
 1.710E+00 1.625E+00 1.625E+00 1.625E+00
 0.000E+00 0.000E+00 0.000E+00 0.000E+00
 0.000E+00 0.000E+00 0.000E+00 0.000E+00
 0.000E+00 0.000E+00 0.000E+00 0.000E+00
      65.532145     2.242893    -0.899534
 6
       4
     2     2     2     2
     0     1     1     1
 1.710E+00 1.625E+00 1.625E+00 1.625E+00
 0.000E+00 0.000E+00 0.000E+00 0.000E+00
 0.000E+00 0.000E+00 0.000E+00 0.000E+00
 0.000E+00 0.000E+00 0.000E+00 0.000E+00
      65.288444     -2.262637    0.592607
 6
       4
     2     2     2     2
     0     1     1     1
 1.710E+00 1.625E+00 1.625E+00 1.625E+00
 0.000E+00 0.000E+00 0.000E+00 0.000E+00
 0.000E+00 0.000E+00 0.000E+00 0.000E+00
 0.000E+00 0.000E+00 0.000E+00 0.000E+00
      66.801980     0.053234    -0.020934
 6
       4
     2     2     2     2
     0     1     1     1
 1.710E+00 1.625E+00 1.625E+00 1.625E+00
 0.000E+00 0.000E+00 0.000E+00 0.000E+00
 0.000E+00 0.000E+00 0.000E+00 0.000E+00
 0.000E+00 0.000E+00 0.000E+00 0.000E+00
      80.061834     -0.231440    0.297959
 6
       4
     2     2     2     2
     0     1     1     1
 1.710E+00 1.625E+00 1.625E+00 1.625E+00
 0.000E+00 0.000E+00 0.000E+00 0.000E+00
 0.000E+00 0.000E+00 0.000E+00 0.000E+00
 0.000E+00 0.000E+00 0.000E+00 0.000E+00
      78.788075     2.126087    -0.390291
 6
       4
     2     2     2     2
     0     1     1     1
 1.710E+00 1.625E+00 1.625E+00 1.625E+00
 0.000E+00 0.000E+00 0.000E+00 0.000E+00
 0.000E+00 0.000E+00 0.000E+00 0.000E+00
 0.000E+00 0.000E+00 0.000E+00 0.000E+00
      78.357156     -2.252820    0.966988
 6
       4
     2     2     2     2
     0     1     1     1
 1.710E+00 1.625E+00 1.625E+00 1.625E+00
 0.000E+00 0.000E+00 0.000E+00 0.000E+00
 0.000E+00 0.000E+00 0.000E+00 0.000E+00
 0.000E+00 0.000E+00 0.000E+00 0.000E+00
      76.130346     2.387892    -0.437787
 6
       4
     2     2     2     2
     0     1     1     1
 1.710E+00 1.625E+00 1.625E+00 1.625E+00
 0.000E+00 0.000E+00 0.000E+00 0.000E+00
 0.000E+00 0.000E+00 0.000E+00 0.000E+00
 0.000E+00 0.000E+00 0.000E+00 0.000E+00
      74.530774     0.201046    0.145433
 6
       4
     2     2     2     2
     0     1     1     1
 1.710E+00 1.625E+00 1.625E+00 1.625E+00
 0.000E+00 0.000E+00 0.000E+00 0.000E+00
 0.000E+00 0.000E+00 0.000E+00 0.000E+00
 0.000E+00 0.000E+00 0.000E+00 0.000E+00
      75.708761     -2.067536    0.868987
 6
       4
     2     2     2     2
     0     1     1     1
 1.710E+00 1.625E+00 1.625E+00 1.625E+00
 0.000E+00 0.000E+00 0.000E+00 0.000E+00
 0.000E+00 0.000E+00 0.000E+00 0.000E+00
 0.000E+00 0.000E+00 0.000E+00 0.000E+00
      82.888214     -0.245969    0.298443
 6
       4
     2     2     2     2
     0     1     1     1
 1.710E+00 1.625E+00 1.625E+00 1.625E+00
 0.000E+00 0.000E+00 0.000E+00 0.000E+00
 0.000E+00 0.000E+00 0.000E+00 0.000E+00
 0.000E+00 0.000E+00 0.000E+00 0.000E+00
      85.061809     -0.098761    0.186310
 6
       4
     2     2     2     2
     0     1     1     1
 1.710E+00 1.625E+00 1.625E+00 1.625E+00
 0.000E+00 0.000E+00 0.000E+00 0.000E+00
 0.000E+00 0.000E+00 0.000E+00 0.000E+00
 0.000E+00 0.000E+00 0.000E+00 0.000E+00
      87.899147     0.127473    -0.005597
 6
       4
     2     2     2     2
     0     1     1     1
 1.710E+00 1.625E+00 1.625E+00 1.625E+00
 0.000E+00 0.000E+00 0.000E+00 0.000E+00
 0.000E+00 0.000E+00 0.000E+00 0.000E+00
 0.000E+00 0.000E+00 0.000E+00 0.000E+00
      89.100896     2.267562    -1.011994
 6
       4
     2     2     2     2
     0     1     1     1
 1.710E+00 1.625E+00 1.625E+00 1.625E+00
 0.000E+00 0.000E+00 0.000E+00 0.000E+00
 0.000E+00 0.000E+00 0.000E+00 0.000E+00
 0.000E+00 0.000E+00 0.000E+00 0.000E+00
      89.469474     -1.961590    0.795174
 6
       4
     2     2     2     2
     0     1     1     1
 1.710E+00 1.625E+00 1.625E+00 1.625E+00
 0.000E+00 0.000E+00 0.000E+00 0.000E+00
 0.000E+00 0.000E+00 0.000E+00 0.000E+00
 0.000E+00 0.000E+00 0.000E+00 0.000E+00
      91.811453     2.384874    -1.283797
 6
       4
     2     2     2     2
     0     1     1     1
 1.710E+00 1.625E+00 1.625E+00 1.625E+00
 0.000E+00 0.000E+00 0.000E+00 0.000E+00
 0.000E+00 0.000E+00 0.000E+00 0.000E+00
 0.000E+00 0.000E+00 0.000E+00 0.000E+00
      92.176863     -1.962435    0.429608
 6
       4
     2     2     2     2
     0     1     1     1
 1.710E+00 1.625E+00 1.625E+00 1.625E+00
 0.000E+00 0.000E+00 0.000E+00 0.000E+00
 0.000E+00 0.000E+00 0.000E+00 0.000E+00
 0.000E+00 0.000E+00 0.000E+00 0.000E+00
      93.361047     0.338898    -0.434074
 6
       4
     2     2     2     2
     0     1     1     1
 1.710E+00 1.625E+00 1.625E+00 1.625E+00
 0.000E+00 0.000E+00 0.000E+00 0.000E+00
 0.000E+00 0.000E+00 0.000E+00 0.000E+00
 0.000E+00 0.000E+00 0.000E+00 0.000E+00
      96.223171     0.515631    -0.400310
 6
       4
     2     2     2     2
     0     1     1     1
 1.710E+00 1.625E+00 1.625E+00 1.625E+00
 0.000E+00 0.000E+00 0.000E+00 0.000E+00
 0.000E+00 0.000E+00 0.000E+00 0.000E+00
 0.000E+00 0.000E+00 0.000E+00 0.000E+00
      98.357870     0.305455    0.008519
 6
       4
     2     2     2     2
     0     1     1     1
 1.710E+00 1.625E+00 1.625E+00 1.625E+00
 0.000E+00 0.000E+00 0.000E+00 0.000E+00
 0.000E+00 0.000E+00 0.000E+00 0.000E+00
 0.000E+00 0.000E+00 0.000E+00 0.000E+00
      101.241155     0.220531    0.201774
 6
       4
     2     2     2     2
     0     1     1     1
 1.710E+00 1.625E+00 1.625E+00 1.625E+00
 0.000E+00 0.000E+00 0.000E+00 0.000E+00
 0.000E+00 0.000E+00 0.000E+00 0.000E+00
 0.000E+00 0.000E+00 0.000E+00 0.000E+00
      102.545159     -2.051929    0.776341
 6
       4
     2     2     2     2
     0     1     1     1
 1.710E+00 1.625E+00 1.625E+00 1.625E+00
 0.000E+00 0.000E+00 0.000E+00 0.000E+00
 0.000E+00 0.000E+00 0.000E+00 0.000E+00
 0.000E+00 0.000E+00 0.000E+00 0.000E+00
      102.635773     2.469244    -0.594249
 6
       4
     2     2     2     2
     0     1     1     1
 1.710E+00 1.625E+00 1.625E+00 1.625E+00
 0.000E+00 0.000E+00 0.000E+00 0.000E+00
 0.000E+00 0.000E+00 0.000E+00 0.000E+00
 0.000E+00 0.000E+00 0.000E+00 0.000E+00
      105.220109     2.501487    -0.775702
 6
       4
     2     2     2     2
     0     1     1     1
 1.710E+00 1.625E+00 1.625E+00 1.625E+00
 0.000E+00 0.000E+00 0.000E+00 0.000E+00
 0.000E+00 0.000E+00 0.000E+00 0.000E+00
 0.000E+00 0.000E+00 0.000E+00 0.000E+00
      105.266850     -2.004576    0.744707
 6
       4
     2     2     2     2
     0     1     1     1
 1.710E+00 1.625E+00 1.625E+00 1.625E+00
 0.000E+00 0.000E+00 0.000E+00 0.000E+00
 0.000E+00 0.000E+00 0.000E+00 0.000E+00
 0.000E+00 0.000E+00 0.000E+00 0.000E+00
      106.620642     0.155264    -0.079941
 6
       4
     2     2     2     2
     0     1     1     1
 1.710E+00 1.625E+00 1.625E+00 1.625E+00
 0.000E+00 0.000E+00 0.000E+00 0.000E+00
 0.000E+00 0.000E+00 0.000E+00 0.000E+00
 0.000E+00 0.000E+00 0.000E+00 0.000E+00
      109.422726     0.470515    -0.024139
 6
       4
     2     2     2     2
     0     1     1     1
 1.710E+00 1.625E+00 1.625E+00 1.625E+00
 0.000E+00 0.000E+00 0.000E+00 0.000E+00
 0.000E+00 0.000E+00 0.000E+00 0.000E+00
 0.000E+00 0.000E+00 0.000E+00 0.000E+00
      111.544191     0.976883    0.131954
 6
       4
     2     2     2     2
     0     1     1     1
 1.710E+00 1.625E+00 1.625E+00 1.625E+00
 0.000E+00 0.000E+00 0.000E+00 0.000E+00
 0.000E+00 0.000E+00 0.000E+00 0.000E+00
 0.000E+00 0.000E+00 0.000E+00 0.000E+00
      114.331574     0.924787    0.179382
 6
       4
     2     2     2     2
     0     1     1     1
 1.710E+00 1.625E+00 1.625E+00 1.625E+00
 0.000E+00 0.000E+00 0.000E+00 0.000E+00
 0.000E+00 0.000E+00 0.000E+00 0.000E+00
 0.000E+00 0.000E+00 0.000E+00 0.000E+00
      115.504909     -1.529008    -0.310760
 6
       4
     2     2     2     2
     0     1     1     1
 1.710E+00 1.625E+00 1.625E+00 1.625E+00
 0.000E+00 0.000E+00 0.000E+00 0.000E+00
 0.000E+00 0.000E+00 0.000E+00 0.000E+00
 0.000E+00 0.000E+00 0.000E+00 0.000E+00
      115.916359     3.136078    0.644557
 6
       4
     2     2     2     2
     0     1     1     1
 1.710E+00 1.625E+00 1.625E+00 1.625E+00
 0.000E+00 0.000E+00 0.000E+00 0.000E+00
 0.000E+00 0.000E+00 0.000E+00 0.000E+00
 0.000E+00 0.000E+00 0.000E+00 0.000E+00
      118.536638     2.844931    0.719638
 6
       4
     2     2     2     2
     0     1     1     1
 1.710E+00 1.625E+00 1.625E+00 1.625E+00
 0.000E+00 0.000E+00 0.000E+00 0.000E+00
 0.000E+00 0.000E+00 0.000E+00 0.000E+00
 0.000E+00 0.000E+00 0.000E+00 0.000E+00
      118.149269     -1.712906    -0.355633
 6
       4
     2     2     2     2
     0     1     1     1
 1.710E+00 1.625E+00 1.625E+00 1.625E+00
 0.000E+00 0.000E+00 0.000E+00 0.000E+00
 0.000E+00 0.000E+00 0.000E+00 0.000E+00
 0.000E+00 0.000E+00 0.000E+00 0.000E+00
      119.732869     0.504139    0.197095
 6
       4
     2     2     2     2
     0     1     1     1
 1.710E+00 1.625E+00 1.625E+00 1.625E+00
 0.000E+00 0.000E+00 0.000E+00 0.000E+00
 0.000E+00 0.000E+00 0.000E+00 0.000E+00
 0.000E+00 0.000E+00 0.000E+00 0.000E+00
      122.514691     0.133354    0.190923
 6
       4
     2     2     2     2
     0     1     1     1
 1.710E+00 1.625E+00 1.625E+00 1.625E+00
 0.000E+00 0.000E+00 0.000E+00 0.000E+00
 0.000E+00 0.000E+00 0.000E+00 0.000E+00
 0.000E+00 0.000E+00 0.000E+00 0.000E+00
      124.654819     -0.200780    -0.047196
 6
       4
     2     2     2     2
     0     1     1     1
 1.710E+00 1.625E+00 1.625E+00 1.625E+00
 0.000E+00 0.000E+00 0.000E+00 0.000E+00
 0.000E+00 0.000E+00 0.000E+00 0.000E+00
 0.000E+00 0.000E+00 0.000E+00 0.000E+00
      127.526235     -0.372121    -0.226684
 6
       4
     2     2     2     2
     0     1     1     1
 1.710E+00 1.625E+00 1.625E+00 1.625E+00
 0.000E+00 0.000E+00 0.000E+00 0.000E+00
 0.000E+00 0.000E+00 0.000E+00 0.000E+00
 0.000E+00 0.000E+00 0.000E+00 0.000E+00
      128.826515     -2.456534    -1.171993
 6
       4
     2     2     2     2
     0     1     1     1
 1.710E+00 1.625E+00 1.625E+00 1.625E+00
 0.000E+00 0.000E+00 0.000E+00 0.000E+00
 0.000E+00 0.000E+00 0.000E+00 0.000E+00
 0.000E+00 0.000E+00 0.000E+00 0.000E+00
      128.970743     1.714564    0.551715
 6
       4
     2     2     2     2
     0     1     1     1
 1.710E+00 1.625E+00 1.625E+00 1.625E+00
 0.000E+00 0.000E+00 0.000E+00 0.000E+00
 0.000E+00 0.000E+00 0.000E+00 0.000E+00
 0.000E+00 0.000E+00 0.000E+00 0.000E+00
      131.738387     1.606713    0.608308
 6
       4
     2     2     2     2
     0     1     1     1
 1.710E+00 1.625E+00 1.625E+00 1.625E+00
 0.000E+00 0.000E+00 0.000E+00 0.000E+00
 0.000E+00 0.000E+00 0.000E+00 0.000E+00
 0.000E+00 0.000E+00 0.000E+00 0.000E+00
      131.433415     -2.688780    -1.147135
 6
       4
     2     2     2     2
     0     1     1     1
 1.710E+00 1.625E+00 1.625E+00 1.625E+00
 0.000E+00 0.000E+00 0.000E+00 0.000E+00
 0.000E+00 0.000E+00 0.000E+00 0.000E+00
 0.000E+00 0.000E+00 0.000E+00 0.000E+00
      133.007746     -0.699486    -0.187580
 6
       4
     2     2     2     2
     0     1     1     1
 1.710E+00 1.625E+00 1.625E+00 1.625E+00
 0.000E+00 0.000E+00 0.000E+00 0.000E+00
 0.000E+00 0.000E+00 0.000E+00 0.000E+00
 0.000E+00 0.000E+00 0.000E+00 0.000E+00
      135.817283     -0.943363    0.123630
 1
       1
     1
     0
 1.300E+00
 0.000E+00
 0.000E+00
 0.000E+00
      75.167725     4.193121    -0.983820
 1
       1
     1
     0
 1.300E+00
 0.000E+00
 0.000E+00
 0.000E+00
      79.776850     3.791359    -0.678268
 6
       4
     2     2     2     2
     0     1     1     1
 1.710E+00 1.625E+00 1.625E+00 1.625E+00
 0.000E+00 0.000E+00 0.000E+00 0.000E+00
 0.000E+00 0.000E+00 0.000E+00 0.000E+00
 0.000E+00 0.000E+00 0.000E+00 0.000E+00
      71.791624     0.308760    0.067030
 1
       1
     1
     0
 1.300E+00
 0.000E+00
 0.000E+00
 0.000E+00
      74.557217     -3.643127    1.423425
 1
       1
     1
     0
 1.300E+00
 0.000E+00
 0.000E+00
 0.000E+00
      79.139272     -3.965221    1.236839
 1
       1
     1
     0
 1.300E+00
 0.000E+00
 0.000E+00
 0.000E+00
      87.942698     3.965426    -1.317831
 1
       1
     1
     0
 1.300E+00
 0.000E+00
 0.000E+00
 0.000E+00
      88.599828     -3.424667    1.819525
 1
       1
     1
     0
 1.300E+00
 0.000E+00
 0.000E+00
 0.000E+00
      92.650984     4.074468    -1.894409
 1
       1
     1
     0
 1.300E+00
 0.000E+00
 0.000E+00
 0.000E+00
      93.388835     -3.470077    0.905075
 1
       1
     1
     0
 1.300E+00
 0.000E+00
 0.000E+00
 0.000E+00
      101.505159     4.071205    -1.206598
 1
       1
     1
     0
 1.300E+00
 0.000E+00
 0.000E+00
 0.000E+00
      106.447080     3.955066    -1.260922
 1
       1
     1
     0
 1.300E+00
 0.000E+00
 0.000E+00
 0.000E+00
      101.668925     -3.685744    1.337516
 1
       1
     1
     0
 1.300E+00
 0.000E+00
 0.000E+00
 0.000E+00
      106.234781     -3.543161    1.411344
 1
       1
     1
     0
 1.300E+00
 0.000E+00
 0.000E+00
 0.000E+00
      115.093578     4.900980    0.966992
 1
       1
     1
     0
 1.300E+00
 0.000E+00
 0.000E+00
 0.000E+00
      114.476154     -3.032564    -0.913380
 1
       1
     1
     0
 1.300E+00
 0.000E+00
 0.000E+00
 0.000E+00
      119.733624     4.446232    0.926621
 1
       1
     1
     0
 1.300E+00
 0.000E+00
 0.000E+00
 0.000E+00
      119.017486     -3.339613    -0.841572
 1
       1
     1
     0
 1.300E+00
 0.000E+00
 0.000E+00
 0.000E+00
      128.149016     3.584941    0.927026
 1
       1
     1
     0
 1.300E+00
 0.000E+00
 0.000E+00
 0.000E+00
      127.797743     -4.149207    -1.824891
 1
       1
     1
     0
 1.300E+00
 0.000E+00
 0.000E+00
 0.000E+00
      133.010257     3.198524    1.149647
 1
       1
     1
     0
 1.300E+00
 0.000E+00
 0.000E+00
 0.000E+00
      132.428862     -4.294045    -1.812999
 1
       1
     1
     0
 1.300E+00
 0.000E+00
 0.000E+00
 0.000E+00
      141.429725     1.799760    3.400579
 1
       1
     1
     0
 1.300E+00
 0.000E+00
 0.000E+00
 0.000E+00
      141.035198     -4.069665    -2.403703
 1
       1
     1
     0
 1.300E+00
 0.000E+00
 0.000E+00
 0.000E+00
      147.879133     -1.719207    0.311907
 1
       1
     1
     0
 1.300E+00
 0.000E+00
 0.000E+00
 0.000E+00
      145.837865     1.587279    3.050668
 1
       1
     1
     0
 1.300E+00
 0.000E+00
 0.000E+00
 0.000E+00
      145.490875     -4.152877    -2.871098
 6
       4
     2     2     2     2
     0     1     1     1
 1.710E+00 1.625E+00 1.625E+00 1.625E+00
 0.000E+00 0.000E+00 0.000E+00 0.000E+00
 0.000E+00 0.000E+00 0.000E+00 0.000E+00
 0.000E+00 0.000E+00 0.000E+00 0.000E+00
      137.977389     -0.975203    0.448585
 6
       4
     2     2     2     2
     0     1     1     1
 1.710E+00 1.625E+00 1.625E+00 1.625E+00
 0.000E+00 0.000E+00 0.000E+00 0.000E+00
 0.000E+00 0.000E+00 0.000E+00 0.000E+00
 0.000E+00 0.000E+00 0.000E+00 0.000E+00
      140.770213     -0.987486    0.488216
 6
       4
     2     2     2     2
     0     1     1     1
 1.710E+00 1.625E+00 1.625E+00 1.625E+00
 0.000E+00 0.000E+00 0.000E+00 0.000E+00
 0.000E+00 0.000E+00 0.000E+00 0.000E+00
 0.000E+00 0.000E+00 0.000E+00 0.000E+00
      142.087855     -2.801175    -1.248054
 6
       4
     2     2     2     2
     0     1     1     1
 1.710E+00 1.625E+00 1.625E+00 1.625E+00
 0.000E+00 0.000E+00 0.000E+00 0.000E+00
 0.000E+00 0.000E+00 0.000E+00 0.000E+00
 0.000E+00 0.000E+00 0.000E+00 0.000E+00
      142.212684     0.491387    2.000540
 6
       4
     2     2     2     2
     0     1     1     1
 1.710E+00 1.625E+00 1.625E+00 1.625E+00
 0.000E+00 0.000E+00 0.000E+00 0.000E+00
 0.000E+00 0.000E+00 0.000E+00 0.000E+00
 0.000E+00 0.000E+00 0.000E+00 0.000E+00
      145.012856     0.357249    1.854694
 6
       4
     2     2     2     2
     0     1     1     1
 1.710E+00 1.625E+00 1.625E+00 1.625E+00
 0.000E+00 0.000E+00 0.000E+00 0.000E+00
 0.000E+00 0.000E+00 0.000E+00 0.000E+00
 0.000E+00 0.000E+00 0.000E+00 0.000E+00
      144.721851     -2.913489    -1.478491
 6
       4
     2     2     2     2
     0     1     1     1
 1.710E+00 1.625E+00 1.625E+00 1.625E+00
 0.000E+00 0.000E+00 0.000E+00 0.000E+00
 0.000E+00 0.000E+00 0.000E+00 0.000E+00
 0.000E+00 0.000E+00 0.000E+00 0.000E+00
      146.194743     -1.382845    0.194088
# LCAO coefficients .. are not included.
         1
        1        -0.000202451727684   k=         1
        2        -0.001485275081526   k=         1
        3        -0.000668341883373   k=         1
        4        0.008489060642726   k=         1
        5        0.000973660252265   k=         1
        6        0.003521212471742   k=         1
        7        -0.005363619111396   k=         1
        8        0.007980625660035   k=         1
        9        -0.000631845641758   k=         1
        10        0.000619128989611   k=         1
        11        -0.005646464513644   k=         1
        12        0.006604856736292   k=         1
        13        -0.000449686295147   k=         1
        14        -0.001226550130495   k=         1
        15        0.001116305731548   k=         1
        16        -0.002338663958598   k=         1
        17        0.000070176582222   k=         1
        18        0.000226198060416   k=         1
        19        0.003089200009719   k=         1
        20        -0.011251581423392   k=         1
        21        0.000018736931936   k=         1
        22        -0.000875698471968   k=         1
        23        0.001939993996619   k=         1
        24        -0.003186622083308   k=         1
        25        -0.000361423695123   k=         1
        26        0.003531184681557   k=         1
        27        -0.005097294783217   k=         1
        28        -0.019193676322659   k=         1
        29        -0.000218123999163   k=         1
        30        -0.000544801177449   k=         1
        31        -0.001879171210696   k=         1
        32        -0.010378102910354   k=         1
        33        -0.000383503154320   k=         1
        34        -0.000145499516538   k=         1
        35        0.010134426689000   k=         1
        36        0.030552514056813   k=         1
        37        0.000013589297628   k=         1
        38        -0.000610158127872   k=         1
        39        0.005140376927381   k=         1
        40        0.012360331532731   k=         1
        41        -0.000313759532810   k=         1
        42        -0.002967156808578   k=         1
        43        0.005513031163586   k=         1
        44        0.012833227877354   k=         1
        45        -0.000968979397844   k=         1
        46        -0.000105924939796   k=         1
        47        -0.009335850158902   k=         1
        48        -0.021296777296938   k=         1
        49        0.000847286440858   k=         1
        50        0.004234995965897   k=         1
        51        -0.006591954432707   k=         1
        52        -0.019679747861006   k=         1
        53        -0.000563332683661   k=         1
        54        -0.000730520883568   k=         1
        55        -0.010633574631610   k=         1
        56        -0.024571582632091   k=         1
        57        -0.000363520142199   k=         1
        58        0.000104746707984   k=         1
        59        0.022794375399354   k=         1
        60        0.027749503819611   k=         1
        61        -0.000956092831689   k=         1
        62        -0.003049402882129   k=         1
        63        0.013019158951450   k=         1
        64        0.021337847977093   k=         1
        65        0.000234503173431   k=         1
        66        -0.000989728406867   k=         1
        67        -0.035340986646476   k=         1
        68        -0.041902134353090   k=         1
        69        -0.001677626087891   k=         1
        70        -0.009975652981453   k=         1
        71        -0.019193086318743   k=         1
        72        -0.018632738130949   k=         1
        73        0.000421247707996   k=         1
        74        -0.006100735953579   k=         1
        75        -0.017457344675863   k=         1
        76        -0.015698519925164   k=         1
        77        -0.002419751996805   k=         1
        78        0.004830721429197   k=         1
        79        0.030300603927890   k=         1
        80        0.028267620402132   k=         1
        81        0.002526256282981   k=         1
        82        0.015701117626903   k=         1
        83        0.030644026425212   k=         1
        84        0.026514673786652   k=         1
        85        -0.000103343336781   k=         1
        86        -0.003039612352215   k=         1
        87        0.025952343411293   k=         1
        88        0.039402548859496   k=         1
        89        0.001640607867426   k=         1
        90        0.010018566935608   k=         1
        91        -0.021976203251518   k=         1
        92        -0.074041171430747   k=         1
        93        -0.002066903127301   k=         1
        94        -0.000729442854970   k=         1
        95        -0.019457676835627   k=         1
        96        -0.045406767266945   k=         1
        97        0.000844315080297   k=         1
        98        0.007003869637721   k=         1
        99        0.023558963161889   k=         1
        100        0.099544899432202   k=         1
        101        -0.003357040160028   k=         1
        102        0.002457144206719   k=         1
        103        0.012746491453180   k=         1
        104        0.049803352337334   k=         1
        105        -0.000375134328396   k=         1
        106        0.000257457580378   k=         1
        107        0.010981497310262   k=         1
        108        0.058328066528626   k=         1
        109        -0.000499504469445   k=         1
        110        -0.001862691289178   k=         1
        111        -0.010385493834000   k=         1
        112        -0.070001037030636   k=         1
        113        0.000659095453294   k=         1
        114        0.001035941408876   k=         1
        115        -0.013019760470680   k=         1
        116        -0.063543584276185   k=         1
        117        0.000529433541397   k=         1
        118        -0.011498420733639   k=         1
        119        -0.024485888470936   k=         1
        120        -0.090837129445693   k=         1
        121        -0.001770931109887   k=         1
        122        0.011821795221347   k=         1
        123        0.029547704385347   k=         1
        124        0.083840568465884   k=         1
        125        0.001937372600041   k=         1
        126        0.003618291753980   k=         1
        127        0.023683919997563   k=         1
        128        0.076289922402700   k=         1
        129        0.005128179343562   k=         1
        130        0.009834425856166   k=         1
        131        -0.050013678162086   k=         1
        132        -0.132675193696770   k=         1
        133        0.001251681301791   k=         1
        134        0.021518254174698   k=         1
        135        -0.043881379834219   k=         1
        136        -0.059808282186064   k=         1
        137        0.000332166086717   k=         1
        138        0.007608798974883   k=         1
        139        -0.029669583146883   k=         1
        140        -0.059160987227005   k=         1
        141        -0.002383280054022   k=         1
        142        -0.012063080281243   k=         1
        143        0.049733594544504   k=         1
        144        0.062175934846899   k=         1
        145        0.001095301686867   k=         1
        146        -0.027160491144362   k=         1
        147        0.062869043203429   k=         1
        148        0.097833121468592   k=         1
        149        0.002078236832825   k=         1
        150        -0.002440117049380   k=         1
        151        0.053276829662231   k=         1
        152        0.113679314757976   k=         1
        153        -0.001788835957940   k=         1
        154        -0.010322620538813   k=         1
        155        -0.066601748981146   k=         1
        156        -0.152783515309946   k=         1
        157        0.001515899216747   k=         1
        158        -0.000499818771776   k=         1
        159        -0.000400967951952   k=         1
        160        -0.000862487199427   k=         1
        161        0.001119729517958   k=         1
        162        0.000387414839703   k=         1
        163        0.000607811586688   k=         1
        164        0.000155447200777   k=         1
        165        0.000660179832711   k=         1
        166        -0.000763769350706   k=         1
        167        0.003966526680536   k=         1
        168        0.004521722774226   k=         1
        169        0.000388488388322   k=         1
        170        -0.000593363537783   k=         1
        171        0.001862081384109   k=         1
        172        0.002681705321992   k=         1
        173        0.000361645996396   k=         1
        174        -0.006999714775926   k=         1
        175        0.003034142541268   k=         1
        176        0.001451909755424   k=         1
        177        -0.008467895874675   k=         1
        178        -0.010097300615882   k=         1
        179        0.009139159985028   k=         1
        180        0.006714229336253   k=         1
        181        -0.016018310422274   k=         1
        182        0.061486149437181   k=         1
        183        0.171287441743342   k=         1
        184        0.003751262193070   k=         1
        185        -0.014669915574707   k=         1
        186        0.003191139654748   k=         1
        187        -0.004499743444448   k=         1
        188        -0.049539260887209   k=         1
        189        -0.104663850771295   k=         1
        190        -0.006480133678907   k=         1
        191        0.004843779218688   k=         1
        192        0.093272383264577   k=         1
        193        0.214410292969395   k=         1
        194        0.002045954257564   k=         1
        195        0.010895300394897   k=         1
        196        0.014922150719507   k=         1
        197        0.097174013940544   k=         1
        198        0.003968869616107   k=         1
        199        0.006470540564597   k=         1
        200        0.028126095357958   k=         1
        201        0.139529550188201   k=         1
        202        0.003290968471260   k=         1
        203        -0.003547610691850   k=         1
        204        -0.043638247647314   k=         1
        205        -0.181009892020189   k=         1
        206        -0.002752527946425   k=         1
        207        -0.012344974184789   k=         1
        208        -0.005305278977682   k=         1
        209        -0.119297976346498   k=         1
        210        -0.003484795817005   k=         1
        211        0.022457877225980   k=         1
        212        -0.089356156396442   k=         1
        213        -0.208944668882885   k=         1
        214        -0.000887548018631   k=         1
        215        0.006011958654280   k=         1
        216        0.077986914668890   k=         1
        217        0.220981015306540   k=         1
        218        0.000863509729007   k=         1
        219        -0.002785685975966   k=         1
        220        0.017627899385540   k=         1
        221        0.111808903457092   k=         1
        222        0.001953370953223   k=         1
        223        0.000354922873690   k=         1
        224        0.023104452409330   k=         1
        225        0.132070728346169   k=         1
        226        -0.002412606455395   k=         1
        227        0.006015852051892   k=         1
        228        -0.035247596752474   k=         1
        229        -0.144086296104205   k=         1
        230        0.003224524149759   k=         1
        231        -0.000553698991183   k=         1
        232        -0.068359577079918   k=         1
        233        -0.199880544583765   k=         1
        234        0.002129752409545   k=         1
        235        -0.001832040106516   k=         1
        236        -0.041776754326802   k=         1
        237        -0.140950095793741   k=         1
        238        -0.001039556383004   k=         1
        239        -0.003436926617608   k=         1
        240        -0.046309177662994   k=         1
        241        -0.113258564193205   k=         1
        242        0.004664362684215   k=         1
        243        0.004543829969252   k=         1
        244        -0.053872991058239   k=         1
        245        -0.151162448146325   k=         1
        246        0.000981325228504   k=         1
        247        0.001417397119675   k=         1
        248        0.056221889327980   k=         1
        249        0.129261503422252   k=         1
        250        -0.003078833031205   k=         1
        251        0.024575427592746   k=         1
        252        0.037484578373850   k=         1
        253        0.096206233051892   k=         1
        254        -0.000117805708191   k=         1
        255        0.029027823559623   k=         1
        256        0.050484633942836   k=         1
        257        0.093996941409658   k=         1
        258        0.003233342864903   k=         1
        259        -0.014296144633644   k=         1
        260        -0.031276378661088   k=         1
        261        -0.086326471938937   k=         1
        262        0.002255709636088   k=         1
        263        -0.019908794466540   k=         1
        264        -0.030844092443661   k=         1
        265        -0.067215730614430   k=         1
        266        -0.004469748006873   k=         1
        267        0.015536559611143   k=         1
        268        -0.052769417676396   k=         1
        269        -0.142881009237630   k=         1
        270        0.001191518966694   k=         1
        271        -0.021450327042569   k=         1
        272        0.027493333076361   k=         1
        273        0.085630189263312   k=         1
        274        0.001703532555865   k=         1
        275        -0.011163800110552   k=         1
        276        0.034356993672028   k=         1
        277        0.098840707517499   k=         1
        278        -0.002855709878539   k=         1
        279        -0.001549656052042   k=         1
        280        -0.030745232805064   k=         1
        281        -0.116834018465221   k=         1
        282        0.001185554005296   k=         1
        283        -0.006003754261369   k=         1
        284        -0.025769431885756   k=         1
        285        -0.084549134260081   k=         1
        286        -0.000338668910192   k=         1
        287        -0.005081478009362   k=         1
        288        -0.026042033495161   k=         1
        289        -0.060295005006639   k=         1
        290        -0.002665621753183   k=         1
        291        0.002118476111041   k=         1
        292        0.024446642377387   k=         1
        293        0.059664065831148   k=         1
        294        0.001480417216703   k=         1
        295        0.005357576259129   k=         1
        296        0.035959934491257   k=         1
        297        0.070039163062607   k=         1
        298        -0.003441153629325   k=         1
        299        -0.001537442636038   k=         1
        300        0.034541429488227   k=         1
        301        0.121689825169938   k=         1
        302        0.001241137907200   k=         1
        303        0.004723702496608   k=         1
        304        0.000069615152989   k=         1
        305        -0.080240686493611   k=         1
        306        -0.003144324673609   k=         1
        307        0.009033142279988   k=         1
        308        -0.017220302526919   k=         1
        309        -0.089303355049291   k=         1
        310        -0.000284086737780   k=         1
        311        -0.004599604767114   k=         1
        312        -0.009870045597473   k=         1
        313        0.094368856584943   k=         1
        314        -0.000623341782179   k=         1
        315        0.004539782581358   k=         1
        316        -0.026697722394183   k=         1
        317        0.057519331017969   k=         1
        318        0.002271181229450   k=         1
        319        -0.007647641825508   k=         1
        320        -0.020678293940416   k=         1
        321        0.072317127297971   k=         1
        322        -0.001907279248060   k=         1
        323        0.000978987296677   k=         1
        324        0.009061409128437   k=         1
        325        -0.044784044029893   k=         1
        326        0.000031244337689   k=         1
        327        -0.004439354306830   k=         1
        328        0.014345431287065   k=         1
        329        -0.048284715151785   k=         1
        330        0.001811300433423   k=         1
        331        0.004385215898811   k=         1
        332        0.021840725917085   k=         1
        333        -0.101149077404552   k=         1
        334        0.001264257050575   k=         1
        335        -0.001599731987797   k=         1
        336        -0.011944170005747   k=         1
        337        0.038413544235911   k=         1
        338        -0.000399633900508   k=         1
        339        0.007255580168118   k=         1
        340        -0.017533213211144   k=         1
        341        0.065074428859396   k=         1
        342        0.000299551271380   k=         1
        343        -0.004795350030164   k=         1
        344        0.015556640513431   k=         1
        345        -0.035993120979274   k=         1
        346        0.000029326805585   k=         1
        347        -0.000129466472955   k=         1
        348        0.012254643469417   k=         1
        349        -0.031624783291804   k=         1
        350        -0.001852030831998   k=         1
        351        0.003574856981320   k=         1
        352        0.011347531396442   k=         1
        353        -0.036649158241732   k=         1
        354        0.001037024668696   k=         1
        355        -0.002652546354984   k=         1
        356        -0.006174112096612   k=         1
        357        0.020490915839908   k=         1
        358        0.000768538055945   k=         1
        359        -0.000523471970299   k=         1
        360        -0.007553291843819   k=         1
        361        0.020602461136527   k=         1
        362        -0.000700601454592   k=         1
        363        -0.006769722366104   k=         1
        364        -0.020341764437706   k=         1
        365        0.045251751434768   k=         1
        366        0.000086840456035   k=         1
        367        0.002996532862714   k=         1
        368        0.008438319127965   k=         1
        369        -0.014789485432795   k=         1
        370        0.005850238447764   k=         1
        371        -0.006470956772548   k=         1
        372        -0.002561635459078   k=         1
        373        0.001358695319999   k=         1
        374        0.066979929169978   k=         1
        375        0.167209501532778   k=         1
        376        -0.004664948825682   k=         1
        377        0.003141679736238   k=         1
        378        -0.004177578944458   k=         1
        379        -0.004620302055873   k=         1
        380        -0.006111815470707   k=         1
        381        -0.004736862085755   k=         1
        382        -0.002423976180959   k=         1
        383        0.003376007051166   k=         1
        384        0.003932992393891   k=         1
        385        -0.000688634811490   k=         1
        386        -0.002274268922647   k=         1
        387        0.001015898166190   k=         1
        388        0.002437282902729   k=         1
        389        -0.004370354832509   k=         1
        390        -0.001595403648917   k=         1
        391        0.000004994238878   k=         1
        392        0.000814109966130   k=         1
        393        -0.000166870561108   k=         1
        394        -0.001055459897771   k=         1
        395        -0.000223141090175   k=         1
        396        0.000894630764902   k=         1
        397        -0.000109357468077   k=         1
        398        -0.001504183268232   k=         1
        399        -0.000507803187990   k=         1
        400        0.003370884128832   k=         1
        401        0.013134348323208   k=         1
        402        -0.028070468440224   k=         1
        403        -0.000235356041086   k=         1
        404        -0.000768985415967   k=         1
        405        -0.008222960567151   k=         1
        406        0.011206701828570   k=         1
        407        -0.000597479397711   k=         1
        408        0.003858946984221   k=         1
        409        -0.013056001998914   k=         1
        410        0.009704485756635   k=         1
        411        0.000899845660349   k=         1
        412        0.000442391455007   k=         1
        413        -0.013561684148705   k=         1
        414        0.010869951977806   k=         1
        415        -0.000185267053612   k=         1
        416        -0.000795240870489   k=         1
        417        0.006007720956919   k=         1
        418        -0.005314530605503   k=         1
        419        0.000167510622137   k=         1
        420        -0.002027896376040   k=         1
        421        0.002073963597136   k=         1
        422        -0.001971787244644   k=         1
        423        0.000213423773341   k=         1
        424        0.003840112958920   k=         1
        425        0.013594913389896   k=         1
        426        -0.013721187669762   k=         1
