# file_format= v0.04.05
       144       426
    188.97268778      0.00000000      0.00000000    0
      0.00000000    188.97268778      0.00000000    0
      0.00000000      0.00000000    188.97268778    0
 6
       4
     2     2     2     2
     0     1     1     1
 1.710E+00 1.625E+00 1.625E+00 1.625E+00
 0.000E+00 0.000E+00 0.000E+00 0.000E+00
 0.000E+00 0.000E+00 0.000E+00 0.000E+00
 0.000E+00 0.000E+00 0.000E+00 0.000E+00
      1.169436     -0.735292    0.005892
 6
       4
     2     2     2     2
     0     1     1     1
 1.710E+00 1.625E+00 1.625E+00 1.625E+00
 0.000E+00 0.000E+00 0.000E+00 0.000E+00
 0.000E+00 0.000E+00 0.000E+00 0.000E+00
 0.000E+00 0.000E+00 0.000E+00 0.000E+00
      -0.575877     1.102521    0.519864
 6
       4
     2     2     2     2
     0     1     1     1
 1.710E+00 1.625E+00 1.625E+00 1.625E+00
 0.000E+00 0.000E+00 0.000E+00 0.000E+00
 0.000E+00 0.000E+00 0.000E+00 0.000E+00
 0.000E+00 0.000E+00 0.000E+00 0.000E+00
      0.315391     -3.207405    -0.777184
 6
       4
     2     2     2     2
     0     1     1     1
 1.710E+00 1.625E+00 1.625E+00 1.625E+00
 0.000E+00 0.000E+00 0.000E+00 0.000E+00
 0.000E+00 0.000E+00 0.000E+00 0.000E+00
 0.000E+00 0.000E+00 0.000E+00 0.000E+00
      -3.312159     0.598236    0.431880
 6
       4
     2     2     2     2
     0     1     1     1
 1.710E+00 1.625E+00 1.625E+00 1.625E+00
 0.000E+00 0.000E+00 0.000E+00 0.000E+00
 0.000E+00 0.000E+00 0.000E+00 0.000E+00
 0.000E+00 0.000E+00 0.000E+00 0.000E+00
      -4.275310     -1.893524    -0.472783
 6
       4
     2     2     2     2
     0     1     1     1
 1.710E+00 1.625E+00 1.625E+00 1.625E+00
 0.000E+00 0.000E+00 0.000E+00 0.000E+00
 0.000E+00 0.000E+00 0.000E+00 0.000E+00
 0.000E+00 0.000E+00 0.000E+00 0.000E+00
      -2.366617     -3.728290    -0.996173
 6
       4
     2     2     2     2
     0     1     1     1
 1.710E+00 1.625E+00 1.625E+00 1.625E+00
 0.000E+00 0.000E+00 0.000E+00 0.000E+00
 0.000E+00 0.000E+00 0.000E+00 0.000E+00
 0.000E+00 0.000E+00 0.000E+00 0.000E+00
      3.868271     -0.254452    -0.035901
 6
       4
     2     2     2     2
     0     1     1     1
 1.710E+00 1.625E+00 1.625E+00 1.625E+00
 0.000E+00 0.000E+00 0.000E+00 0.000E+00
 0.000E+00 0.000E+00 0.000E+00 0.000E+00
 0.000E+00 0.000E+00 0.000E+00 0.000E+00
      6.051296     0.027590    -0.176769
 6
       4
     2     2     2     2
     0     1     1     1
 1.710E+00 1.625E+00 1.625E+00 1.625E+00
 0.000E+00 0.000E+00 0.000E+00 0.000E+00
 0.000E+00 0.000E+00 0.000E+00 0.000E+00
 0.000E+00 0.000E+00 0.000E+00 0.000E+00
      8.695379     0.270675    -0.053508
 6
       4
     2     2     2     2
     0     1     1     1
 1.710E+00 1.625E+00 1.625E+00 1.625E+00
 0.000E+00 0.000E+00 0.000E+00 0.000E+00
 0.000E+00 0.000E+00 0.000E+00 0.000E+00
 0.000E+00 0.000E+00 0.000E+00 0.000E+00
      9.881498     2.613616    -0.495960
 6
       4
     2     2     2     2
     0     1     1     1
 1.710E+00 1.625E+00 1.625E+00 1.625E+00
 0.000E+00 0.000E+00 0.000E+00 0.000E+00
 0.000E+00 0.000E+00 0.000E+00 0.000E+00
 0.000E+00 0.000E+00 0.000E+00 0.000E+00
      10.366334     -1.804605    0.632813
 6
       4
     2     2     2     2
     0     1     1     1
 1.710E+00 1.625E+00 1.625E+00 1.625E+00
 0.000E+00 0.000E+00 0.000E+00 0.000E+00
 0.000E+00 0.000E+00 0.000E+00 0.000E+00
 0.000E+00 0.000E+00 0.000E+00 0.000E+00
      12.433025     2.892813    -0.268288
 6
       4
     2     2     2     2
     0     1     1     1
 1.710E+00 1.625E+00 1.625E+00 1.625E+00
 0.000E+00 0.000E+00 0.000E+00 0.000E+00
 0.000E+00 0.000E+00 0.000E+00 0.000E+00
 0.000E+00 0.000E+00 0.000E+00 0.000E+00
      12.938519     -1.504955    0.766805
 6
       4
     2     2     2     2
     0     1     1     1
 1.710E+00 1.625E+00 1.625E+00 1.625E+00
 0.000E+00 0.000E+00 0.000E+00 0.000E+00
 0.000E+00 0.000E+00 0.000E+00 0.000E+00
 0.000E+00 0.000E+00 0.000E+00 0.000E+00
      14.149017     0.932293    0.313999
 6
       4
     2     2     2     2
     0     1     1     1
 1.710E+00 1.625E+00 1.625E+00 1.625E+00
 0.000E+00 0.000E+00 0.000E+00 0.000E+00
 0.000E+00 0.000E+00 0.000E+00 0.000E+00
 0.000E+00 0.000E+00 0.000E+00 0.000E+00
      16.816090     1.285240    0.322537
 6
       4
     2     2     2     2
     0     1     1     1
 1.710E+00 1.625E+00 1.625E+00 1.625E+00
 0.000E+00 0.000E+00 0.000E+00 0.000E+00
 0.000E+00 0.000E+00 0.000E+00 0.000E+00
 0.000E+00 0.000E+00 0.000E+00 0.000E+00
      19.017265     1.334296    0.329600
 6
       4
     2     2     2     2
     0     1     1     1
 1.710E+00 1.625E+00 1.625E+00 1.625E+00
 0.000E+00 0.000E+00 0.000E+00 0.000E+00
 0.000E+00 0.000E+00 0.000E+00 0.000E+00
 0.000E+00 0.000E+00 0.000E+00 0.000E+00
      21.750918     1.325851    0.204257
 6
       4
     2     2     2     2
     0     1     1     1
 1.710E+00 1.625E+00 1.625E+00 1.625E+00
 0.000E+00 0.000E+00 0.000E+00 0.000E+00
 0.000E+00 0.000E+00 0.000E+00 0.000E+00
 0.000E+00 0.000E+00 0.000E+00 0.000E+00
      23.196432     -0.582421    1.449057
 6
       4
     2     2     2     2
     0     1     1     1
 1.710E+00 1.625E+00 1.625E+00 1.625E+00
 0.000E+00 0.000E+00 0.000E+00 0.000E+00
 0.000E+00 0.000E+00 0.000E+00 0.000E+00
 0.000E+00 0.000E+00 0.000E+00 0.000E+00
      23.302737     3.105079    -1.092581
 6
       4
     2     2     2     2
     0     1     1     1
 1.710E+00 1.625E+00 1.625E+00 1.625E+00
 0.000E+00 0.000E+00 0.000E+00 0.000E+00
 0.000E+00 0.000E+00 0.000E+00 0.000E+00
 0.000E+00 0.000E+00 0.000E+00 0.000E+00
      25.938456     2.744823    -1.273246
 6
       4
     2     2     2     2
     0     1     1     1
 1.710E+00 1.625E+00 1.625E+00 1.625E+00
 0.000E+00 0.000E+00 0.000E+00 0.000E+00
 0.000E+00 0.000E+00 0.000E+00 0.000E+00
 0.000E+00 0.000E+00 0.000E+00 0.000E+00
      25.876906     -0.792485    1.459732
 6
       4
     2     2     2     2
     0     1     1     1
 1.710E+00 1.625E+00 1.625E+00 1.625E+00
 0.000E+00 0.000E+00 0.000E+00 0.000E+00
 0.000E+00 0.000E+00 0.000E+00 0.000E+00
 0.000E+00 0.000E+00 0.000E+00 0.000E+00
      27.379055     0.818032    -0.025033
 6
       4
     2     2     2     2
     0     1     1     1
 1.710E+00 1.625E+00 1.625E+00 1.625E+00
 0.000E+00 0.000E+00 0.000E+00 0.000E+00
 0.000E+00 0.000E+00 0.000E+00 0.000E+00
 0.000E+00 0.000E+00 0.000E+00 0.000E+00
      30.213018     0.440384    -0.242100
 6
       4
     2     2     2     2
     0     1     1     1
 1.710E+00 1.625E+00 1.625E+00 1.625E+00
 0.000E+00 0.000E+00 0.000E+00 0.000E+00
 0.000E+00 0.000E+00 0.000E+00 0.000E+00
 0.000E+00 0.000E+00 0.000E+00 0.000E+00
      32.291233     0.192805    -0.088307
 6
       4
     2     2     2     2
     0     1     1     1
 1.710E+00 1.625E+00 1.625E+00 1.625E+00
 0.000E+00 0.000E+00 0.000E+00 0.000E+00
 0.000E+00 0.000E+00 0.000E+00 0.000E+00
 0.000E+00 0.000E+00 0.000E+00 0.000E+00
      35.038785     -0.027252    -0.112327
 6
       4
     2     2     2     2
     0     1     1     1
 1.710E+00 1.625E+00 1.625E+00 1.625E+00
 0.000E+00 0.000E+00 0.000E+00 0.000E+00
 0.000E+00 0.000E+00 0.000E+00 0.000E+00
 0.000E+00 0.000E+00 0.000E+00 0.000E+00
      36.488950     -2.353204    0.559652
 6
       4
     2     2     2     2
     0     1     1     1
 1.710E+00 1.625E+00 1.625E+00 1.625E+00
 0.000E+00 0.000E+00 0.000E+00 0.000E+00
 0.000E+00 0.000E+00 0.000E+00 0.000E+00
 0.000E+00 0.000E+00 0.000E+00 0.000E+00
      36.615726     1.986302    -0.684030
 6
       4
     2     2     2     2
     0     1     1     1
 1.710E+00 1.625E+00 1.625E+00 1.625E+00
 0.000E+00 0.000E+00 0.000E+00 0.000E+00
 0.000E+00 0.000E+00 0.000E+00 0.000E+00
 0.000E+00 0.000E+00 0.000E+00 0.000E+00
      39.257982     1.890121    -0.698322
 6
       4
     2     2     2     2
     0     1     1     1
 1.710E+00 1.625E+00 1.625E+00 1.625E+00
 0.000E+00 0.000E+00 0.000E+00 0.000E+00
 0.000E+00 0.000E+00 0.000E+00 0.000E+00
 0.000E+00 0.000E+00 0.000E+00 0.000E+00
      39.130361     -2.434258    0.709664
 6
       4
     2     2     2     2
     0     1     1     1
 1.710E+00 1.625E+00 1.625E+00 1.625E+00
 0.000E+00 0.000E+00 0.000E+00 0.000E+00
 0.000E+00 0.000E+00 0.000E+00 0.000E+00
 0.000E+00 0.000E+00 0.000E+00 0.000E+00
      40.670545     -0.235658    -0.086230
 6
       4
     2     2     2     2
     0     1     1     1
 1.710E+00 1.625E+00 1.625E+00 1.625E+00
 0.000E+00 0.000E+00 0.000E+00 0.000E+00
 0.000E+00 0.000E+00 0.000E+00 0.000E+00
 0.000E+00 0.000E+00 0.000E+00 0.000E+00
      43.343078     -0.402274    -0.153238
 6
       4
     2     2     2     2
     0     1     1     1
 1.710E+00 1.625E+00 1.625E+00 1.625E+00
 0.000E+00 0.000E+00 0.000E+00 0.000E+00
 0.000E+00 0.000E+00 0.000E+00 0.000E+00
 0.000E+00 0.000E+00 0.000E+00 0.000E+00
      45.542655     -0.494485    -0.222874
 6
       4
     2     2     2     2
     0     1     1     1
 1.710E+00 1.625E+00 1.625E+00 1.625E+00
 0.000E+00 0.000E+00 0.000E+00 0.000E+00
 0.000E+00 0.000E+00 0.000E+00 0.000E+00
 0.000E+00 0.000E+00 0.000E+00 0.000E+00
      48.263519     -0.633198    -0.301733
 6
       4
     2     2     2     2
     0     1     1     1
 1.710E+00 1.625E+00 1.625E+00 1.625E+00
 0.000E+00 0.000E+00 0.000E+00 0.000E+00
 0.000E+00 0.000E+00 0.000E+00 0.000E+00
 0.000E+00 0.000E+00 0.000E+00 0.000E+00
      49.676852     -2.452416    0.842814
 6
       4
     2     2     2     2
     0     1     1     1
 1.710E+00 1.625E+00 1.625E+00 1.625E+00
 0.000E+00 0.000E+00 0.000E+00 0.000E+00
 0.000E+00 0.000E+00 0.000E+00 0.000E+00
 0.000E+00 0.000E+00 0.000E+00 0.000E+00
      49.598136     1.513053    -1.520387
 6
       4
     2     2     2     2
     0     1     1     1
 1.710E+00 1.625E+00 1.625E+00 1.625E+00
 0.000E+00 0.000E+00 0.000E+00 0.000E+00
 0.000E+00 0.000E+00 0.000E+00 0.000E+00
 0.000E+00 0.000E+00 0.000E+00 0.000E+00
      52.153557     1.805144    -1.336503
 6
       4
     2     2     2     2
     0     1     1     1
 1.710E+00 1.625E+00 1.625E+00 1.625E+00
 0.000E+00 0.000E+00 0.000E+00 0.000E+00
 0.000E+00 0.000E+00 0.000E+00 0.000E+00
 0.000E+00 0.000E+00 0.000E+00 0.000E+00
      52.394545     -2.204142    0.628478
 6
       4
     2     2     2     2
     0     1     1     1
 1.710E+00 1.625E+00 1.625E+00 1.625E+00
 0.000E+00 0.000E+00 0.000E+00 0.000E+00
 0.000E+00 0.000E+00 0.000E+00 0.000E+00
 0.000E+00 0.000E+00 0.000E+00 0.000E+00
      53.680945     -0.122314    -0.221121
 6
       4
     2     2     2     2
     0     1     1     1
 1.710E+00 1.625E+00 1.625E+00 1.625E+00
 0.000E+00 0.000E+00 0.000E+00 0.000E+00
 0.000E+00 0.000E+00 0.000E+00 0.000E+00
 0.000E+00 0.000E+00 0.000E+00 0.000E+00
      56.445242     0.142888    -0.096780
 1
       1
     1
     0
 1.300E+00
 0.000E+00
 0.000E+00
 0.000E+00
      -4.409235     2.296790    1.056187
 1
       1
     1
     0
 1.300E+00
 0.000E+00
 0.000E+00
 0.000E+00
      -0.264291     3.074777    1.126730
 1
       1
     1
     0
 1.300E+00
 0.000E+00
 0.000E+00
 0.000E+00
      -6.043512     -1.923947    -0.563375
 1
       1
     1
     0
 1.300E+00
 0.000E+00
 0.000E+00
 0.000E+00
      -2.915809     -5.627432    -1.599691
 1
       1
     1
     0
 1.300E+00
 0.000E+00
 0.000E+00
 0.000E+00
      1.730581     -4.759700    -1.158925
 1
       1
     1
     0
 1.300E+00
 0.000E+00
 0.000E+00
 0.000E+00
      8.475332     4.158913    -0.949141
 1
       1
     1
     0
 1.300E+00
 0.000E+00
 0.000E+00
 0.000E+00
      9.490984     -3.727728    0.959695
 1
       1
     1
     0
 1.300E+00
 0.000E+00
 0.000E+00
 0.000E+00
      13.271576     4.828575    -0.548550
 1
       1
     1
     0
 1.300E+00
 0.000E+00
 0.000E+00
 0.000E+00
      14.208929     -3.193403    1.186104
 1
       1
     1
     0
 1.300E+00
 0.000E+00
 0.000E+00
 0.000E+00
      22.443215     4.763313    -2.143246
 1
       1
     1
     0
 1.300E+00
 0.000E+00
 0.000E+00
 0.000E+00
      27.073942     4.065781    -2.436112
 1
       1
     1
     0
 1.300E+00
 0.000E+00
 0.000E+00
 0.000E+00
      22.058987     -2.023532    2.503199
 1
       1
     1
     0
 1.300E+00
 0.000E+00
 0.000E+00
 0.000E+00
      26.739876     -2.333955    2.624795
 1
       1
     1
     0
 1.300E+00
 0.000E+00
 0.000E+00
 0.000E+00
      35.694386     3.760443    -1.292952
 1
       1
     1
     0
 1.300E+00
 0.000E+00
 0.000E+00
 0.000E+00
      35.417681     -4.120323    1.011905
 1
       1
     1
     0
 1.300E+00
 0.000E+00
 0.000E+00
 0.000E+00
      40.322822     3.688501    -1.265803
 1
       1
     1
     0
 1.300E+00
 0.000E+00
 0.000E+00
 0.000E+00
      40.014477     -4.295309    1.234537
 1
       1
     1
     0
 1.300E+00
 0.000E+00
 0.000E+00
 0.000E+00
      48.496250     3.131246    -2.368915
 1
       1
     1
     0
 1.300E+00
 0.000E+00
 0.000E+00
 0.000E+00
      48.840429     -4.137623    1.869706
 1
       1
     1
     0
 1.300E+00
 0.000E+00
 0.000E+00
 0.000E+00
      52.958337     3.715797    -2.041601
 1
       1
     1
     0
 1.300E+00
 0.000E+00
 0.000E+00
 0.000E+00
      53.515199     -3.849255    1.328935
 1
       1
     1
     0
 1.300E+00
 0.000E+00
 0.000E+00
 0.000E+00
      61.972670     4.410647    -1.316595
 1
       1
     1
     0
 1.300E+00
 0.000E+00
 0.000E+00
 0.000E+00
      62.108766     -3.599076    1.288693
 6
       4
     2     2     2     2
     0     1     1     1
 1.710E+00 1.625E+00 1.625E+00 1.625E+00
 0.000E+00 0.000E+00 0.000E+00 0.000E+00
 0.000E+00 0.000E+00 0.000E+00 0.000E+00
 0.000E+00 0.000E+00 0.000E+00 0.000E+00
      69.757190     0.399677    -0.282289
 1
       1
     1
     0
 1.300E+00
 0.000E+00
 0.000E+00
 0.000E+00
      66.437386     4.314906    -1.535274
 1
       1
     1
     0
 1.300E+00
 0.000E+00
 0.000E+00
 0.000E+00
      66.543600     -3.458951    1.177052
 6
       4
     2     2     2     2
     0     1     1     1
 1.710E+00 1.625E+00 1.625E+00 1.625E+00
 0.000E+00 0.000E+00 0.000E+00 0.000E+00
 0.000E+00 0.000E+00 0.000E+00 0.000E+00
 0.000E+00 0.000E+00 0.000E+00 0.000E+00
      58.580682     0.128394    -0.166075
 6
       4
     2     2     2     2
     0     1     1     1
 1.710E+00 1.625E+00 1.625E+00 1.625E+00
 0.000E+00 0.000E+00 0.000E+00 0.000E+00
 0.000E+00 0.000E+00 0.000E+00 0.000E+00
 0.000E+00 0.000E+00 0.000E+00 0.000E+00
      61.353836     0.370398    -0.211341
 6
       4
     2     2     2     2
     0     1     1     1
 1.710E+00 1.625E+00 1.625E+00 1.625E+00
 0.000E+00 0.000E+00 0.000E+00 0.000E+00
 0.000E+00 0.000E+00 0.000E+00 0.000E+00
 0.000E+00 0.000E+00 0.000E+00 0.000E+00
      62.995764     -1.801357    0.487767
 6
       4
     2     2     2     2
     0     1     1     1
 1.710E+00 1.625E+00 1.625E+00 1.625E+00
 0.000E+00 0.000E+00 0.000E+00 0.000E+00
 0.000E+00 0.000E+00 0.000E+00 0.000E+00
 0.000E+00 0.000E+00 0.000E+00 0.000E+00
      62.762207     2.464333    -0.772718
 6
       4
     2     2     2     2
     0     1     1     1
 1.710E+00 1.625E+00 1.625E+00 1.625E+00
 0.000E+00 0.000E+00 0.000E+00 0.000E+00
 0.000E+00 0.000E+00 0.000E+00 0.000E+00
 0.000E+00 0.000E+00 0.000E+00 0.000E+00
      65.570493     2.544444    -0.898032
 6
       4
     2     2     2     2
     0     1     1     1
 1.710E+00 1.625E+00 1.625E+00 1.625E+00
 0.000E+00 0.000E+00 0.000E+00 0.000E+00
 0.000E+00 0.000E+00 0.000E+00 0.000E+00
 0.000E+00 0.000E+00 0.000E+00 0.000E+00
      65.629951     -1.728559    0.461809
 6
       4
     2     2     2     2
     0     1     1     1
 1.710E+00 1.625E+00 1.625E+00 1.625E+00
 0.000E+00 0.000E+00 0.000E+00 0.000E+00
 0.000E+00 0.000E+00 0.000E+00 0.000E+00
 0.000E+00 0.000E+00 0.000E+00 0.000E+00
      67.006843     0.549438    -0.279638
 6
       4
     2     2     2     2
     0     1     1     1
 1.710E+00 1.625E+00 1.625E+00 1.625E+00
 0.000E+00 0.000E+00 0.000E+00 0.000E+00
 0.000E+00 0.000E+00 0.000E+00 0.000E+00
 0.000E+00 0.000E+00 0.000E+00 0.000E+00
      80.212810     -0.158102    0.662785
 6
       4
     2     2     2     2
     0     1     1     1
 1.710E+00 1.625E+00 1.625E+00 1.625E+00
 0.000E+00 0.000E+00 0.000E+00 0.000E+00
 0.000E+00 0.000E+00 0.000E+00 0.000E+00
 0.000E+00 0.000E+00 0.000E+00 0.000E+00
      78.852322     2.156073    0.135930
 6
       4
     2     2     2     2
     0     1     1     1
 1.710E+00 1.625E+00 1.625E+00 1.625E+00
 0.000E+00 0.000E+00 0.000E+00 0.000E+00
 0.000E+00 0.000E+00 0.000E+00 0.000E+00
 0.000E+00 0.000E+00 0.000E+00 0.000E+00
      78.684870     -2.295095    0.947093
 6
       4
     2     2     2     2
     0     1     1     1
 1.710E+00 1.625E+00 1.625E+00 1.625E+00
 0.000E+00 0.000E+00 0.000E+00 0.000E+00
 0.000E+00 0.000E+00 0.000E+00 0.000E+00
 0.000E+00 0.000E+00 0.000E+00 0.000E+00
      76.268827     2.245590    0.004564
 6
       4
     2     2     2     2
     0     1     1     1
 1.710E+00 1.625E+00 1.625E+00 1.625E+00
 0.000E+00 0.000E+00 0.000E+00 0.000E+00
 0.000E+00 0.000E+00 0.000E+00 0.000E+00
 0.000E+00 0.000E+00 0.000E+00 0.000E+00
      74.726238     0.056920    0.275059
 6
       4
     2     2     2     2
     0     1     1     1
 1.710E+00 1.625E+00 1.625E+00 1.625E+00
 0.000E+00 0.000E+00 0.000E+00 0.000E+00
 0.000E+00 0.000E+00 0.000E+00 0.000E+00
 0.000E+00 0.000E+00 0.000E+00 0.000E+00
      75.987959     -2.262025    0.760019
 6
       4
     2     2     2     2
     0     1     1     1
 1.710E+00 1.625E+00 1.625E+00 1.625E+00
 0.000E+00 0.000E+00 0.000E+00 0.000E+00
 0.000E+00 0.000E+00 0.000E+00 0.000E+00
 0.000E+00 0.000E+00 0.000E+00 0.000E+00
      82.951949     -0.172893    0.698581
 6
       4
     2     2     2     2
     0     1     1     1
 1.710E+00 1.625E+00 1.625E+00 1.625E+00
 0.000E+00 0.000E+00 0.000E+00 0.000E+00
 0.000E+00 0.000E+00 0.000E+00 0.000E+00
 0.000E+00 0.000E+00 0.000E+00 0.000E+00
      85.060305     -0.073187    0.359484
 6
       4
     2     2     2     2
     0     1     1     1
 1.710E+00 1.625E+00 1.625E+00 1.625E+00
 0.000E+00 0.000E+00 0.000E+00 0.000E+00
 0.000E+00 0.000E+00 0.000E+00 0.000E+00
 0.000E+00 0.000E+00 0.000E+00 0.000E+00
      87.765795     0.035689    -0.042415
 6
       4
     2     2     2     2
     0     1     1     1
 1.710E+00 1.625E+00 1.625E+00 1.625E+00
 0.000E+00 0.000E+00 0.000E+00 0.000E+00
 0.000E+00 0.000E+00 0.000E+00 0.000E+00
 0.000E+00 0.000E+00 0.000E+00 0.000E+00
      89.018298     2.275529    -0.698911
 6
       4
     2     2     2     2
     0     1     1     1
 1.710E+00 1.625E+00 1.625E+00 1.625E+00
 0.000E+00 0.000E+00 0.000E+00 0.000E+00
 0.000E+00 0.000E+00 0.000E+00 0.000E+00
 0.000E+00 0.000E+00 0.000E+00 0.000E+00
      89.290462     -2.092996    0.595320
 6
       4
     2     2     2     2
     0     1     1     1
 1.710E+00 1.625E+00 1.625E+00 1.625E+00
 0.000E+00 0.000E+00 0.000E+00 0.000E+00
 0.000E+00 0.000E+00 0.000E+00 0.000E+00
 0.000E+00 0.000E+00 0.000E+00 0.000E+00
      91.701301     2.295824    -0.815322
 6
       4
     2     2     2     2
     0     1     1     1
 1.710E+00 1.625E+00 1.625E+00 1.625E+00
 0.000E+00 0.000E+00 0.000E+00 0.000E+00
 0.000E+00 0.000E+00 0.000E+00 0.000E+00
 0.000E+00 0.000E+00 0.000E+00 0.000E+00
      91.943743     -2.038967    0.658883
 6
       4
     2     2     2     2
     0     1     1     1
 1.710E+00 1.625E+00 1.625E+00 1.625E+00
 0.000E+00 0.000E+00 0.000E+00 0.000E+00
 0.000E+00 0.000E+00 0.000E+00 0.000E+00
 0.000E+00 0.000E+00 0.000E+00 0.000E+00
      93.248404     0.196577    -0.119268
 6
       4
     2     2     2     2
     0     1     1     1
 1.710E+00 1.625E+00 1.625E+00 1.625E+00
 0.000E+00 0.000E+00 0.000E+00 0.000E+00
 0.000E+00 0.000E+00 0.000E+00 0.000E+00
 0.000E+00 0.000E+00 0.000E+00 0.000E+00
      96.053534     0.333716    -0.181637
 6
       4
     2     2     2     2
     0     1     1     1
 1.710E+00 1.625E+00 1.625E+00 1.625E+00
 0.000E+00 0.000E+00 0.000E+00 0.000E+00
 0.000E+00 0.000E+00 0.000E+00 0.000E+00
 0.000E+00 0.000E+00 0.000E+00 0.000E+00
      98.231761     0.381863    -0.356374
 6
       4
     2     2     2     2
     0     1     1     1
 1.710E+00 1.625E+00 1.625E+00 1.625E+00
 0.000E+00 0.000E+00 0.000E+00 0.000E+00
 0.000E+00 0.000E+00 0.000E+00 0.000E+00
 0.000E+00 0.000E+00 0.000E+00 0.000E+00
      101.010724     0.469818    -0.162256
 6
       4
     2     2     2     2
     0     1     1     1
 1.710E+00 1.625E+00 1.625E+00 1.625E+00
 0.000E+00 0.000E+00 0.000E+00 0.000E+00
 0.000E+00 0.000E+00 0.000E+00 0.000E+00
 0.000E+00 0.000E+00 0.000E+00 0.000E+00
      102.460559     -1.464262    0.782384
 6
       4
     2     2     2     2
     0     1     1     1
 1.710E+00 1.625E+00 1.625E+00 1.625E+00
 0.000E+00 0.000E+00 0.000E+00 0.000E+00
 0.000E+00 0.000E+00 0.000E+00 0.000E+00
 0.000E+00 0.000E+00 0.000E+00 0.000E+00
      102.370994     2.863557    -0.768812
 6
       4
     2     2     2     2
     0     1     1     1
 1.710E+00 1.625E+00 1.625E+00 1.625E+00
 0.000E+00 0.000E+00 0.000E+00 0.000E+00
 0.000E+00 0.000E+00 0.000E+00 0.000E+00
 0.000E+00 0.000E+00 0.000E+00 0.000E+00
      104.941894     3.111464    -0.331921
 6
       4
     2     2     2     2
     0     1     1     1
 1.710E+00 1.625E+00 1.625E+00 1.625E+00
 0.000E+00 0.000E+00 0.000E+00 0.000E+00
 0.000E+00 0.000E+00 0.000E+00 0.000E+00
 0.000E+00 0.000E+00 0.000E+00 0.000E+00
      105.139575     -1.225508    0.966878
 6
       4
     2     2     2     2
     0     1     1     1
 1.710E+00 1.625E+00 1.625E+00 1.625E+00
 0.000E+00 0.000E+00 0.000E+00 0.000E+00
 0.000E+00 0.000E+00 0.000E+00 0.000E+00
 0.000E+00 0.000E+00 0.000E+00 0.000E+00
      106.447484     0.895713    0.329699
 6
       4
     2     2     2     2
     0     1     1     1
 1.710E+00 1.625E+00 1.625E+00 1.625E+00
 0.000E+00 0.000E+00 0.000E+00 0.000E+00
 0.000E+00 0.000E+00 0.000E+00 0.000E+00
 0.000E+00 0.000E+00 0.000E+00 0.000E+00
      109.243515     1.109059    0.214902
 6
       4
     2     2     2     2
     0     1     1     1
 1.710E+00 1.625E+00 1.625E+00 1.625E+00
 0.000E+00 0.000E+00 0.000E+00 0.000E+00
 0.000E+00 0.000E+00 0.000E+00 0.000E+00
 0.000E+00 0.000E+00 0.000E+00 0.000E+00
      111.383689     0.990027    0.110757
 6
       4
     2     2     2     2
     0     1     1     1
 1.710E+00 1.625E+00 1.625E+00 1.625E+00
 0.000E+00 0.000E+00 0.000E+00 0.000E+00
 0.000E+00 0.000E+00 0.000E+00 0.000E+00
 0.000E+00 0.000E+00 0.000E+00 0.000E+00
      114.221369     0.780217    -0.073274
 6
       4
     2     2     2     2
     0     1     1     1
 1.710E+00 1.625E+00 1.625E+00 1.625E+00
 0.000E+00 0.000E+00 0.000E+00 0.000E+00
 0.000E+00 0.000E+00 0.000E+00 0.000E+00
 0.000E+00 0.000E+00 0.000E+00 0.000E+00
      115.577461     -1.528422    -0.778344
 6
       4
     2     2     2     2
     0     1     1     1
 1.710E+00 1.625E+00 1.625E+00 1.625E+00
 0.000E+00 0.000E+00 0.000E+00 0.000E+00
 0.000E+00 0.000E+00 0.000E+00 0.000E+00
 0.000E+00 0.000E+00 0.000E+00 0.000E+00
      115.841324     2.837985    0.354902
 6
       4
     2     2     2     2
     0     1     1     1
 1.710E+00 1.625E+00 1.625E+00 1.625E+00
 0.000E+00 0.000E+00 0.000E+00 0.000E+00
 0.000E+00 0.000E+00 0.000E+00 0.000E+00
 0.000E+00 0.000E+00 0.000E+00 0.000E+00
      118.501527     2.652312    0.467318
 6
       4
     2     2     2     2
     0     1     1     1
 1.710E+00 1.625E+00 1.625E+00 1.625E+00
 0.000E+00 0.000E+00 0.000E+00 0.000E+00
 0.000E+00 0.000E+00 0.000E+00 0.000E+00
 0.000E+00 0.000E+00 0.000E+00 0.000E+00
      118.134973     -1.732121    -0.649582
 6
       4
     2     2     2     2
     0     1     1     1
 1.710E+00 1.625E+00 1.625E+00 1.625E+00
 0.000E+00 0.000E+00 0.000E+00 0.000E+00
 0.000E+00 0.000E+00 0.000E+00 0.000E+00
 0.000E+00 0.000E+00 0.000E+00 0.000E+00
      119.785273     0.342537    0.059914
 6
       4
     2     2     2     2
     0     1     1     1
 1.710E+00 1.625E+00 1.625E+00 1.625E+00
 0.000E+00 0.000E+00 0.000E+00 0.000E+00
 0.000E+00 0.000E+00 0.000E+00 0.000E+00
 0.000E+00 0.000E+00 0.000E+00 0.000E+00
      122.473591     0.194058    0.031402
 6
       4
     2     2     2     2
     0     1     1     1
 1.710E+00 1.625E+00 1.625E+00 1.625E+00
 0.000E+00 0.000E+00 0.000E+00 0.000E+00
 0.000E+00 0.000E+00 0.000E+00 0.000E+00
 0.000E+00 0.000E+00 0.000E+00 0.000E+00
      124.584801     0.195972    -0.142192
 6
       4
     2     2     2     2
     0     1     1     1
 1.710E+00 1.625E+00 1.625E+00 1.625E+00
 0.000E+00 0.000E+00 0.000E+00 0.000E+00
 0.000E+00 0.000E+00 0.000E+00 0.000E+00
 0.000E+00 0.000E+00 0.000E+00 0.000E+00
      127.377088     0.071054    -0.109185
 6
       4
     2     2     2     2
     0     1     1     1
 1.710E+00 1.625E+00 1.625E+00 1.625E+00
 0.000E+00 0.000E+00 0.000E+00 0.000E+00
 0.000E+00 0.000E+00 0.000E+00 0.000E+00
 0.000E+00 0.000E+00 0.000E+00 0.000E+00
      128.648299     -2.203152    -0.822292
 6
       4
     2     2     2     2
     0     1     1     1
 1.710E+00 1.625E+00 1.625E+00 1.625E+00
 0.000E+00 0.000E+00 0.000E+00 0.000E+00
 0.000E+00 0.000E+00 0.000E+00 0.000E+00
 0.000E+00 0.000E+00 0.000E+00 0.000E+00
      128.959856     2.080813    0.690084
 6
       4
     2     2     2     2
     0     1     1     1
 1.710E+00 1.625E+00 1.625E+00 1.625E+00
 0.000E+00 0.000E+00 0.000E+00 0.000E+00
 0.000E+00 0.000E+00 0.000E+00 0.000E+00
 0.000E+00 0.000E+00 0.000E+00 0.000E+00
      131.598980     1.807736    0.890830
 6
       4
     2     2     2     2
     0     1     1     1
 1.710E+00 1.625E+00 1.625E+00 1.625E+00
 0.000E+00 0.000E+00 0.000E+00 0.000E+00
 0.000E+00 0.000E+00 0.000E+00 0.000E+00
 0.000E+00 0.000E+00 0.000E+00 0.000E+00
      131.226218     -2.462360    -0.719995
 6
       4
     2     2     2     2
     0     1     1     1
 1.710E+00 1.625E+00 1.625E+00 1.625E+00
 0.000E+00 0.000E+00 0.000E+00 0.000E+00
 0.000E+00 0.000E+00 0.000E+00 0.000E+00
 0.000E+00 0.000E+00 0.000E+00 0.000E+00
      132.769124     -0.452854    0.154646
 6
       4
     2     2     2     2
     0     1     1     1
 1.710E+00 1.625E+00 1.625E+00 1.625E+00
 0.000E+00 0.000E+00 0.000E+00 0.000E+00
 0.000E+00 0.000E+00 0.000E+00 0.000E+00
 0.000E+00 0.000E+00 0.000E+00 0.000E+00
      135.445194     -0.788855    0.241050
 1
       1
     1
     0
 1.300E+00
 0.000E+00
 0.000E+00
 0.000E+00
      75.285869     4.042398    -0.404783
 1
       1
     1
     0
 1.300E+00
 0.000E+00
 0.000E+00
 0.000E+00
      80.146890     3.828145    -0.151089
 6
       4
     2     2     2     2
     0     1     1     1
 1.710E+00 1.625E+00 1.625E+00 1.625E+00
 0.000E+00 0.000E+00 0.000E+00 0.000E+00
 0.000E+00 0.000E+00 0.000E+00 0.000E+00
 0.000E+00 0.000E+00 0.000E+00 0.000E+00
      71.981834     0.212203    -0.011129
 1
       1
     1
     0
 1.300E+00
 0.000E+00
 0.000E+00
 0.000E+00
      74.956590     -4.034505    1.096168
 1
       1
     1
     0
 1.300E+00
 0.000E+00
 0.000E+00
 0.000E+00
      79.405470     -4.334440    1.422523
 1
       1
     1
     0
 1.300E+00
 0.000E+00
 0.000E+00
 0.000E+00
      87.962474     4.011253    -1.319879
 1
       1
     1
     0
 1.300E+00
 0.000E+00
 0.000E+00
 0.000E+00
      88.270518     -3.889186    0.969360
 1
       1
     1
     0
 1.300E+00
 0.000E+00
 0.000E+00
 0.000E+00
      92.689206     4.019833    -1.605487
 1
       1
     1
     0
 1.300E+00
 0.000E+00
 0.000E+00
 0.000E+00
      92.953289     -3.823668    1.187508
 1
       1
     1
     0
 1.300E+00
 0.000E+00
 0.000E+00
 0.000E+00
      101.235730     4.501359    -1.506813
 1
       1
     1
     0
 1.300E+00
 0.000E+00
 0.000E+00
 0.000E+00
      105.729542     5.068445    -0.650994
 1
       1
     1
     0
 1.300E+00
 0.000E+00
 0.000E+00
 0.000E+00
      101.569801     -3.322773    1.302201
 1
       1
     1
     0
 1.300E+00
 0.000E+00
 0.000E+00
 0.000E+00
      106.219786     -2.951094    1.617881
 1
       1
     1
     0
 1.300E+00
 0.000E+00
 0.000E+00
 0.000E+00
      115.042818     4.755911    0.822698
 1
       1
     1
     0
 1.300E+00
 0.000E+00
 0.000E+00
 0.000E+00
      114.276772     -3.179678    -1.216042
 1
       1
     1
     0
 1.300E+00
 0.000E+00
 0.000E+00
 0.000E+00
      119.525921     4.449672    0.924138
 1
       1
     1
     0
 1.300E+00
 0.000E+00
 0.000E+00
 0.000E+00
      119.179409     -3.595270    -0.918772
 1
       1
     1
     0
 1.300E+00
 0.000E+00
 0.000E+00
 0.000E+00
      127.901587     3.818150    1.308061
 1
       1
     1
     0
 1.300E+00
 0.000E+00
 0.000E+00
 0.000E+00
      127.475792     -3.875048    -1.501529
 1
       1
     1
     0
 1.300E+00
 0.000E+00
 0.000E+00
 0.000E+00
      132.796576     3.310543    1.693578
 1
       1
     1
     0
 1.300E+00
 0.000E+00
 0.000E+00
 0.000E+00
      132.058102     -4.346219    -1.357233
 1
       1
     1
     0
 1.300E+00
 0.000E+00
 0.000E+00
 0.000E+00
      140.735967     1.587037    3.271896
 1
       1
     1
     0
 1.300E+00
 0.000E+00
 0.000E+00
 0.000E+00
      140.445722     -4.536841    -1.957354
 1
       1
     1
     0
 1.300E+00
 0.000E+00
 0.000E+00
 0.000E+00
      147.943524     -1.267640    0.117666
 1
       1
     1
     0
 1.300E+00
 0.000E+00
 0.000E+00
 0.000E+00
      145.555220     1.871859    2.944635
 1
       1
     1
     0
 1.300E+00
 0.000E+00
 0.000E+00
 0.000E+00
      145.588249     -4.510084    -2.296459
 6
       4
     2     2     2     2
     0     1     1     1
 1.710E+00 1.625E+00 1.625E+00 1.625E+00
 0.000E+00 0.000E+00 0.000E+00 0.000E+00
 0.000E+00 0.000E+00 0.000E+00 0.000E+00
 0.000E+00 0.000E+00 0.000E+00 0.000E+00
      137.634184     -1.109832    0.307751
 6
       4
     2     2     2     2
     0     1     1     1
 1.710E+00 1.625E+00 1.625E+00 1.625E+00
 0.000E+00 0.000E+00 0.000E+00 0.000E+00
 0.000E+00 0.000E+00 0.000E+00 0.000E+00
 0.000E+00 0.000E+00 0.000E+00 0.000E+00
      140.298789     -1.246467    0.378981
 6
       4
     2     2     2     2
     0     1     1     1
 1.710E+00 1.625E+00 1.625E+00 1.625E+00
 0.000E+00 0.000E+00 0.000E+00 0.000E+00
 0.000E+00 0.000E+00 0.000E+00 0.000E+00
 0.000E+00 0.000E+00 0.000E+00 0.000E+00
      141.787626     -3.133255    -1.056079
 6
       4
     2     2     2     2
     0     1     1     1
 1.710E+00 1.625E+00 1.625E+00 1.625E+00
 0.000E+00 0.000E+00 0.000E+00 0.000E+00
 0.000E+00 0.000E+00 0.000E+00 0.000E+00
 0.000E+00 0.000E+00 0.000E+00 0.000E+00
      141.659380     0.389852    1.844408
 6
       4
     2     2     2     2
     0     1     1     1
 1.710E+00 1.625E+00 1.625E+00 1.625E+00
 0.000E+00 0.000E+00 0.000E+00 0.000E+00
 0.000E+00 0.000E+00 0.000E+00 0.000E+00
 0.000E+00 0.000E+00 0.000E+00 0.000E+00
      144.360454     0.490136    1.702001
 6
       4
     2     2     2     2
     0     1     1     1
 1.710E+00 1.625E+00 1.625E+00 1.625E+00
 0.000E+00 0.000E+00 0.000E+00 0.000E+00
 0.000E+00 0.000E+00 0.000E+00 0.000E+00
 0.000E+00 0.000E+00 0.000E+00 0.000E+00
      144.266694     -3.087601    -1.229673
 6
       4
     2     2     2     2
     0     1     1     1
 1.710E+00 1.625E+00 1.625E+00 1.625E+00
 0.000E+00 0.000E+00 0.000E+00 0.000E+00
 0.000E+00 0.000E+00 0.000E+00 0.000E+00
 0.000E+00 0.000E+00 0.000E+00 0.000E+00
      145.823586     -1.271580    0.249075
# LCAO coefficients .. are not included.
         1
        1        0.000325035710471   k=         1
        2        0.000945835052962   k=         1
        3        0.000112181032563   k=         1
        4        0.010834906949511   k=         1
        5        0.000762239700001   k=         1
        6        0.002341195015192   k=         1
        7        -0.005243937456980   k=         1
        8        0.011793329958005   k=         1
        9        -0.001610506307433   k=         1
        10        -0.002759333945645   k=         1
        11        -0.008738106655973   k=         1
        12        0.014518168919070   k=         1
        13        -0.000181844355144   k=         1
        14        -0.000374092978403   k=         1
        15        0.002497574143307   k=         1
        16        -0.005883916136657   k=         1
        17        0.000093636039886   k=         1
        18        0.000892865410087   k=         1
        19        0.005389698877627   k=         1
        20        -0.016126329860801   k=         1
        21        0.000599069234409   k=         1
        22        0.001373634774981   k=         1
        23        0.001372893750578   k=         1
        24        -0.001713544157301   k=         1
        25        -0.000531891016833   k=         1
        26        -0.001418269444796   k=         1
        27        -0.008284427237560   k=         1
        28        -0.029924316524009   k=         1
        29        0.000370336636184   k=         1
        30        0.000140511157776   k=         1
        31        -0.002635149151769   k=         1
        32        -0.015541940030660   k=         1
        33        -0.000092366506980   k=         1
        34        -0.003927509784101   k=         1
        35        0.011236686754389   k=         1
        36        0.039385828175227   k=         1
        37        -0.000138195283788   k=         1
        38        -0.002354573225765   k=         1
        39        0.003354004160444   k=         1
        40        0.019264937507157   k=         1
        41        -0.000031241255273   k=         1
        42        -0.002421838366294   k=         1
        43        0.003710762991453   k=         1
        44        0.018214800949470   k=         1
        45        -0.000804464549064   k=         1
        46        0.002070565828687   k=         1
        47        -0.003514915106944   k=         1
        48        -0.028413363000071   k=         1
        49        0.000931078167897   k=         1
        50        0.003546307011002   k=         1
        51        -0.002111373027406   k=         1
        52        -0.025963460395636   k=         1
        53        -0.000117629193700   k=         1
        54        0.002104454833448   k=         1
        55        -0.010581588000471   k=         1
        56        -0.034577611469974   k=         1
        57        -0.000086511420429   k=         1
        58        -0.001298759393362   k=         1
        59        0.016898586742207   k=         1
        60        0.032205979549356   k=         1
        61        0.000141927964295   k=         1
        62        0.000764327918801   k=         1
        63        0.011906225440475   k=         1
        64        0.031356909907935   k=         1
        65        0.000386717868623   k=         1
        66        -0.002051233921895   k=         1
        67        -0.022657101578879   k=         1
        68        -0.039015369507612   k=         1
        69        -0.000650285230070   k=         1
        70        0.000186823326163   k=         1
        71        -0.019088015596144   k=         1
        72        -0.023510069772164   k=         1
        73        0.000551453400007   k=         1
        74        -0.004138626399386   k=         1
        75        -0.015692298317373   k=         1
        76        -0.019299239958177   k=         1
        77        -0.001766909965000   k=         1
        78        0.003286969515382   k=         1
        79        0.022329571651357   k=         1
        80        0.023877868235472   k=         1
        81        0.001845248766999   k=         1
        82        0.003497784921324   k=         1
        83        0.021350345333400   k=         1
        84        0.020539107311586   k=         1
        85        -0.000273041885125   k=         1
        86        0.005682966575608   k=         1
        87        0.024103510197929   k=         1
        88        0.035616478278085   k=         1
        89        0.002691620397780   k=         1
        90        -0.002497932742220   k=         1
        91        -0.016828139435845   k=         1
        92        -0.049155850101473   k=         1
        93        -0.001891272210838   k=         1
        94        -0.000791649004745   k=         1
        95        -0.016439297745378   k=         1
        96        -0.030573551647231   k=         1
        97        -0.000177788086341   k=         1
        98        0.001063617068116   k=         1
        99        0.023554817296637   k=         1
        100        0.076896338193058   k=         1
        101        -0.001536675639258   k=         1
        102        -0.003365636611491   k=         1
        103        0.007518606302980   k=         1
        104        0.035291064218931   k=         1
        105        0.001216850622527   k=         1
        106        -0.002057354748990   k=         1
        107        0.010288967630091   k=         1
        108        0.039335448031670   k=         1
        109        -0.001686832840372   k=         1
        110        -0.002333236909428   k=         1
        111        -0.014385696417365   k=         1
        112        -0.060465512209088   k=         1
        113        0.000611523605535   k=         1
        114        0.006044346831391   k=         1
        115        -0.009581672266630   k=         1
        116        -0.047015358120398   k=         1
        117        0.000885541565615   k=         1
        118        -0.005560648734833   k=         1
        119        -0.026655084321689   k=         1
        120        -0.064831478156878   k=         1
        121        -0.001021885303341   k=         1
        122        0.006231736692220   k=         1
        123        0.036785677520161   k=         1
        124        0.060938980828619   k=         1
        125        0.000612592664253   k=         1
        126        0.002864801924104   k=         1
        127        0.029110908641031   k=         1
        128        0.060738904046269   k=         1
        129        0.001279306718257   k=         1
        130        -0.001404542694767   k=         1
        131        -0.045377696005517   k=         1
        132        -0.069352429405953   k=         1
        133        -0.002057795413847   k=         1
        134        -0.003465854676479   k=         1
        135        -0.030198814105941   k=         1
        136        -0.047635014793883   k=         1
        137        0.002217593747595   k=         1
        138        0.005386735637769   k=         1
        139        -0.026347743225641   k=         1
        140        -0.048364129486850   k=         1
        141        -0.000138868353184   k=         1
        142        -0.007565030211708   k=         1
        143        0.014915671913690   k=         1
        144        0.032019549809916   k=         1
        145        -0.000292341288604   k=         1
        146        0.003298922274062   k=         1
        147        0.027730065872993   k=         1
        148        0.063152762864643   k=         1
        149        0.001108269580494   k=         1
        150        -0.009574220054215   k=         1
        151        0.033772917412926   k=         1
        152        0.075751485893674   k=         1
        153        -0.003412485659952   k=         1
        154        0.003157036373603   k=         1
        155        -0.020303372825046   k=         1
        156        -0.068850182016816   k=         1
        157        0.000862470110278   k=         1
        158        -0.000916463462406   k=         1
        159        0.000145886517811   k=         1
        160        -0.001337678176261   k=         1
        161        0.000350024530822   k=         1
        162        -0.001328762467325   k=         1
        163        0.001724620490563   k=         1
        164        0.001436572855903   k=         1
        165        -0.000699548898042   k=         1
        166        -0.001793697143504   k=         1
        167        0.001516315891346   k=         1
        168        0.002423925001355   k=         1
        169        -0.001942185683485   k=         1
        170        -0.001481789641984   k=         1
        171        0.002987885279975   k=         1
        172        0.003409631648840   k=         1
        173        -0.000929971420243   k=         1
        174        -0.000794132920340   k=         1
        175        -0.001491537430566   k=         1
        176        0.000611646741530   k=         1
        177        0.001166927904038   k=         1
        178        0.001948755165237   k=         1
        179        -0.003820059968419   k=         1
        180        -0.003122495794309   k=         1
        181        -0.004568977199036   k=         1
        182        0.019985639877229   k=         1
        183        0.114926774076822   k=         1
        184        -0.001692059677595   k=         1
        185        0.002408969433678   k=         1
        186        0.002694690473906   k=         1
        187        -0.001882529066369   k=         1
        188        -0.023541975598761   k=         1
        189        -0.061753213451578   k=         1
        190        -0.001439153276795   k=         1
        191        0.000462045722409   k=         1
        192        0.024844414152343   k=         1
        193        0.095236674887809   k=         1
        194        -0.000815351890444   k=         1
        195        0.001282112592974   k=         1
        196        0.017680925661080   k=         1
        197        0.042079867599830   k=         1
        198        0.000654408150820   k=         1
        199        0.000693403483617   k=         1
        200        0.017851244021783   k=         1
        201        0.063261953353663   k=         1
        202        0.001347745012654   k=         1
        203        -0.000688554280682   k=         1
        204        -0.031628031046638   k=         1
        205        -0.082309777648822   k=         1
        206        -0.001054825741045   k=         1
        207        -0.002381326512605   k=         1
        208        -0.025267870973009   k=         1
        209        -0.051812613151824   k=         1
        210        -0.001323691614880   k=         1
        211        -0.002471556212372   k=         1
        212        -0.021148140494614   k=         1
        213        -0.084382069072700   k=         1
        214        -0.000084935117084   k=         1
        215        -0.012577675645847   k=         1
        216        0.024051903812237   k=         1
        217        0.134298927947518   k=         1
        218        -0.000998165001732   k=         1
        219        -0.000598665236081   k=         1
        220        0.019257988249559   k=         1
        221        0.089869108462624   k=         1
        222        -0.001885304993015   k=         1
        223        -0.004139007514401   k=         1
        224        0.017094652756163   k=         1
        225        0.093529142591471   k=         1
        226        -0.000528982048001   k=         1
        227        -0.000192331874269   k=         1
        228        -0.014691046812356   k=         1
        229        -0.069321829121332   k=         1
        230        -0.001068540307739   k=         1
        231        0.017809169692149   k=         1
        232        -0.022646687908249   k=         1
        233        -0.140802792160938   k=         1
        234        0.001439181923421   k=         1
        235        0.001500723373925   k=         1
        236        -0.017061082574801   k=         1
        237        -0.093124429022357   k=         1
        238        -0.005058524161984   k=         1
        239        -0.002849580397147   k=         1
        240        -0.025967670339621   k=         1
        241        -0.113930368685006   k=         1
        242        -0.000403704713111   k=         1
        243        -0.029817304999270   k=         1
        244        -0.022866995832308   k=         1
        245        -0.107466232415577   k=         1
        246        -0.006296656696887   k=         1
        247        0.023776521820355   k=         1
        248        0.036642183727687   k=         1
        249        0.135795757103268   k=         1
        250        0.003203011686303   k=         1
        251        -0.003836723555073   k=         1
        252        0.025036792305524   k=         1
        253        0.085409858573426   k=         1
        254        0.002815764630155   k=         1
        255        -0.016584748429640   k=         1
        256        0.030314614420089   k=         1
        257        0.091958542165009   k=         1
        258        -0.003025016659920   k=         1
        259        0.001927853420061   k=         1
        260        -0.037518042351524   k=         1
        261        -0.092313660056429   k=         1
        262        -0.003970146678101   k=         1
        263        0.013107959081022   k=         1
        264        -0.023101865484253   k=         1
        265        -0.075588401986361   k=         1
        266        0.001385629310278   k=         1
        267        -0.006226567977838   k=         1
        268        -0.049347433652097   k=         1
        269        -0.136808737194482   k=         1
        270        0.001590056762012   k=         1
        271        0.011364410615148   k=         1
        272        0.039816478765884   k=         1
        273        0.100854010059619   k=         1
        274        -0.002379679184286   k=         1
        275        0.002770361269571   k=         1
        276        0.039726981713498   k=         1
        277        0.105715691211291   k=         1
        278        0.000946209033806   k=         1
        279        0.013801921622575   k=         1
        280        -0.046871935185498   k=         1
        281        -0.123044428701109   k=         1
        282        -0.001424817804425   k=         1
        283        0.016056765467735   k=         1
        284        -0.035424912662012   k=         1
        285        -0.090256474853703   k=         1
        286        0.002943706023630   k=         1
        287        0.026131642730616   k=         1
        288        -0.021270587015095   k=         1
        289        -0.071494583866652   k=         1
        290        -0.002756650450650   k=         1
        291        -0.027174267454152   k=         1
        292        0.022787439475417   k=         1
        293        0.056753830187439   k=         1
        294        0.003635157093368   k=         1
        295        -0.006713688312968   k=         1
        296        0.036633344570074   k=         1
        297        0.086923805577010   k=         1
        298        -0.002714258788128   k=         1
        299        0.004604076074633   k=         1
        300        0.027329053406206   k=         1
        301        0.130558543741160   k=         1
        302        0.005970505117532   k=         1
        303        -0.011418287572911   k=         1
        304        0.014492471560562   k=         1
        305        -0.106225113329327   k=         1
        306        -0.004950392058160   k=         1
        307        -0.012457864836585   k=         1
        308        -0.009183227198221   k=         1
        309        -0.100879140351019   k=         1
        310        0.004195731301920   k=         1
        311        0.010600255000476   k=         1
        312        -0.036240779195787   k=         1
        313        0.152976623986398   k=         1
        314        -0.004994540134665   k=         1
        315        -0.004232329601880   k=         1
        316        -0.026974179160571   k=         1
        317        0.077306014148800   k=         1
        318        -0.000064382038619   k=         1
        319        -0.013389523358838   k=         1
        320        -0.024060305787967   k=         1
        321        0.085830815926975   k=         1
        322        0.000531681811124   k=         1
        323        0.016923619756986   k=         1
        324        0.018605271572986   k=         1
        325        -0.110098951099434   k=         1
        326        0.001451581230562   k=         1
        327        0.012623422663916   k=         1
        328        0.020789805891959   k=         1
        329        -0.084413064442141   k=         1
        330        -0.003680106311670   k=         1
        331        0.004197478820354   k=         1
        332        0.038467439413468   k=         1
        333        -0.144467985555072   k=         1
        334        0.001922711998762   k=         1
        335        0.009241390884314   k=         1
        336        -0.033248269431151   k=         1
        337        0.108485118867256   k=         1
        338        -0.002980386491081   k=         1
        339        0.008243007515788   k=         1
        340        -0.033126813938772   k=         1
        341        0.116890822308097   k=         1
        342        -0.000480115249893   k=         1
        343        0.003169754906303   k=         1
        344        0.044571159765606   k=         1
        345        -0.141566478323874   k=         1
        346        0.000298195080335   k=         1
        347        0.007166401238533   k=         1
        348        0.030960794213256   k=         1
        349        -0.085624179157012   k=         1
        350        0.001546111636167   k=         1
        351        0.015401362342134   k=         1
        352        0.038860343340743   k=         1
        353        -0.091577627481148   k=         1
        354        -0.000821165117994   k=         1
        355        -0.017146954220116   k=         1
        356        -0.032268072703707   k=         1
        357        0.085014097680116   k=         1
        358        0.000720641421857   k=         1
        359        -0.007012902836202   k=         1
        360        -0.028887635622947   k=         1
        361        0.079423238764126   k=         1
        362        0.000863330716572   k=         1
        363        -0.008961843146563   k=         1
        364        -0.052820437377096   k=         1
        365        0.139140360144965   k=         1
        366        0.001149915473828   k=         1
        367        0.006111725767388   k=         1
        368        0.046476808555553   k=         1
        369        -0.084414187723450   k=         1
        370        0.000240944630332   k=         1
        371        0.002638108541778   k=         1
        372        0.000084796344012   k=         1
        373        -0.014271774957731   k=         1
        374        0.020748761209012   k=         1
        375        0.088210663159993   k=         1
        376        0.001709673302377   k=         1
        377        0.001198545790348   k=         1
        378        0.004772060689229   k=         1
        379        0.003631548651299   k=         1
        380        0.002984103578123   k=         1
        381        0.004632665769783   k=         1
        382        -0.005539083486365   k=         1
        383        -0.003331402390096   k=         1
        384        0.001372156630294   k=         1
        385        -0.009025830702608   k=         1
        386        0.006009463972911   k=         1
        387        0.005760081447539   k=         1
        388        0.001806052842643   k=         1
        389        -0.001094700899119   k=         1
        390        -0.001078058217617   k=         1
        391        -0.002479025879481   k=         1
        392        -0.003149275835324   k=         1
        393        -0.000412693567861   k=         1
        394        -0.007378006191360   k=         1
        395        0.001764849703753   k=         1
        396        0.003760232842486   k=         1
        397        0.004341215771270   k=         1
        398        -0.009038883305304   k=         1
        399        0.001467968176151   k=         1
        400        0.014708198119342   k=         1
        401        0.048485036306670   k=         1
        402        -0.114534145977241   k=         1
        403        -0.000642326659962   k=         1
        404        -0.009510569549673   k=         1
        405        -0.044540910722731   k=         1
        406        0.071601673384428   k=         1
        407        -0.004500635009475   k=         1
        408        0.015360881586148   k=         1
        409        -0.053381312701324   k=         1
        410        0.047145732606098   k=         1
        411        0.001970133377491   k=         1
        412        0.007023418910504   k=         1
        413        -0.076642368609754   k=         1
        414        0.063044669668415   k=         1
        415        0.001718538714464   k=         1
        416        -0.005923149591919   k=         1
        417        0.027002473629780   k=         1
        418        -0.026337109201955   k=         1
        419        0.003132163973989   k=         1
        420        -0.005045888349099   k=         1
        421        0.019296379214261   k=         1
        422        -0.020847413470007   k=         1
        423        -0.002959062481031   k=         1
        424        -0.001182062468709   k=         1
        425        0.071894651980229   k=         1
        426        -0.097218399969882   k=         1
