# file_format= v0.04.05
       144       426
    188.97268778      0.00000000      0.00000000    0
      0.00000000    188.97268778      0.00000000    0
      0.00000000      0.00000000    188.97268778    0
 6
       4
     2     2     2     2
     0     1     1     1
 1.710E+00 1.625E+00 1.625E+00 1.625E+00
 0.000E+00 0.000E+00 0.000E+00 0.000E+00
 0.000E+00 0.000E+00 0.000E+00 0.000E+00
 0.000E+00 0.000E+00 0.000E+00 0.000E+00
      1.040682     -0.721924    -0.135427
 6
       4
     2     2     2     2
     0     1     1     1
 1.710E+00 1.625E+00 1.625E+00 1.625E+00
 0.000E+00 0.000E+00 0.000E+00 0.000E+00
 0.000E+00 0.000E+00 0.000E+00 0.000E+00
 0.000E+00 0.000E+00 0.000E+00 0.000E+00
      -0.777135     1.129516    0.539220
 6
       4
     2     2     2     2
     0     1     1     1
 1.710E+00 1.625E+00 1.625E+00 1.625E+00
 0.000E+00 0.000E+00 0.000E+00 0.000E+00
 0.000E+00 0.000E+00 0.000E+00 0.000E+00
 0.000E+00 0.000E+00 0.000E+00 0.000E+00
      0.058905     -3.119894    -0.811176
 6
       4
     2     2     2     2
     0     1     1     1
 1.710E+00 1.625E+00 1.625E+00 1.625E+00
 0.000E+00 0.000E+00 0.000E+00 0.000E+00
 0.000E+00 0.000E+00 0.000E+00 0.000E+00
 0.000E+00 0.000E+00 0.000E+00 0.000E+00
      -3.341909     0.573144    0.424109
 6
       4
     2     2     2     2
     0     1     1     1
 1.710E+00 1.625E+00 1.625E+00 1.625E+00
 0.000E+00 0.000E+00 0.000E+00 0.000E+00
 0.000E+00 0.000E+00 0.000E+00 0.000E+00
 0.000E+00 0.000E+00 0.000E+00 0.000E+00
      -4.115700     -1.730749    -0.373208
 6
       4
     2     2     2     2
     0     1     1     1
 1.710E+00 1.625E+00 1.625E+00 1.625E+00
 0.000E+00 0.000E+00 0.000E+00 0.000E+00
 0.000E+00 0.000E+00 0.000E+00 0.000E+00
 0.000E+00 0.000E+00 0.000E+00 0.000E+00
      -2.433394     -3.613708    -1.009369
 6
       4
     2     2     2     2
     0     1     1     1
 1.710E+00 1.625E+00 1.625E+00 1.625E+00
 0.000E+00 0.000E+00 0.000E+00 0.000E+00
 0.000E+00 0.000E+00 0.000E+00 0.000E+00
 0.000E+00 0.000E+00 0.000E+00 0.000E+00
      3.772840     -0.282066    0.003689
 6
       4
     2     2     2     2
     0     1     1     1
 1.710E+00 1.625E+00 1.625E+00 1.625E+00
 0.000E+00 0.000E+00 0.000E+00 0.000E+00
 0.000E+00 0.000E+00 0.000E+00 0.000E+00
 0.000E+00 0.000E+00 0.000E+00 0.000E+00
      5.911373     0.173380    -0.101492
 6
       4
     2     2     2     2
     0     1     1     1
 1.710E+00 1.625E+00 1.625E+00 1.625E+00
 0.000E+00 0.000E+00 0.000E+00 0.000E+00
 0.000E+00 0.000E+00 0.000E+00 0.000E+00
 0.000E+00 0.000E+00 0.000E+00 0.000E+00
      8.706395     0.353691    0.015243
 6
       4
     2     2     2     2
     0     1     1     1
 1.710E+00 1.625E+00 1.625E+00 1.625E+00
 0.000E+00 0.000E+00 0.000E+00 0.000E+00
 0.000E+00 0.000E+00 0.000E+00 0.000E+00
 0.000E+00 0.000E+00 0.000E+00 0.000E+00
      9.822890     2.694207    -0.554325
 6
       4
     2     2     2     2
     0     1     1     1
 1.710E+00 1.625E+00 1.625E+00 1.625E+00
 0.000E+00 0.000E+00 0.000E+00 0.000E+00
 0.000E+00 0.000E+00 0.000E+00 0.000E+00
 0.000E+00 0.000E+00 0.000E+00 0.000E+00
      10.206026     -1.678543    0.665539
 6
       4
     2     2     2     2
     0     1     1     1
 1.710E+00 1.625E+00 1.625E+00 1.625E+00
 0.000E+00 0.000E+00 0.000E+00 0.000E+00
 0.000E+00 0.000E+00 0.000E+00 0.000E+00
 0.000E+00 0.000E+00 0.000E+00 0.000E+00
      12.439605     3.031863    -0.475886
 6
       4
     2     2     2     2
     0     1     1     1
 1.710E+00 1.625E+00 1.625E+00 1.625E+00
 0.000E+00 0.000E+00 0.000E+00 0.000E+00
 0.000E+00 0.000E+00 0.000E+00 0.000E+00
 0.000E+00 0.000E+00 0.000E+00 0.000E+00
      12.859969     -1.385311    0.733085
 6
       4
     2     2     2     2
     0     1     1     1
 1.710E+00 1.625E+00 1.625E+00 1.625E+00
 0.000E+00 0.000E+00 0.000E+00 0.000E+00
 0.000E+00 0.000E+00 0.000E+00 0.000E+00
 0.000E+00 0.000E+00 0.000E+00 0.000E+00
      13.992930     0.975584    0.302188
 6
       4
     2     2     2     2
     0     1     1     1
 1.710E+00 1.625E+00 1.625E+00 1.625E+00
 0.000E+00 0.000E+00 0.000E+00 0.000E+00
 0.000E+00 0.000E+00 0.000E+00 0.000E+00
 0.000E+00 0.000E+00 0.000E+00 0.000E+00
      16.842778     1.300564    0.491975
 6
       4
     2     2     2     2
     0     1     1     1
 1.710E+00 1.625E+00 1.625E+00 1.625E+00
 0.000E+00 0.000E+00 0.000E+00 0.000E+00
 0.000E+00 0.000E+00 0.000E+00 0.000E+00
 0.000E+00 0.000E+00 0.000E+00 0.000E+00
      19.013452     1.525098    0.320806
 6
       4
     2     2     2     2
     0     1     1     1
 1.710E+00 1.625E+00 1.625E+00 1.625E+00
 0.000E+00 0.000E+00 0.000E+00 0.000E+00
 0.000E+00 0.000E+00 0.000E+00 0.000E+00
 0.000E+00 0.000E+00 0.000E+00 0.000E+00
      21.875075     1.312214    0.224577
 6
       4
     2     2     2     2
     0     1     1     1
 1.710E+00 1.625E+00 1.625E+00 1.625E+00
 0.000E+00 0.000E+00 0.000E+00 0.000E+00
 0.000E+00 0.000E+00 0.000E+00 0.000E+00
 0.000E+00 0.000E+00 0.000E+00 0.000E+00
      23.188763     -0.663137    1.529979
 6
       4
     2     2     2     2
     0     1     1     1
 1.710E+00 1.625E+00 1.625E+00 1.625E+00
 0.000E+00 0.000E+00 0.000E+00 0.000E+00
 0.000E+00 0.000E+00 0.000E+00 0.000E+00
 0.000E+00 0.000E+00 0.000E+00 0.000E+00
      23.376882     2.963045    -1.249048
 6
       4
     2     2     2     2
     0     1     1     1
 1.710E+00 1.625E+00 1.625E+00 1.625E+00
 0.000E+00 0.000E+00 0.000E+00 0.000E+00
 0.000E+00 0.000E+00 0.000E+00 0.000E+00
 0.000E+00 0.000E+00 0.000E+00 0.000E+00
      26.012656     2.780940    -1.361262
 6
       4
     2     2     2     2
     0     1     1     1
 1.710E+00 1.625E+00 1.625E+00 1.625E+00
 0.000E+00 0.000E+00 0.000E+00 0.000E+00
 0.000E+00 0.000E+00 0.000E+00 0.000E+00
 0.000E+00 0.000E+00 0.000E+00 0.000E+00
      25.794367     -0.840890    1.448511
 6
       4
     2     2     2     2
     0     1     1     1
 1.710E+00 1.625E+00 1.625E+00 1.625E+00
 0.000E+00 0.000E+00 0.000E+00 0.000E+00
 0.000E+00 0.000E+00 0.000E+00 0.000E+00
 0.000E+00 0.000E+00 0.000E+00 0.000E+00
      27.345730     0.898472    -0.000712
 6
       4
     2     2     2     2
     0     1     1     1
 1.710E+00 1.625E+00 1.625E+00 1.625E+00
 0.000E+00 0.000E+00 0.000E+00 0.000E+00
 0.000E+00 0.000E+00 0.000E+00 0.000E+00
 0.000E+00 0.000E+00 0.000E+00 0.000E+00
      30.175337     0.485724    -0.186028
 6
       4
     2     2     2     2
     0     1     1     1
 1.710E+00 1.625E+00 1.625E+00 1.625E+00
 0.000E+00 0.000E+00 0.000E+00 0.000E+00
 0.000E+00 0.000E+00 0.000E+00 0.000E+00
 0.000E+00 0.000E+00 0.000E+00 0.000E+00
      32.248885     0.128528    -0.153393
 6
       4
     2     2     2     2
     0     1     1     1
 1.710E+00 1.625E+00 1.625E+00 1.625E+00
 0.000E+00 0.000E+00 0.000E+00 0.000E+00
 0.000E+00 0.000E+00 0.000E+00 0.000E+00
 0.000E+00 0.000E+00 0.000E+00 0.000E+00
      35.200234     -0.154833    0.044025
 6
       4
     2     2     2     2
     0     1     1     1
 1.710E+00 1.625E+00 1.625E+00 1.625E+00
 0.000E+00 0.000E+00 0.000E+00 0.000E+00
 0.000E+00 0.000E+00 0.000E+00 0.000E+00
 0.000E+00 0.000E+00 0.000E+00 0.000E+00
      36.528536     -2.353338    0.676582
 6
       4
     2     2     2     2
     0     1     1     1
 1.710E+00 1.625E+00 1.625E+00 1.625E+00
 0.000E+00 0.000E+00 0.000E+00 0.000E+00
 0.000E+00 0.000E+00 0.000E+00 0.000E+00
 0.000E+00 0.000E+00 0.000E+00 0.000E+00
      36.553431     2.074709    -0.627183
 6
       4
     2     2     2     2
     0     1     1     1
 1.710E+00 1.625E+00 1.625E+00 1.625E+00
 0.000E+00 0.000E+00 0.000E+00 0.000E+00
 0.000E+00 0.000E+00 0.000E+00 0.000E+00
 0.000E+00 0.000E+00 0.000E+00 0.000E+00
      39.169250     2.021410    -0.582243
 6
       4
     2     2     2     2
     0     1     1     1
 1.710E+00 1.625E+00 1.625E+00 1.625E+00
 0.000E+00 0.000E+00 0.000E+00 0.000E+00
 0.000E+00 0.000E+00 0.000E+00 0.000E+00
 0.000E+00 0.000E+00 0.000E+00 0.000E+00
      39.143272     -2.413477    0.652808
 6
       4
     2     2     2     2
     0     1     1     1
 1.710E+00 1.625E+00 1.625E+00 1.625E+00
 0.000E+00 0.000E+00 0.000E+00 0.000E+00
 0.000E+00 0.000E+00 0.000E+00 0.000E+00
 0.000E+00 0.000E+00 0.000E+00 0.000E+00
      40.499173     -0.237036    0.026405
 6
       4
     2     2     2     2
     0     1     1     1
 1.710E+00 1.625E+00 1.625E+00 1.625E+00
 0.000E+00 0.000E+00 0.000E+00 0.000E+00
 0.000E+00 0.000E+00 0.000E+00 0.000E+00
 0.000E+00 0.000E+00 0.000E+00 0.000E+00
      43.323956     -0.196409    -0.271901
 6
       4
     2     2     2     2
     0     1     1     1
 1.710E+00 1.625E+00 1.625E+00 1.625E+00
 0.000E+00 0.000E+00 0.000E+00 0.000E+00
 0.000E+00 0.000E+00 0.000E+00 0.000E+00
 0.000E+00 0.000E+00 0.000E+00 0.000E+00
      45.467678     -0.652135    -0.350340
 6
       4
     2     2     2     2
     0     1     1     1
 1.710E+00 1.625E+00 1.625E+00 1.625E+00
 0.000E+00 0.000E+00 0.000E+00 0.000E+00
 0.000E+00 0.000E+00 0.000E+00 0.000E+00
 0.000E+00 0.000E+00 0.000E+00 0.000E+00
      48.256264     -0.583982    -0.320354
 6
       4
     2     2     2     2
     0     1     1     1
 1.710E+00 1.625E+00 1.625E+00 1.625E+00
 0.000E+00 0.000E+00 0.000E+00 0.000E+00
 0.000E+00 0.000E+00 0.000E+00 0.000E+00
 0.000E+00 0.000E+00 0.000E+00 0.000E+00
      49.805422     -2.435836    0.850375
 6
       4
     2     2     2     2
     0     1     1     1
 1.710E+00 1.625E+00 1.625E+00 1.625E+00
 0.000E+00 0.000E+00 0.000E+00 0.000E+00
 0.000E+00 0.000E+00 0.000E+00 0.000E+00
 0.000E+00 0.000E+00 0.000E+00 0.000E+00
      49.514871     1.592385    -1.401810
 6
       4
     2     2     2     2
     0     1     1     1
 1.710E+00 1.625E+00 1.625E+00 1.625E+00
 0.000E+00 0.000E+00 0.000E+00 0.000E+00
 0.000E+00 0.000E+00 0.000E+00 0.000E+00
 0.000E+00 0.000E+00 0.000E+00 0.000E+00
      52.088335     1.892666    -1.305262
 6
       4
     2     2     2     2
     0     1     1     1
 1.710E+00 1.625E+00 1.625E+00 1.625E+00
 0.000E+00 0.000E+00 0.000E+00 0.000E+00
 0.000E+00 0.000E+00 0.000E+00 0.000E+00
 0.000E+00 0.000E+00 0.000E+00 0.000E+00
      52.456019     -2.315111    0.840480
 6
       4
     2     2     2     2
     0     1     1     1
 1.710E+00 1.625E+00 1.625E+00 1.625E+00
 0.000E+00 0.000E+00 0.000E+00 0.000E+00
 0.000E+00 0.000E+00 0.000E+00 0.000E+00
 0.000E+00 0.000E+00 0.000E+00 0.000E+00
      53.642183     -0.058646    -0.069776
 6
       4
     2     2     2     2
     0     1     1     1
 1.710E+00 1.625E+00 1.625E+00 1.625E+00
 0.000E+00 0.000E+00 0.000E+00 0.000E+00
 0.000E+00 0.000E+00 0.000E+00 0.000E+00
 0.000E+00 0.000E+00 0.000E+00 0.000E+00
      56.462926     0.194160    -0.055305
 1
       1
     1
     0
 1.300E+00
 0.000E+00
 0.000E+00
 0.000E+00
      -4.912777     1.976434    0.859440
 1
       1
     1
     0
 1.300E+00
 0.000E+00
 0.000E+00
 0.000E+00
      0.059636     3.086108    1.031193
 1
       1
     1
     0
 1.300E+00
 0.000E+00
 0.000E+00
 0.000E+00
      -6.440018     -2.095022    -0.628332
 1
       1
     1
     0
 1.300E+00
 0.000E+00
 0.000E+00
 0.000E+00
      -3.219840     -5.442277    -1.737006
 1
       1
     1
     0
 1.300E+00
 0.000E+00
 0.000E+00
 0.000E+00
      1.390831     -4.620930    -1.341316
 1
       1
     1
     0
 1.300E+00
 0.000E+00
 0.000E+00
 0.000E+00
      8.733182     4.323389    -1.113179
 1
       1
     1
     0
 1.300E+00
 0.000E+00
 0.000E+00
 0.000E+00
      9.360701     -3.603779    1.173622
 1
       1
     1
     0
 1.300E+00
 0.000E+00
 0.000E+00
 0.000E+00
      13.346114     4.888018    -0.887618
 1
       1
     1
     0
 1.300E+00
 0.000E+00
 0.000E+00
 0.000E+00
      14.116678     -3.093457    1.224488
 1
       1
     1
     0
 1.300E+00
 0.000E+00
 0.000E+00
 0.000E+00
      22.409098     4.460470    -2.331238
 1
       1
     1
     0
 1.300E+00
 0.000E+00
 0.000E+00
 0.000E+00
      27.056700     4.172691    -2.717080
 1
       1
     1
     0
 1.300E+00
 0.000E+00
 0.000E+00
 0.000E+00
      22.157470     -2.167714    2.648243
 1
       1
     1
     0
 1.300E+00
 0.000E+00
 0.000E+00
 0.000E+00
      26.781100     -2.389817    2.500236
 1
       1
     1
     0
 1.300E+00
 0.000E+00
 0.000E+00
 0.000E+00
      35.510939     3.902277    -1.132492
 1
       1
     1
     0
 1.300E+00
 0.000E+00
 0.000E+00
 0.000E+00
      35.434057     -4.123182    1.098898
 1
       1
     1
     0
 1.300E+00
 0.000E+00
 0.000E+00
 0.000E+00
      40.253293     3.677957    -1.131606
 1
       1
     1
     0
 1.300E+00
 0.000E+00
 0.000E+00
 0.000E+00
      40.212676     -4.105690    1.178059
 1
       1
     1
     0
 1.300E+00
 0.000E+00
 0.000E+00
 0.000E+00
      48.193680     2.823281    -2.403849
 1
       1
     1
     0
 1.300E+00
 0.000E+00
 0.000E+00
 0.000E+00
      48.912048     -4.100203    1.647835
 1
       1
     1
     0
 1.300E+00
 0.000E+00
 0.000E+00
 0.000E+00
      53.068343     3.477285    -2.106455
 1
       1
     1
     0
 1.300E+00
 0.000E+00
 0.000E+00
 0.000E+00
      53.576761     -3.955009    1.635501
 1
       1
     1
     0
 1.300E+00
 0.000E+00
 0.000E+00
 0.000E+00
      61.692429     4.188287    -1.410590
 1
       1
     1
     0
 1.300E+00
 0.000E+00
 0.000E+00
 0.000E+00
      61.710323     -3.743765    0.931952
 6
       4
     2     2     2     2
     0     1     1     1
 1.710E+00 1.625E+00 1.625E+00 1.625E+00
 0.000E+00 0.000E+00 0.000E+00 0.000E+00
 0.000E+00 0.000E+00 0.000E+00 0.000E+00
 0.000E+00 0.000E+00 0.000E+00 0.000E+00
      69.761584     0.357729    -0.259023
 1
       1
     1
     0
 1.300E+00
 0.000E+00
 0.000E+00
 0.000E+00
      66.426338     4.352213    -1.556382
 1
       1
     1
     0
 1.300E+00
 0.000E+00
 0.000E+00
 0.000E+00
      66.769883     -3.554497    0.992858
 6
       4
     2     2     2     2
     0     1     1     1
 1.710E+00 1.625E+00 1.625E+00 1.625E+00
 0.000E+00 0.000E+00 0.000E+00 0.000E+00
 0.000E+00 0.000E+00 0.000E+00 0.000E+00
 0.000E+00 0.000E+00 0.000E+00 0.000E+00
      58.617975     0.178071    -0.057091
 6
       4
     2     2     2     2
     0     1     1     1
 1.710E+00 1.625E+00 1.625E+00 1.625E+00
 0.000E+00 0.000E+00 0.000E+00 0.000E+00
 0.000E+00 0.000E+00 0.000E+00 0.000E+00
 0.000E+00 0.000E+00 0.000E+00 0.000E+00
      61.473487     0.293074    -0.195005
 6
       4
     2     2     2     2
     0     1     1     1
 1.710E+00 1.625E+00 1.625E+00 1.625E+00
 0.000E+00 0.000E+00 0.000E+00 0.000E+00
 0.000E+00 0.000E+00 0.000E+00 0.000E+00
 0.000E+00 0.000E+00 0.000E+00 0.000E+00
      62.903963     -1.962193    0.543001
 6
       4
     2     2     2     2
     0     1     1     1
 1.710E+00 1.625E+00 1.625E+00 1.625E+00
 0.000E+00 0.000E+00 0.000E+00 0.000E+00
 0.000E+00 0.000E+00 0.000E+00 0.000E+00
 0.000E+00 0.000E+00 0.000E+00 0.000E+00
      62.768141     2.531794    -0.863548
 6
       4
     2     2     2     2
     0     1     1     1
 1.710E+00 1.625E+00 1.625E+00 1.625E+00
 0.000E+00 0.000E+00 0.000E+00 0.000E+00
 0.000E+00 0.000E+00 0.000E+00 0.000E+00
 0.000E+00 0.000E+00 0.000E+00 0.000E+00
      65.447353     2.524175    -0.882064
 6
       4
     2     2     2     2
     0     1     1     1
 1.710E+00 1.625E+00 1.625E+00 1.625E+00
 0.000E+00 0.000E+00 0.000E+00 0.000E+00
 0.000E+00 0.000E+00 0.000E+00 0.000E+00
 0.000E+00 0.000E+00 0.000E+00 0.000E+00
      65.477617     -1.926313    0.522033
 6
       4
     2     2     2     2
     0     1     1     1
 1.710E+00 1.625E+00 1.625E+00 1.625E+00
 0.000E+00 0.000E+00 0.000E+00 0.000E+00
 0.000E+00 0.000E+00 0.000E+00 0.000E+00
 0.000E+00 0.000E+00 0.000E+00 0.000E+00
      66.902126     0.384916    -0.172676
 6
       4
     2     2     2     2
     0     1     1     1
 1.710E+00 1.625E+00 1.625E+00 1.625E+00
 0.000E+00 0.000E+00 0.000E+00 0.000E+00
 0.000E+00 0.000E+00 0.000E+00 0.000E+00
 0.000E+00 0.000E+00 0.000E+00 0.000E+00
      80.047196     -0.193837    0.587045
 6
       4
     2     2     2     2
     0     1     1     1
 1.710E+00 1.625E+00 1.625E+00 1.625E+00
 0.000E+00 0.000E+00 0.000E+00 0.000E+00
 0.000E+00 0.000E+00 0.000E+00 0.000E+00
 0.000E+00 0.000E+00 0.000E+00 0.000E+00
      78.889403     2.153598    0.051856
 6
       4
     2     2     2     2
     0     1     1     1
 1.710E+00 1.625E+00 1.625E+00 1.625E+00
 0.000E+00 0.000E+00 0.000E+00 0.000E+00
 0.000E+00 0.000E+00 0.000E+00 0.000E+00
 0.000E+00 0.000E+00 0.000E+00 0.000E+00
      78.579729     -2.405818    0.982623
 6
       4
     2     2     2     2
     0     1     1     1
 1.710E+00 1.625E+00 1.625E+00 1.625E+00
 0.000E+00 0.000E+00 0.000E+00 0.000E+00
 0.000E+00 0.000E+00 0.000E+00 0.000E+00
 0.000E+00 0.000E+00 0.000E+00 0.000E+00
      76.294506     2.275096    -0.121097
 6
       4
     2     2     2     2
     0     1     1     1
 1.710E+00 1.625E+00 1.625E+00 1.625E+00
 0.000E+00 0.000E+00 0.000E+00 0.000E+00
 0.000E+00 0.000E+00 0.000E+00 0.000E+00
 0.000E+00 0.000E+00 0.000E+00 0.000E+00
      74.739840     0.100879    0.228370
 6
       4
     2     2     2     2
     0     1     1     1
 1.710E+00 1.625E+00 1.625E+00 1.625E+00
 0.000E+00 0.000E+00 0.000E+00 0.000E+00
 0.000E+00 0.000E+00 0.000E+00 0.000E+00
 0.000E+00 0.000E+00 0.000E+00 0.000E+00
      75.966289     -2.245425    0.824000
 6
       4
     2     2     2     2
     0     1     1     1
 1.710E+00 1.625E+00 1.625E+00 1.625E+00
 0.000E+00 0.000E+00 0.000E+00 0.000E+00
 0.000E+00 0.000E+00 0.000E+00 0.000E+00
 0.000E+00 0.000E+00 0.000E+00 0.000E+00
      82.898069     -0.200141    0.579046
 6
       4
     2     2     2     2
     0     1     1     1
 1.710E+00 1.625E+00 1.625E+00 1.625E+00
 0.000E+00 0.000E+00 0.000E+00 0.000E+00
 0.000E+00 0.000E+00 0.000E+00 0.000E+00
 0.000E+00 0.000E+00 0.000E+00 0.000E+00
      85.030526     -0.140613    0.426640
 6
       4
     2     2     2     2
     0     1     1     1
 1.710E+00 1.625E+00 1.625E+00 1.625E+00
 0.000E+00 0.000E+00 0.000E+00 0.000E+00
 0.000E+00 0.000E+00 0.000E+00 0.000E+00
 0.000E+00 0.000E+00 0.000E+00 0.000E+00
      87.848248     0.069992    0.047474
 6
       4
     2     2     2     2
     0     1     1     1
 1.710E+00 1.625E+00 1.625E+00 1.625E+00
 0.000E+00 0.000E+00 0.000E+00 0.000E+00
 0.000E+00 0.000E+00 0.000E+00 0.000E+00
 0.000E+00 0.000E+00 0.000E+00 0.000E+00
      89.134886     2.315546    -0.863939
 6
       4
     2     2     2     2
     0     1     1     1
 1.710E+00 1.625E+00 1.625E+00 1.625E+00
 0.000E+00 0.000E+00 0.000E+00 0.000E+00
 0.000E+00 0.000E+00 0.000E+00 0.000E+00
 0.000E+00 0.000E+00 0.000E+00 0.000E+00
      89.333820     -2.094939    0.583351
 6
       4
     2     2     2     2
     0     1     1     1
 1.710E+00 1.625E+00 1.625E+00 1.625E+00
 0.000E+00 0.000E+00 0.000E+00 0.000E+00
 0.000E+00 0.000E+00 0.000E+00 0.000E+00
 0.000E+00 0.000E+00 0.000E+00 0.000E+00
      91.746830     2.374960    -1.006493
 6
       4
     2     2     2     2
     0     1     1     1
 1.710E+00 1.625E+00 1.625E+00 1.625E+00
 0.000E+00 0.000E+00 0.000E+00 0.000E+00
 0.000E+00 0.000E+00 0.000E+00 0.000E+00
 0.000E+00 0.000E+00 0.000E+00 0.000E+00
      91.905559     -1.962836    0.542249
 6
       4
     2     2     2     2
     0     1     1     1
 1.710E+00 1.625E+00 1.625E+00 1.625E+00
 0.000E+00 0.000E+00 0.000E+00 0.000E+00
 0.000E+00 0.000E+00 0.000E+00 0.000E+00
 0.000E+00 0.000E+00 0.000E+00 0.000E+00
      93.227029     0.301870    -0.134097
 6
       4
     2     2     2     2
     0     1     1     1
 1.710E+00 1.625E+00 1.625E+00 1.625E+00
 0.000E+00 0.000E+00 0.000E+00 0.000E+00
 0.000E+00 0.000E+00 0.000E+00 0.000E+00
 0.000E+00 0.000E+00 0.000E+00 0.000E+00
      96.082944     0.270095    -0.255115
 6
       4
     2     2     2     2
     0     1     1     1
 1.710E+00 1.625E+00 1.625E+00 1.625E+00
 0.000E+00 0.000E+00 0.000E+00 0.000E+00
 0.000E+00 0.000E+00 0.000E+00 0.000E+00
 0.000E+00 0.000E+00 0.000E+00 0.000E+00
      98.248738     0.400391    -0.191046
 6
       4
     2     2     2     2
     0     1     1     1
 1.710E+00 1.625E+00 1.625E+00 1.625E+00
 0.000E+00 0.000E+00 0.000E+00 0.000E+00
 0.000E+00 0.000E+00 0.000E+00 0.000E+00
 0.000E+00 0.000E+00 0.000E+00 0.000E+00
      101.092005     0.498920    -0.062932
 6
       4
     2     2     2     2
     0     1     1     1
 1.710E+00 1.625E+00 1.625E+00 1.625E+00
 0.000E+00 0.000E+00 0.000E+00 0.000E+00
 0.000E+00 0.000E+00 0.000E+00 0.000E+00
 0.000E+00 0.000E+00 0.000E+00 0.000E+00
      102.503970     -1.673248    0.704359
 6
       4
     2     2     2     2
     0     1     1     1
 1.710E+00 1.625E+00 1.625E+00 1.625E+00
 0.000E+00 0.000E+00 0.000E+00 0.000E+00
 0.000E+00 0.000E+00 0.000E+00 0.000E+00
 0.000E+00 0.000E+00 0.000E+00 0.000E+00
      102.398134     2.707066    -0.763600
 6
       4
     2     2     2     2
     0     1     1     1
 1.710E+00 1.625E+00 1.625E+00 1.625E+00
 0.000E+00 0.000E+00 0.000E+00 0.000E+00
 0.000E+00 0.000E+00 0.000E+00 0.000E+00
 0.000E+00 0.000E+00 0.000E+00 0.000E+00
      104.980934     2.962074    -0.459311
 6
       4
     2     2     2     2
     0     1     1     1
 1.710E+00 1.625E+00 1.625E+00 1.625E+00
 0.000E+00 0.000E+00 0.000E+00 0.000E+00
 0.000E+00 0.000E+00 0.000E+00 0.000E+00
 0.000E+00 0.000E+00 0.000E+00 0.000E+00
      105.143470     -1.530585    0.962481
 6
       4
     2     2     2     2
     0     1     1     1
 1.710E+00 1.625E+00 1.625E+00 1.625E+00
 0.000E+00 0.000E+00 0.000E+00 0.000E+00
 0.000E+00 0.000E+00 0.000E+00 0.000E+00
 0.000E+00 0.000E+00 0.000E+00 0.000E+00
      106.445988     0.842697    0.329296
 6
       4
     2     2     2     2
     0     1     1     1
 1.710E+00 1.625E+00 1.625E+00 1.625E+00
 0.000E+00 0.000E+00 0.000E+00 0.000E+00
 0.000E+00 0.000E+00 0.000E+00 0.000E+00
 0.000E+00 0.000E+00 0.000E+00 0.000E+00
      109.323103     0.935594    0.245354
 6
       4
     2     2     2     2
     0     1     1     1
 1.710E+00 1.625E+00 1.625E+00 1.625E+00
 0.000E+00 0.000E+00 0.000E+00 0.000E+00
 0.000E+00 0.000E+00 0.000E+00 0.000E+00
 0.000E+00 0.000E+00 0.000E+00 0.000E+00
      111.457112     1.011000    0.105895
 6
       4
     2     2     2     2
     0     1     1     1
 1.710E+00 1.625E+00 1.625E+00 1.625E+00
 0.000E+00 0.000E+00 0.000E+00 0.000E+00
 0.000E+00 0.000E+00 0.000E+00 0.000E+00
 0.000E+00 0.000E+00 0.000E+00 0.000E+00
      114.335641     0.848871    -0.194793
 6
       4
     2     2     2     2
     0     1     1     1
 1.710E+00 1.625E+00 1.625E+00 1.625E+00
 0.000E+00 0.000E+00 0.000E+00 0.000E+00
 0.000E+00 0.000E+00 0.000E+00 0.000E+00
 0.000E+00 0.000E+00 0.000E+00 0.000E+00
      115.496273     -1.505722    -0.705393
 6
       4
     2     2     2     2
     0     1     1     1
 1.710E+00 1.625E+00 1.625E+00 1.625E+00
 0.000E+00 0.000E+00 0.000E+00 0.000E+00
 0.000E+00 0.000E+00 0.000E+00 0.000E+00
 0.000E+00 0.000E+00 0.000E+00 0.000E+00
      115.890065     2.952440    0.426398
 6
       4
     2     2     2     2
     0     1     1     1
 1.710E+00 1.625E+00 1.625E+00 1.625E+00
 0.000E+00 0.000E+00 0.000E+00 0.000E+00
 0.000E+00 0.000E+00 0.000E+00 0.000E+00
 0.000E+00 0.000E+00 0.000E+00 0.000E+00
      118.502447     2.743124    0.592554
 6
       4
     2     2     2     2
     0     1     1     1
 1.710E+00 1.625E+00 1.625E+00 1.625E+00
 0.000E+00 0.000E+00 0.000E+00 0.000E+00
 0.000E+00 0.000E+00 0.000E+00 0.000E+00
 0.000E+00 0.000E+00 0.000E+00 0.000E+00
      118.165713     -1.762275    -0.479087
 6
       4
     2     2     2     2
     0     1     1     1
 1.710E+00 1.625E+00 1.625E+00 1.625E+00
 0.000E+00 0.000E+00 0.000E+00 0.000E+00
 0.000E+00 0.000E+00 0.000E+00 0.000E+00
 0.000E+00 0.000E+00 0.000E+00 0.000E+00
      119.698222     0.364114    0.044917
 6
       4
     2     2     2     2
     0     1     1     1
 1.710E+00 1.625E+00 1.625E+00 1.625E+00
 0.000E+00 0.000E+00 0.000E+00 0.000E+00
 0.000E+00 0.000E+00 0.000E+00 0.000E+00
 0.000E+00 0.000E+00 0.000E+00 0.000E+00
      122.598069     0.130427    0.045748
 6
       4
     2     2     2     2
     0     1     1     1
 1.710E+00 1.625E+00 1.625E+00 1.625E+00
 0.000E+00 0.000E+00 0.000E+00 0.000E+00
 0.000E+00 0.000E+00 0.000E+00 0.000E+00
 0.000E+00 0.000E+00 0.000E+00 0.000E+00
      124.723941     0.084824    0.001744
 6
       4
     2     2     2     2
     0     1     1     1
 1.710E+00 1.625E+00 1.625E+00 1.625E+00
 0.000E+00 0.000E+00 0.000E+00 0.000E+00
 0.000E+00 0.000E+00 0.000E+00 0.000E+00
 0.000E+00 0.000E+00 0.000E+00 0.000E+00
      127.534255     -0.027004    -0.154729
 6
       4
     2     2     2     2
     0     1     1     1
 1.710E+00 1.625E+00 1.625E+00 1.625E+00
 0.000E+00 0.000E+00 0.000E+00 0.000E+00
 0.000E+00 0.000E+00 0.000E+00 0.000E+00
 0.000E+00 0.000E+00 0.000E+00 0.000E+00
      128.676282     -2.329212    -0.990443
 6
       4
     2     2     2     2
     0     1     1     1
 1.710E+00 1.625E+00 1.625E+00 1.625E+00
 0.000E+00 0.000E+00 0.000E+00 0.000E+00
 0.000E+00 0.000E+00 0.000E+00 0.000E+00
 0.000E+00 0.000E+00 0.000E+00 0.000E+00
      128.999081     2.043527    0.655295
 6
       4
     2     2     2     2
     0     1     1     1
 1.710E+00 1.625E+00 1.625E+00 1.625E+00
 0.000E+00 0.000E+00 0.000E+00 0.000E+00
 0.000E+00 0.000E+00 0.000E+00 0.000E+00
 0.000E+00 0.000E+00 0.000E+00 0.000E+00
      131.568198     1.821885    0.783826
 6
       4
     2     2     2     2
     0     1     1     1
 1.710E+00 1.625E+00 1.625E+00 1.625E+00
 0.000E+00 0.000E+00 0.000E+00 0.000E+00
 0.000E+00 0.000E+00 0.000E+00 0.000E+00
 0.000E+00 0.000E+00 0.000E+00 0.000E+00
      131.262342     -2.586508    -0.877320
 6
       4
     2     2     2     2
     0     1     1     1
 1.710E+00 1.625E+00 1.625E+00 1.625E+00
 0.000E+00 0.000E+00 0.000E+00 0.000E+00
 0.000E+00 0.000E+00 0.000E+00 0.000E+00
 0.000E+00 0.000E+00 0.000E+00 0.000E+00
      132.763374     -0.481525    0.038811
 6
       4
     2     2     2     2
     0     1     1     1
 1.710E+00 1.625E+00 1.625E+00 1.625E+00
 0.000E+00 0.000E+00 0.000E+00 0.000E+00
 0.000E+00 0.000E+00 0.000E+00 0.000E+00
 0.000E+00 0.000E+00 0.000E+00 0.000E+00
      135.447743     -0.821897    0.334461
 1
       1
     1
     0
 1.300E+00
 0.000E+00
 0.000E+00
 0.000E+00
      75.252825     4.180218    -0.519372
 1
       1
     1
     0
 1.300E+00
 0.000E+00
 0.000E+00
 0.000E+00
      79.943025     3.905884    -0.283793
 6
       4
     2     2     2     2
     0     1     1     1
 1.710E+00 1.625E+00 1.625E+00 1.625E+00
 0.000E+00 0.000E+00 0.000E+00 0.000E+00
 0.000E+00 0.000E+00 0.000E+00 0.000E+00
 0.000E+00 0.000E+00 0.000E+00 0.000E+00
      71.965191     0.311899    -0.000403
 1
       1
     1
     0
 1.300E+00
 0.000E+00
 0.000E+00
 0.000E+00
      74.714510     -3.999565    1.018498
 1
       1
     1
     0
 1.300E+00
 0.000E+00
 0.000E+00
 0.000E+00
      79.580388     -4.063145    1.420894
 1
       1
     1
     0
 1.300E+00
 0.000E+00
 0.000E+00
 0.000E+00
      87.905300     4.064098    -1.372771
 1
       1
     1
     0
 1.300E+00
 0.000E+00
 0.000E+00
 0.000E+00
      88.394824     -3.893253    1.219899
 1
       1
     1
     0
 1.300E+00
 0.000E+00
 0.000E+00
 0.000E+00
      92.728170     4.159803    -1.646259
 1
       1
     1
     0
 1.300E+00
 0.000E+00
 0.000E+00
 0.000E+00
      93.137451     -3.602449    1.151824
 1
       1
     1
     0
 1.300E+00
 0.000E+00
 0.000E+00
 0.000E+00
      101.263095     4.443417    -1.487785
 1
       1
     1
     0
 1.300E+00
 0.000E+00
 0.000E+00
 0.000E+00
      106.104361     4.617510    -0.926680
 1
       1
     1
     0
 1.300E+00
 0.000E+00
 0.000E+00
 0.000E+00
      101.533267     -3.426512    1.185852
 1
       1
     1
     0
 1.300E+00
 0.000E+00
 0.000E+00
 0.000E+00
      106.262734     -3.152422    1.561594
 1
       1
     1
     0
 1.300E+00
 0.000E+00
 0.000E+00
 0.000E+00
      114.896453     4.791338    0.791175
 1
       1
     1
     0
 1.300E+00
 0.000E+00
 0.000E+00
 0.000E+00
      114.462731     -3.172172    -1.206437
 1
       1
     1
     0
 1.300E+00
 0.000E+00
 0.000E+00
 0.000E+00
      119.770712     4.379109    1.172889
 1
       1
     1
     0
 1.300E+00
 0.000E+00
 0.000E+00
 0.000E+00
      118.980121     -3.554541    -0.886076
 1
       1
     1
     0
 1.300E+00
 0.000E+00
 0.000E+00
 0.000E+00
      128.228285     3.947254    1.342119
 1
       1
     1
     0
 1.300E+00
 0.000E+00
 0.000E+00
 0.000E+00
      127.475356     -3.982524    -1.730583
 1
       1
     1
     0
 1.300E+00
 0.000E+00
 0.000E+00
 0.000E+00
      132.898756     3.405288    1.479166
 1
       1
     1
     0
 1.300E+00
 0.000E+00
 0.000E+00
 0.000E+00
      132.405320     -4.243763    -1.352420
 1
       1
     1
     0
 1.300E+00
 0.000E+00
 0.000E+00
 0.000E+00
      140.875968     1.927759    3.101441
 1
       1
     1
     0
 1.300E+00
 0.000E+00
 0.000E+00
 0.000E+00
      140.849213     -4.541839    -2.365525
 1
       1
     1
     0
 1.300E+00
 0.000E+00
 0.000E+00
 0.000E+00
      148.216831     -1.181663    0.326348
 1
       1
     1
     0
 1.300E+00
 0.000E+00
 0.000E+00
 0.000E+00
      145.557905     1.734460    2.947345
 1
       1
     1
     0
 1.300E+00
 0.000E+00
 0.000E+00
 0.000E+00
      145.483375     -4.559525    -2.376172
 6
       4
     2     2     2     2
     0     1     1     1
 1.710E+00 1.625E+00 1.625E+00 1.625E+00
 0.000E+00 0.000E+00 0.000E+00 0.000E+00
 0.000E+00 0.000E+00 0.000E+00 0.000E+00
 0.000E+00 0.000E+00 0.000E+00 0.000E+00
      137.631231     -1.085776    0.429847
 6
       4
     2     2     2     2
     0     1     1     1
 1.710E+00 1.625E+00 1.625E+00 1.625E+00
 0.000E+00 0.000E+00 0.000E+00 0.000E+00
 0.000E+00 0.000E+00 0.000E+00 0.000E+00
 0.000E+00 0.000E+00 0.000E+00 0.000E+00
      140.442708     -1.285904    0.357260
 6
       4
     2     2     2     2
     0     1     1     1
 1.710E+00 1.625E+00 1.625E+00 1.625E+00
 0.000E+00 0.000E+00 0.000E+00 0.000E+00
 0.000E+00 0.000E+00 0.000E+00 0.000E+00
 0.000E+00 0.000E+00 0.000E+00 0.000E+00
      141.810560     -3.032986    -1.169241
 6
       4
     2     2     2     2
     0     1     1     1
 1.710E+00 1.625E+00 1.625E+00 1.625E+00
 0.000E+00 0.000E+00 0.000E+00 0.000E+00
 0.000E+00 0.000E+00 0.000E+00 0.000E+00
 0.000E+00 0.000E+00 0.000E+00 0.000E+00
      141.924584     0.440911    1.883458
 6
       4
     2     2     2     2
     0     1     1     1
 1.710E+00 1.625E+00 1.625E+00 1.625E+00
 0.000E+00 0.000E+00 0.000E+00 0.000E+00
 0.000E+00 0.000E+00 0.000E+00 0.000E+00
 0.000E+00 0.000E+00 0.000E+00 0.000E+00
      144.561561     0.415033    1.755933
 6
       4
     2     2     2     2
     0     1     1     1
 1.710E+00 1.625E+00 1.625E+00 1.625E+00
 0.000E+00 0.000E+00 0.000E+00 0.000E+00
 0.000E+00 0.000E+00 0.000E+00 0.000E+00
 0.000E+00 0.000E+00 0.000E+00 0.000E+00
      144.470621     -3.023080    -1.205273
 6
       4
     2     2     2     2
     0     1     1     1
 1.710E+00 1.625E+00 1.625E+00 1.625E+00
 0.000E+00 0.000E+00 0.000E+00 0.000E+00
 0.000E+00 0.000E+00 0.000E+00 0.000E+00
 0.000E+00 0.000E+00 0.000E+00 0.000E+00
      145.732671     -1.254077    0.192943
# LCAO coefficients .. are not included.
         1
        1        0.000196285198108   k=         1
        2        -0.000750772446669   k=         1
        3        0.002758252912030   k=         1
        4        -0.023894369362909   k=         1
        5        -0.001541193610009   k=         1
        6        -0.005118514490953   k=         1
        7        0.010149491256946   k=         1
        8        -0.023119091282605   k=         1
        9        0.001342569100130   k=         1
        10        0.001791216864531   k=         1
        11        0.010701991835775   k=         1
        12        -0.018376358858536   k=         1
        13        0.000515415346955   k=         1
        14        0.001325666449213   k=         1
        15        -0.002588704682656   k=         1
        16        0.007384812217717   k=         1
        17        0.000022819196851   k=         1
        18        -0.001661224818194   k=         1
        19        -0.008839893730095   k=         1
        20        0.026837324995411   k=         1
        21        -0.000483016418079   k=         1
        22        -0.000685971789814   k=         1
        23        -0.004180817342965   k=         1
        24        0.008263173449619   k=         1
        25        0.001365404772158   k=         1
        26        -0.000994996973433   k=         1
        27        0.008185542140700   k=         1
        28        0.038585406901016   k=         1
        29        -0.001519275753812   k=         1
        30        -0.001103294046716   k=         1
        31        0.001441753275296   k=         1
        32        0.027518634025822   k=         1
        33        0.000399222384817   k=         1
        34        0.003526522340400   k=         1
        35        -0.013960248830568   k=         1
        36        -0.052532163329200   k=         1
        37        -0.000498630171467   k=         1
        38        -0.001633113154068   k=         1
        39        -0.008677925004255   k=         1
        40        -0.027275010492691   k=         1
        41        -0.000700899155532   k=         1
        42        0.000690079452038   k=         1
        43        -0.008154867455061   k=         1
        44        -0.026369689602427   k=         1
        45        0.000704669058923   k=         1
        46        0.001569543657847   k=         1
        47        0.006710920419151   k=         1
        48        0.035137283588226   k=         1
        49        -0.001369118268068   k=         1
        50        -0.003160588228661   k=         1
        51        0.006526244674624   k=         1
        52        0.040496543937180   k=         1
        53        0.000267050953036   k=         1
        54        -0.011262093022434   k=         1
        55        0.015465883263119   k=         1
        56        0.048840734496985   k=         1
        57        -0.002209916952247   k=         1
        58        0.007968635608720   k=         1
        59        -0.029949922307374   k=         1
        60        -0.048300721925983   k=         1
        61        -0.000481252008493   k=         1
        62        -0.007924125867989   k=         1
        63        -0.020226426952425   k=         1
        64        -0.041142488989029   k=         1
        65        -0.000415202165391   k=         1
        66        0.012764904580589   k=         1
        67        0.045773573520154   k=         1
        68        0.065444447458251   k=         1
        69        0.000797101345379   k=         1
        70        -0.002026873297273   k=         1
        71        0.025478902393176   k=         1
        72        0.030848615276713   k=         1
        73        -0.001288903331971   k=         1
        74        0.000708826716312   k=         1
        75        0.030630404540606   k=         1
        76        0.035667326412199   k=         1
        77        0.000802457828829   k=         1
        78        0.001037900890701   k=         1
        79        -0.036427726542355   k=         1
        80        -0.035608214044455   k=         1
        81        -0.002077300188928   k=         1
        82        -0.002110485374900   k=         1
        83        -0.032435581670369   k=         1
        84        -0.038316445033791   k=         1
        85        -0.001339861888586   k=         1
        86        -0.012267412018716   k=         1
        87        -0.043915305282177   k=         1
        88        -0.063739198446611   k=         1
        89        -0.001842927283674   k=         1
        90        0.009380919414377   k=         1
        91        0.022096649096930   k=         1
        92        0.059384084992981   k=         1
        93        0.000152242246078   k=         1
        94        0.001155353972532   k=         1
        95        0.029094332079211   k=         1
        96        0.049056337261943   k=         1
        97        -0.002043151636997   k=         1
        98        0.006563021900951   k=         1
        99        -0.033795486893319   k=         1
        100        -0.103245651577794   k=         1
        101        0.002372017147166   k=         1
        102        0.002619568681812   k=         1
        103        -0.010087499569336   k=         1
        104        -0.053414205743200   k=         1
        105        0.000470924823089   k=         1
        106        0.004990862161544   k=         1
        107        -0.011520550910159   k=         1
        108        -0.047984592492004   k=         1
        109        0.000569102956183   k=         1
        110        -0.000504806068062   k=         1
        111        0.020619679505380   k=         1
        112        0.067499276610884   k=         1
        113        -0.003199600033316   k=         1
        114        -0.003327812459054   k=         1
        115        0.015429445964517   k=         1
        116        0.072044686208095   k=         1
        117        0.002305417958114   k=         1
        118        0.015507537408307   k=         1
        119        0.028439755711581   k=         1
        120        0.092417343681941   k=         1
        121        -0.001599940039770   k=         1
        122        -0.020146577875875   k=         1
        123        -0.043979368826329   k=         1
        124        -0.094798561897404   k=         1
        125        0.003222850104442   k=         1
        126        -0.000085766280912   k=         1
        127        -0.030798210813486   k=         1
        128        -0.081531691525357   k=         1
        129        -0.001748690174449   k=         1
        130        -0.012708923457916   k=         1
        131        0.065414704778088   k=         1
        132        0.122751815385985   k=         1
        133        0.004218672802534   k=         1
        134        -0.002787198944340   k=         1
        135        0.045468581913100   k=         1
        136        0.074409218311409   k=         1
        137        0.000211318641855   k=         1
        138        -0.007743703350112   k=         1
        139        0.041064220417795   k=         1
        140        0.060765400926171   k=         1
        141        0.000584694577965   k=         1
        142        0.008328463503579   k=         1
        143        -0.041196200419867   k=         1
        144        -0.066986606313291   k=         1
        145        0.000533086593190   k=         1
        146        -0.001653040953649   k=         1
        147        -0.037708006702744   k=         1
        148        -0.077816443769855   k=         1
        149        -0.002627259391140   k=         1
        150        0.015350583603444   k=         1
        151        -0.057351911131905   k=         1
        152        -0.128501033629790   k=         1
        153        0.001755503056285   k=         1
        154        -0.005925444509656   k=         1
        155        0.029900967838044   k=         1
        156        0.082046547284517   k=         1
        157        -0.002141842261972   k=         1
        158        0.001271110237030   k=         1
        159        0.000491000846784   k=         1
        160        0.001726078627723   k=         1
        161        -0.001129687351078   k=         1
        162        0.001652305685519   k=         1
        163        -0.000802060310737   k=         1
        164        0.000950982097358   k=         1
        165        0.001946125008546   k=         1
        166        0.004390515248780   k=         1
        167        -0.000732722463964   k=         1
        168        -0.000240010927904   k=         1
        169        0.003088207421159   k=         1
        170        0.000322859639853   k=         1
        171        -0.003266301065071   k=         1
        172        -0.003029439995571   k=         1
        173        0.000326048736546   k=         1
        174        0.001892861607721   k=         1
        175        -0.002429532267632   k=         1
        176        -0.003902816485063   k=         1
        177        0.000624396578656   k=         1
        178        -0.000780014550910   k=         1
        179        -0.001699954084225   k=         1
        180        0.003582226244920   k=         1
        181        -0.000182511841869   k=         1
        182        -0.016573572060159   k=         1
        183        -0.063086996326325   k=         1
        184        -0.002662848422468   k=         1
        185        -0.000294527599799   k=         1
        186        0.000524129395223   k=         1
        187        0.007124256632733   k=         1
        188        0.039007997011946   k=         1
        189        0.091295727399331   k=         1
        190        0.002642475857961   k=         1
        191        -0.006228414699277   k=         1
        192        -0.035668102650965   k=         1
        193        -0.106431765940225   k=         1
        194        -0.000674585035429   k=         1
        195        0.003719996659700   k=         1
        196        -0.016611693584775   k=         1
        197        -0.062775974905500   k=         1
        198        -0.001484243746727   k=         1
        199        0.005482201431953   k=         1
        200        -0.021206476394896   k=         1
        201        -0.079975453450523   k=         1
        202        0.000809765044346   k=         1
        203        -0.003194296269902   k=         1
        204        0.022923622078168   k=         1
        205        0.064464920135433   k=         1
        206        0.000748468860343   k=         1
        207        -0.002220165781084   k=         1
        208        0.015844426525091   k=         1
        209        0.054754853774946   k=         1
        210        0.001534804733954   k=         1
        211        0.005336988024101   k=         1
        212        0.036744864399883   k=         1
        213        0.113939844692291   k=         1
        214        0.000205524742366   k=         1
        215        0.002898207751843   k=         1
        216        -0.016952476746109   k=         1
        217        -0.075993255437010   k=         1
        218        0.000088525976453   k=         1
        219        0.000618036431823   k=         1
        220        -0.006632946722988   k=         1
        221        -0.033106594584321   k=         1
        222        0.000727240601756   k=         1
        223        0.000843909576248   k=         1
        224        -0.006435060285046   k=         1
        225        -0.033093253628401   k=         1
        226        0.000172318635535   k=         1
        227        -0.003100864818764   k=         1
        228        0.009128489795269   k=         1
        229        0.054047241424538   k=         1
        230        0.000590560398002   k=         1
        231        -0.008469267080216   k=         1
        232        0.016613568074581   k=         1
        233        0.065613732068042   k=         1
        234        -0.000370333668846   k=         1
        235        -0.002031788774747   k=         1
        236        0.007267416182232   k=         1
        237        0.055463806125806   k=         1
        238        0.000026163165212   k=         1
        239        -0.000480335837239   k=         1
        240        0.006932975960633   k=         1
        241        0.028745445332382   k=         1
        242        0.001013770107235   k=         1
        243        0.007056997155348   k=         1
        244        0.010223026079068   k=         1
        245        0.045035715413512   k=         1
        246        -0.000180904696077   k=         1
        247        -0.005941085091292   k=         1
        248        -0.009036374176146   k=         1
        249        -0.030535171775299   k=         1
        250        0.000445364744738   k=         1
        251        -0.001566902644768   k=         1
        252        -0.010232157894082   k=         1
        253        -0.027772037355448   k=         1
        254        0.000123899725184   k=         1
        255        0.001495435312244   k=         1
        256        -0.008942179009943   k=         1
        257        -0.025111844422317   k=         1
        258        -0.000271653832595   k=         1
        259        -0.000657251999638   k=         1
        260        0.005545045422246   k=         1
        261        0.013630528531922   k=         1
        262        0.000153376598438   k=         1
        263        -0.002163620004804   k=         1
        264        0.004788884788912   k=         1
        265        0.015458456933227   k=         1
        266        0.001507106524005   k=         1
        267        0.000282973296010   k=         1
        268        0.013659395006574   k=         1
        269        0.037158596735370   k=         1
        270        0.000466946441028   k=         1
        271        -0.000317318678140   k=         1
        272        -0.004384009172100   k=         1
        273        -0.012050007542808   k=         1
        274        -0.000438574818303   k=         1
        275        0.000822519784722   k=         1
        276        -0.008022892192251   k=         1
        277        -0.021562128903982   k=         1
        278        0.000329038054331   k=         1
        279        -0.000745264613685   k=         1
        280        0.004077563890118   k=         1
        281        0.012021143419143   k=         1
        282        -0.000222202714840   k=         1
        283        -0.001454266702594   k=         1
        284        0.003531610883600   k=         1
        285        0.011371907353276   k=         1
        286        -0.000333314524022   k=         1
        287        -0.002329753157415   k=         1
        288        0.004227428445400   k=         1
        289        0.012000963516096   k=         1
        290        -0.000024352705122   k=         1
        291        0.001499843025947   k=         1
        292        -0.002420861492384   k=         1
        293        -0.005697257990540   k=         1
        294        -0.000112639716886   k=         1
        295        0.000771225151037   k=         1
        296        -0.002114432533883   k=         1
        297        -0.006302380632630   k=         1
        298        -0.000056683899328   k=         1
        299        0.000319014335914   k=         1
        300        -0.004759098799070   k=         1
        301        -0.016612096642377   k=         1
        302        -0.000245935173688   k=         1
        303        0.000478704251660   k=         1
        304        0.000064180133997   k=         1
        305        0.005411274397572   k=         1
        306        0.000388732374989   k=         1
        307        0.001460453409464   k=         1
        308        0.002249278571279   k=         1
        309        0.009220082788646   k=         1
        310        0.000096642119884   k=         1
        311        -0.000566946182047   k=         1
        312        0.001014636061386   k=         1
        313        -0.006585091392902   k=         1
        314        0.000293258216697   k=         1
        315        0.000448474990614   k=         1
        316        0.001842205279674   k=         1
        317        -0.005095874986152   k=         1
        318        -0.000312536709568   k=         1
        319        0.001404448534082   k=         1
        320        0.001935794570097   k=         1
        321        -0.004331267616218   k=         1
        322        0.000145329009636   k=         1
        323        -0.000952505390530   k=         1
        324        -0.000968789242964   k=         1
        325        0.003661987336731   k=         1
        326        0.000117021320288   k=         1
        327        -0.000619029855198   k=         1
        328        -0.001000004263519   k=         1
        329        0.003998853241474   k=         1
        330        -0.000127453303376   k=         1
        331        -0.000088595254163   k=         1
        332        -0.001588729478156   k=         1
        333        0.007343021464275   k=         1
        334        0.000165313707647   k=         1
        335        -0.000228587519575   k=         1
        336        0.001738792974590   k=         1
        337        -0.005016352903595   k=         1
        338        -0.000149570999694   k=         1
        339        -0.000345046889257   k=         1
        340        0.001343349949479   k=         1
        341        -0.004877003022640   k=         1
        342        -0.000005726119634   k=         1
        343        0.000309766460876   k=         1
        344        -0.002635876185918   k=         1
        345        0.007096691013587   k=         1
        346        0.000056690545648   k=         1
        347        -0.000206683608529   k=         1
        348        -0.001580965169221   k=         1
        349        0.004101928505245   k=         1
        350        0.000075228044175   k=         1
        351        -0.000368830629832   k=         1
        352        -0.001731986839676   k=         1
        353        0.004205598449191   k=         1
        354        -0.000065431093477   k=         1
        355        0.000526528714350   k=         1
        356        0.001498573641750   k=         1
        357        -0.004193545338734   k=         1
        358        -0.000122902878319   k=         1
        359        0.000297810673145   k=         1
        360        0.001246411340188   k=         1
        361        -0.004178694274875   k=         1
        362        0.000138371950470   k=         1
        363        0.001371651037963   k=         1
        364        0.002813688037580   k=         1
        365        -0.007395150783169   k=         1
        366        0.000051014972006   k=         1
        367        -0.000736215164137   k=         1
        368        -0.001879973446603   k=         1
        369        0.003437696431345   k=         1
        370        -0.001475344060005   k=         1
        371        0.000788566703319   k=         1
        372        -0.002242604773660   k=         1
        373        0.010325830185988   k=         1
        374        -0.024342056368718   k=         1
        375        -0.077763499024334   k=         1
        376        0.000236845677628   k=         1
        377        -0.001404541305102   k=         1
        378        -0.001247758536072   k=         1
        379        -0.000970838970175   k=         1
        380        0.000370384270904   k=         1
        381        -0.000284529369066   k=         1
        382        0.000565689397079   k=         1
        383        0.000120144227159   k=         1
        384        0.000156515900611   k=         1
        385        0.000267817843248   k=         1
        386        -0.000057424115757   k=         1
        387        -0.000322295611617   k=         1
        388        -0.000585993482048   k=         1
        389        0.000071866692412   k=         1
        390        0.000116992501912   k=         1
        391        0.000007757423324   k=         1
        392        -0.000013613670442   k=         1
        393        -0.000025507018215   k=         1
        394        0.000060094795523   k=         1
        395        -0.000051024560621   k=         1
        396        0.000064608666314   k=         1
        397        -0.000129096318596   k=         1
        398        0.000107718760015   k=         1
        399        0.000064355383924   k=         1
        400        -0.000167006415874   k=         1
        401        -0.002493881900741   k=         1
        402        0.005738112394607   k=         1
        403        0.000029622944925   k=         1
        404        -0.000108711928485   k=         1
        405        0.002072160702554   k=         1
        406        -0.002758605846312   k=         1
        407        0.000148547798095   k=         1
        408        -0.000344603378326   k=         1
        409        0.002558475575755   k=         1
        410        -0.002584430934296   k=         1
        411        -0.000175686974699   k=         1
        412        0.000207487157721   k=         1
        413        0.002669031527126   k=         1
        414        -0.002699307996937   k=         1
        415        0.000045785338283   k=         1
        416        -0.000095745557825   k=         1
        417        -0.000705481995042   k=         1
        418        0.000726132859801   k=         1
        419        -0.000029779171561   k=         1
        420        0.000085012613207   k=         1
        421        -0.000835968763818   k=         1
        422        0.001045215235149   k=         1
        423        -0.000095153402505   k=         1
        424        0.000047859980910   k=         1
        425        -0.002702358516156   k=         1
        426        0.003128695977654   k=         1
