# file_format= v0.04.05
       144       426
    188.97268778      0.00000000      0.00000000    0
      0.00000000    188.97268778      0.00000000    0
      0.00000000      0.00000000    188.97268778    0
 6
       4
     2     2     2     2
     0     1     1     1
 1.710E+00 1.625E+00 1.625E+00 1.625E+00
 0.000E+00 0.000E+00 0.000E+00 0.000E+00
 0.000E+00 0.000E+00 0.000E+00 0.000E+00
 0.000E+00 0.000E+00 0.000E+00 0.000E+00
      0.869794     -0.732377    -0.152733
 6
       4
     2     2     2     2
     0     1     1     1
 1.710E+00 1.625E+00 1.625E+00 1.625E+00
 0.000E+00 0.000E+00 0.000E+00 0.000E+00
 0.000E+00 0.000E+00 0.000E+00 0.000E+00
 0.000E+00 0.000E+00 0.000E+00 0.000E+00
      -0.883301     1.294035    0.557259
 6
       4
     2     2     2     2
     0     1     1     1
 1.710E+00 1.625E+00 1.625E+00 1.625E+00
 0.000E+00 0.000E+00 0.000E+00 0.000E+00
 0.000E+00 0.000E+00 0.000E+00 0.000E+00
 0.000E+00 0.000E+00 0.000E+00 0.000E+00
      0.084868     -3.179872    -0.998733
 6
       4
     2     2     2     2
     0     1     1     1
 1.710E+00 1.625E+00 1.625E+00 1.625E+00
 0.000E+00 0.000E+00 0.000E+00 0.000E+00
 0.000E+00 0.000E+00 0.000E+00 0.000E+00
 0.000E+00 0.000E+00 0.000E+00 0.000E+00
      -3.461761     0.817960    0.441306
 6
       4
     2     2     2     2
     0     1     1     1
 1.710E+00 1.625E+00 1.625E+00 1.625E+00
 0.000E+00 0.000E+00 0.000E+00 0.000E+00
 0.000E+00 0.000E+00 0.000E+00 0.000E+00
 0.000E+00 0.000E+00 0.000E+00 0.000E+00
      -4.412707     -1.602815    -0.302385
 6
       4
     2     2     2     2
     0     1     1     1
 1.710E+00 1.625E+00 1.625E+00 1.625E+00
 0.000E+00 0.000E+00 0.000E+00 0.000E+00
 0.000E+00 0.000E+00 0.000E+00 0.000E+00
 0.000E+00 0.000E+00 0.000E+00 0.000E+00
      -2.577516     -3.678023    -1.105006
 6
       4
     2     2     2     2
     0     1     1     1
 1.710E+00 1.625E+00 1.625E+00 1.625E+00
 0.000E+00 0.000E+00 0.000E+00 0.000E+00
 0.000E+00 0.000E+00 0.000E+00 0.000E+00
 0.000E+00 0.000E+00 0.000E+00 0.000E+00
      3.567156     -0.238417    -0.054560
 6
       4
     2     2     2     2
     0     1     1     1
 1.710E+00 1.625E+00 1.625E+00 1.625E+00
 0.000E+00 0.000E+00 0.000E+00 0.000E+00
 0.000E+00 0.000E+00 0.000E+00 0.000E+00
 0.000E+00 0.000E+00 0.000E+00 0.000E+00
      5.813901     0.158935    0.094719
 6
       4
     2     2     2     2
     0     1     1     1
 1.710E+00 1.625E+00 1.625E+00 1.625E+00
 0.000E+00 0.000E+00 0.000E+00 0.000E+00
 0.000E+00 0.000E+00 0.000E+00 0.000E+00
 0.000E+00 0.000E+00 0.000E+00 0.000E+00
      8.545005     0.582854    0.057988
 6
       4
     2     2     2     2
     0     1     1     1
 1.710E+00 1.625E+00 1.625E+00 1.625E+00
 0.000E+00 0.000E+00 0.000E+00 0.000E+00
 0.000E+00 0.000E+00 0.000E+00 0.000E+00
 0.000E+00 0.000E+00 0.000E+00 0.000E+00
      9.833484     2.941854    -0.708347
 6
       4
     2     2     2     2
     0     1     1     1
 1.710E+00 1.625E+00 1.625E+00 1.625E+00
 0.000E+00 0.000E+00 0.000E+00 0.000E+00
 0.000E+00 0.000E+00 0.000E+00 0.000E+00
 0.000E+00 0.000E+00 0.000E+00 0.000E+00
      10.180118     -1.552516    0.688308
 6
       4
     2     2     2     2
     0     1     1     1
 1.710E+00 1.625E+00 1.625E+00 1.625E+00
 0.000E+00 0.000E+00 0.000E+00 0.000E+00
 0.000E+00 0.000E+00 0.000E+00 0.000E+00
 0.000E+00 0.000E+00 0.000E+00 0.000E+00
      12.502185     3.164348    -0.600417
 6
       4
     2     2     2     2
     0     1     1     1
 1.710E+00 1.625E+00 1.625E+00 1.625E+00
 0.000E+00 0.000E+00 0.000E+00 0.000E+00
 0.000E+00 0.000E+00 0.000E+00 0.000E+00
 0.000E+00 0.000E+00 0.000E+00 0.000E+00
      12.806099     -1.264202    0.826600
 6
       4
     2     2     2     2
     0     1     1     1
 1.710E+00 1.625E+00 1.625E+00 1.625E+00
 0.000E+00 0.000E+00 0.000E+00 0.000E+00
 0.000E+00 0.000E+00 0.000E+00 0.000E+00
 0.000E+00 0.000E+00 0.000E+00 0.000E+00
      14.066122     1.071469    0.247734
 6
       4
     2     2     2     2
     0     1     1     1
 1.710E+00 1.625E+00 1.625E+00 1.625E+00
 0.000E+00 0.000E+00 0.000E+00 0.000E+00
 0.000E+00 0.000E+00 0.000E+00 0.000E+00
 0.000E+00 0.000E+00 0.000E+00 0.000E+00
      16.860118     1.284345    0.504035
 6
       4
     2     2     2     2
     0     1     1     1
 1.710E+00 1.625E+00 1.625E+00 1.625E+00
 0.000E+00 0.000E+00 0.000E+00 0.000E+00
 0.000E+00 0.000E+00 0.000E+00 0.000E+00
 0.000E+00 0.000E+00 0.000E+00 0.000E+00
      19.101216     1.518733    0.366080
 6
       4
     2     2     2     2
     0     1     1     1
 1.710E+00 1.625E+00 1.625E+00 1.625E+00
 0.000E+00 0.000E+00 0.000E+00 0.000E+00
 0.000E+00 0.000E+00 0.000E+00 0.000E+00
 0.000E+00 0.000E+00 0.000E+00 0.000E+00
      21.917029     1.333198    0.232482
 6
       4
     2     2     2     2
     0     1     1     1
 1.710E+00 1.625E+00 1.625E+00 1.625E+00
 0.000E+00 0.000E+00 0.000E+00 0.000E+00
 0.000E+00 0.000E+00 0.000E+00 0.000E+00
 0.000E+00 0.000E+00 0.000E+00 0.000E+00
      23.125849     -0.676059    1.644060
 6
       4
     2     2     2     2
     0     1     1     1
 1.710E+00 1.625E+00 1.625E+00 1.625E+00
 0.000E+00 0.000E+00 0.000E+00 0.000E+00
 0.000E+00 0.000E+00 0.000E+00 0.000E+00
 0.000E+00 0.000E+00 0.000E+00 0.000E+00
      23.363193     2.884901    -1.394533
 6
       4
     2     2     2     2
     0     1     1     1
 1.710E+00 1.625E+00 1.625E+00 1.625E+00
 0.000E+00 0.000E+00 0.000E+00 0.000E+00
 0.000E+00 0.000E+00 0.000E+00 0.000E+00
 0.000E+00 0.000E+00 0.000E+00 0.000E+00
      26.138563     2.772190    -1.478622
 6
       4
     2     2     2     2
     0     1     1     1
 1.710E+00 1.625E+00 1.625E+00 1.625E+00
 0.000E+00 0.000E+00 0.000E+00 0.000E+00
 0.000E+00 0.000E+00 0.000E+00 0.000E+00
 0.000E+00 0.000E+00 0.000E+00 0.000E+00
      25.829584     -0.912987    1.402766
 6
       4
     2     2     2     2
     0     1     1     1
 1.710E+00 1.625E+00 1.625E+00 1.625E+00
 0.000E+00 0.000E+00 0.000E+00 0.000E+00
 0.000E+00 0.000E+00 0.000E+00 0.000E+00
 0.000E+00 0.000E+00 0.000E+00 0.000E+00
      27.303630     0.848033    -0.083908
 6
       4
     2     2     2     2
     0     1     1     1
 1.710E+00 1.625E+00 1.625E+00 1.625E+00
 0.000E+00 0.000E+00 0.000E+00 0.000E+00
 0.000E+00 0.000E+00 0.000E+00 0.000E+00
 0.000E+00 0.000E+00 0.000E+00 0.000E+00
      30.169568     0.560625    -0.011658
 6
       4
     2     2     2     2
     0     1     1     1
 1.710E+00 1.625E+00 1.625E+00 1.625E+00
 0.000E+00 0.000E+00 0.000E+00 0.000E+00
 0.000E+00 0.000E+00 0.000E+00 0.000E+00
 0.000E+00 0.000E+00 0.000E+00 0.000E+00
      32.256583     -0.055129    -0.063508
 6
       4
     2     2     2     2
     0     1     1     1
 1.710E+00 1.625E+00 1.625E+00 1.625E+00
 0.000E+00 0.000E+00 0.000E+00 0.000E+00
 0.000E+00 0.000E+00 0.000E+00 0.000E+00
 0.000E+00 0.000E+00 0.000E+00 0.000E+00
      34.990966     -0.192265    0.059785
 6
       4
     2     2     2     2
     0     1     1     1
 1.710E+00 1.625E+00 1.625E+00 1.625E+00
 0.000E+00 0.000E+00 0.000E+00 0.000E+00
 0.000E+00 0.000E+00 0.000E+00 0.000E+00
 0.000E+00 0.000E+00 0.000E+00 0.000E+00
      36.387959     -2.349615    0.787814
 6
       4
     2     2     2     2
     0     1     1     1
 1.710E+00 1.625E+00 1.625E+00 1.625E+00
 0.000E+00 0.000E+00 0.000E+00 0.000E+00
 0.000E+00 0.000E+00 0.000E+00 0.000E+00
 0.000E+00 0.000E+00 0.000E+00 0.000E+00
      36.497349     2.174464    -0.482606
 6
       4
     2     2     2     2
     0     1     1     1
 1.710E+00 1.625E+00 1.625E+00 1.625E+00
 0.000E+00 0.000E+00 0.000E+00 0.000E+00
 0.000E+00 0.000E+00 0.000E+00 0.000E+00
 0.000E+00 0.000E+00 0.000E+00 0.000E+00
      39.108059     2.237197    -0.513883
 6
       4
     2     2     2     2
     0     1     1     1
 1.710E+00 1.625E+00 1.625E+00 1.625E+00
 0.000E+00 0.000E+00 0.000E+00 0.000E+00
 0.000E+00 0.000E+00 0.000E+00 0.000E+00
 0.000E+00 0.000E+00 0.000E+00 0.000E+00
      39.163968     -2.331461    0.631116
 6
       4
     2     2     2     2
     0     1     1     1
 1.710E+00 1.625E+00 1.625E+00 1.625E+00
 0.000E+00 0.000E+00 0.000E+00 0.000E+00
 0.000E+00 0.000E+00 0.000E+00 0.000E+00
 0.000E+00 0.000E+00 0.000E+00 0.000E+00
      40.537446     -0.115154    -0.037207
 6
       4
     2     2     2     2
     0     1     1     1
 1.710E+00 1.625E+00 1.625E+00 1.625E+00
 0.000E+00 0.000E+00 0.000E+00 0.000E+00
 0.000E+00 0.000E+00 0.000E+00 0.000E+00
 0.000E+00 0.000E+00 0.000E+00 0.000E+00
      43.242566     -0.264800    -0.254488
 6
       4
     2     2     2     2
     0     1     1     1
 1.710E+00 1.625E+00 1.625E+00 1.625E+00
 0.000E+00 0.000E+00 0.000E+00 0.000E+00
 0.000E+00 0.000E+00 0.000E+00 0.000E+00
 0.000E+00 0.000E+00 0.000E+00 0.000E+00
      45.458576     -0.708230    -0.404687
 6
       4
     2     2     2     2
     0     1     1     1
 1.710E+00 1.625E+00 1.625E+00 1.625E+00
 0.000E+00 0.000E+00 0.000E+00 0.000E+00
 0.000E+00 0.000E+00 0.000E+00 0.000E+00
 0.000E+00 0.000E+00 0.000E+00 0.000E+00
      48.267610     -0.482118    -0.319604
 6
       4
     2     2     2     2
     0     1     1     1
 1.710E+00 1.625E+00 1.625E+00 1.625E+00
 0.000E+00 0.000E+00 0.000E+00 0.000E+00
 0.000E+00 0.000E+00 0.000E+00 0.000E+00
 0.000E+00 0.000E+00 0.000E+00 0.000E+00
      49.864179     -2.520637    0.753179
 6
       4
     2     2     2     2
     0     1     1     1
 1.710E+00 1.625E+00 1.625E+00 1.625E+00
 0.000E+00 0.000E+00 0.000E+00 0.000E+00
 0.000E+00 0.000E+00 0.000E+00 0.000E+00
 0.000E+00 0.000E+00 0.000E+00 0.000E+00
      49.395648     1.607367    -1.308146
 6
       4
     2     2     2     2
     0     1     1     1
 1.710E+00 1.625E+00 1.625E+00 1.625E+00
 0.000E+00 0.000E+00 0.000E+00 0.000E+00
 0.000E+00 0.000E+00 0.000E+00 0.000E+00
 0.000E+00 0.000E+00 0.000E+00 0.000E+00
      52.114217     1.775367    -1.117486
 6
       4
     2     2     2     2
     0     1     1     1
 1.710E+00 1.625E+00 1.625E+00 1.625E+00
 0.000E+00 0.000E+00 0.000E+00 0.000E+00
 0.000E+00 0.000E+00 0.000E+00 0.000E+00
 0.000E+00 0.000E+00 0.000E+00 0.000E+00
      52.441561     -2.138431    1.105221
 6
       4
     2     2     2     2
     0     1     1     1
 1.710E+00 1.625E+00 1.625E+00 1.625E+00
 0.000E+00 0.000E+00 0.000E+00 0.000E+00
 0.000E+00 0.000E+00 0.000E+00 0.000E+00
 0.000E+00 0.000E+00 0.000E+00 0.000E+00
      53.697191     0.012922    -0.048292
 6
       4
     2     2     2     2
     0     1     1     1
 1.710E+00 1.625E+00 1.625E+00 1.625E+00
 0.000E+00 0.000E+00 0.000E+00 0.000E+00
 0.000E+00 0.000E+00 0.000E+00 0.000E+00
 0.000E+00 0.000E+00 0.000E+00 0.000E+00
      56.494526     0.171680    -0.009963
 1
       1
     1
     0
 1.300E+00
 0.000E+00
 0.000E+00
 0.000E+00
      -4.701684     2.352743    1.081090
 1
       1
     1
     0
 1.300E+00
 0.000E+00
 0.000E+00
 0.000E+00
      -0.144861     2.983063    1.268611
 1
       1
     1
     0
 1.300E+00
 0.000E+00
 0.000E+00
 0.000E+00
      -6.441670     -2.253128    -0.229201
 1
       1
     1
     0
 1.300E+00
 0.000E+00
 0.000E+00
 0.000E+00
      -3.210661     -5.542321    -1.589783
 1
       1
     1
     0
 1.300E+00
 0.000E+00
 0.000E+00
 0.000E+00
      1.626060     -4.579847    -1.434618
 1
       1
     1
     0
 1.300E+00
 0.000E+00
 0.000E+00
 0.000E+00
      8.696149     4.613630    -1.367844
 1
       1
     1
     0
 1.300E+00
 0.000E+00
 0.000E+00
 0.000E+00
      9.302976     -3.359710    1.084669
 1
       1
     1
     0
 1.300E+00
 0.000E+00
 0.000E+00
 0.000E+00
      13.316668     4.944423    -1.239999
 1
       1
     1
     0
 1.300E+00
 0.000E+00
 0.000E+00
 0.000E+00
      13.893290     -2.871953    1.418734
 1
       1
     1
     0
 1.300E+00
 0.000E+00
 0.000E+00
 0.000E+00
      22.386900     4.295234    -2.612894
 1
       1
     1
     0
 1.300E+00
 0.000E+00
 0.000E+00
 0.000E+00
      27.163108     4.088235    -2.500149
 1
       1
     1
     0
 1.300E+00
 0.000E+00
 0.000E+00
 0.000E+00
      21.955810     -1.871273    2.825683
 1
       1
     1
     0
 1.300E+00
 0.000E+00
 0.000E+00
 0.000E+00
      26.902222     -2.406275    2.341792
 1
       1
     1
     0
 1.300E+00
 0.000E+00
 0.000E+00
 0.000E+00
      35.411949     3.782683    -0.959108
 1
       1
     1
     0
 1.300E+00
 0.000E+00
 0.000E+00
 0.000E+00
      35.382438     -4.041667    1.433856
 1
       1
     1
     0
 1.300E+00
 0.000E+00
 0.000E+00
 0.000E+00
      40.143916     4.064415    -0.883940
 1
       1
     1
     0
 1.300E+00
 0.000E+00
 0.000E+00
 0.000E+00
      40.253974     -4.120925    0.889042
 1
       1
     1
     0
 1.300E+00
 0.000E+00
 0.000E+00
 0.000E+00
      48.427003     3.298787    -2.150263
 1
       1
     1
     0
 1.300E+00
 0.000E+00
 0.000E+00
 0.000E+00
      48.878649     -4.267436    1.456372
 1
       1
     1
     0
 1.300E+00
 0.000E+00
 0.000E+00
 0.000E+00
      53.111318     3.481779    -1.990360
 1
       1
     1
     0
 1.300E+00
 0.000E+00
 0.000E+00
 0.000E+00
      53.684097     -3.450823    2.056069
 1
       1
     1
     0
 1.300E+00
 0.000E+00
 0.000E+00
 0.000E+00
      61.588184     4.035037    -1.457400
 1
       1
     1
     0
 1.300E+00
 0.000E+00
 0.000E+00
 0.000E+00
      61.822304     -3.685064    1.095319
 6
       4
     2     2     2     2
     0     1     1     1
 1.710E+00 1.625E+00 1.625E+00 1.625E+00
 0.000E+00 0.000E+00 0.000E+00 0.000E+00
 0.000E+00 0.000E+00 0.000E+00 0.000E+00
 0.000E+00 0.000E+00 0.000E+00 0.000E+00
      69.561579     0.304410    -0.035807
 1
       1
     1
     0
 1.300E+00
 0.000E+00
 0.000E+00
 0.000E+00
      66.464643     4.063087    -1.267949
 1
       1
     1
     0
 1.300E+00
 0.000E+00
 0.000E+00
 0.000E+00
      66.436322     -3.717533    1.006513
 6
       4
     2     2     2     2
     0     1     1     1
 1.710E+00 1.625E+00 1.625E+00 1.625E+00
 0.000E+00 0.000E+00 0.000E+00 0.000E+00
 0.000E+00 0.000E+00 0.000E+00 0.000E+00
 0.000E+00 0.000E+00 0.000E+00 0.000E+00
      58.695571     0.316665    -0.019589
 6
       4
     2     2     2     2
     0     1     1     1
 1.710E+00 1.625E+00 1.625E+00 1.625E+00
 0.000E+00 0.000E+00 0.000E+00 0.000E+00
 0.000E+00 0.000E+00 0.000E+00 0.000E+00
 0.000E+00 0.000E+00 0.000E+00 0.000E+00
      61.408152     0.145299    -0.023983
 6
       4
     2     2     2     2
     0     1     1     1
 1.710E+00 1.625E+00 1.625E+00 1.625E+00
 0.000E+00 0.000E+00 0.000E+00 0.000E+00
 0.000E+00 0.000E+00 0.000E+00 0.000E+00
 0.000E+00 0.000E+00 0.000E+00 0.000E+00
      62.780970     -1.988904    0.476232
 6
       4
     2     2     2     2
     0     1     1     1
 1.710E+00 1.625E+00 1.625E+00 1.625E+00
 0.000E+00 0.000E+00 0.000E+00 0.000E+00
 0.000E+00 0.000E+00 0.000E+00 0.000E+00
 0.000E+00 0.000E+00 0.000E+00 0.000E+00
      62.868557     2.395250    -0.916013
 6
       4
     2     2     2     2
     0     1     1     1
 1.710E+00 1.625E+00 1.625E+00 1.625E+00
 0.000E+00 0.000E+00 0.000E+00 0.000E+00
 0.000E+00 0.000E+00 0.000E+00 0.000E+00
 0.000E+00 0.000E+00 0.000E+00 0.000E+00
      65.383741     2.465832    -0.858325
 6
       4
     2     2     2     2
     0     1     1     1
 1.710E+00 1.625E+00 1.625E+00 1.625E+00
 0.000E+00 0.000E+00 0.000E+00 0.000E+00
 0.000E+00 0.000E+00 0.000E+00 0.000E+00
 0.000E+00 0.000E+00 0.000E+00 0.000E+00
      65.543679     -1.966090    0.514051
 6
       4
     2     2     2     2
     0     1     1     1
 1.710E+00 1.625E+00 1.625E+00 1.625E+00
 0.000E+00 0.000E+00 0.000E+00 0.000E+00
 0.000E+00 0.000E+00 0.000E+00 0.000E+00
 0.000E+00 0.000E+00 0.000E+00 0.000E+00
      66.821017     0.112588    -0.159727
 6
       4
     2     2     2     2
     0     1     1     1
 1.710E+00 1.625E+00 1.625E+00 1.625E+00
 0.000E+00 0.000E+00 0.000E+00 0.000E+00
 0.000E+00 0.000E+00 0.000E+00 0.000E+00
 0.000E+00 0.000E+00 0.000E+00 0.000E+00
      80.120636     -0.214312    0.501564
 6
       4
     2     2     2     2
     0     1     1     1
 1.710E+00 1.625E+00 1.625E+00 1.625E+00
 0.000E+00 0.000E+00 0.000E+00 0.000E+00
 0.000E+00 0.000E+00 0.000E+00 0.000E+00
 0.000E+00 0.000E+00 0.000E+00 0.000E+00
      78.858016     2.113080    -0.047003
 6
       4
     2     2     2     2
     0     1     1     1
 1.710E+00 1.625E+00 1.625E+00 1.625E+00
 0.000E+00 0.000E+00 0.000E+00 0.000E+00
 0.000E+00 0.000E+00 0.000E+00 0.000E+00
 0.000E+00 0.000E+00 0.000E+00 0.000E+00
      78.465626     -2.373783    1.010399
 6
       4
     2     2     2     2
     0     1     1     1
 1.710E+00 1.625E+00 1.625E+00 1.625E+00
 0.000E+00 0.000E+00 0.000E+00 0.000E+00
 0.000E+00 0.000E+00 0.000E+00 0.000E+00
 0.000E+00 0.000E+00 0.000E+00 0.000E+00
      76.155003     2.355097    -0.264505
 6
       4
     2     2     2     2
     0     1     1     1
 1.710E+00 1.625E+00 1.625E+00 1.625E+00
 0.000E+00 0.000E+00 0.000E+00 0.000E+00
 0.000E+00 0.000E+00 0.000E+00 0.000E+00
 0.000E+00 0.000E+00 0.000E+00 0.000E+00
      74.627224     0.182075    0.166390
 6
       4
     2     2     2     2
     0     1     1     1
 1.710E+00 1.625E+00 1.625E+00 1.625E+00
 0.000E+00 0.000E+00 0.000E+00 0.000E+00
 0.000E+00 0.000E+00 0.000E+00 0.000E+00
 0.000E+00 0.000E+00 0.000E+00 0.000E+00
      75.859372     -2.173262    0.817700
 6
       4
     2     2     2     2
     0     1     1     1
 1.710E+00 1.625E+00 1.625E+00 1.625E+00
 0.000E+00 0.000E+00 0.000E+00 0.000E+00
 0.000E+00 0.000E+00 0.000E+00 0.000E+00
 0.000E+00 0.000E+00 0.000E+00 0.000E+00
      82.854496     -0.322775    0.436680
 6
       4
     2     2     2     2
     0     1     1     1
 1.710E+00 1.625E+00 1.625E+00 1.625E+00
 0.000E+00 0.000E+00 0.000E+00 0.000E+00
 0.000E+00 0.000E+00 0.000E+00 0.000E+00
 0.000E+00 0.000E+00 0.000E+00 0.000E+00
      85.060955     -0.003409    0.328491
 6
       4
     2     2     2     2
     0     1     1     1
 1.710E+00 1.625E+00 1.625E+00 1.625E+00
 0.000E+00 0.000E+00 0.000E+00 0.000E+00
 0.000E+00 0.000E+00 0.000E+00 0.000E+00
 0.000E+00 0.000E+00 0.000E+00 0.000E+00
      87.834334     0.094403    0.115893
 6
       4
     2     2     2     2
     0     1     1     1
 1.710E+00 1.625E+00 1.625E+00 1.625E+00
 0.000E+00 0.000E+00 0.000E+00 0.000E+00
 0.000E+00 0.000E+00 0.000E+00 0.000E+00
 0.000E+00 0.000E+00 0.000E+00 0.000E+00
      89.120126     2.219787    -0.908622
 6
       4
     2     2     2     2
     0     1     1     1
 1.710E+00 1.625E+00 1.625E+00 1.625E+00
 0.000E+00 0.000E+00 0.000E+00 0.000E+00
 0.000E+00 0.000E+00 0.000E+00 0.000E+00
 0.000E+00 0.000E+00 0.000E+00 0.000E+00
      89.378123     -2.038260    0.705839
 6
       4
     2     2     2     2
     0     1     1     1
 1.710E+00 1.625E+00 1.625E+00 1.625E+00
 0.000E+00 0.000E+00 0.000E+00 0.000E+00
 0.000E+00 0.000E+00 0.000E+00 0.000E+00
 0.000E+00 0.000E+00 0.000E+00 0.000E+00
      91.831541     2.437482    -1.091462
 6
       4
     2     2     2     2
     0     1     1     1
 1.710E+00 1.625E+00 1.625E+00 1.625E+00
 0.000E+00 0.000E+00 0.000E+00 0.000E+00
 0.000E+00 0.000E+00 0.000E+00 0.000E+00
 0.000E+00 0.000E+00 0.000E+00 0.000E+00
      92.091104     -1.895493    0.446332
 6
       4
     2     2     2     2
     0     1     1     1
 1.710E+00 1.625E+00 1.625E+00 1.625E+00
 0.000E+00 0.000E+00 0.000E+00 0.000E+00
 0.000E+00 0.000E+00 0.000E+00 0.000E+00
 0.000E+00 0.000E+00 0.000E+00 0.000E+00
      93.354871     0.292405    -0.421566
 6
       4
     2     2     2     2
     0     1     1     1
 1.710E+00 1.625E+00 1.625E+00 1.625E+00
 0.000E+00 0.000E+00 0.000E+00 0.000E+00
 0.000E+00 0.000E+00 0.000E+00 0.000E+00
 0.000E+00 0.000E+00 0.000E+00 0.000E+00
      96.057864     0.377662    -0.246237
 6
       4
     2     2     2     2
     0     1     1     1
 1.710E+00 1.625E+00 1.625E+00 1.625E+00
 0.000E+00 0.000E+00 0.000E+00 0.000E+00
 0.000E+00 0.000E+00 0.000E+00 0.000E+00
 0.000E+00 0.000E+00 0.000E+00 0.000E+00
      98.287081     0.349282    -0.010352
 6
       4
     2     2     2     2
     0     1     1     1
 1.710E+00 1.625E+00 1.625E+00 1.625E+00
 0.000E+00 0.000E+00 0.000E+00 0.000E+00
 0.000E+00 0.000E+00 0.000E+00 0.000E+00
 0.000E+00 0.000E+00 0.000E+00 0.000E+00
      101.025887     0.450116    -0.032588
 6
       4
     2     2     2     2
     0     1     1     1
 1.710E+00 1.625E+00 1.625E+00 1.625E+00
 0.000E+00 0.000E+00 0.000E+00 0.000E+00
 0.000E+00 0.000E+00 0.000E+00 0.000E+00
 0.000E+00 0.000E+00 0.000E+00 0.000E+00
      102.621052     -1.771049    0.701907
 6
       4
     2     2     2     2
     0     1     1     1
 1.710E+00 1.625E+00 1.625E+00 1.625E+00
 0.000E+00 0.000E+00 0.000E+00 0.000E+00
 0.000E+00 0.000E+00 0.000E+00 0.000E+00
 0.000E+00 0.000E+00 0.000E+00 0.000E+00
      102.363333     2.615039    -0.636154
 6
       4
     2     2     2     2
     0     1     1     1
 1.710E+00 1.625E+00 1.625E+00 1.625E+00
 0.000E+00 0.000E+00 0.000E+00 0.000E+00
 0.000E+00 0.000E+00 0.000E+00 0.000E+00
 0.000E+00 0.000E+00 0.000E+00 0.000E+00
      105.130181     2.600399    -0.663929
 6
       4
     2     2     2     2
     0     1     1     1
 1.710E+00 1.625E+00 1.625E+00 1.625E+00
 0.000E+00 0.000E+00 0.000E+00 0.000E+00
 0.000E+00 0.000E+00 0.000E+00 0.000E+00
 0.000E+00 0.000E+00 0.000E+00 0.000E+00
      105.185879     -1.647161    0.833416
 6
       4
     2     2     2     2
     0     1     1     1
 1.710E+00 1.625E+00 1.625E+00 1.625E+00
 0.000E+00 0.000E+00 0.000E+00 0.000E+00
 0.000E+00 0.000E+00 0.000E+00 0.000E+00
 0.000E+00 0.000E+00 0.000E+00 0.000E+00
      106.604902     0.617857    0.289219
 6
       4
     2     2     2     2
     0     1     1     1
 1.710E+00 1.625E+00 1.625E+00 1.625E+00
 0.000E+00 0.000E+00 0.000E+00 0.000E+00
 0.000E+00 0.000E+00 0.000E+00 0.000E+00
 0.000E+00 0.000E+00 0.000E+00 0.000E+00
      109.383826     0.700257    0.336479
 6
       4
     2     2     2     2
     0     1     1     1
 1.710E+00 1.625E+00 1.625E+00 1.625E+00
 0.000E+00 0.000E+00 0.000E+00 0.000E+00
 0.000E+00 0.000E+00 0.000E+00 0.000E+00
 0.000E+00 0.000E+00 0.000E+00 0.000E+00
      111.548764     0.964945    -0.075667
 6
       4
     2     2     2     2
     0     1     1     1
 1.710E+00 1.625E+00 1.625E+00 1.625E+00
 0.000E+00 0.000E+00 0.000E+00 0.000E+00
 0.000E+00 0.000E+00 0.000E+00 0.000E+00
 0.000E+00 0.000E+00 0.000E+00 0.000E+00
      114.291987     0.915508    -0.102586
 6
       4
     2     2     2     2
     0     1     1     1
 1.710E+00 1.625E+00 1.625E+00 1.625E+00
 0.000E+00 0.000E+00 0.000E+00 0.000E+00
 0.000E+00 0.000E+00 0.000E+00 0.000E+00
 0.000E+00 0.000E+00 0.000E+00 0.000E+00
      115.499790     -1.426303    -0.519510
 6
       4
     2     2     2     2
     0     1     1     1
 1.710E+00 1.625E+00 1.625E+00 1.625E+00
 0.000E+00 0.000E+00 0.000E+00 0.000E+00
 0.000E+00 0.000E+00 0.000E+00 0.000E+00
 0.000E+00 0.000E+00 0.000E+00 0.000E+00
      115.924644     3.068382    0.540163
 6
       4
     2     2     2     2
     0     1     1     1
 1.710E+00 1.625E+00 1.625E+00 1.625E+00
 0.000E+00 0.000E+00 0.000E+00 0.000E+00
 0.000E+00 0.000E+00 0.000E+00 0.000E+00
 0.000E+00 0.000E+00 0.000E+00 0.000E+00
      118.512032     2.740409    0.634544
 6
       4
     2     2     2     2
     0     1     1     1
 1.710E+00 1.625E+00 1.625E+00 1.625E+00
 0.000E+00 0.000E+00 0.000E+00 0.000E+00
 0.000E+00 0.000E+00 0.000E+00 0.000E+00
 0.000E+00 0.000E+00 0.000E+00 0.000E+00
      118.131299     -1.717330    -0.466566
 6
       4
     2     2     2     2
     0     1     1     1
 1.710E+00 1.625E+00 1.625E+00 1.625E+00
 0.000E+00 0.000E+00 0.000E+00 0.000E+00
 0.000E+00 0.000E+00 0.000E+00 0.000E+00
 0.000E+00 0.000E+00 0.000E+00 0.000E+00
      119.786567     0.384126    0.111394
 6
       4
     2     2     2     2
     0     1     1     1
 1.710E+00 1.625E+00 1.625E+00 1.625E+00
 0.000E+00 0.000E+00 0.000E+00 0.000E+00
 0.000E+00 0.000E+00 0.000E+00 0.000E+00
 0.000E+00 0.000E+00 0.000E+00 0.000E+00
      122.524803     0.129433    0.101520
 6
       4
     2     2     2     2
     0     1     1     1
 1.710E+00 1.625E+00 1.625E+00 1.625E+00
 0.000E+00 0.000E+00 0.000E+00 0.000E+00
 0.000E+00 0.000E+00 0.000E+00 0.000E+00
 0.000E+00 0.000E+00 0.000E+00 0.000E+00
      124.720084     -0.016443    0.070655
 6
       4
     2     2     2     2
     0     1     1     1
 1.710E+00 1.625E+00 1.625E+00 1.625E+00
 0.000E+00 0.000E+00 0.000E+00 0.000E+00
 0.000E+00 0.000E+00 0.000E+00 0.000E+00
 0.000E+00 0.000E+00 0.000E+00 0.000E+00
      127.457726     -0.195420    -0.160232
 6
       4
     2     2     2     2
     0     1     1     1
 1.710E+00 1.625E+00 1.625E+00 1.625E+00
 0.000E+00 0.000E+00 0.000E+00 0.000E+00
 0.000E+00 0.000E+00 0.000E+00 0.000E+00
 0.000E+00 0.000E+00 0.000E+00 0.000E+00
      128.721110     -2.374327    -1.129383
 6
       4
     2     2     2     2
     0     1     1     1
 1.710E+00 1.625E+00 1.625E+00 1.625E+00
 0.000E+00 0.000E+00 0.000E+00 0.000E+00
 0.000E+00 0.000E+00 0.000E+00 0.000E+00
 0.000E+00 0.000E+00 0.000E+00 0.000E+00
      128.964851     1.944539    0.614654
 6
       4
     2     2     2     2
     0     1     1     1
 1.710E+00 1.625E+00 1.625E+00 1.625E+00
 0.000E+00 0.000E+00 0.000E+00 0.000E+00
 0.000E+00 0.000E+00 0.000E+00 0.000E+00
 0.000E+00 0.000E+00 0.000E+00 0.000E+00
      131.692211     1.767929    0.600574
 6
       4
     2     2     2     2
     0     1     1     1
 1.710E+00 1.625E+00 1.625E+00 1.625E+00
 0.000E+00 0.000E+00 0.000E+00 0.000E+00
 0.000E+00 0.000E+00 0.000E+00 0.000E+00
 0.000E+00 0.000E+00 0.000E+00 0.000E+00
      131.365094     -2.569893    -1.017816
 6
       4
     2     2     2     2
     0     1     1     1
 1.710E+00 1.625E+00 1.625E+00 1.625E+00
 0.000E+00 0.000E+00 0.000E+00 0.000E+00
 0.000E+00 0.000E+00 0.000E+00 0.000E+00
 0.000E+00 0.000E+00 0.000E+00 0.000E+00
      132.849519     -0.609117    0.014540
 6
       4
     2     2     2     2
     0     1     1     1
 1.710E+00 1.625E+00 1.625E+00 1.625E+00
 0.000E+00 0.000E+00 0.000E+00 0.000E+00
 0.000E+00 0.000E+00 0.000E+00 0.000E+00
 0.000E+00 0.000E+00 0.000E+00 0.000E+00
      135.613153     -0.849770    0.354690
 1
       1
     1
     0
 1.300E+00
 0.000E+00
 0.000E+00
 0.000E+00
      75.437557     4.069119    -0.773945
 1
       1
     1
     0
 1.300E+00
 0.000E+00
 0.000E+00
 0.000E+00
      80.088800     3.807909    -0.339807
 6
       4
     2     2     2     2
     0     1     1     1
 1.710E+00 1.625E+00 1.625E+00 1.625E+00
 0.000E+00 0.000E+00 0.000E+00 0.000E+00
 0.000E+00 0.000E+00 0.000E+00 0.000E+00
 0.000E+00 0.000E+00 0.000E+00 0.000E+00
      71.851419     0.300508    -0.016958
 1
       1
     1
     0
 1.300E+00
 0.000E+00
 0.000E+00
 0.000E+00
      74.706468     -3.774597    1.254081
 1
       1
     1
     0
 1.300E+00
 0.000E+00
 0.000E+00
 0.000E+00
      79.426294     -4.291296    1.434372
 1
       1
     1
     0
 1.300E+00
 0.000E+00
 0.000E+00
 0.000E+00
      87.990663     3.735489    -1.539673
 1
       1
     1
     0
 1.300E+00
 0.000E+00
 0.000E+00
 0.000E+00
      88.456452     -3.767707    1.295496
 1
       1
     1
     0
 1.300E+00
 0.000E+00
 0.000E+00
 0.000E+00
      92.713026     4.140410    -1.866174
 1
       1
     1
     0
 1.300E+00
 0.000E+00
 0.000E+00
 0.000E+00
      93.230582     -3.556153    0.845732
 1
       1
     1
     0
 1.300E+00
 0.000E+00
 0.000E+00
 0.000E+00
      101.346950     4.240598    -1.246208
 1
       1
     1
     0
 1.300E+00
 0.000E+00
 0.000E+00
 0.000E+00
      106.088678     4.376107    -1.319439
 1
       1
     1
     0
 1.300E+00
 0.000E+00
 0.000E+00
 0.000E+00
      101.604695     -3.589869    1.054856
 1
       1
     1
     0
 1.300E+00
 0.000E+00
 0.000E+00
 0.000E+00
      106.272632     -3.383921    1.402817
 1
       1
     1
     0
 1.300E+00
 0.000E+00
 0.000E+00
 0.000E+00
      115.105557     4.900670    1.039810
 1
       1
     1
     0
 1.300E+00
 0.000E+00
 0.000E+00
 0.000E+00
      114.249341     -3.132041    -0.906027
 1
       1
     1
     0
 1.300E+00
 0.000E+00
 0.000E+00
 0.000E+00
      119.678248     4.371201    1.073385
 1
       1
     1
     0
 1.300E+00
 0.000E+00
 0.000E+00
 0.000E+00
      118.940597     -3.681870    -0.739582
 1
       1
     1
     0
 1.300E+00
 0.000E+00
 0.000E+00
 0.000E+00
      127.888814     3.580067    1.138896
 1
       1
     1
     0
 1.300E+00
 0.000E+00
 0.000E+00
 0.000E+00
      127.486798     -3.858579    -1.774290
 1
       1
     1
     0
 1.300E+00
 0.000E+00
 0.000E+00
 0.000E+00
      132.706622     3.341344    1.157958
 1
       1
     1
     0
 1.300E+00
 0.000E+00
 0.000E+00
 0.000E+00
      132.177474     -4.412608    -1.708789
 1
       1
     1
     0
 1.300E+00
 0.000E+00
 0.000E+00
 0.000E+00
      141.060989     1.817722    3.003878
 1
       1
     1
     0
 1.300E+00
 0.000E+00
 0.000E+00
 0.000E+00
      140.811464     -4.108586    -2.607234
 1
       1
     1
     0
 1.300E+00
 0.000E+00
 0.000E+00
 0.000E+00
      147.838786     -1.403208    -0.127857
 1
       1
     1
     0
 1.300E+00
 0.000E+00
 0.000E+00
 0.000E+00
      145.740733     1.979720    3.093737
 1
       1
     1
     0
 1.300E+00
 0.000E+00
 0.000E+00
 0.000E+00
      145.285566     -4.260221    -2.672855
 6
       4
     2     2     2     2
     0     1     1     1
 1.710E+00 1.625E+00 1.625E+00 1.625E+00
 0.000E+00 0.000E+00 0.000E+00 0.000E+00
 0.000E+00 0.000E+00 0.000E+00 0.000E+00
 0.000E+00 0.000E+00 0.000E+00 0.000E+00
      137.876785     -1.139711    0.457433
 6
       4
     2     2     2     2
     0     1     1     1
 1.710E+00 1.625E+00 1.625E+00 1.625E+00
 0.000E+00 0.000E+00 0.000E+00 0.000E+00
 0.000E+00 0.000E+00 0.000E+00 0.000E+00
 0.000E+00 0.000E+00 0.000E+00 0.000E+00
      140.597490     -1.307288    0.382779
 6
       4
     2     2     2     2
     0     1     1     1
 1.710E+00 1.625E+00 1.625E+00 1.625E+00
 0.000E+00 0.000E+00 0.000E+00 0.000E+00
 0.000E+00 0.000E+00 0.000E+00 0.000E+00
 0.000E+00 0.000E+00 0.000E+00 0.000E+00
      141.722442     -2.925974    -1.258421
 6
       4
     2     2     2     2
     0     1     1     1
 1.710E+00 1.625E+00 1.625E+00 1.625E+00
 0.000E+00 0.000E+00 0.000E+00 0.000E+00
 0.000E+00 0.000E+00 0.000E+00 0.000E+00
 0.000E+00 0.000E+00 0.000E+00 0.000E+00
      142.109704     0.567120    1.901467
 6
       4
     2     2     2     2
     0     1     1     1
 1.710E+00 1.625E+00 1.625E+00 1.625E+00
 0.000E+00 0.000E+00 0.000E+00 0.000E+00
 0.000E+00 0.000E+00 0.000E+00 0.000E+00
 0.000E+00 0.000E+00 0.000E+00 0.000E+00
      144.689796     0.508818    1.947782
 6
       4
     2     2     2     2
     0     1     1     1
 1.710E+00 1.625E+00 1.625E+00 1.625E+00
 0.000E+00 0.000E+00 0.000E+00 0.000E+00
 0.000E+00 0.000E+00 0.000E+00 0.000E+00
 0.000E+00 0.000E+00 0.000E+00 0.000E+00
      144.614401     -2.993955    -1.257280
 6
       4
     2     2     2     2
     0     1     1     1
 1.710E+00 1.625E+00 1.625E+00 1.625E+00
 0.000E+00 0.000E+00 0.000E+00 0.000E+00
 0.000E+00 0.000E+00 0.000E+00 0.000E+00
 0.000E+00 0.000E+00 0.000E+00 0.000E+00
      146.009635     -1.393614    0.162012
# LCAO coefficients .. are not included.
         1
        1        0.000026874040176   k=         1
        2        -0.000801016076219   k=         1
        3        -0.003406161214122   k=         1
        4        0.018062383920292   k=         1
        5        0.000934786156468   k=         1
        6        0.001943133902726   k=         1
        7        -0.009789862751344   k=         1
        8        0.017507925202405   k=         1
        9        -0.001021834613941   k=         1
        10        -0.001956620634070   k=         1
        11        -0.008008188738759   k=         1
        12        0.013589263531846   k=         1
        13        -0.000268579347119   k=         1
        14        -0.000522785308129   k=         1
        15        0.002411010814973   k=         1
        16        -0.004799055542978   k=         1
        17        0.000042005412420   k=         1
        18        -0.003187265390309   k=         1
        19        0.006900644816102   k=         1
        20        -0.023995590179333   k=         1
        21        0.000417878517281   k=         1
        22        0.000684135749326   k=         1
        23        0.003184859533966   k=         1
        24        -0.009000186024900   k=         1
        25        0.000814843398166   k=         1
        26        0.002663771053916   k=         1
        27        -0.004671458094427   k=         1
        28        -0.027669965205059   k=         1
        29        -0.000784362762777   k=         1
        30        -0.000003474509132   k=         1
        31        0.000216492706690   k=         1
        32        -0.021157133002890   k=         1
        33        0.000433063934034   k=         1
        34        0.000266865010539   k=         1
        35        0.008817940556472   k=         1
        36        0.033300754672775   k=         1
        37        -0.000131752829149   k=         1
        38        0.000645424846949   k=         1
        39        0.008110643095532   k=         1
        40        0.018705002414819   k=         1
        41        0.000530273631410   k=         1
        42        -0.002433065218618   k=         1
        43        0.006021822582761   k=         1
        44        0.019214525008569   k=         1
        45        -0.000623248415794   k=         1
        46        -0.000184006061400   k=         1
        47        -0.006149955452132   k=         1
        48        -0.019007546297666   k=         1
        49        -0.000024477357190   k=         1
        50        0.002802101528241   k=         1
        51        -0.005114951407684   k=         1
        52        -0.019022887376446   k=         1
        53        0.000467032010432   k=         1
        54        0.005549698385799   k=         1
        55        -0.010386588171467   k=         1
        56        -0.030923981442839   k=         1
        57        0.000517959010770   k=         1
        58        -0.003110276797853   k=         1
        59        0.012642389143195   k=         1
        60        0.020075074440496   k=         1
        61        0.000254111031422   k=         1
        62        0.003090260991728   k=         1
        63        0.010819093012837   k=         1
        64        0.024045587264692   k=         1
        65        -0.000249890838832   k=         1
        66        -0.004929291811396   k=         1
        67        -0.016285274527055   k=         1
        68        -0.021141005165300   k=         1
        69        -0.000821339217097   k=         1
        70        -0.001335065946291   k=         1
        71        -0.011505371053509   k=         1
        72        -0.011130827912371   k=         1
        73        0.000998974990949   k=         1
        74        -0.001005069218347   k=         1
        75        -0.015472959376261   k=         1
        76        -0.014263047248769   k=         1
        77        -0.000498839306851   k=         1
        78        -0.001203253279954   k=         1
        79        0.012293153947862   k=         1
        80        0.013015709485194   k=         1
        81        0.000662250202832   k=         1
        82        0.002474114145100   k=         1
        83        0.011511309404786   k=         1
        84        0.013598541821771   k=         1
        85        0.000075802661822   k=         1
        86        0.002275826849580   k=         1
        87        0.014426075641572   k=         1
        88        0.022160390568198   k=         1
        89        -0.001441772767202   k=         1
        90        -0.003049664858155   k=         1
        91        -0.008867970770344   k=         1
        92        -0.026081816155385   k=         1
        93        0.001625492155373   k=         1
        94        -0.000842321132740   k=         1
        95        -0.009713134214607   k=         1
        96        -0.018678689255544   k=         1
        97        -0.000710775694886   k=         1
        98        -0.002712544107681   k=         1
        99        0.011946677646025   k=         1
        100        0.035735326821685   k=         1
        101        -0.000352594268946   k=         1
        102        0.001395002909036   k=         1
        103        0.006432585332728   k=         1
        104        0.020762508058717   k=         1
        105        0.000292129181745   k=         1
        106        -0.001604448719525   k=         1
        107        0.004080592490433   k=         1
        108        0.019802372653290   k=         1
        109        -0.000204354646007   k=         1
        110        -0.000070152114105   k=         1
        111        -0.003119932738135   k=         1
        112        -0.018592383896398   k=         1
        113        0.000531974982909   k=         1
        114        -0.002624651721684   k=         1
        115        -0.005326344674046   k=         1
        116        -0.030648466523917   k=         1
        117        -0.000315286615979   k=         1
        118        -0.004515213294339   k=         1
        119        -0.009127432841494   k=         1
        120        -0.033926524621350   k=         1
        121        0.000728093865593   k=         1
        122        0.005027118128622   k=         1
        123        0.010351357953971   k=         1
        124        0.028432372964853   k=         1
        125        -0.001028372433337   k=         1
        126        0.001700001199626   k=         1
        127        0.009361409754463   k=         1
        128        0.031154319092566   k=         1
        129        -0.000903659638098   k=         1
        130        0.001946413046155   k=         1
        131        -0.014259736200214   k=         1
        132        -0.032978312491540   k=         1
        133        0.000288133436491   k=         1
        134        0.005526076579889   k=         1
        135        -0.010025967604564   k=         1
        136        -0.018744351163231   k=         1
        137        0.000772710337869   k=         1
        138        0.001909871082950   k=         1
        139        -0.011389651841378   k=         1
        140        -0.021954669238093   k=         1
        141        -0.000270390525175   k=         1
        142        -0.003176844106581   k=         1
        143        0.015004119906880   k=         1
        144        0.025316342662506   k=         1
        145        0.001090439915579   k=         1
        146        -0.004004732446390   k=         1
        147        0.010261522764958   k=         1
        148        0.015503659841501   k=         1
        149        -0.000548538606925   k=         1
        150        -0.001526285259981   k=         1
        151        0.017158113678262   k=         1
        152        0.030911690395712   k=         1
        153        0.000983356039374   k=         1
        154        0.000755582006104   k=         1
        155        -0.013196102230027   k=         1
        156        -0.033795506799982   k=         1
        157        0.001042218464132   k=         1
        158        -0.000734078539780   k=         1
        159        0.000478351642348   k=         1
        160        -0.001447460121354   k=         1
        161        0.000415352865076   k=         1
        162        0.000366134927104   k=         1
        163        0.000372150499531   k=         1
        164        -0.000878742427371   k=         1
        165        -0.000087827414515   k=         1
        166        -0.001524836937520   k=         1
        167        0.000841432224625   k=         1
        168        0.000303715386549   k=         1
        169        -0.000863079687568   k=         1
        170        -0.000941912694572   k=         1
        171        0.000307099437805   k=         1
        172        0.001171419051757   k=         1
        173        0.000003371028675   k=         1
        174        -0.001272036165088   k=         1
        175        0.000056147064487   k=         1
        176        -0.000264111094036   k=         1
        177        -0.001197708109174   k=         1
        178        0.000165316274458   k=         1
        179        0.001037170931446   k=         1
        180        0.000973208665465   k=         1
        181        -0.001580859803362   k=         1
        182        0.011098780802335   k=         1
        183        0.041860315470306   k=         1
        184        0.000427093574137   k=         1
        185        -0.000649310689275   k=         1
        186        -0.000955064531024   k=         1
        187        -0.000970274130439   k=         1
        188        -0.013649633146908   k=         1
        189        -0.027075521714701   k=         1
        190        0.001519414503266   k=         1
        191        0.003495866058565   k=         1
        192        0.014935974022892   k=         1
        193        0.042432469113183   k=         1
        194        -0.001089488462561   k=         1
        195        0.002211383256029   k=         1
        196        0.008427514972691   k=         1
        197        0.032251851100186   k=         1
        198        0.000059754828665   k=         1
        199        -0.000992483438294   k=         1
        200        0.005078427954389   k=         1
        201        0.017527035382555   k=         1
        202        -0.000405969760230   k=         1
        203        0.001362723391618   k=         1
        204        -0.005948986216269   k=         1
        205        -0.022705636256725   k=         1
        206        -0.000647183242164   k=         1
        207        -0.000297839897550   k=         1
        208        -0.010753227619071   k=         1
        209        -0.034828774723891   k=         1
        210        0.000808283266549   k=         1
        211        0.001901458794468   k=         1
        212        -0.012284495371556   k=         1
        213        -0.039956456290270   k=         1
        214        -0.000015733206402   k=         1
        215        0.001898372884774   k=         1
        216        0.012122146426523   k=         1
        217        0.050108799239487   k=         1
        218        0.000442344457814   k=         1
        219        -0.002738894546693   k=         1
        220        0.006663960777686   k=         1
        221        0.033690024790408   k=         1
        222        -0.000046142901085   k=         1
        223        -0.002315994016569   k=         1
        224        0.005489674252420   k=         1
        225        0.028722426430499   k=         1
        226        0.000008163036678   k=         1
        227        0.003889829791525   k=         1
        228        -0.008164018180545   k=         1
        229        -0.032777347539676   k=         1
        230        0.000116322634698   k=         1
        231        0.002125022314897   k=         1
        232        -0.012222325554608   k=         1
        233        -0.048523916081338   k=         1
        234        0.000569636875976   k=         1
        235        0.002196502255297   k=         1
        236        -0.008176980425555   k=         1
        237        -0.029089375915145   k=         1
        238        0.001325138431758   k=         1
        239        -0.001504119742134   k=         1
        240        -0.010967102799252   k=         1
        241        -0.034030790404639   k=         1
        242        -0.000619884242623   k=         1
        243        -0.000873334565715   k=         1
        244        -0.010411350795889   k=         1
        245        -0.041103630087099   k=         1
        246        0.000793636342772   k=         1
        247        0.002632473370640   k=         1
        248        0.013622583218197   k=         1
        249        0.036932176291304   k=         1
        250        -0.000098733182486   k=         1
        251        0.003407634330067   k=         1
        252        0.013127711982136   k=         1
        253        0.025709958206313   k=         1
        254        0.001103204485311   k=         1
        255        0.003837662655464   k=         1
        256        0.009600137281129   k=         1
        257        0.027911928167653   k=         1
        258        -0.000720115084049   k=         1
        259        -0.003100333426338   k=         1
        260        -0.008819949220510   k=         1
        261        -0.024246374961261   k=         1
        262        -0.000861234356882   k=         1
        263        -0.004162805467899   k=         1
        264        -0.009389548273210   k=         1
        265        -0.023680681571085   k=         1
        266        0.001600318213931   k=         1
        267        0.002907417171905   k=         1
        268        -0.013175553835505   k=         1
        269        -0.039606035765499   k=         1
        270        0.000225059883602   k=         1
        271        -0.004812467646344   k=         1
        272        0.008439404867687   k=         1
        273        0.028012241035038   k=         1
        274        0.001096762142645   k=         1
        275        -0.001397768645320   k=         1
        276        0.010879947927017   k=         1
        277        0.034184826455808   k=         1
        278        0.000727952136034   k=         1
        279        -0.000343792554721   k=         1
        280        -0.008352264432322   k=         1
        281        -0.028771672207799   k=         1
        282        -0.000300171299972   k=         1
        283        0.002027784840609   k=         1
        284        -0.005793042147089   k=         1
        285        -0.022402839540622   k=         1
        286        -0.000706197610292   k=         1
        287        0.000422168215600   k=         1
        288        -0.008464540209092   k=         1
        289        -0.025904002522742   k=         1
        290        -0.000924615752368   k=         1
        291        -0.001510855045063   k=         1
        292        0.009385585996837   k=         1
        293        0.018986635423828   k=         1
        294        0.000455672384786   k=         1
        295        -0.000968493356273   k=         1
        296        0.003827322326863   k=         1
        297        0.011598856513778   k=         1
        298        0.001129557907352   k=         1
        299        -0.002808553366255   k=         1
        300        0.011107815382817   k=         1
        301        0.032155808636467   k=         1
        302        -0.001628396300494   k=         1
        303        -0.001434930693801   k=         1
        304        -0.001253552120623   k=         1
        305        -0.018577527241689   k=         1
        306        0.001476582323965   k=         1
        307        -0.003287075282862   k=         1
        308        -0.007196628708539   k=         1
        309        -0.023081970186895   k=         1
        310        -0.000498193574064   k=         1
        311        0.000569545942136   k=         1
        312        -0.002192664060719   k=         1
        313        0.019552623779870   k=         1
        314        -0.000819867211566   k=         1
        315        0.000516036521829   k=         1
        316        -0.004780656139289   k=         1
        317        0.014288151360084   k=         1
        318        0.000957287979758   k=         1
        319        -0.003783012102350   k=         1
        320        -0.006937003136830   k=         1
        321        0.013822379149544   k=         1
        322        -0.000339078597864   k=         1
        323        0.001746116152790   k=         1
        324        0.002352679430735   k=         1
        325        -0.009067862168264   k=         1
        326        0.000285701224939   k=         1
        327        0.000607043122232   k=         1
        328        0.002408865199835   k=         1
        329        -0.011662041378207   k=         1
        330        -0.000108610708553   k=         1
        331        0.001075805272604   k=         1
        332        0.005036122572578   k=         1
        333        -0.021702729669185   k=         1
        334        -0.000227116950928   k=         1
        335        -0.000219244214476   k=         1
        336        -0.003025827459030   k=         1
        337        0.009583105024667   k=         1
        338        0.000365883954278   k=         1
        339        0.000914376544034   k=         1
        340        -0.003971283202294   k=         1
        341        0.015099127704220   k=         1
        342        -0.000033899252599   k=         1
        343        -0.000814517651976   k=         1
        344        0.003421398996139   k=         1
        345        -0.008967273282599   k=         1
        346        0.000092774418358   k=         1
        347        -0.000145447863687   k=         1
        348        0.004069123454324   k=         1
        349        -0.008600706807462   k=         1
        350        -0.000407686706597   k=         1
        351        0.000066604483172   k=         1
        352        0.003656504314116   k=         1
        353        -0.009222100616757   k=         1
        354        0.000065024296259   k=         1
        355        -0.000156844330383   k=         1
        356        -0.001526830005364   k=         1
        357        0.004512365217366   k=         1
        358        0.000033451314763   k=         1
        359        -0.000236922541191   k=         1
        360        -0.001893856880044   k=         1
        361        0.004562578574592   k=         1
        362        0.000200305132915   k=         1
        363        -0.002724510922427   k=         1
        364        -0.003834646436860   k=         1
        365        0.011113594752370   k=         1
        366        -0.000185168746478   k=         1
        367        0.001125421002393   k=         1
        368        0.001541816580504   k=         1
        369        -0.003805752883658   k=         1
        370        0.000072663782716   k=         1
        371        -0.001139680164255   k=         1
        372        -0.000440972439920   k=         1
        373        -0.000293560331647   k=         1
        374        0.011081648988760   k=         1
        375        0.038934581868447   k=         1
        376        -0.000636432294066   k=         1
        377        -0.000664493384425   k=         1
        378        -0.000130145615959   k=         1
        379        -0.000709304868789   k=         1
        380        -0.001406769091342   k=         1
        381        -0.000709518839854   k=         1
        382        -0.000717319669975   k=         1
        383        0.000536099086267   k=         1
        384        -0.000088727180911   k=         1
        385        0.000346841828298   k=         1
        386        -0.000495495954352   k=         1
        387        0.000544989394933   k=         1
        388        0.001537317178320   k=         1
        389        -0.000621654380704   k=         1
        390        -0.000023083247662   k=         1
        391        -0.000180017201560   k=         1
        392        0.000190940060164   k=         1
        393        0.000573860266433   k=         1
        394        -0.000063212280268   k=         1
        395        0.000260355682253   k=         1
        396        -0.000093625609756   k=         1
        397        0.000417310686553   k=         1
        398        -0.000190074170927   k=         1
        399        -0.000117101993432   k=         1
        400        -0.000096884336930   k=         1
        401        0.002881122940862   k=         1
        402        -0.007770814397718   k=         1
        403        0.000010625486960   k=         1
        404        0.000424616802393   k=         1
        405        -0.001379266728232   k=         1
        406        0.002479555900401   k=         1
        407        -0.000267086867623   k=         1
        408        0.000049848364198   k=         1
        409        -0.004590402002797   k=         1
        410        0.003388048419826   k=         1
        411        0.000221378643815   k=         1
        412        -0.000734117762883   k=         1
        413        -0.002231481770713   k=         1
        414        0.001358712145815   k=         1
        415        -0.000109605650273   k=         1
        416        0.000288523038204   k=         1
        417        0.000720961339851   k=         1
        418        -0.000749646385418   k=         1
        419        0.000016963035952   k=         1
        420        0.000074354555180   k=         1
        421        0.000720441260189   k=         1
        422        -0.000518896470746   k=         1
        423        -0.000034196932451   k=         1
        424        -0.000475955445203   k=         1
        425        0.002752122694537   k=         1
        426        -0.003244865932716   k=         1
