# file_format= v0.04.05
       144       426
    188.97268778      0.00000000      0.00000000    0
      0.00000000    188.97268778      0.00000000    0
      0.00000000      0.00000000    188.97268778    0
 6
       4
     2     2     2     2
     0     1     1     1
 1.710E+00 1.625E+00 1.625E+00 1.625E+00
 0.000E+00 0.000E+00 0.000E+00 0.000E+00
 0.000E+00 0.000E+00 0.000E+00 0.000E+00
 0.000E+00 0.000E+00 0.000E+00 0.000E+00
      0.860207     -0.700557    -0.156736
 6
       4
     2     2     2     2
     0     1     1     1
 1.710E+00 1.625E+00 1.625E+00 1.625E+00
 0.000E+00 0.000E+00 0.000E+00 0.000E+00
 0.000E+00 0.000E+00 0.000E+00 0.000E+00
 0.000E+00 0.000E+00 0.000E+00 0.000E+00
      -0.923819     1.198810    0.518543
 6
       4
     2     2     2     2
     0     1     1     1
 1.710E+00 1.625E+00 1.625E+00 1.625E+00
 0.000E+00 0.000E+00 0.000E+00 0.000E+00
 0.000E+00 0.000E+00 0.000E+00 0.000E+00
 0.000E+00 0.000E+00 0.000E+00 0.000E+00
      -0.144424     -3.038012    -1.068835
 6
       4
     2     2     2     2
     0     1     1     1
 1.710E+00 1.625E+00 1.625E+00 1.625E+00
 0.000E+00 0.000E+00 0.000E+00 0.000E+00
 0.000E+00 0.000E+00 0.000E+00 0.000E+00
 0.000E+00 0.000E+00 0.000E+00 0.000E+00
      -3.565291     0.773671    0.420515
 6
       4
     2     2     2     2
     0     1     1     1
 1.710E+00 1.625E+00 1.625E+00 1.625E+00
 0.000E+00 0.000E+00 0.000E+00 0.000E+00
 0.000E+00 0.000E+00 0.000E+00 0.000E+00
 0.000E+00 0.000E+00 0.000E+00 0.000E+00
      -4.345926     -1.583779    -0.282875
 6
       4
     2     2     2     2
     0     1     1     1
 1.710E+00 1.625E+00 1.625E+00 1.625E+00
 0.000E+00 0.000E+00 0.000E+00 0.000E+00
 0.000E+00 0.000E+00 0.000E+00 0.000E+00
 0.000E+00 0.000E+00 0.000E+00 0.000E+00
      -2.663642     -3.519188    -1.038429
 6
       4
     2     2     2     2
     0     1     1     1
 1.710E+00 1.625E+00 1.625E+00 1.625E+00
 0.000E+00 0.000E+00 0.000E+00 0.000E+00
 0.000E+00 0.000E+00 0.000E+00 0.000E+00
 0.000E+00 0.000E+00 0.000E+00 0.000E+00
      3.620246     -0.143358    -0.050616
 6
       4
     2     2     2     2
     0     1     1     1
 1.710E+00 1.625E+00 1.625E+00 1.625E+00
 0.000E+00 0.000E+00 0.000E+00 0.000E+00
 0.000E+00 0.000E+00 0.000E+00 0.000E+00
 0.000E+00 0.000E+00 0.000E+00 0.000E+00
      5.749087     0.215725    0.147083
 6
       4
     2     2     2     2
     0     1     1     1
 1.710E+00 1.625E+00 1.625E+00 1.625E+00
 0.000E+00 0.000E+00 0.000E+00 0.000E+00
 0.000E+00 0.000E+00 0.000E+00 0.000E+00
 0.000E+00 0.000E+00 0.000E+00 0.000E+00
      8.542310     0.715086    0.036500
 6
       4
     2     2     2     2
     0     1     1     1
 1.710E+00 1.625E+00 1.625E+00 1.625E+00
 0.000E+00 0.000E+00 0.000E+00 0.000E+00
 0.000E+00 0.000E+00 0.000E+00 0.000E+00
 0.000E+00 0.000E+00 0.000E+00 0.000E+00
      9.788229     2.904949    -0.717578
 6
       4
     2     2     2     2
     0     1     1     1
 1.710E+00 1.625E+00 1.625E+00 1.625E+00
 0.000E+00 0.000E+00 0.000E+00 0.000E+00
 0.000E+00 0.000E+00 0.000E+00 0.000E+00
 0.000E+00 0.000E+00 0.000E+00 0.000E+00
      10.171620     -1.279025    0.682837
 6
       4
     2     2     2     2
     0     1     1     1
 1.710E+00 1.625E+00 1.625E+00 1.625E+00
 0.000E+00 0.000E+00 0.000E+00 0.000E+00
 0.000E+00 0.000E+00 0.000E+00 0.000E+00
 0.000E+00 0.000E+00 0.000E+00 0.000E+00
      12.500900     3.113348    -0.659303
 6
       4
     2     2     2     2
     0     1     1     1
 1.710E+00 1.625E+00 1.625E+00 1.625E+00
 0.000E+00 0.000E+00 0.000E+00 0.000E+00
 0.000E+00 0.000E+00 0.000E+00 0.000E+00
 0.000E+00 0.000E+00 0.000E+00 0.000E+00
      12.780145     -1.119224    0.907450
 6
       4
     2     2     2     2
     0     1     1     1
 1.710E+00 1.625E+00 1.625E+00 1.625E+00
 0.000E+00 0.000E+00 0.000E+00 0.000E+00
 0.000E+00 0.000E+00 0.000E+00 0.000E+00
 0.000E+00 0.000E+00 0.000E+00 0.000E+00
      14.119602     1.152858    0.245789
 6
       4
     2     2     2     2
     0     1     1     1
 1.710E+00 1.625E+00 1.625E+00 1.625E+00
 0.000E+00 0.000E+00 0.000E+00 0.000E+00
 0.000E+00 0.000E+00 0.000E+00 0.000E+00
 0.000E+00 0.000E+00 0.000E+00 0.000E+00
      16.923271     1.321041    0.374672
 6
       4
     2     2     2     2
     0     1     1     1
 1.710E+00 1.625E+00 1.625E+00 1.625E+00
 0.000E+00 0.000E+00 0.000E+00 0.000E+00
 0.000E+00 0.000E+00 0.000E+00 0.000E+00
 0.000E+00 0.000E+00 0.000E+00 0.000E+00
      19.100625     1.414947    0.401315
 6
       4
     2     2     2     2
     0     1     1     1
 1.710E+00 1.625E+00 1.625E+00 1.625E+00
 0.000E+00 0.000E+00 0.000E+00 0.000E+00
 0.000E+00 0.000E+00 0.000E+00 0.000E+00
 0.000E+00 0.000E+00 0.000E+00 0.000E+00
      21.864296     1.322954    0.186771
 6
       4
     2     2     2     2
     0     1     1     1
 1.710E+00 1.625E+00 1.625E+00 1.625E+00
 0.000E+00 0.000E+00 0.000E+00 0.000E+00
 0.000E+00 0.000E+00 0.000E+00 0.000E+00
 0.000E+00 0.000E+00 0.000E+00 0.000E+00
      23.251383     -0.500581    1.590055
 6
       4
     2     2     2     2
     0     1     1     1
 1.710E+00 1.625E+00 1.625E+00 1.625E+00
 0.000E+00 0.000E+00 0.000E+00 0.000E+00
 0.000E+00 0.000E+00 0.000E+00 0.000E+00
 0.000E+00 0.000E+00 0.000E+00 0.000E+00
      23.375440     2.848376    -1.408647
 6
       4
     2     2     2     2
     0     1     1     1
 1.710E+00 1.625E+00 1.625E+00 1.625E+00
 0.000E+00 0.000E+00 0.000E+00 0.000E+00
 0.000E+00 0.000E+00 0.000E+00 0.000E+00
 0.000E+00 0.000E+00 0.000E+00 0.000E+00
      26.041909     2.643489    -1.453454
 6
       4
     2     2     2     2
     0     1     1     1
 1.710E+00 1.625E+00 1.625E+00 1.625E+00
 0.000E+00 0.000E+00 0.000E+00 0.000E+00
 0.000E+00 0.000E+00 0.000E+00 0.000E+00
 0.000E+00 0.000E+00 0.000E+00 0.000E+00
      25.805080     -0.913599    1.351258
 6
       4
     2     2     2     2
     0     1     1     1
 1.710E+00 1.625E+00 1.625E+00 1.625E+00
 0.000E+00 0.000E+00 0.000E+00 0.000E+00
 0.000E+00 0.000E+00 0.000E+00 0.000E+00
 0.000E+00 0.000E+00 0.000E+00 0.000E+00
      27.364839     0.754088    -0.074576
 6
       4
     2     2     2     2
     0     1     1     1
 1.710E+00 1.625E+00 1.625E+00 1.625E+00
 0.000E+00 0.000E+00 0.000E+00 0.000E+00
 0.000E+00 0.000E+00 0.000E+00 0.000E+00
 0.000E+00 0.000E+00 0.000E+00 0.000E+00
      30.086108     0.525540    0.051659
 6
       4
     2     2     2     2
     0     1     1     1
 1.710E+00 1.625E+00 1.625E+00 1.625E+00
 0.000E+00 0.000E+00 0.000E+00 0.000E+00
 0.000E+00 0.000E+00 0.000E+00 0.000E+00
 0.000E+00 0.000E+00 0.000E+00 0.000E+00
      32.198374     -0.059721    0.074782
 6
       4
     2     2     2     2
     0     1     1     1
 1.710E+00 1.625E+00 1.625E+00 1.625E+00
 0.000E+00 0.000E+00 0.000E+00 0.000E+00
 0.000E+00 0.000E+00 0.000E+00 0.000E+00
 0.000E+00 0.000E+00 0.000E+00 0.000E+00
      35.019510     -0.143663    0.090930
 6
       4
     2     2     2     2
     0     1     1     1
 1.710E+00 1.625E+00 1.625E+00 1.625E+00
 0.000E+00 0.000E+00 0.000E+00 0.000E+00
 0.000E+00 0.000E+00 0.000E+00 0.000E+00
 0.000E+00 0.000E+00 0.000E+00 0.000E+00
      36.441387     -2.219816    0.781800
 6
       4
     2     2     2     2
     0     1     1     1
 1.710E+00 1.625E+00 1.625E+00 1.625E+00
 0.000E+00 0.000E+00 0.000E+00 0.000E+00
 0.000E+00 0.000E+00 0.000E+00 0.000E+00
 0.000E+00 0.000E+00 0.000E+00 0.000E+00
      36.384000     2.108042    -0.407389
 6
       4
     2     2     2     2
     0     1     1     1
 1.710E+00 1.625E+00 1.625E+00 1.625E+00
 0.000E+00 0.000E+00 0.000E+00 0.000E+00
 0.000E+00 0.000E+00 0.000E+00 0.000E+00
 0.000E+00 0.000E+00 0.000E+00 0.000E+00
      39.042092     2.193539    -0.419546
 6
       4
     2     2     2     2
     0     1     1     1
 1.710E+00 1.625E+00 1.625E+00 1.625E+00
 0.000E+00 0.000E+00 0.000E+00 0.000E+00
 0.000E+00 0.000E+00 0.000E+00 0.000E+00
 0.000E+00 0.000E+00 0.000E+00 0.000E+00
      39.030013     -2.183512    0.584655
 6
       4
     2     2     2     2
     0     1     1     1
 1.710E+00 1.625E+00 1.625E+00 1.625E+00
 0.000E+00 0.000E+00 0.000E+00 0.000E+00
 0.000E+00 0.000E+00 0.000E+00 0.000E+00
 0.000E+00 0.000E+00 0.000E+00 0.000E+00
      40.475075     -0.069882    -0.106036
 6
       4
     2     2     2     2
     0     1     1     1
 1.710E+00 1.625E+00 1.625E+00 1.625E+00
 0.000E+00 0.000E+00 0.000E+00 0.000E+00
 0.000E+00 0.000E+00 0.000E+00 0.000E+00
 0.000E+00 0.000E+00 0.000E+00 0.000E+00
      43.296185     -0.375536    -0.233553
 6
       4
     2     2     2     2
     0     1     1     1
 1.710E+00 1.625E+00 1.625E+00 1.625E+00
 0.000E+00 0.000E+00 0.000E+00 0.000E+00
 0.000E+00 0.000E+00 0.000E+00 0.000E+00
 0.000E+00 0.000E+00 0.000E+00 0.000E+00
      45.458974     -0.640761    -0.350421
 6
       4
     2     2     2     2
     0     1     1     1
 1.710E+00 1.625E+00 1.625E+00 1.625E+00
 0.000E+00 0.000E+00 0.000E+00 0.000E+00
 0.000E+00 0.000E+00 0.000E+00 0.000E+00
 0.000E+00 0.000E+00 0.000E+00 0.000E+00
      48.158626     -0.606712    -0.366682
 6
       4
     2     2     2     2
     0     1     1     1
 1.710E+00 1.625E+00 1.625E+00 1.625E+00
 0.000E+00 0.000E+00 0.000E+00 0.000E+00
 0.000E+00 0.000E+00 0.000E+00 0.000E+00
 0.000E+00 0.000E+00 0.000E+00 0.000E+00
      49.834021     -2.454815    0.765471
 6
       4
     2     2     2     2
     0     1     1     1
 1.710E+00 1.625E+00 1.625E+00 1.625E+00
 0.000E+00 0.000E+00 0.000E+00 0.000E+00
 0.000E+00 0.000E+00 0.000E+00 0.000E+00
 0.000E+00 0.000E+00 0.000E+00 0.000E+00
      49.561209     1.623728    -1.172157
 6
       4
     2     2     2     2
     0     1     1     1
 1.710E+00 1.625E+00 1.625E+00 1.625E+00
 0.000E+00 0.000E+00 0.000E+00 0.000E+00
 0.000E+00 0.000E+00 0.000E+00 0.000E+00
 0.000E+00 0.000E+00 0.000E+00 0.000E+00
      52.180516     1.869035    -1.151550
 6
       4
     2     2     2     2
     0     1     1     1
 1.710E+00 1.625E+00 1.625E+00 1.625E+00
 0.000E+00 0.000E+00 0.000E+00 0.000E+00
 0.000E+00 0.000E+00 0.000E+00 0.000E+00
 0.000E+00 0.000E+00 0.000E+00 0.000E+00
      52.374141     -2.031212    1.171488
 6
       4
     2     2     2     2
     0     1     1     1
 1.710E+00 1.625E+00 1.625E+00 1.625E+00
 0.000E+00 0.000E+00 0.000E+00 0.000E+00
 0.000E+00 0.000E+00 0.000E+00 0.000E+00
 0.000E+00 0.000E+00 0.000E+00 0.000E+00
      53.744385     -0.000299    0.037264
 6
       4
     2     2     2     2
     0     1     1     1
 1.710E+00 1.625E+00 1.625E+00 1.625E+00
 0.000E+00 0.000E+00 0.000E+00 0.000E+00
 0.000E+00 0.000E+00 0.000E+00 0.000E+00
 0.000E+00 0.000E+00 0.000E+00 0.000E+00
      56.434579     0.189946    0.029606
 1
       1
     1
     0
 1.300E+00
 0.000E+00
 0.000E+00
 0.000E+00
      -4.981526     2.170307    1.035795
 1
       1
     1
     0
 1.300E+00
 0.000E+00
 0.000E+00
 0.000E+00
      -0.189914     2.968950    1.076533
 1
       1
     1
     0
 1.300E+00
 0.000E+00
 0.000E+00
 0.000E+00
      -6.856489     -1.919400    -0.254036
 1
       1
     1
     0
 1.300E+00
 0.000E+00
 0.000E+00
 0.000E+00
      -3.521894     -5.318666    -1.595726
 1
       1
     1
     0
 1.300E+00
 0.000E+00
 0.000E+00
 0.000E+00
      1.187748     -4.656228    -1.634636
 1
       1
     1
     0
 1.300E+00
 0.000E+00
 0.000E+00
 0.000E+00
      8.762824     4.680942    -1.390177
 1
       1
     1
     0
 1.300E+00
 0.000E+00
 0.000E+00
 0.000E+00
      9.332412     -3.127232    1.107946
 1
       1
     1
     0
 1.300E+00
 0.000E+00
 0.000E+00
 0.000E+00
      13.390307     4.948726    -1.107548
 1
       1
     1
     0
 1.300E+00
 0.000E+00
 0.000E+00
 0.000E+00
      13.845350     -2.780490    1.410361
 1
       1
     1
     0
 1.300E+00
 0.000E+00
 0.000E+00
 0.000E+00
      22.418012     4.339605    -2.613066
 1
       1
     1
     0
 1.300E+00
 0.000E+00
 0.000E+00
 0.000E+00
      27.051698     3.904017    -2.587330
 1
       1
     1
     0
 1.300E+00
 0.000E+00
 0.000E+00
 0.000E+00
      22.225517     -1.812185    2.853921
 1
       1
     1
     0
 1.300E+00
 0.000E+00
 0.000E+00
 0.000E+00
      26.689269     -2.419822    2.514547
 1
       1
     1
     0
 1.300E+00
 0.000E+00
 0.000E+00
 0.000E+00
      35.389333     3.831059    -0.736086
 1
       1
     1
     0
 1.300E+00
 0.000E+00
 0.000E+00
 0.000E+00
      35.484702     -4.034283    1.261732
 1
       1
     1
     0
 1.300E+00
 0.000E+00
 0.000E+00
 0.000E+00
      40.032481     4.082849    -0.799205
 1
       1
     1
     0
 1.300E+00
 0.000E+00
 0.000E+00
 0.000E+00
      40.114053     -3.972259    1.116717
 1
       1
     1
     0
 1.300E+00
 0.000E+00
 0.000E+00
 0.000E+00
      48.228309     3.151352    -1.840056
 1
       1
     1
     0
 1.300E+00
 0.000E+00
 0.000E+00
 0.000E+00
      48.999533     -4.347515    1.402776
 1
       1
     1
     0
 1.300E+00
 0.000E+00
 0.000E+00
 0.000E+00
      53.003140     3.767271    -1.827329
 1
       1
     1
     0
 1.300E+00
 0.000E+00
 0.000E+00
 0.000E+00
      53.359312     -3.491906    2.241408
 1
       1
     1
     0
 1.300E+00
 0.000E+00
 0.000E+00
 0.000E+00
      61.835470     4.106097    -1.527061
 1
       1
     1
     0
 1.300E+00
 0.000E+00
 0.000E+00
 0.000E+00
      61.824315     -3.733475    1.188660
 6
       4
     2     2     2     2
     0     1     1     1
 1.710E+00 1.625E+00 1.625E+00 1.625E+00
 0.000E+00 0.000E+00 0.000E+00 0.000E+00
 0.000E+00 0.000E+00 0.000E+00 0.000E+00
 0.000E+00 0.000E+00 0.000E+00 0.000E+00
      69.568737     0.222050    0.085161
 1
       1
     1
     0
 1.300E+00
 0.000E+00
 0.000E+00
 0.000E+00
      66.426348     3.927276    -1.455743
 1
       1
     1
     0
 1.300E+00
 0.000E+00
 0.000E+00
 0.000E+00
      66.497392     -3.591866    1.183267
 6
       4
     2     2     2     2
     0     1     1     1
 1.710E+00 1.625E+00 1.625E+00 1.625E+00
 0.000E+00 0.000E+00 0.000E+00 0.000E+00
 0.000E+00 0.000E+00 0.000E+00 0.000E+00
 0.000E+00 0.000E+00 0.000E+00 0.000E+00
      58.618707     0.301700    0.016182
 6
       4
     2     2     2     2
     0     1     1     1
 1.710E+00 1.625E+00 1.625E+00 1.625E+00
 0.000E+00 0.000E+00 0.000E+00 0.000E+00
 0.000E+00 0.000E+00 0.000E+00 0.000E+00
 0.000E+00 0.000E+00 0.000E+00 0.000E+00
      61.397825     0.182009    -0.075098
 6
       4
     2     2     2     2
     0     1     1     1
 1.710E+00 1.625E+00 1.625E+00 1.625E+00
 0.000E+00 0.000E+00 0.000E+00 0.000E+00
 0.000E+00 0.000E+00 0.000E+00 0.000E+00
 0.000E+00 0.000E+00 0.000E+00 0.000E+00
      62.808190     -2.044504    0.547384
 6
       4
     2     2     2     2
     0     1     1     1
 1.710E+00 1.625E+00 1.625E+00 1.625E+00
 0.000E+00 0.000E+00 0.000E+00 0.000E+00
 0.000E+00 0.000E+00 0.000E+00 0.000E+00
 0.000E+00 0.000E+00 0.000E+00 0.000E+00
      62.842105     2.291423    -0.846357
 6
       4
     2     2     2     2
     0     1     1     1
 1.710E+00 1.625E+00 1.625E+00 1.625E+00
 0.000E+00 0.000E+00 0.000E+00 0.000E+00
 0.000E+00 0.000E+00 0.000E+00 0.000E+00
 0.000E+00 0.000E+00 0.000E+00 0.000E+00
      65.464589     2.311947    -0.828736
 6
       4
     2     2     2     2
     0     1     1     1
 1.710E+00 1.625E+00 1.625E+00 1.625E+00
 0.000E+00 0.000E+00 0.000E+00 0.000E+00
 0.000E+00 0.000E+00 0.000E+00 0.000E+00
 0.000E+00 0.000E+00 0.000E+00 0.000E+00
      65.409503     -2.081125    0.433830
 6
       4
     2     2     2     2
     0     1     1     1
 1.710E+00 1.625E+00 1.625E+00 1.625E+00
 0.000E+00 0.000E+00 0.000E+00 0.000E+00
 0.000E+00 0.000E+00 0.000E+00 0.000E+00
 0.000E+00 0.000E+00 0.000E+00 0.000E+00
      66.871788     0.142177    -0.121470
 6
       4
     2     2     2     2
     0     1     1     1
 1.710E+00 1.625E+00 1.625E+00 1.625E+00
 0.000E+00 0.000E+00 0.000E+00 0.000E+00
 0.000E+00 0.000E+00 0.000E+00 0.000E+00
 0.000E+00 0.000E+00 0.000E+00 0.000E+00
      80.025634     -0.239829    0.437090
 6
       4
     2     2     2     2
     0     1     1     1
 1.710E+00 1.625E+00 1.625E+00 1.625E+00
 0.000E+00 0.000E+00 0.000E+00 0.000E+00
 0.000E+00 0.000E+00 0.000E+00 0.000E+00
 0.000E+00 0.000E+00 0.000E+00 0.000E+00
      78.809182     2.060431    -0.111486
 6
       4
     2     2     2     2
     0     1     1     1
 1.710E+00 1.625E+00 1.625E+00 1.625E+00
 0.000E+00 0.000E+00 0.000E+00 0.000E+00
 0.000E+00 0.000E+00 0.000E+00 0.000E+00
 0.000E+00 0.000E+00 0.000E+00 0.000E+00
      78.425346     -2.269336    0.931389
 6
       4
     2     2     2     2
     0     1     1     1
 1.710E+00 1.625E+00 1.625E+00 1.625E+00
 0.000E+00 0.000E+00 0.000E+00 0.000E+00
 0.000E+00 0.000E+00 0.000E+00 0.000E+00
 0.000E+00 0.000E+00 0.000E+00 0.000E+00
      76.183680     2.290021    -0.331059
 6
       4
     2     2     2     2
     0     1     1     1
 1.710E+00 1.625E+00 1.625E+00 1.625E+00
 0.000E+00 0.000E+00 0.000E+00 0.000E+00
 0.000E+00 0.000E+00 0.000E+00 0.000E+00
 0.000E+00 0.000E+00 0.000E+00 0.000E+00
      74.522881     0.217640    0.137908
 6
       4
     2     2     2     2
     0     1     1     1
 1.710E+00 1.625E+00 1.625E+00 1.625E+00
 0.000E+00 0.000E+00 0.000E+00 0.000E+00
 0.000E+00 0.000E+00 0.000E+00 0.000E+00
 0.000E+00 0.000E+00 0.000E+00 0.000E+00
      75.779575     -2.023197    0.834545
 6
       4
     2     2     2     2
     0     1     1     1
 1.710E+00 1.625E+00 1.625E+00 1.625E+00
 0.000E+00 0.000E+00 0.000E+00 0.000E+00
 0.000E+00 0.000E+00 0.000E+00 0.000E+00
 0.000E+00 0.000E+00 0.000E+00 0.000E+00
      82.936920     -0.344136    0.373098
 6
       4
     2     2     2     2
     0     1     1     1
 1.710E+00 1.625E+00 1.625E+00 1.625E+00
 0.000E+00 0.000E+00 0.000E+00 0.000E+00
 0.000E+00 0.000E+00 0.000E+00 0.000E+00
 0.000E+00 0.000E+00 0.000E+00 0.000E+00
      85.065609     0.055819    0.242760
 6
       4
     2     2     2     2
     0     1     1     1
 1.710E+00 1.625E+00 1.625E+00 1.625E+00
 0.000E+00 0.000E+00 0.000E+00 0.000E+00
 0.000E+00 0.000E+00 0.000E+00 0.000E+00
 0.000E+00 0.000E+00 0.000E+00 0.000E+00
      87.894616     0.085879    0.059086
 6
       4
     2     2     2     2
     0     1     1     1
 1.710E+00 1.625E+00 1.625E+00 1.625E+00
 0.000E+00 0.000E+00 0.000E+00 0.000E+00
 0.000E+00 0.000E+00 0.000E+00 0.000E+00
 0.000E+00 0.000E+00 0.000E+00 0.000E+00
      89.130453     2.250913    -0.906789
 6
       4
     2     2     2     2
     0     1     1     1
 1.710E+00 1.625E+00 1.625E+00 1.625E+00
 0.000E+00 0.000E+00 0.000E+00 0.000E+00
 0.000E+00 0.000E+00 0.000E+00 0.000E+00
 0.000E+00 0.000E+00 0.000E+00 0.000E+00
      89.510373     -1.961968    0.791293
 6
       4
     2     2     2     2
     0     1     1     1
 1.710E+00 1.625E+00 1.625E+00 1.625E+00
 0.000E+00 0.000E+00 0.000E+00 0.000E+00
 0.000E+00 0.000E+00 0.000E+00 0.000E+00
 0.000E+00 0.000E+00 0.000E+00 0.000E+00
      91.745526     2.326342    -1.139044
 6
       4
     2     2     2     2
     0     1     1     1
 1.710E+00 1.625E+00 1.625E+00 1.625E+00
 0.000E+00 0.000E+00 0.000E+00 0.000E+00
 0.000E+00 0.000E+00 0.000E+00 0.000E+00
 0.000E+00 0.000E+00 0.000E+00 0.000E+00
      92.065407     -1.911564    0.374763
 6
       4
     2     2     2     2
     0     1     1     1
 1.710E+00 1.625E+00 1.625E+00 1.625E+00
 0.000E+00 0.000E+00 0.000E+00 0.000E+00
 0.000E+00 0.000E+00 0.000E+00 0.000E+00
 0.000E+00 0.000E+00 0.000E+00 0.000E+00
      93.350871     0.298376    -0.499636
 6
       4
     2     2     2     2
     0     1     1     1
 1.710E+00 1.625E+00 1.625E+00 1.625E+00
 0.000E+00 0.000E+00 0.000E+00 0.000E+00
 0.000E+00 0.000E+00 0.000E+00 0.000E+00
 0.000E+00 0.000E+00 0.000E+00 0.000E+00
      96.153571     0.488453    -0.275042
 6
       4
     2     2     2     2
     0     1     1     1
 1.710E+00 1.625E+00 1.625E+00 1.625E+00
 0.000E+00 0.000E+00 0.000E+00 0.000E+00
 0.000E+00 0.000E+00 0.000E+00 0.000E+00
 0.000E+00 0.000E+00 0.000E+00 0.000E+00
      98.298321     0.293114    0.034251
 6
       4
     2     2     2     2
     0     1     1     1
 1.710E+00 1.625E+00 1.625E+00 1.625E+00
 0.000E+00 0.000E+00 0.000E+00 0.000E+00
 0.000E+00 0.000E+00 0.000E+00 0.000E+00
 0.000E+00 0.000E+00 0.000E+00 0.000E+00
      101.089199     0.324825    0.091291
 6
       4
     2     2     2     2
     0     1     1     1
 1.710E+00 1.625E+00 1.625E+00 1.625E+00
 0.000E+00 0.000E+00 0.000E+00 0.000E+00
 0.000E+00 0.000E+00 0.000E+00 0.000E+00
 0.000E+00 0.000E+00 0.000E+00 0.000E+00
      102.560804     -1.786041    0.675787
 6
       4
     2     2     2     2
     0     1     1     1
 1.710E+00 1.625E+00 1.625E+00 1.625E+00
 0.000E+00 0.000E+00 0.000E+00 0.000E+00
 0.000E+00 0.000E+00 0.000E+00 0.000E+00
 0.000E+00 0.000E+00 0.000E+00 0.000E+00
      102.530317     2.513763    -0.612596
 6
       4
     2     2     2     2
     0     1     1     1
 1.710E+00 1.625E+00 1.625E+00 1.625E+00
 0.000E+00 0.000E+00 0.000E+00 0.000E+00
 0.000E+00 0.000E+00 0.000E+00 0.000E+00
 0.000E+00 0.000E+00 0.000E+00 0.000E+00
      105.127524     2.515635    -0.726460
 6
       4
     2     2     2     2
     0     1     1     1
 1.710E+00 1.625E+00 1.625E+00 1.625E+00
 0.000E+00 0.000E+00 0.000E+00 0.000E+00
 0.000E+00 0.000E+00 0.000E+00 0.000E+00
 0.000E+00 0.000E+00 0.000E+00 0.000E+00
      105.249476     -1.734974    0.799139
 6
       4
     2     2     2     2
     0     1     1     1
 1.710E+00 1.625E+00 1.625E+00 1.625E+00
 0.000E+00 0.000E+00 0.000E+00 0.000E+00
 0.000E+00 0.000E+00 0.000E+00 0.000E+00
 0.000E+00 0.000E+00 0.000E+00 0.000E+00
      106.637999     0.424538    0.134709
 6
       4
     2     2     2     2
     0     1     1     1
 1.710E+00 1.625E+00 1.625E+00 1.625E+00
 0.000E+00 0.000E+00 0.000E+00 0.000E+00
 0.000E+00 0.000E+00 0.000E+00 0.000E+00
 0.000E+00 0.000E+00 0.000E+00 0.000E+00
      109.407088     0.603265    0.290559
 6
       4
     2     2     2     2
     0     1     1     1
 1.710E+00 1.625E+00 1.625E+00 1.625E+00
 0.000E+00 0.000E+00 0.000E+00 0.000E+00
 0.000E+00 0.000E+00 0.000E+00 0.000E+00
 0.000E+00 0.000E+00 0.000E+00 0.000E+00
      111.514877     0.952804    -0.104377
 6
       4
     2     2     2     2
     0     1     1     1
 1.710E+00 1.625E+00 1.625E+00 1.625E+00
 0.000E+00 0.000E+00 0.000E+00 0.000E+00
 0.000E+00 0.000E+00 0.000E+00 0.000E+00
 0.000E+00 0.000E+00 0.000E+00 0.000E+00
      114.344844     0.989421    0.062540
 6
       4
     2     2     2     2
     0     1     1     1
 1.710E+00 1.625E+00 1.625E+00 1.625E+00
 0.000E+00 0.000E+00 0.000E+00 0.000E+00
 0.000E+00 0.000E+00 0.000E+00 0.000E+00
 0.000E+00 0.000E+00 0.000E+00 0.000E+00
      115.555008     -1.357736    -0.427955
 6
       4
     2     2     2     2
     0     1     1     1
 1.710E+00 1.625E+00 1.625E+00 1.625E+00
 0.000E+00 0.000E+00 0.000E+00 0.000E+00
 0.000E+00 0.000E+00 0.000E+00 0.000E+00
 0.000E+00 0.000E+00 0.000E+00 0.000E+00
      115.903876     2.989977    0.583937
 6
       4
     2     2     2     2
     0     1     1     1
 1.710E+00 1.625E+00 1.625E+00 1.625E+00
 0.000E+00 0.000E+00 0.000E+00 0.000E+00
 0.000E+00 0.000E+00 0.000E+00 0.000E+00
 0.000E+00 0.000E+00 0.000E+00 0.000E+00
      118.573465     2.730739    0.610941
 6
       4
     2     2     2     2
     0     1     1     1
 1.710E+00 1.625E+00 1.625E+00 1.625E+00
 0.000E+00 0.000E+00 0.000E+00 0.000E+00
 0.000E+00 0.000E+00 0.000E+00 0.000E+00
 0.000E+00 0.000E+00 0.000E+00 0.000E+00
      118.134064     -1.675248    -0.435251
 6
       4
     2     2     2     2
     0     1     1     1
 1.710E+00 1.625E+00 1.625E+00 1.625E+00
 0.000E+00 0.000E+00 0.000E+00 0.000E+00
 0.000E+00 0.000E+00 0.000E+00 0.000E+00
 0.000E+00 0.000E+00 0.000E+00 0.000E+00
      119.733245     0.418021    0.164952
 6
       4
     2     2     2     2
     0     1     1     1
 1.710E+00 1.625E+00 1.625E+00 1.625E+00
 0.000E+00 0.000E+00 0.000E+00 0.000E+00
 0.000E+00 0.000E+00 0.000E+00 0.000E+00
 0.000E+00 0.000E+00 0.000E+00 0.000E+00
      122.470632     0.144294    0.150605
 6
       4
     2     2     2     2
     0     1     1     1
 1.710E+00 1.625E+00 1.625E+00 1.625E+00
 0.000E+00 0.000E+00 0.000E+00 0.000E+00
 0.000E+00 0.000E+00 0.000E+00 0.000E+00
 0.000E+00 0.000E+00 0.000E+00 0.000E+00
      124.629653     -0.102990    0.033407
 6
       4
     2     2     2     2
     0     1     1     1
 1.710E+00 1.625E+00 1.625E+00 1.625E+00
 0.000E+00 0.000E+00 0.000E+00 0.000E+00
 0.000E+00 0.000E+00 0.000E+00 0.000E+00
 0.000E+00 0.000E+00 0.000E+00 0.000E+00
      127.404640     -0.245984    -0.129648
 6
       4
     2     2     2     2
     0     1     1     1
 1.710E+00 1.625E+00 1.625E+00 1.625E+00
 0.000E+00 0.000E+00 0.000E+00 0.000E+00
 0.000E+00 0.000E+00 0.000E+00 0.000E+00
 0.000E+00 0.000E+00 0.000E+00 0.000E+00
      128.732398     -2.354551    -1.125451
 6
       4
     2     2     2     2
     0     1     1     1
 1.710E+00 1.625E+00 1.625E+00 1.625E+00
 0.000E+00 0.000E+00 0.000E+00 0.000E+00
 0.000E+00 0.000E+00 0.000E+00 0.000E+00
 0.000E+00 0.000E+00 0.000E+00 0.000E+00
      129.028578     1.791955    0.515313
 6
       4
     2     2     2     2
     0     1     1     1
 1.710E+00 1.625E+00 1.625E+00 1.625E+00
 0.000E+00 0.000E+00 0.000E+00 0.000E+00
 0.000E+00 0.000E+00 0.000E+00 0.000E+00
 0.000E+00 0.000E+00 0.000E+00 0.000E+00
      131.617331     1.656961    0.529720
 6
       4
     2     2     2     2
     0     1     1     1
 1.710E+00 1.625E+00 1.625E+00 1.625E+00
 0.000E+00 0.000E+00 0.000E+00 0.000E+00
 0.000E+00 0.000E+00 0.000E+00 0.000E+00
 0.000E+00 0.000E+00 0.000E+00 0.000E+00
      131.401103     -2.559252    -1.068672
 6
       4
     2     2     2     2
     0     1     1     1
 1.710E+00 1.625E+00 1.625E+00 1.625E+00
 0.000E+00 0.000E+00 0.000E+00 0.000E+00
 0.000E+00 0.000E+00 0.000E+00 0.000E+00
 0.000E+00 0.000E+00 0.000E+00 0.000E+00
      132.996542     -0.627854    -0.017308
 6
       4
     2     2     2     2
     0     1     1     1
 1.710E+00 1.625E+00 1.625E+00 1.625E+00
 0.000E+00 0.000E+00 0.000E+00 0.000E+00
 0.000E+00 0.000E+00 0.000E+00 0.000E+00
 0.000E+00 0.000E+00 0.000E+00 0.000E+00
      135.737517     -0.908724    0.291846
 1
       1
     1
     0
 1.300E+00
 0.000E+00
 0.000E+00
 0.000E+00
      75.386493     3.997335    -0.769704
 1
       1
     1
     0
 1.300E+00
 0.000E+00
 0.000E+00
 0.000E+00
      79.898985     3.828781    -0.624150
 6
       4
     2     2     2     2
     0     1     1     1
 1.710E+00 1.625E+00 1.625E+00 1.625E+00
 0.000E+00 0.000E+00 0.000E+00 0.000E+00
 0.000E+00 0.000E+00 0.000E+00 0.000E+00
 0.000E+00 0.000E+00 0.000E+00 0.000E+00
      71.731206     0.264237    -0.003798
 1
       1
     1
     0
 1.300E+00
 0.000E+00
 0.000E+00
 0.000E+00
      74.620717     -3.650832    1.210266
 1
       1
     1
     0
 1.300E+00
 0.000E+00
 0.000E+00
 0.000E+00
      79.267788     -4.168034    1.706525
 1
       1
     1
     0
 1.300E+00
 0.000E+00
 0.000E+00
 0.000E+00
      88.018826     3.757871    -1.594203
 1
       1
     1
     0
 1.300E+00
 0.000E+00
 0.000E+00
 0.000E+00
      88.708447     -3.743194    1.507448
 1
       1
     1
     0
 1.300E+00
 0.000E+00
 0.000E+00
 0.000E+00
      92.624152     4.100452    -1.877021
 1
       1
     1
     0
 1.300E+00
 0.000E+00
 0.000E+00
 0.000E+00
      93.229167     -3.552732    0.899631
 1
       1
     1
     0
 1.300E+00
 0.000E+00
 0.000E+00
 0.000E+00
      101.592259     4.253282    -1.022975
 1
       1
     1
     0
 1.300E+00
 0.000E+00
 0.000E+00
 0.000E+00
      106.245582     4.201161    -1.434334
 1
       1
     1
     0
 1.300E+00
 0.000E+00
 0.000E+00
 0.000E+00
      101.649483     -3.678643    1.125252
 1
       1
     1
     0
 1.300E+00
 0.000E+00
 0.000E+00
 0.000E+00
      106.271564     -3.532435    1.383661
 1
       1
     1
     0
 1.300E+00
 0.000E+00
 0.000E+00
 0.000E+00
      115.079806     4.890189    0.940462
 1
       1
     1
     0
 1.300E+00
 0.000E+00
 0.000E+00
 0.000E+00
      114.326780     -3.139156    -0.689701
 1
       1
     1
     0
 1.300E+00
 0.000E+00
 0.000E+00
 0.000E+00
      119.723516     4.344858    1.162969
 1
       1
     1
     0
 1.300E+00
 0.000E+00
 0.000E+00
 0.000E+00
      118.999551     -3.632152    -0.837861
 1
       1
     1
     0
 1.300E+00
 0.000E+00
 0.000E+00
 0.000E+00
      128.395083     3.560539    1.246461
 1
       1
     1
     0
 1.300E+00
 0.000E+00
 0.000E+00
 0.000E+00
      127.856398     -3.909070    -2.071219
 1
       1
     1
     0
 1.300E+00
 0.000E+00
 0.000E+00
 0.000E+00
      132.735555     3.173834    1.079527
 1
       1
     1
     0
 1.300E+00
 0.000E+00
 0.000E+00
 0.000E+00
      132.512963     -4.235702    -1.783274
 1
       1
     1
     0
 1.300E+00
 0.000E+00
 0.000E+00
 0.000E+00
      141.325312     1.821042    3.124375
 1
       1
     1
     0
 1.300E+00
 0.000E+00
 0.000E+00
 0.000E+00
      140.811949     -4.122382    -2.410071
 1
       1
     1
     0
 1.300E+00
 0.000E+00
 0.000E+00
 0.000E+00
      148.523868     -1.378657    0.170786
 1
       1
     1
     0
 1.300E+00
 0.000E+00
 0.000E+00
 0.000E+00
      145.973617     1.669180    3.124167
 1
       1
     1
     0
 1.300E+00
 0.000E+00
 0.000E+00
 0.000E+00
      145.572738     -4.230858    -2.554847
 6
       4
     2     2     2     2
     0     1     1     1
 1.710E+00 1.625E+00 1.625E+00 1.625E+00
 0.000E+00 0.000E+00 0.000E+00 0.000E+00
 0.000E+00 0.000E+00 0.000E+00 0.000E+00
 0.000E+00 0.000E+00 0.000E+00 0.000E+00
      137.887746     -1.106576    0.453519
 6
       4
     2     2     2     2
     0     1     1     1
 1.710E+00 1.625E+00 1.625E+00 1.625E+00
 0.000E+00 0.000E+00 0.000E+00 0.000E+00
 0.000E+00 0.000E+00 0.000E+00 0.000E+00
 0.000E+00 0.000E+00 0.000E+00 0.000E+00
      140.703362     -1.168898    0.447444
 6
       4
     2     2     2     2
     0     1     1     1
 1.710E+00 1.625E+00 1.625E+00 1.625E+00
 0.000E+00 0.000E+00 0.000E+00 0.000E+00
 0.000E+00 0.000E+00 0.000E+00 0.000E+00
 0.000E+00 0.000E+00 0.000E+00 0.000E+00
      141.924089     -2.848144    -1.229529
 6
       4
     2     2     2     2
     0     1     1     1
 1.710E+00 1.625E+00 1.625E+00 1.625E+00
 0.000E+00 0.000E+00 0.000E+00 0.000E+00
 0.000E+00 0.000E+00 0.000E+00 0.000E+00
 0.000E+00 0.000E+00 0.000E+00 0.000E+00
      142.176205     0.501040    1.920315
 6
       4
     2     2     2     2
     0     1     1     1
 1.710E+00 1.625E+00 1.625E+00 1.625E+00
 0.000E+00 0.000E+00 0.000E+00 0.000E+00
 0.000E+00 0.000E+00 0.000E+00 0.000E+00
 0.000E+00 0.000E+00 0.000E+00 0.000E+00
      144.803094     0.405206    1.789417
 6
       4
     2     2     2     2
     0     1     1     1
 1.710E+00 1.625E+00 1.625E+00 1.625E+00
 0.000E+00 0.000E+00 0.000E+00 0.000E+00
 0.000E+00 0.000E+00 0.000E+00 0.000E+00
 0.000E+00 0.000E+00 0.000E+00 0.000E+00
      144.584381     -2.890211    -1.370458
 6
       4
     2     2     2     2
     0     1     1     1
 1.710E+00 1.625E+00 1.625E+00 1.625E+00
 0.000E+00 0.000E+00 0.000E+00 0.000E+00
 0.000E+00 0.000E+00 0.000E+00 0.000E+00
 0.000E+00 0.000E+00 0.000E+00 0.000E+00
      145.963654     -1.394737    0.260714
# LCAO coefficients .. are not included.
         1
        1        -0.000111500013582   k=         1
        2        -0.001556810547788   k=         1
        3        -0.001336424736727   k=         1
        4        0.008748217395573   k=         1
        5        0.001006455090054   k=         1
        6        0.002430154911371   k=         1
        7        -0.005450373979182   k=         1
        8        0.009559418738187   k=         1
        9        -0.000991442429771   k=         1
        10        -0.000541975697632   k=         1
        11        -0.004793166337328   k=         1
        12        0.006947440063417   k=         1
        13        -0.000315242974953   k=         1
        14        -0.000985883615089   k=         1
        15        0.001089163558058   k=         1
        16        -0.002490969108795   k=         1
        17        -0.000039344833793   k=         1
        18        -0.000557934969788   k=         1
        19        0.002988486100235   k=         1
        20        -0.010981791028334   k=         1
        21        0.000117100942813   k=         1
        22        -0.000339901433537   k=         1
        23        0.001524785949038   k=         1
        24        -0.003220401338434   k=         1
        25        0.000546769514957   k=         1
        26        0.003524979546358   k=         1
        27        -0.005207051694133   k=         1
        28        -0.019339749230427   k=         1
        29        -0.000876956189650   k=         1
        30        -0.000843040893174   k=         1
        31        -0.001493005206260   k=         1
        32        -0.010823714689157   k=         1
        33        0.000224857552239   k=         1
        34        0.001155860835738   k=         1
        35        0.011679672653918   k=         1
        36        0.031607317457828   k=         1
        37        0.000231183061048   k=         1
        38        -0.000359683663766   k=         1
        39        0.003798457179067   k=         1
        40        0.012613922091638   k=         1
        41        -0.000221615973623   k=         1
        42        -0.002710265567892   k=         1
        43        0.002832647357181   k=         1
        44        0.013057218153336   k=         1
        45        -0.000853528061595   k=         1
        46        0.000369070014775   k=         1
        47        -0.005928470777832   k=         1
        48        -0.029736954246317   k=         1
        49        0.000581387448916   k=         1
        50        0.005705534020647   k=         1
        51        -0.002584242986157   k=         1
        52        -0.024282920417322   k=         1
        53        0.000113902996796   k=         1
        54        0.002975856039636   k=         1
        55        -0.013846164011478   k=         1
        56        -0.024395098299123   k=         1
        57        -0.000571265165742   k=         1
        58        -0.003448559076729   k=         1
        59        0.030150213571643   k=         1
        60        0.035218720724748   k=         1
        61        0.000263854776481   k=         1
        62        0.000652538985015   k=         1
        63        0.016785721864491   k=         1
        64        0.023853086745898   k=         1
        65        0.000095682519740   k=         1
        66        -0.007401481363914   k=         1
        67        -0.044627423066146   k=         1
        68        -0.050501451631368   k=         1
        69        -0.001846861927372   k=         1
        70        -0.007982816367488   k=         1
        71        -0.020147819771111   k=         1
        72        -0.021596241877802   k=         1
        73        0.000805665660779   k=         1
        74        -0.003321566104424   k=         1
        75        -0.022657066038327   k=         1
        76        -0.022805444822540   k=         1
        77        -0.001325485993706   k=         1
        78        0.000557185124364   k=         1
        79        0.036327548833681   k=         1
        80        0.036253001017811   k=         1
        81        0.000652851866517   k=         1
        82        0.012547782413191   k=         1
        83        0.031700825536637   k=         1
        84        0.031188810338803   k=         1
        85        0.000110357952910   k=         1
        86        -0.000328763441585   k=         1
        87        0.030561739793660   k=         1
        88        0.049915490699297   k=         1
        89        -0.004085610185030   k=         1
        90        -0.000670244411537   k=         1
        91        -0.023220105219160   k=         1
        92        -0.066779124910134   k=         1
        93        0.002920620225490   k=         1
        94        -0.004188073660924   k=         1
        95        -0.023574778913660   k=         1
        96        -0.050347207318216   k=         1
        97        -0.002667816538084   k=         1
        98        -0.000606744231134   k=         1
        99        0.031574588949896   k=         1
        100        0.096654306661927   k=         1
        101        -0.000083517578788   k=         1
        102        0.001231988362677   k=         1
        103        0.010824883852282   k=         1
        104        0.044317801212930   k=         1
        105        0.000713855955930   k=         1
        106        -0.003284569590766   k=         1
        107        0.006414871007512   k=         1
        108        0.052935980800399   k=         1
        109        -0.002201865354564   k=         1
        110        -0.001253434776861   k=         1
        111        -0.009045654488587   k=         1
        112        -0.069705803509323   k=         1
        113        0.002976442068929   k=         1
        114        -0.001469367436179   k=         1
        115        -0.018680201662810   k=         1
        116        -0.075901888636467   k=         1
        117        0.001554620099051   k=         1
        118        -0.010687203799032   k=         1
        119        -0.022718697591655   k=         1
        120        -0.085950623467004   k=         1
        121        0.000527303306401   k=         1
        122        0.016717605188452   k=         1
        123        0.046269083844595   k=         1
        124        0.113664773627383   k=         1
        125        0.001114126695434   k=         1
        126        0.007008723730883   k=         1
        127        0.026337333917441   k=         1
        128        0.078512685142289   k=         1
        129        0.002286864607876   k=         1
        130        0.006708332091803   k=         1
        131        -0.066743496507914   k=         1
        132        -0.149675564188652   k=         1
        133        0.001280651695350   k=         1
        134        0.030029545787025   k=         1
        135        -0.035274795419097   k=         1
        136        -0.076415755416906   k=         1
        137        0.000112422139791   k=         1
        138        0.009022301846781   k=         1
        139        -0.029435372079512   k=         1
        140        -0.085107131673049   k=         1
        141        -0.005037713481996   k=         1
        142        -0.015273595419319   k=         1
        143        0.044353549930078   k=         1
        144        0.088229763061749   k=         1
        145        0.004938612090472   k=         1
        146        -0.029657456070865   k=         1
        147        0.051378941394741   k=         1
        148        0.081572835857115   k=         1
        149        -0.001341274839273   k=         1
        150        -0.003035712350722   k=         1
        151        0.082693980405468   k=         1
        152        0.125699588818645   k=         1
        153        0.004782725366921   k=         1
        154        -0.003516221260416   k=         1
        155        -0.043553973874669   k=         1
        156        -0.107036241235766   k=         1
        157        0.001062941872328   k=         1
        158        -0.000294878884996   k=         1
        159        -0.000268485686485   k=         1
        160        -0.000959596997400   k=         1
        161        0.000912175882332   k=         1
        162        -0.001050564974342   k=         1
        163        0.002818301063159   k=         1
        164        0.001406017813960   k=         1
        165        -0.001263297199354   k=         1
        166        -0.001908270033523   k=         1
        167        0.002849694128613   k=         1
        168        0.002917491424145   k=         1
        169        -0.000498569380708   k=         1
        170        -0.003611852761313   k=         1
        171        0.001406083369267   k=         1
        172        0.004703473688616   k=         1
        173        0.000176867427777   k=         1
        174        -0.001841615719583   k=         1
        175        -0.001727260511703   k=         1
        176        -0.006742742012053   k=         1
        177        -0.004170163059649   k=         1
        178        0.003087666399944   k=         1
        179        -0.003117918659434   k=         1
        180        0.005398876892839   k=         1
        181        -0.006557474680044   k=         1
        182        0.021003920087206   k=         1
        183        0.083392820471864   k=         1
        184        -0.004921915149332   k=         1
        185        -0.001538174999744   k=         1
        186        -0.002900877512464   k=         1
        187        -0.001022141296574   k=         1
        188        -0.063933059963289   k=         1
        189        -0.109539167014220   k=         1
        190        0.001785484225538   k=         1
        191        0.006178652524257   k=         1
        192        0.042528225342407   k=         1
        193        0.134562781958876   k=         1
        194        -0.000919374316999   k=         1
        195        0.012991544890141   k=         1
        196        0.026466743988585   k=         1
        197        0.087323449141343   k=         1
        198        0.002383484655807   k=         1
        199        0.000496129047061   k=         1
        200        0.031571113101617   k=         1
        201        0.090152013306509   k=         1
        202        -0.000954529085852   k=         1
        203        0.001005414068746   k=         1
        204        -0.032626052514234   k=         1
        205        -0.080155051687043   k=         1
        206        0.003115842154543   k=         1
        207        -0.004296671799538   k=         1
        208        -0.033876401485018   k=         1
        209        -0.075675883771212   k=         1
        210        0.000100510432780   k=         1
        211        0.016809805557735   k=         1
        212        -0.033013721689247   k=         1
        213        -0.144923882698391   k=         1
        214        0.000669299271974   k=         1
        215        0.006100363467442   k=         1
        216        0.022626068704446   k=         1
        217        0.103406465169092   k=         1
        218        0.001121456418340   k=         1
        219        -0.005359513174445   k=         1
        220        0.016142229936892   k=         1
        221        0.054008864539634   k=         1
        222        -0.001305072917227   k=         1
        223        -0.006528600062133   k=         1
        224        0.017786782875274   k=         1
        225        0.052969785528840   k=         1
        226        0.001076352448618   k=         1
        227        0.007947129426513   k=         1
        228        -0.017330985726197   k=         1
        229        -0.070957717145731   k=         1
        230        0.001268680593030   k=         1
        231        -0.000910426123039   k=         1
        232        -0.023878771912714   k=         1
        233        -0.093629891707389   k=         1
        234        -0.000513558692656   k=         1
        235        0.007454194873491   k=         1
        236        -0.023474082539973   k=         1
        237        -0.075109687974146   k=         1
        238        0.002603025164188   k=         1
        239        -0.005421733341384   k=         1
        240        -0.025440181897084   k=         1
        241        -0.071440085279432   k=         1
        242        0.001176339309902   k=         1
        243        0.003802528043624   k=         1
        244        -0.017995274605409   k=         1
        245        -0.071154820594259   k=         1
        246        -0.000651196479817   k=         1
        247        0.001090219918316   k=         1
        248        0.037426454573102   k=         1
        249        0.097111172478715   k=         1
        250        0.001634182627997   k=         1
        251        0.012309216916332   k=         1
        252        0.029902302913202   k=         1
        253        0.056125471076850   k=         1
        254        0.004266724502875   k=         1
        255        0.014646075774638   k=         1
        256        0.023488206740312   k=         1
        257        0.051492658796680   k=         1
        258        -0.000307343069782   k=         1
        259        -0.011533873014693   k=         1
        260        -0.022423618645022   k=         1
        261        -0.061276792938645   k=         1
        262        0.000140423455024   k=         1
        263        -0.016820625713989   k=         1
        264        -0.026733650904820   k=         1
        265        -0.054422675202208   k=         1
        266        0.003258962211772   k=         1
        267        0.012372138346918   k=         1
        268        -0.029924036082942   k=         1
        269        -0.099926386413963   k=         1
        270        0.002455007849907   k=         1
        271        -0.018368231231288   k=         1
        272        0.021422745876765   k=         1
        273        0.072679625027575   k=         1
        274        0.001454910660941   k=         1
        275        -0.003598763827791   k=         1
        276        0.022441428286265   k=         1
        277        0.077768899328055   k=         1
        278        0.000577401061224   k=         1
        279        -0.003854510905842   k=         1
        280        -0.025242592494162   k=         1
        281        -0.090273814307869   k=         1
        282        0.000109108851299   k=         1
        283        0.002353438780944   k=         1
        284        -0.016338268439318   k=         1
        285        -0.066092470987958   k=         1
        286        -0.000129903435697   k=         1
        287        -0.004043759145983   k=         1
        288        -0.015830344366212   k=         1
        289        -0.054668013561074   k=         1
        290        -0.002520823822320   k=         1
        291        -0.000962247710679   k=         1
        292        0.025521108202154   k=         1
        293        0.048527260509982   k=         1
        294        0.002663139594394   k=         1
        295        -0.001817778131492   k=         1
        296        0.021453845313534   k=         1
        297        0.057416252036928   k=         1
        298        0.000900597690328   k=         1
        299        -0.005943349335791   k=         1
        300        0.031682137633032   k=         1
        301        0.092618614028674   k=         1
        302        -0.007457737366768   k=         1
        303        -0.005643332239766   k=         1
        304        -0.001010757314389   k=         1
        305        -0.068863991499521   k=         1
        306        0.007237637322456   k=         1
        307        -0.003155712002247   k=         1
        308        -0.018571348912571   k=         1
        309        -0.072581497193708   k=         1
        310        0.000024550644077   k=         1
        311        -0.003955307610571   k=         1
        312        -0.014303442762488   k=         1
        313        0.089378928181458   k=         1
        314        -0.002678287935211   k=         1
        315        0.006140028453475   k=         1
        316        -0.014513932737783   k=         1
        317        0.050357367637633   k=         1
        318        0.002357142399721   k=         1
        319        -0.006763277905486   k=         1
        320        -0.016782045598548   k=         1
        321        0.051516051087347   k=         1
        322        0.001273263244883   k=         1
        323        0.005749428747758   k=         1
        324        0.016878139366471   k=         1
        325        -0.067056608007106   k=         1
        326        0.001399877071104   k=         1
        327        -0.002126424010822   k=         1
        328        0.012150834225260   k=         1
        329        -0.050327703458926   k=         1
        330        -0.001282211511277   k=         1
        331        0.007021340941851   k=         1
        332        0.021172669545975   k=         1
        333        -0.086811455872154   k=         1
        334        0.000603549518061   k=         1
        335        -0.003343385895154   k=         1
        336        -0.023381282240267   k=         1
        337        0.071916916174274   k=         1
        338        0.000564846011629   k=         1
        339        0.006211007164149   k=         1
        340        -0.022127874466118   k=         1
        341        0.073904777166285   k=         1
        342        -0.000949811971537   k=         1
        343        -0.009010407902829   k=         1
        344        0.029839685616452   k=         1
        345        -0.084759042597267   k=         1
        346        -0.000638814564227   k=         1
        347        0.001195195487165   k=         1
        348        0.033252844963988   k=         1
        349        -0.055609334101481   k=         1
        350        -0.001479830108787   k=         1
        351        -0.000557491475224   k=         1
        352        0.024490777562023   k=         1
        353        -0.053855497922173   k=         1
        354        0.000230712511400   k=         1
        355        -0.001528678880719   k=         1
        356        -0.016371754487050   k=         1
        357        0.047908311978775   k=         1
        358        0.001277731387958   k=         1
        359        -0.003728988677735   k=         1
        360        -0.022390664811378   k=         1
        361        0.046307580663028   k=         1
        362        0.000939027859630   k=         1
        363        -0.020593316120248   k=         1
        364        -0.029934246412754   k=         1
        365        0.092738518161064   k=         1
        366        -0.001250143425359   k=         1
        367        0.010418153611422   k=         1
        368        0.018241778589502   k=         1
        369        -0.037290064827794   k=         1
        370        -0.001636905700534   k=         1
        371        -0.001696322236719   k=         1
        372        -0.003783766097882   k=         1
        373        0.005185719421197   k=         1
        374        0.026933827060027   k=         1
        375        0.111269755660018   k=         1
        376        -0.000271912098109   k=         1
        377        -0.004006926886263   k=         1
        378        -0.002374636835653   k=         1
        379        -0.005622961401812   k=         1
        380        -0.006623814470578   k=         1
        381        -0.002194104805715   k=         1
        382        -0.002626444563736   k=         1
        383        0.001781532764594   k=         1
        384        0.000127077287725   k=         1
        385        0.000850204338847   k=         1
        386        -0.001800729212481   k=         1
        387        -0.000232826907131   k=         1
        388        0.001225422579224   k=         1
        389        -0.002848327946788   k=         1
        390        0.000090979469166   k=         1
        391        -0.003825406186320   k=         1
        392        0.000438072316099   k=         1
        393        0.005634354572483   k=         1
        394        -0.000830199538702   k=         1
        395        0.001327798479402   k=         1
        396        0.000747284933104   k=         1
        397        0.001585997208028   k=         1
        398        -0.002683408425841   k=         1
        399        -0.000632567149259   k=         1
        400        0.001445903636303   k=         1
        401        0.024192140275334   k=         1
        402        -0.064431940498140   k=         1
        403        -0.000210014851891   k=         1
        404        0.003062899823901   k=         1
        405        -0.020530536370656   k=         1
        406        0.029162721917596   k=         1
        407        -0.001913976479981   k=         1
        408        0.004912998218182   k=         1
        409        -0.031571552800361   k=         1
        410        0.024994916897051   k=         1
        411        0.001710929566297   k=         1
        412        -0.003550237595798   k=         1
        413        -0.026833011515412   k=         1
        414        0.023032396968188   k=         1
        415        -0.000219546710306   k=         1
        416        0.002051999655546   k=         1
        417        0.010296745435606   k=         1
        418        -0.010327070436813   k=         1
        419        0.000933653212406   k=         1
        420        -0.000843294222508   k=         1
        421        0.008587148470475   k=         1
        422        -0.007314426709050   k=         1
        423        -0.001642011406210   k=         1
        424        0.000850273462382   k=         1
        425        0.030284498498381   k=         1
        426        -0.032546295602625   k=         1
