# file_format= v0.04.05
       144       426
    188.97268778      0.00000000      0.00000000    0
      0.00000000    188.97268778      0.00000000    0
      0.00000000      0.00000000    188.97268778    0
 6
       4
     2     2     2     2
     0     1     1     1
 1.710E+00 1.625E+00 1.625E+00 1.625E+00
 0.000E+00 0.000E+00 0.000E+00 0.000E+00
 0.000E+00 0.000E+00 0.000E+00 0.000E+00
 0.000E+00 0.000E+00 0.000E+00 0.000E+00
      0.823242     -0.603839    -0.249682
 6
       4
     2     2     2     2
     0     1     1     1
 1.710E+00 1.625E+00 1.625E+00 1.625E+00
 0.000E+00 0.000E+00 0.000E+00 0.000E+00
 0.000E+00 0.000E+00 0.000E+00 0.000E+00
 0.000E+00 0.000E+00 0.000E+00 0.000E+00
      -0.982144     1.299156    0.526606
 6
       4
     2     2     2     2
     0     1     1     1
 1.710E+00 1.625E+00 1.625E+00 1.625E+00
 0.000E+00 0.000E+00 0.000E+00 0.000E+00
 0.000E+00 0.000E+00 0.000E+00 0.000E+00
 0.000E+00 0.000E+00 0.000E+00 0.000E+00
      -0.225845     -2.921864    -1.077711
 6
       4
     2     2     2     2
     0     1     1     1
 1.710E+00 1.625E+00 1.625E+00 1.625E+00
 0.000E+00 0.000E+00 0.000E+00 0.000E+00
 0.000E+00 0.000E+00 0.000E+00 0.000E+00
 0.000E+00 0.000E+00 0.000E+00 0.000E+00
      -3.546466     0.809802    0.493156
 6
       4
     2     2     2     2
     0     1     1     1
 1.710E+00 1.625E+00 1.625E+00 1.625E+00
 0.000E+00 0.000E+00 0.000E+00 0.000E+00
 0.000E+00 0.000E+00 0.000E+00 0.000E+00
 0.000E+00 0.000E+00 0.000E+00 0.000E+00
      -4.734759     -1.524947    -0.260295
 6
       4
     2     2     2     2
     0     1     1     1
 1.710E+00 1.625E+00 1.625E+00 1.625E+00
 0.000E+00 0.000E+00 0.000E+00 0.000E+00
 0.000E+00 0.000E+00 0.000E+00 0.000E+00
 0.000E+00 0.000E+00 0.000E+00 0.000E+00
      -2.862304     -3.477054    -1.075598
 6
       4
     2     2     2     2
     0     1     1     1
 1.710E+00 1.625E+00 1.625E+00 1.625E+00
 0.000E+00 0.000E+00 0.000E+00 0.000E+00
 0.000E+00 0.000E+00 0.000E+00 0.000E+00
 0.000E+00 0.000E+00 0.000E+00 0.000E+00
      3.617253     -0.084834    -0.033711
 6
       4
     2     2     2     2
     0     1     1     1
 1.710E+00 1.625E+00 1.625E+00 1.625E+00
 0.000E+00 0.000E+00 0.000E+00 0.000E+00
 0.000E+00 0.000E+00 0.000E+00 0.000E+00
 0.000E+00 0.000E+00 0.000E+00 0.000E+00
      5.779181     0.530726    0.001960
 6
       4
     2     2     2     2
     0     1     1     1
 1.710E+00 1.625E+00 1.625E+00 1.625E+00
 0.000E+00 0.000E+00 0.000E+00 0.000E+00
 0.000E+00 0.000E+00 0.000E+00 0.000E+00
 0.000E+00 0.000E+00 0.000E+00 0.000E+00
      8.573388     0.809844    0.038664
 6
       4
     2     2     2     2
     0     1     1     1
 1.710E+00 1.625E+00 1.625E+00 1.625E+00
 0.000E+00 0.000E+00 0.000E+00 0.000E+00
 0.000E+00 0.000E+00 0.000E+00 0.000E+00
 0.000E+00 0.000E+00 0.000E+00 0.000E+00
      9.820770     3.088483    -0.746909
 6
       4
     2     2     2     2
     0     1     1     1
 1.710E+00 1.625E+00 1.625E+00 1.625E+00
 0.000E+00 0.000E+00 0.000E+00 0.000E+00
 0.000E+00 0.000E+00 0.000E+00 0.000E+00
 0.000E+00 0.000E+00 0.000E+00 0.000E+00
      10.178353     -1.242168    0.915070
 6
       4
     2     2     2     2
     0     1     1     1
 1.710E+00 1.625E+00 1.625E+00 1.625E+00
 0.000E+00 0.000E+00 0.000E+00 0.000E+00
 0.000E+00 0.000E+00 0.000E+00 0.000E+00
 0.000E+00 0.000E+00 0.000E+00 0.000E+00
      12.466640     3.280789    -0.705658
 6
       4
     2     2     2     2
     0     1     1     1
 1.710E+00 1.625E+00 1.625E+00 1.625E+00
 0.000E+00 0.000E+00 0.000E+00 0.000E+00
 0.000E+00 0.000E+00 0.000E+00 0.000E+00
 0.000E+00 0.000E+00 0.000E+00 0.000E+00
      12.814215     -1.000663    0.981110
 6
       4
     2     2     2     2
     0     1     1     1
 1.710E+00 1.625E+00 1.625E+00 1.625E+00
 0.000E+00 0.000E+00 0.000E+00 0.000E+00
 0.000E+00 0.000E+00 0.000E+00 0.000E+00
 0.000E+00 0.000E+00 0.000E+00 0.000E+00
      14.055062     1.266252    0.184159
 6
       4
     2     2     2     2
     0     1     1     1
 1.710E+00 1.625E+00 1.625E+00 1.625E+00
 0.000E+00 0.000E+00 0.000E+00 0.000E+00
 0.000E+00 0.000E+00 0.000E+00 0.000E+00
 0.000E+00 0.000E+00 0.000E+00 0.000E+00
      16.860114     1.421822    0.144402
 6
       4
     2     2     2     2
     0     1     1     1
 1.710E+00 1.625E+00 1.625E+00 1.625E+00
 0.000E+00 0.000E+00 0.000E+00 0.000E+00
 0.000E+00 0.000E+00 0.000E+00 0.000E+00
 0.000E+00 0.000E+00 0.000E+00 0.000E+00
      19.071714     1.306056    0.290485
 6
       4
     2     2     2     2
     0     1     1     1
 1.710E+00 1.625E+00 1.625E+00 1.625E+00
 0.000E+00 0.000E+00 0.000E+00 0.000E+00
 0.000E+00 0.000E+00 0.000E+00 0.000E+00
 0.000E+00 0.000E+00 0.000E+00 0.000E+00
      21.895287     1.273129    0.160474
 6
       4
     2     2     2     2
     0     1     1     1
 1.710E+00 1.625E+00 1.625E+00 1.625E+00
 0.000E+00 0.000E+00 0.000E+00 0.000E+00
 0.000E+00 0.000E+00 0.000E+00 0.000E+00
 0.000E+00 0.000E+00 0.000E+00 0.000E+00
      23.139020     -0.551509    1.651619
 6
       4
     2     2     2     2
     0     1     1     1
 1.710E+00 1.625E+00 1.625E+00 1.625E+00
 0.000E+00 0.000E+00 0.000E+00 0.000E+00
 0.000E+00 0.000E+00 0.000E+00 0.000E+00
 0.000E+00 0.000E+00 0.000E+00 0.000E+00
      23.328905     2.895741    -1.440799
 6
       4
     2     2     2     2
     0     1     1     1
 1.710E+00 1.625E+00 1.625E+00 1.625E+00
 0.000E+00 0.000E+00 0.000E+00 0.000E+00
 0.000E+00 0.000E+00 0.000E+00 0.000E+00
 0.000E+00 0.000E+00 0.000E+00 0.000E+00
      26.002698     2.522444    -1.552038
 6
       4
     2     2     2     2
     0     1     1     1
 1.710E+00 1.625E+00 1.625E+00 1.625E+00
 0.000E+00 0.000E+00 0.000E+00 0.000E+00
 0.000E+00 0.000E+00 0.000E+00 0.000E+00
 0.000E+00 0.000E+00 0.000E+00 0.000E+00
      25.864116     -0.934065    1.513236
 6
       4
     2     2     2     2
     0     1     1     1
 1.710E+00 1.625E+00 1.625E+00 1.625E+00
 0.000E+00 0.000E+00 0.000E+00 0.000E+00
 0.000E+00 0.000E+00 0.000E+00 0.000E+00
 0.000E+00 0.000E+00 0.000E+00 0.000E+00
      27.250397     0.673445    -0.049169
 6
       4
     2     2     2     2
     0     1     1     1
 1.710E+00 1.625E+00 1.625E+00 1.625E+00
 0.000E+00 0.000E+00 0.000E+00 0.000E+00
 0.000E+00 0.000E+00 0.000E+00 0.000E+00
 0.000E+00 0.000E+00 0.000E+00 0.000E+00
      30.068965     0.353158    -0.019417
 6
       4
     2     2     2     2
     0     1     1     1
 1.710E+00 1.625E+00 1.625E+00 1.625E+00
 0.000E+00 0.000E+00 0.000E+00 0.000E+00
 0.000E+00 0.000E+00 0.000E+00 0.000E+00
 0.000E+00 0.000E+00 0.000E+00 0.000E+00
      32.197083     0.109840    0.303375
 6
       4
     2     2     2     2
     0     1     1     1
 1.710E+00 1.625E+00 1.625E+00 1.625E+00
 0.000E+00 0.000E+00 0.000E+00 0.000E+00
 0.000E+00 0.000E+00 0.000E+00 0.000E+00
 0.000E+00 0.000E+00 0.000E+00 0.000E+00
      34.900958     0.017353    0.268413
 6
       4
     2     2     2     2
     0     1     1     1
 1.710E+00 1.625E+00 1.625E+00 1.625E+00
 0.000E+00 0.000E+00 0.000E+00 0.000E+00
 0.000E+00 0.000E+00 0.000E+00 0.000E+00
 0.000E+00 0.000E+00 0.000E+00 0.000E+00
      36.367478     -2.290422    0.683684
 6
       4
     2     2     2     2
     0     1     1     1
 1.710E+00 1.625E+00 1.625E+00 1.625E+00
 0.000E+00 0.000E+00 0.000E+00 0.000E+00
 0.000E+00 0.000E+00 0.000E+00 0.000E+00
 0.000E+00 0.000E+00 0.000E+00 0.000E+00
      36.312043     2.271933    -0.305773
 6
       4
     2     2     2     2
     0     1     1     1
 1.710E+00 1.625E+00 1.625E+00 1.625E+00
 0.000E+00 0.000E+00 0.000E+00 0.000E+00
 0.000E+00 0.000E+00 0.000E+00 0.000E+00
 0.000E+00 0.000E+00 0.000E+00 0.000E+00
      39.022609     2.192220    -0.445076
 6
       4
     2     2     2     2
     0     1     1     1
 1.710E+00 1.625E+00 1.625E+00 1.625E+00
 0.000E+00 0.000E+00 0.000E+00 0.000E+00
 0.000E+00 0.000E+00 0.000E+00 0.000E+00
 0.000E+00 0.000E+00 0.000E+00 0.000E+00
      39.043438     -2.335635    0.644533
 6
       4
     2     2     2     2
     0     1     1     1
 1.710E+00 1.625E+00 1.625E+00 1.625E+00
 0.000E+00 0.000E+00 0.000E+00 0.000E+00
 0.000E+00 0.000E+00 0.000E+00 0.000E+00
 0.000E+00 0.000E+00 0.000E+00 0.000E+00
      40.437797     -0.066416    -0.056516
 6
       4
     2     2     2     2
     0     1     1     1
 1.710E+00 1.625E+00 1.625E+00 1.625E+00
 0.000E+00 0.000E+00 0.000E+00 0.000E+00
 0.000E+00 0.000E+00 0.000E+00 0.000E+00
 0.000E+00 0.000E+00 0.000E+00 0.000E+00
      43.196319     -0.294650    -0.262770
 6
       4
     2     2     2     2
     0     1     1     1
 1.710E+00 1.625E+00 1.625E+00 1.625E+00
 0.000E+00 0.000E+00 0.000E+00 0.000E+00
 0.000E+00 0.000E+00 0.000E+00 0.000E+00
 0.000E+00 0.000E+00 0.000E+00 0.000E+00
      45.416085     -0.530374    -0.302315
 6
       4
     2     2     2     2
     0     1     1     1
 1.710E+00 1.625E+00 1.625E+00 1.625E+00
 0.000E+00 0.000E+00 0.000E+00 0.000E+00
 0.000E+00 0.000E+00 0.000E+00 0.000E+00
 0.000E+00 0.000E+00 0.000E+00 0.000E+00
      48.344628     -0.533324    -0.303843
 6
       4
     2     2     2     2
     0     1     1     1
 1.710E+00 1.625E+00 1.625E+00 1.625E+00
 0.000E+00 0.000E+00 0.000E+00 0.000E+00
 0.000E+00 0.000E+00 0.000E+00 0.000E+00
 0.000E+00 0.000E+00 0.000E+00 0.000E+00
      49.665440     -2.504747    0.926058
 6
       4
     2     2     2     2
     0     1     1     1
 1.710E+00 1.625E+00 1.625E+00 1.625E+00
 0.000E+00 0.000E+00 0.000E+00 0.000E+00
 0.000E+00 0.000E+00 0.000E+00 0.000E+00
 0.000E+00 0.000E+00 0.000E+00 0.000E+00
      49.566116     1.788960    -1.154904
 6
       4
     2     2     2     2
     0     1     1     1
 1.710E+00 1.625E+00 1.625E+00 1.625E+00
 0.000E+00 0.000E+00 0.000E+00 0.000E+00
 0.000E+00 0.000E+00 0.000E+00 0.000E+00
 0.000E+00 0.000E+00 0.000E+00 0.000E+00
      52.140095     1.991546    -1.039808
 6
       4
     2     2     2     2
     0     1     1     1
 1.710E+00 1.625E+00 1.625E+00 1.625E+00
 0.000E+00 0.000E+00 0.000E+00 0.000E+00
 0.000E+00 0.000E+00 0.000E+00 0.000E+00
 0.000E+00 0.000E+00 0.000E+00 0.000E+00
      52.408602     -2.071036    1.139427
 6
       4
     2     2     2     2
     0     1     1     1
 1.710E+00 1.625E+00 1.625E+00 1.625E+00
 0.000E+00 0.000E+00 0.000E+00 0.000E+00
 0.000E+00 0.000E+00 0.000E+00 0.000E+00
 0.000E+00 0.000E+00 0.000E+00 0.000E+00
      53.571840     0.045295    0.161498
 6
       4
     2     2     2     2
     0     1     1     1
 1.710E+00 1.625E+00 1.625E+00 1.625E+00
 0.000E+00 0.000E+00 0.000E+00 0.000E+00
 0.000E+00 0.000E+00 0.000E+00 0.000E+00
 0.000E+00 0.000E+00 0.000E+00 0.000E+00
      56.425680     0.198695    0.198555
 1
       1
     1
     0
 1.300E+00
 0.000E+00
 0.000E+00
 0.000E+00
      -4.629281     2.364151    0.857558
 1
       1
     1
     0
 1.300E+00
 0.000E+00
 0.000E+00
 0.000E+00
      -0.287919     2.996807    1.085430
 1
       1
     1
     0
 1.300E+00
 0.000E+00
 0.000E+00
 0.000E+00
      -6.579597     -1.961390    -0.352948
 1
       1
     1
     0
 1.300E+00
 0.000E+00
 0.000E+00
 0.000E+00
      -3.571996     -5.123667    -1.723634
 1
       1
     1
     0
 1.300E+00
 0.000E+00
 0.000E+00
 0.000E+00
      0.964552     -4.227300    -1.905137
 1
       1
     1
     0
 1.300E+00
 0.000E+00
 0.000E+00
 0.000E+00
      8.982593     4.696598    -1.426068
 1
       1
     1
     0
 1.300E+00
 0.000E+00
 0.000E+00
 0.000E+00
      9.432696     -2.871535    1.549194
 1
       1
     1
     0
 1.300E+00
 0.000E+00
 0.000E+00
 0.000E+00
      13.324229     4.796310    -1.496980
 1
       1
     1
     0
 1.300E+00
 0.000E+00
 0.000E+00
 0.000E+00
      13.875530     -2.393096    1.740540
 1
       1
     1
     0
 1.300E+00
 0.000E+00
 0.000E+00
 0.000E+00
      22.462200     4.220930    -2.523361
 1
       1
     1
     0
 1.300E+00
 0.000E+00
 0.000E+00
 0.000E+00
      27.024743     3.683216    -2.698750
 1
       1
     1
     0
 1.300E+00
 0.000E+00
 0.000E+00
 0.000E+00
      22.115323     -1.595395    2.868260
 1
       1
     1
     0
 1.300E+00
 0.000E+00
 0.000E+00
 0.000E+00
      26.795449     -2.323078    2.428366
 1
       1
     1
     0
 1.300E+00
 0.000E+00
 0.000E+00
 0.000E+00
      35.491798     3.967589    -0.615212
 1
       1
     1
     0
 1.300E+00
 0.000E+00
 0.000E+00
 0.000E+00
      35.339588     -3.780289    1.291890
 1
       1
     1
     0
 1.300E+00
 0.000E+00
 0.000E+00
 0.000E+00
      39.918810     3.874798    -0.779737
 1
       1
     1
     0
 1.300E+00
 0.000E+00
 0.000E+00
 0.000E+00
      40.141845     -3.871467    0.957371
 1
       1
     1
     0
 1.300E+00
 0.000E+00
 0.000E+00
 0.000E+00
      48.302982     3.040339    -1.855363
 1
       1
     1
     0
 1.300E+00
 0.000E+00
 0.000E+00
 0.000E+00
      48.724204     -3.975052    1.724275
 1
       1
     1
     0
 1.300E+00
 0.000E+00
 0.000E+00
 0.000E+00
      53.057253     3.473418    -1.912541
 1
       1
     1
     0
 1.300E+00
 0.000E+00
 0.000E+00
 0.000E+00
      53.477305     -3.327662    2.113570
 1
       1
     1
     0
 1.300E+00
 0.000E+00
 0.000E+00
 0.000E+00
      61.833958     3.957385    -1.259455
 1
       1
     1
     0
 1.300E+00
 0.000E+00
 0.000E+00
 0.000E+00
      61.622957     -3.638647    1.002354
 6
       4
     2     2     2     2
     0     1     1     1
 1.710E+00 1.625E+00 1.625E+00 1.625E+00
 0.000E+00 0.000E+00 0.000E+00 0.000E+00
 0.000E+00 0.000E+00 0.000E+00 0.000E+00
 0.000E+00 0.000E+00 0.000E+00 0.000E+00
      69.584643     0.020938    0.133379
 1
       1
     1
     0
 1.300E+00
 0.000E+00
 0.000E+00
 0.000E+00
      66.495799     3.861846    -1.270797
 1
       1
     1
     0
 1.300E+00
 0.000E+00
 0.000E+00
 0.000E+00
      66.408358     -3.852970    0.607985
 6
       4
     2     2     2     2
     0     1     1     1
 1.710E+00 1.625E+00 1.625E+00 1.625E+00
 0.000E+00 0.000E+00 0.000E+00 0.000E+00
 0.000E+00 0.000E+00 0.000E+00 0.000E+00
 0.000E+00 0.000E+00 0.000E+00 0.000E+00
      58.616008     0.146151    0.057172
 6
       4
     2     2     2     2
     0     1     1     1
 1.710E+00 1.625E+00 1.625E+00 1.625E+00
 0.000E+00 0.000E+00 0.000E+00 0.000E+00
 0.000E+00 0.000E+00 0.000E+00 0.000E+00
 0.000E+00 0.000E+00 0.000E+00 0.000E+00
      61.373508     0.201757    -0.133509
 6
       4
     2     2     2     2
     0     1     1     1
 1.710E+00 1.625E+00 1.625E+00 1.625E+00
 0.000E+00 0.000E+00 0.000E+00 0.000E+00
 0.000E+00 0.000E+00 0.000E+00 0.000E+00
 0.000E+00 0.000E+00 0.000E+00 0.000E+00
      62.744767     -2.145253    0.631917
 6
       4
     2     2     2     2
     0     1     1     1
 1.710E+00 1.625E+00 1.625E+00 1.625E+00
 0.000E+00 0.000E+00 0.000E+00 0.000E+00
 0.000E+00 0.000E+00 0.000E+00 0.000E+00
 0.000E+00 0.000E+00 0.000E+00 0.000E+00
      62.779402     2.319287    -0.834620
 6
       4
     2     2     2     2
     0     1     1     1
 1.710E+00 1.625E+00 1.625E+00 1.625E+00
 0.000E+00 0.000E+00 0.000E+00 0.000E+00
 0.000E+00 0.000E+00 0.000E+00 0.000E+00
 0.000E+00 0.000E+00 0.000E+00 0.000E+00
      65.529661     2.249878    -0.895660
 6
       4
     2     2     2     2
     0     1     1     1
 1.710E+00 1.625E+00 1.625E+00 1.625E+00
 0.000E+00 0.000E+00 0.000E+00 0.000E+00
 0.000E+00 0.000E+00 0.000E+00 0.000E+00
 0.000E+00 0.000E+00 0.000E+00 0.000E+00
      65.293540     -2.275542    0.600413
 6
       4
     2     2     2     2
     0     1     1     1
 1.710E+00 1.625E+00 1.625E+00 1.625E+00
 0.000E+00 0.000E+00 0.000E+00 0.000E+00
 0.000E+00 0.000E+00 0.000E+00 0.000E+00
 0.000E+00 0.000E+00 0.000E+00 0.000E+00
      66.799453     0.031386    -0.013876
 6
       4
     2     2     2     2
     0     1     1     1
 1.710E+00 1.625E+00 1.625E+00 1.625E+00
 0.000E+00 0.000E+00 0.000E+00 0.000E+00
 0.000E+00 0.000E+00 0.000E+00 0.000E+00
 0.000E+00 0.000E+00 0.000E+00 0.000E+00
      80.055229     -0.221729    0.285547
 6
       4
     2     2     2     2
     0     1     1     1
 1.710E+00 1.625E+00 1.625E+00 1.625E+00
 0.000E+00 0.000E+00 0.000E+00 0.000E+00
 0.000E+00 0.000E+00 0.000E+00 0.000E+00
 0.000E+00 0.000E+00 0.000E+00 0.000E+00
      78.792751     2.133183    -0.408587
 6
       4
     2     2     2     2
     0     1     1     1
 1.710E+00 1.625E+00 1.625E+00 1.625E+00
 0.000E+00 0.000E+00 0.000E+00 0.000E+00
 0.000E+00 0.000E+00 0.000E+00 0.000E+00
 0.000E+00 0.000E+00 0.000E+00 0.000E+00
      78.360999     -2.256607    0.962779
 6
       4
     2     2     2     2
     0     1     1     1
 1.710E+00 1.625E+00 1.625E+00 1.625E+00
 0.000E+00 0.000E+00 0.000E+00 0.000E+00
 0.000E+00 0.000E+00 0.000E+00 0.000E+00
 0.000E+00 0.000E+00 0.000E+00 0.000E+00
      76.119733     2.407475    -0.452782
 6
       4
     2     2     2     2
     0     1     1     1
 1.710E+00 1.625E+00 1.625E+00 1.625E+00
 0.000E+00 0.000E+00 0.000E+00 0.000E+00
 0.000E+00 0.000E+00 0.000E+00 0.000E+00
 0.000E+00 0.000E+00 0.000E+00 0.000E+00
      74.539735     0.201012    0.149326
 6
       4
     2     2     2     2
     0     1     1     1
 1.710E+00 1.625E+00 1.625E+00 1.625E+00
 0.000E+00 0.000E+00 0.000E+00 0.000E+00
 0.000E+00 0.000E+00 0.000E+00 0.000E+00
 0.000E+00 0.000E+00 0.000E+00 0.000E+00
      75.709440     -2.080086    0.875729
 6
       4
     2     2     2     2
     0     1     1     1
 1.710E+00 1.625E+00 1.625E+00 1.625E+00
 0.000E+00 0.000E+00 0.000E+00 0.000E+00
 0.000E+00 0.000E+00 0.000E+00 0.000E+00
 0.000E+00 0.000E+00 0.000E+00 0.000E+00
      82.873423     -0.235273    0.291177
 6
       4
     2     2     2     2
     0     1     1     1
 1.710E+00 1.625E+00 1.625E+00 1.625E+00
 0.000E+00 0.000E+00 0.000E+00 0.000E+00
 0.000E+00 0.000E+00 0.000E+00 0.000E+00
 0.000E+00 0.000E+00 0.000E+00 0.000E+00
      85.064464     -0.117059    0.186204
 6
       4
     2     2     2     2
     0     1     1     1
 1.710E+00 1.625E+00 1.625E+00 1.625E+00
 0.000E+00 0.000E+00 0.000E+00 0.000E+00
 0.000E+00 0.000E+00 0.000E+00 0.000E+00
 0.000E+00 0.000E+00 0.000E+00 0.000E+00
      87.894559     0.125620    -0.009553
 6
       4
     2     2     2     2
     0     1     1     1
 1.710E+00 1.625E+00 1.625E+00 1.625E+00
 0.000E+00 0.000E+00 0.000E+00 0.000E+00
 0.000E+00 0.000E+00 0.000E+00 0.000E+00
 0.000E+00 0.000E+00 0.000E+00 0.000E+00
      89.097853     2.280070    -1.021561
 6
       4
     2     2     2     2
     0     1     1     1
 1.710E+00 1.625E+00 1.625E+00 1.625E+00
 0.000E+00 0.000E+00 0.000E+00 0.000E+00
 0.000E+00 0.000E+00 0.000E+00 0.000E+00
 0.000E+00 0.000E+00 0.000E+00 0.000E+00
      89.465401     -1.965030    0.794547
 6
       4
     2     2     2     2
     0     1     1     1
 1.710E+00 1.625E+00 1.625E+00 1.625E+00
 0.000E+00 0.000E+00 0.000E+00 0.000E+00
 0.000E+00 0.000E+00 0.000E+00 0.000E+00
 0.000E+00 0.000E+00 0.000E+00 0.000E+00
      91.821752     2.399107    -1.288251
 6
       4
     2     2     2     2
     0     1     1     1
 1.710E+00 1.625E+00 1.625E+00 1.625E+00
 0.000E+00 0.000E+00 0.000E+00 0.000E+00
 0.000E+00 0.000E+00 0.000E+00 0.000E+00
 0.000E+00 0.000E+00 0.000E+00 0.000E+00
      92.180518     -1.957529    0.443602
 6
       4
     2     2     2     2
     0     1     1     1
 1.710E+00 1.625E+00 1.625E+00 1.625E+00
 0.000E+00 0.000E+00 0.000E+00 0.000E+00
 0.000E+00 0.000E+00 0.000E+00 0.000E+00
 0.000E+00 0.000E+00 0.000E+00 0.000E+00
      93.368721     0.338860    -0.434716
 6
       4
     2     2     2     2
     0     1     1     1
 1.710E+00 1.625E+00 1.625E+00 1.625E+00
 0.000E+00 0.000E+00 0.000E+00 0.000E+00
 0.000E+00 0.000E+00 0.000E+00 0.000E+00
 0.000E+00 0.000E+00 0.000E+00 0.000E+00
      96.211391     0.509077    -0.409659
 6
       4
     2     2     2     2
     0     1     1     1
 1.710E+00 1.625E+00 1.625E+00 1.625E+00
 0.000E+00 0.000E+00 0.000E+00 0.000E+00
 0.000E+00 0.000E+00 0.000E+00 0.000E+00
 0.000E+00 0.000E+00 0.000E+00 0.000E+00
      98.382210     0.310108    0.006096
 6
       4
     2     2     2     2
     0     1     1     1
 1.710E+00 1.625E+00 1.625E+00 1.625E+00
 0.000E+00 0.000E+00 0.000E+00 0.000E+00
 0.000E+00 0.000E+00 0.000E+00 0.000E+00
 0.000E+00 0.000E+00 0.000E+00 0.000E+00
      101.242166     0.218794    0.195041
 6
       4
     2     2     2     2
     0     1     1     1
 1.710E+00 1.625E+00 1.625E+00 1.625E+00
 0.000E+00 0.000E+00 0.000E+00 0.000E+00
 0.000E+00 0.000E+00 0.000E+00 0.000E+00
 0.000E+00 0.000E+00 0.000E+00 0.000E+00
      102.548473     -2.067750    0.792492
 6
       4
     2     2     2     2
     0     1     1     1
 1.710E+00 1.625E+00 1.625E+00 1.625E+00
 0.000E+00 0.000E+00 0.000E+00 0.000E+00
 0.000E+00 0.000E+00 0.000E+00 0.000E+00
 0.000E+00 0.000E+00 0.000E+00 0.000E+00
      102.622995     2.466574    -0.595935
 6
       4
     2     2     2     2
     0     1     1     1
 1.710E+00 1.625E+00 1.625E+00 1.625E+00
 0.000E+00 0.000E+00 0.000E+00 0.000E+00
 0.000E+00 0.000E+00 0.000E+00 0.000E+00
 0.000E+00 0.000E+00 0.000E+00 0.000E+00
      105.228613     2.492743    -0.776742
 6
       4
     2     2     2     2
     0     1     1     1
 1.710E+00 1.625E+00 1.625E+00 1.625E+00
 0.000E+00 0.000E+00 0.000E+00 0.000E+00
 0.000E+00 0.000E+00 0.000E+00 0.000E+00
 0.000E+00 0.000E+00 0.000E+00 0.000E+00
      105.268586     -2.026725    0.738061
 6
       4
     2     2     2     2
     0     1     1     1
 1.710E+00 1.625E+00 1.625E+00 1.625E+00
 0.000E+00 0.000E+00 0.000E+00 0.000E+00
 0.000E+00 0.000E+00 0.000E+00 0.000E+00
 0.000E+00 0.000E+00 0.000E+00 0.000E+00
      106.626632     0.147521    -0.091707
 6
       4
     2     2     2     2
     0     1     1     1
 1.710E+00 1.625E+00 1.625E+00 1.625E+00
 0.000E+00 0.000E+00 0.000E+00 0.000E+00
 0.000E+00 0.000E+00 0.000E+00 0.000E+00
 0.000E+00 0.000E+00 0.000E+00 0.000E+00
      109.419260     0.452865    -0.057047
 6
       4
     2     2     2     2
     0     1     1     1
 1.710E+00 1.625E+00 1.625E+00 1.625E+00
 0.000E+00 0.000E+00 0.000E+00 0.000E+00
 0.000E+00 0.000E+00 0.000E+00 0.000E+00
 0.000E+00 0.000E+00 0.000E+00 0.000E+00
      111.548826     0.975046    0.159019
 6
       4
     2     2     2     2
     0     1     1     1
 1.710E+00 1.625E+00 1.625E+00 1.625E+00
 0.000E+00 0.000E+00 0.000E+00 0.000E+00
 0.000E+00 0.000E+00 0.000E+00 0.000E+00
 0.000E+00 0.000E+00 0.000E+00 0.000E+00
      114.333492     0.919218    0.187723
 6
       4
     2     2     2     2
     0     1     1     1
 1.710E+00 1.625E+00 1.625E+00 1.625E+00
 0.000E+00 0.000E+00 0.000E+00 0.000E+00
 0.000E+00 0.000E+00 0.000E+00 0.000E+00
 0.000E+00 0.000E+00 0.000E+00 0.000E+00
      115.494699     -1.529546    -0.306684
 6
       4
     2     2     2     2
     0     1     1     1
 1.710E+00 1.625E+00 1.625E+00 1.625E+00
 0.000E+00 0.000E+00 0.000E+00 0.000E+00
 0.000E+00 0.000E+00 0.000E+00 0.000E+00
 0.000E+00 0.000E+00 0.000E+00 0.000E+00
      115.913558     3.142947    0.650776
 6
       4
     2     2     2     2
     0     1     1     1
 1.710E+00 1.625E+00 1.625E+00 1.625E+00
 0.000E+00 0.000E+00 0.000E+00 0.000E+00
 0.000E+00 0.000E+00 0.000E+00 0.000E+00
 0.000E+00 0.000E+00 0.000E+00 0.000E+00
      118.535017     2.860461    0.725517
 6
       4
     2     2     2     2
     0     1     1     1
 1.710E+00 1.625E+00 1.625E+00 1.625E+00
 0.000E+00 0.000E+00 0.000E+00 0.000E+00
 0.000E+00 0.000E+00 0.000E+00 0.000E+00
 0.000E+00 0.000E+00 0.000E+00 0.000E+00
      118.152321     -1.712766    -0.347953
 6
       4
     2     2     2     2
     0     1     1     1
 1.710E+00 1.625E+00 1.625E+00 1.625E+00
 0.000E+00 0.000E+00 0.000E+00 0.000E+00
 0.000E+00 0.000E+00 0.000E+00 0.000E+00
 0.000E+00 0.000E+00 0.000E+00 0.000E+00
      119.738107     0.510432    0.204909
 6
       4
     2     2     2     2
     0     1     1     1
 1.710E+00 1.625E+00 1.625E+00 1.625E+00
 0.000E+00 0.000E+00 0.000E+00 0.000E+00
 0.000E+00 0.000E+00 0.000E+00 0.000E+00
 0.000E+00 0.000E+00 0.000E+00 0.000E+00
      122.522187     0.132810    0.188632
 6
       4
     2     2     2     2
     0     1     1     1
 1.710E+00 1.625E+00 1.625E+00 1.625E+00
 0.000E+00 0.000E+00 0.000E+00 0.000E+00
 0.000E+00 0.000E+00 0.000E+00 0.000E+00
 0.000E+00 0.000E+00 0.000E+00 0.000E+00
      124.670898     -0.207186    -0.055104
 6
       4
     2     2     2     2
     0     1     1     1
 1.710E+00 1.625E+00 1.625E+00 1.625E+00
 0.000E+00 0.000E+00 0.000E+00 0.000E+00
 0.000E+00 0.000E+00 0.000E+00 0.000E+00
 0.000E+00 0.000E+00 0.000E+00 0.000E+00
      127.535989     -0.377320    -0.236129
 6
       4
     2     2     2     2
     0     1     1     1
 1.710E+00 1.625E+00 1.625E+00 1.625E+00
 0.000E+00 0.000E+00 0.000E+00 0.000E+00
 0.000E+00 0.000E+00 0.000E+00 0.000E+00
 0.000E+00 0.000E+00 0.000E+00 0.000E+00
      128.818486     -2.483092    -1.175266
 6
       4
     2     2     2     2
     0     1     1     1
 1.710E+00 1.625E+00 1.625E+00 1.625E+00
 0.000E+00 0.000E+00 0.000E+00 0.000E+00
 0.000E+00 0.000E+00 0.000E+00 0.000E+00
 0.000E+00 0.000E+00 0.000E+00 0.000E+00
      128.968695     1.722064    0.554933
 6
       4
     2     2     2     2
     0     1     1     1
 1.710E+00 1.625E+00 1.625E+00 1.625E+00
 0.000E+00 0.000E+00 0.000E+00 0.000E+00
 0.000E+00 0.000E+00 0.000E+00 0.000E+00
 0.000E+00 0.000E+00 0.000E+00 0.000E+00
      131.747550     1.619491    0.620104
 6
       4
     2     2     2     2
     0     1     1     1
 1.710E+00 1.625E+00 1.625E+00 1.625E+00
 0.000E+00 0.000E+00 0.000E+00 0.000E+00
 0.000E+00 0.000E+00 0.000E+00 0.000E+00
 0.000E+00 0.000E+00 0.000E+00 0.000E+00
      131.438051     -2.715842    -1.161715
 6
       4
     2     2     2     2
     0     1     1     1
 1.710E+00 1.625E+00 1.625E+00 1.625E+00
 0.000E+00 0.000E+00 0.000E+00 0.000E+00
 0.000E+00 0.000E+00 0.000E+00 0.000E+00
 0.000E+00 0.000E+00 0.000E+00 0.000E+00
      133.004717     -0.704369    -0.197645
 6
       4
     2     2     2     2
     0     1     1     1
 1.710E+00 1.625E+00 1.625E+00 1.625E+00
 0.000E+00 0.000E+00 0.000E+00 0.000E+00
 0.000E+00 0.000E+00 0.000E+00 0.000E+00
 0.000E+00 0.000E+00 0.000E+00 0.000E+00
      135.787329     -0.941446    0.101612
 1
       1
     1
     0
 1.300E+00
 0.000E+00
 0.000E+00
 0.000E+00
      75.228132     4.050100    -0.954739
 1
       1
     1
     0
 1.300E+00
 0.000E+00
 0.000E+00
 0.000E+00
      79.751000     3.776158    -0.722737
 6
       4
     2     2     2     2
     0     1     1     1
 1.710E+00 1.625E+00 1.625E+00 1.625E+00
 0.000E+00 0.000E+00 0.000E+00 0.000E+00
 0.000E+00 0.000E+00 0.000E+00 0.000E+00
 0.000E+00 0.000E+00 0.000E+00 0.000E+00
      71.823148     0.319271    0.073960
 1
       1
     1
     0
 1.300E+00
 0.000E+00
 0.000E+00
 0.000E+00
      74.608162     -3.549710    1.396341
 1
       1
     1
     0
 1.300E+00
 0.000E+00
 0.000E+00
 0.000E+00
      79.191131     -4.009624    1.260075
 1
       1
     1
     0
 1.300E+00
 0.000E+00
 0.000E+00
 0.000E+00
      88.009492     3.825223    -1.330736
 1
       1
     1
     0
 1.300E+00
 0.000E+00
 0.000E+00
 0.000E+00
      88.626119     -3.397334    1.746812
 1
       1
     1
     0
 1.300E+00
 0.000E+00
 0.000E+00
 0.000E+00
      92.639036     4.005223    -1.889643
 1
       1
     1
     0
 1.300E+00
 0.000E+00
 0.000E+00
 0.000E+00
      93.344707     -3.387198    0.902291
 1
       1
     1
     0
 1.300E+00
 0.000E+00
 0.000E+00
 0.000E+00
      101.578853     3.968534    -1.162093
 1
       1
     1
     0
 1.300E+00
 0.000E+00
 0.000E+00
 0.000E+00
      106.449599     3.887527    -1.234601
 1
       1
     1
     0
 1.300E+00
 0.000E+00
 0.000E+00
 0.000E+00
      101.685400     -3.689401    1.345557
 1
       1
     1
     0
 1.300E+00
 0.000E+00
 0.000E+00
 0.000E+00
      106.243543     -3.557369    1.379746
 1
       1
     1
     0
 1.300E+00
 0.000E+00
 0.000E+00
 0.000E+00
      115.092951     4.842914    0.957175
 1
       1
     1
     0
 1.300E+00
 0.000E+00
 0.000E+00
 0.000E+00
      114.479976     -3.067613    -0.894696
 1
       1
     1
     0
 1.300E+00
 0.000E+00
 0.000E+00
 0.000E+00
      119.670929     4.390858    0.923700
 1
       1
     1
     0
 1.300E+00
 0.000E+00
 0.000E+00
 0.000E+00
      119.020642     -3.381111    -0.831786
 1
       1
     1
     0
 1.300E+00
 0.000E+00
 0.000E+00
 0.000E+00
      128.223096     3.449143    0.926631
 1
       1
     1
     0
 1.300E+00
 0.000E+00
 0.000E+00
 0.000E+00
      127.893834     -4.062225    -1.770044
 1
       1
     1
     0
 1.300E+00
 0.000E+00
 0.000E+00
 0.000E+00
      132.930061     3.057881    1.133692
 1
       1
     1
     0
 1.300E+00
 0.000E+00
 0.000E+00
 0.000E+00
      132.432288     -4.222651    -1.764823
 1
       1
     1
     0
 1.300E+00
 0.000E+00
 0.000E+00
 0.000E+00
      141.493152     1.710603    3.316469
 1
       1
     1
     0
 1.300E+00
 0.000E+00
 0.000E+00
 0.000E+00
      141.087296     -3.981322    -2.377693
 1
       1
     1
     0
 1.300E+00
 0.000E+00
 0.000E+00
 0.000E+00
      148.146862     -1.737129    0.241889
 1
       1
     1
     0
 1.300E+00
 0.000E+00
 0.000E+00
 0.000E+00
      145.856127     1.611059    3.104567
 1
       1
     1
     0
 1.300E+00
 0.000E+00
 0.000E+00
 0.000E+00
      145.463810     -4.085563    -2.803335
 6
       4
     2     2     2     2
     0     1     1     1
 1.710E+00 1.625E+00 1.625E+00 1.625E+00
 0.000E+00 0.000E+00 0.000E+00 0.000E+00
 0.000E+00 0.000E+00 0.000E+00 0.000E+00
 0.000E+00 0.000E+00 0.000E+00 0.000E+00
      138.015406     -0.963178    0.448468
 6
       4
     2     2     2     2
     0     1     1     1
 1.710E+00 1.625E+00 1.625E+00 1.625E+00
 0.000E+00 0.000E+00 0.000E+00 0.000E+00
 0.000E+00 0.000E+00 0.000E+00 0.000E+00
 0.000E+00 0.000E+00 0.000E+00 0.000E+00
      140.779335     -0.989661    0.483743
 6
       4
     2     2     2     2
     0     1     1     1
 1.710E+00 1.625E+00 1.625E+00 1.625E+00
 0.000E+00 0.000E+00 0.000E+00 0.000E+00
 0.000E+00 0.000E+00 0.000E+00 0.000E+00
 0.000E+00 0.000E+00 0.000E+00 0.000E+00
      142.075509     -2.803545    -1.260576
 6
       4
     2     2     2     2
     0     1     1     1
 1.710E+00 1.625E+00 1.625E+00 1.625E+00
 0.000E+00 0.000E+00 0.000E+00 0.000E+00
 0.000E+00 0.000E+00 0.000E+00 0.000E+00
 0.000E+00 0.000E+00 0.000E+00 0.000E+00
      142.222541     0.508918    2.017109
 6
       4
     2     2     2     2
     0     1     1     1
 1.710E+00 1.625E+00 1.625E+00 1.625E+00
 0.000E+00 0.000E+00 0.000E+00 0.000E+00
 0.000E+00 0.000E+00 0.000E+00 0.000E+00
 0.000E+00 0.000E+00 0.000E+00 0.000E+00
      145.017060     0.358986    1.871779
 6
       4
     2     2     2     2
     0     1     1     1
 1.710E+00 1.625E+00 1.625E+00 1.625E+00
 0.000E+00 0.000E+00 0.000E+00 0.000E+00
 0.000E+00 0.000E+00 0.000E+00 0.000E+00
 0.000E+00 0.000E+00 0.000E+00 0.000E+00
      144.732968     -2.921242    -1.484419
 6
       4
     2     2     2     2
     0     1     1     1
 1.710E+00 1.625E+00 1.625E+00 1.625E+00
 0.000E+00 0.000E+00 0.000E+00 0.000E+00
 0.000E+00 0.000E+00 0.000E+00 0.000E+00
 0.000E+00 0.000E+00 0.000E+00 0.000E+00
      146.205231     -1.385838    0.185686
# LCAO coefficients .. are not included.
         1
        1        0.000189652084536   k=         1
        2        0.001541747468271   k=         1
        3        0.001319666574038   k=         1
        4        -0.011453515539764   k=         1
        5        -0.001083386029402   k=         1
        6        -0.003987874063547   k=         1
        7        0.006689785169997   k=         1
        8        -0.010137747734352   k=         1
        9        0.000736736589599   k=         1
        10        -0.000681693455324   k=         1
        11        0.006772036981910   k=         1
        12        -0.008269168530322   k=         1
        13        0.000513977934529   k=         1
        14        0.001358366483425   k=         1
        15        -0.001554875044631   k=         1
        16        0.003195388547004   k=         1
        17        -0.000073505969048   k=         1
        18        -0.000002789828980   k=         1
        19        -0.004115119797620   k=         1
        20        0.014897819971415   k=         1
        21        -0.000013355937888   k=         1
        22        0.001027864939454   k=         1
        23        -0.002691643705473   k=         1
        24        0.004728734816023   k=         1
        25        0.000493788397358   k=         1
        26        -0.003684194532448   k=         1
        27        0.005334747850454   k=         1
        28        0.021630617895427   k=         1
        29        0.000079857650539   k=         1
        30        0.000411919911689   k=         1
        31        0.001759533978719   k=         1
        32        0.013720832481428   k=         1
        33        0.000382091157449   k=         1
        34        0.000309136492364   k=         1
        35        -0.009660093388938   k=         1
        36        -0.029811952347009   k=         1
        37        0.000092301742403   k=         1
        38        0.000470785009965   k=         1
        39        -0.006120046206517   k=         1
        40        -0.013746653870670   k=         1
        41        0.000076610697802   k=         1
        42        0.002888899159651   k=         1
        43        -0.006656752306982   k=         1
        44        -0.014405072991125   k=         1
        45        0.000667696934186   k=         1
        46        -0.000110632299926   k=         1
        47        0.008908204463505   k=         1
        48        0.019155519628540   k=         1
        49        -0.000519393705646   k=         1
        50        -0.003386374176635   k=         1
        51        0.006767183263804   k=         1
        52        0.017772330904581   k=         1
        53        0.000423791091362   k=         1
        54        0.000268346843139   k=         1
        55        0.010567876400711   k=         1
        56        0.026192385179421   k=         1
        57        0.000330638076125   k=         1
        58        -0.000063987678343   k=         1
        59        -0.016411140639376   k=         1
        60        -0.022028809029244   k=         1
        61        0.000433798633653   k=         1
        62        0.001982714989811   k=         1
        63        -0.011584745066274   k=         1
        64        -0.021666391087098   k=         1
        65        -0.000069999607606   k=         1
        66        0.000410316822160   k=         1
        67        0.022411669492755   k=         1
        68        0.027559215395493   k=         1
        69        0.001077221939805   k=         1
        70        0.006162727462774   k=         1
        71        0.015676646981496   k=         1
        72        0.014886957334314   k=         1
        73        -0.000410933162023   k=         1
        74        0.004930628569016   k=         1
        75        0.013910526106388   k=         1
        76        0.012121561697786   k=         1
        77        0.001347403483922   k=         1
        78        -0.003676248417089   k=         1
        79        -0.018088232560103   k=         1
        80        -0.017148152647854   k=         1
        81        -0.001298405926311   k=         1
        82        -0.008675462408611   k=         1
        83        -0.017963006877954   k=         1
        84        -0.015566462708109   k=         1
        85        0.000042740467213   k=         1
        86        0.001051049068826   k=         1
        87        -0.019103029300004   k=         1
        88        -0.026915004758796   k=         1
        89        -0.001064114765955   k=         1
        90        -0.005662413532726   k=         1
        91        0.012651997253978   k=         1
        92        0.038938355077011   k=         1
        93        0.001381837560545   k=         1
        94        0.000156466354411   k=         1
        95        0.013294259915668   k=         1
        96        0.026549607361436   k=         1
        97        -0.000457198379267   k=         1
        98        -0.003759928954127   k=         1
        99        -0.012733258965779   k=         1
        100        -0.052376824339578   k=         1
        101        0.001998724066729   k=         1
        102        -0.001620365229235   k=         1
        103        -0.006137893625144   k=         1
        104        -0.028043912551631   k=         1
        105        -0.000054700020079   k=         1
        106        0.000061691237534   k=         1
        107        -0.005765392844453   k=         1
        108        -0.032236795482215   k=         1
        109        0.000235736147406   k=         1
        110        0.000969888501601   k=         1
        111        0.005518263008785   k=         1
        112        0.035312571233846   k=         1
        113        -0.000299483632586   k=         1
        114        -0.000331937291270   k=         1
        115        0.006426125528787   k=         1
        116        0.033223676730075   k=         1
        117        -0.000128818309348   k=         1
        118        0.006452037407708   k=         1
        119        0.013290276776455   k=         1
        120        0.048776613469877   k=         1
        121        0.000870829813526   k=         1
        122        -0.005785188723432   k=         1
        123        -0.014066919910362   k=         1
        124        -0.039984364129927   k=         1
        125        -0.000659304224328   k=         1
        126        -0.001280561148878   k=         1
        127        -0.012738391891839   k=         1
        128        -0.041360385233087   k=         1
        129        -0.001767635285236   k=         1
        130        -0.004411035219308   k=         1
        131        0.021010950947452   k=         1
        132        0.054487410387822   k=         1
        133        -0.000377578568148   k=         1
        134        -0.008889314256598   k=         1
        135        0.020828338313906   k=         1
        136        0.029359484595648   k=         1
        137        -0.000235685957594   k=         1
        138        -0.003021785553785   k=         1
        139        0.013780200403126   k=         1
        140        0.026566673920105   k=         1
        141        0.000871591997435   k=         1
        142        0.004548420887330   k=         1
        143        -0.019887058001087   k=         1
        144        -0.026219630679937   k=         1
        145        -0.000396052584666   k=         1
        146        0.009483269159454   k=         1
        147        -0.022952262678518   k=         1
        148        -0.036506480324183   k=         1
        149        -0.000884678031022   k=         1
        150        0.001904183532000   k=         1
        151        -0.022658410053655   k=         1
        152        -0.048025560135196   k=         1
        153        0.001021482660671   k=         1
        154        0.003519937005589   k=         1
        155        0.024286149370867   k=         1
        156        0.056275000903290   k=         1
        157        -0.001699640925875   k=         1
        158        0.000584603516040   k=         1
        159        0.000450260441796   k=         1
        160        0.000999969106410   k=         1
        161        -0.001338492856668   k=         1
        162        -0.000548567363723   k=         1
        163        -0.000153440733212   k=         1
        164        0.000167881175845   k=         1
        165        -0.000791827609289   k=         1
        166        0.000404552242143   k=         1
        167        -0.002317770731960   k=         1
        168        -0.002567840310371   k=         1
        169        -0.000070299000626   k=         1
        170        0.000305285548266   k=         1
        171        -0.001131046774606   k=         1
        172        -0.001532099509687   k=         1
        173        0.000080280267951   k=         1
        174        0.002437776750245   k=         1
        175        -0.001107160767855   k=         1
        176        -0.000670829899360   k=         1
        177        0.002958886881235   k=         1
        178        0.003237819357845   k=         1
        179        -0.002927576431252   k=         1
        180        -0.002005111825075   k=         1
        181        0.005539327701069   k=         1
        182        -0.022017397086833   k=         1
        183        -0.061332751075615   k=         1
        184        -0.001216841421248   k=         1
        185        0.004402285646050   k=         1
        186        -0.001314602593447   k=         1
        187        0.002615862438545   k=         1
        188        0.019565369893393   k=         1
        189        0.041234251798065   k=         1
        190        0.002052224157446   k=         1
        191        -0.002261130298575   k=         1
        192        -0.032738068635252   k=         1
        193        -0.076446224174650   k=         1
        194        -0.000747364766140   k=         1
        195        -0.003511708013445   k=         1
        196        -0.006276171434140   k=         1
        197        -0.037087138200551   k=         1
        198        -0.001359120592828   k=         1
        199        -0.001803685198623   k=         1
        200        -0.010252700934530   k=         1
        201        -0.049458747179388   k=         1
        202        -0.000950870367001   k=         1
        203        0.000916253006840   k=         1
        204        0.015546984040889   k=         1
        205        0.063834619057510   k=         1
        206        0.001082012975051   k=         1
        207        0.004031920105843   k=         1
        208        0.002652768165351   k=         1
        209        0.043955253436091   k=         1
        210        0.001172686398575   k=         1
        211        -0.007555446856785   k=         1
        212        0.031377497200639   k=         1
        213        0.074389705088579   k=         1
        214        0.000369740571806   k=         1
        215        -0.001486436149776   k=         1
        216        -0.025802160216626   k=         1
        217        -0.074021686452005   k=         1
        218        -0.000284099275197   k=         1
        219        0.000575725168444   k=         1
        220        -0.006088273131568   k=         1
        221        -0.035057126872525   k=         1
        222        -0.000571117243803   k=         1
        223        -0.000420811076928   k=         1
        224        -0.007833732631696   k=         1
        225        -0.041365555674387   k=         1
        226        0.000875370678791   k=         1
        227        -0.001527738678202   k=         1
        228        0.013064655140821   k=         1
        229        0.051796420220752   k=         1
        230        -0.000976189591132   k=         1
        231        0.000154115469017   k=         1
        232        0.021999376486792   k=         1
        233        0.064389659370318   k=         1
        234        -0.000743052780056   k=         1
        235        0.000923704574297   k=         1
        236        0.014632645404579   k=         1
        237        0.049391366176343   k=         1
        238        0.000405048482873   k=         1
        239        0.000849223049517   k=         1
        240        0.014413026022225   k=         1
        241        0.035597225949425   k=         1
        242        -0.001366827595790   k=         1
        243        -0.000866402963198   k=         1
        244        0.017674068885948   k=         1
        245        0.050111590795143   k=         1
        246        -0.000262642313117   k=         1
        247        -0.000669492513709   k=         1
        248        -0.017341149743823   k=         1
        249        -0.040033520403286   k=         1
        250        0.000914547061662   k=         1
        251        -0.007202515810091   k=         1
        252        -0.012314113825343   k=         1
        253        -0.030849999473864   k=         1
        254        -0.000060460913373   k=         1
        255        -0.008304320369942   k=         1
        256        -0.015878083133904   k=         1
        257        -0.030128955440056   k=         1
        258        -0.000893686790530   k=         1
        259        0.004185576601972   k=         1
        260        0.010125926304869   k=         1
        261        0.027162709917627   k=         1
        262        -0.000566130245372   k=         1
        263        0.005817542086927   k=         1
        264        0.010003145879326   k=         1
        265        0.021788710585788   k=         1
        266        0.001224467052795   k=         1
        267        -0.004236540987834   k=         1
        268        0.016727025598326   k=         1
        269        0.044752116772380   k=         1
        270        -0.000056652005715   k=         1
        271        0.006489908866732   k=         1
        272        -0.009365903537802   k=         1
        273        -0.029020498753203   k=         1
        274        -0.000633428820563   k=         1
        275        0.004071820212005   k=         1
        276        -0.011557544175855   k=         1
        277        -0.032558417308889   k=         1
        278        0.000918989985083   k=         1
        279        -0.000047828234823   k=         1
        280        0.010391142285333   k=         1
        281        0.038392393420445   k=         1
        282        -0.000291589005093   k=         1
        283        0.002351563365534   k=         1
        284        0.008400253250135   k=         1
        285        0.027644185251494   k=         1
        286        0.000067736499469   k=         1
        287        0.001685311707146   k=         1
        288        0.008772706943575   k=         1
        289        0.020504277169837   k=         1
        290        0.000972958940153   k=         1
        291        -0.000740175867086   k=         1
        292        -0.008402101378287   k=         1
        293        -0.020670276375306   k=         1
        294        -0.000525822933241   k=         1
        295        -0.002416872079706   k=         1
        296        -0.011987243656876   k=         1
        297        -0.023042915792102   k=         1
        298        0.001116928665995   k=         1
        299        0.000283751849511   k=         1
        300        -0.011138550590364   k=         1
        301        -0.040266543457547   k=         1
        302        -0.000774185928434   k=         1
        303        -0.001990762815804   k=         1
        304        -0.000771158975179   k=         1
        305        0.028261297638825   k=         1
        306        0.001487060261206   k=         1
        307        -0.003437066962576   k=         1
        308        0.005293744131587   k=         1
        309        0.030550484758826   k=         1
        310        0.000059160242331   k=         1
        311        0.001461134595060   k=         1
        312        0.003941695969176   k=         1
        313        -0.033650622272548   k=         1
        314        0.000227916729287   k=         1
        315        -0.001561797787700   k=         1
        316        0.008940864750708   k=         1
        317        -0.020185569944152   k=         1
        318        -0.000679863197511   k=         1
        319        0.002480785440937   k=         1
        320        0.006888156527759   k=         1
        321        -0.025231326895002   k=         1
        322        0.000618474059737   k=         1
        323        -0.000440729937002   k=         1
        324        -0.003109731839232   k=         1
        325        0.016376281581907   k=         1
        326        0.000031768746615   k=         1
        327        0.001522273707717   k=         1
        328        -0.005159614702046   k=         1
        329        0.018400221080663   k=         1
        330        -0.000582088170447   k=         1
        331        -0.001529731845692   k=         1
        332        -0.007970970153399   k=         1
        333        0.035889478574437   k=         1
        334        -0.000480368714170   k=         1
        335        0.000534151691060   k=         1
        336        0.005059685514997   k=         1
        337        -0.015470224018567   k=         1
        338        0.000139450995105   k=         1
        339        -0.002670303473089   k=         1
        340        0.006642323258218   k=         1
        341        -0.023801509690926   k=         1
        342        -0.000100568190547   k=         1
        343        0.001880001593938   k=         1
        344        -0.006878210188707   k=         1
        345        0.015822734379211   k=         1
        346        0.000035043640757   k=         1
        347        0.000129328255386   k=         1
        348        -0.004730665716034   k=         1
        349        0.012676327461691   k=         1
        350        0.000650594737369   k=         1
        351        -0.001334250761131   k=         1
        352        -0.004469782782013   k=         1
        353        0.014291135380028   k=         1
        354        -0.000374756554473   k=         1
        355        0.001190782059245   k=         1
        356        0.003066719957964   k=         1
        357        -0.009997393517214   k=         1
        358        -0.000336957028271   k=         1
        359        0.000147236582968   k=         1
        360        0.003359587888997   k=         1
        361        -0.009712124493285   k=         1
        362        0.000277159188141   k=         1
        363        0.002843295213644   k=         1
        364        0.008651857136004   k=         1
        365        -0.018837913060003   k=         1
        366        -0.000044954046644   k=         1
        367        -0.001655751120123   k=         1
        368        -0.004810954561445   k=         1
        369        0.008017539371818   k=         1
        370        -0.001545817087506   k=         1
        371        0.001782455379116   k=         1
        372        0.000658271907827   k=         1
        373        0.000037684449743   k=         1
        374        -0.025178719311526   k=         1
        375        -0.063240550063464   k=         1
        376        0.001188517451924   k=         1
        377        -0.000982091278398   k=         1
        378        0.000981651976077   k=         1
        379        0.001237284825561   k=         1
        380        0.001682392953536   k=         1
        381        0.001213526686914   k=         1
        382        0.000642409729704   k=         1
        383        -0.001086128215883   k=         1
        384        -0.001433245263354   k=         1
        385        0.000195939368497   k=         1
        386        0.000587422450476   k=         1
        387        -0.000262388074991   k=         1
        388        -0.000652507949550   k=         1
        389        0.001392367715676   k=         1
        390        0.000625841124106   k=         1
        391        -0.000096779008881   k=         1
        392        -0.000332797503919   k=         1
        393        0.000134617521431   k=         1
        394        0.000442572570742   k=         1
        395        0.000057128846744   k=         1
        396        -0.000436740107132   k=         1
        397        -0.000008626553317   k=         1
        398        0.000661142971204   k=         1
        399        0.000278303143944   k=         1
        400        -0.001601378158928   k=         1
        401        -0.006551890765195   k=         1
        402        0.013486000749654   k=         1
        403        0.000109238206154   k=         1
        404        0.000360549660966   k=         1
        405        0.004478621175427   k=         1
        406        -0.005983157171727   k=         1
        407        0.000286613436194   k=         1
        408        -0.001743185161657   k=         1
        409        0.007052097355088   k=         1
        410        -0.005315715615171   k=         1
        411        -0.000377143249832   k=         1
        412        -0.000083643186481   k=         1
        413        0.006848797444752   k=         1
        414        -0.005442610602193   k=         1
        415        0.000081281026737   k=         1
        416        0.000298866653609   k=         1
        417        -0.003214515827978   k=         1
        418        0.002878879805577   k=         1
        419        -0.000088120535219   k=         1
        420        0.000903734115307   k=         1
        421        -0.001151653943008   k=         1
        422        0.000990265428903   k=         1
        423        -0.000072980294778   k=         1
        424        -0.001586335975986   k=         1
        425        -0.007196829785970   k=         1
        426        0.007262655460168   k=         1
