# file_format= v0.04.05
       144       426
    188.97268778      0.00000000      0.00000000    0
      0.00000000    188.97268778      0.00000000    0
      0.00000000      0.00000000    188.97268778    0
 6
       4
     2     2     2     2
     0     1     1     1
 1.710E+00 1.625E+00 1.625E+00 1.625E+00
 0.000E+00 0.000E+00 0.000E+00 0.000E+00
 0.000E+00 0.000E+00 0.000E+00 0.000E+00
 0.000E+00 0.000E+00 0.000E+00 0.000E+00
      0.863178     -0.710410    -0.154510
 6
       4
     2     2     2     2
     0     1     1     1
 1.710E+00 1.625E+00 1.625E+00 1.625E+00
 0.000E+00 0.000E+00 0.000E+00 0.000E+00
 0.000E+00 0.000E+00 0.000E+00 0.000E+00
 0.000E+00 0.000E+00 0.000E+00 0.000E+00
      -0.933434     1.217828    0.525769
 6
       4
     2     2     2     2
     0     1     1     1
 1.710E+00 1.625E+00 1.625E+00 1.625E+00
 0.000E+00 0.000E+00 0.000E+00 0.000E+00
 0.000E+00 0.000E+00 0.000E+00 0.000E+00
 0.000E+00 0.000E+00 0.000E+00 0.000E+00
      -0.124427     -3.054011    -1.066977
 6
       4
     2     2     2     2
     0     1     1     1
 1.710E+00 1.625E+00 1.625E+00 1.625E+00
 0.000E+00 0.000E+00 0.000E+00 0.000E+00
 0.000E+00 0.000E+00 0.000E+00 0.000E+00
 0.000E+00 0.000E+00 0.000E+00 0.000E+00
      -3.549737     0.788260    0.421840
 6
       4
     2     2     2     2
     0     1     1     1
 1.710E+00 1.625E+00 1.625E+00 1.625E+00
 0.000E+00 0.000E+00 0.000E+00 0.000E+00
 0.000E+00 0.000E+00 0.000E+00 0.000E+00
 0.000E+00 0.000E+00 0.000E+00 0.000E+00
      -4.345304     -1.578730    -0.281118
 6
       4
     2     2     2     2
     0     1     1     1
 1.710E+00 1.625E+00 1.625E+00 1.625E+00
 0.000E+00 0.000E+00 0.000E+00 0.000E+00
 0.000E+00 0.000E+00 0.000E+00 0.000E+00
 0.000E+00 0.000E+00 0.000E+00 0.000E+00
      -2.634206     -3.549100    -1.051079
 6
       4
     2     2     2     2
     0     1     1     1
 1.710E+00 1.625E+00 1.625E+00 1.625E+00
 0.000E+00 0.000E+00 0.000E+00 0.000E+00
 0.000E+00 0.000E+00 0.000E+00 0.000E+00
 0.000E+00 0.000E+00 0.000E+00 0.000E+00
      3.614532     -0.151412    -0.053071
 6
       4
     2     2     2     2
     0     1     1     1
 1.710E+00 1.625E+00 1.625E+00 1.625E+00
 0.000E+00 0.000E+00 0.000E+00 0.000E+00
 0.000E+00 0.000E+00 0.000E+00 0.000E+00
 0.000E+00 0.000E+00 0.000E+00 0.000E+00
      5.755879     0.205449    0.146750
 6
       4
     2     2     2     2
     0     1     1     1
 1.710E+00 1.625E+00 1.625E+00 1.625E+00
 0.000E+00 0.000E+00 0.000E+00 0.000E+00
 0.000E+00 0.000E+00 0.000E+00 0.000E+00
 0.000E+00 0.000E+00 0.000E+00 0.000E+00
      8.541278     0.700829    0.040640
 6
       4
     2     2     2     2
     0     1     1     1
 1.710E+00 1.625E+00 1.625E+00 1.625E+00
 0.000E+00 0.000E+00 0.000E+00 0.000E+00
 0.000E+00 0.000E+00 0.000E+00 0.000E+00
 0.000E+00 0.000E+00 0.000E+00 0.000E+00
      9.782785     2.907759    -0.718540
 6
       4
     2     2     2     2
     0     1     1     1
 1.710E+00 1.625E+00 1.625E+00 1.625E+00
 0.000E+00 0.000E+00 0.000E+00 0.000E+00
 0.000E+00 0.000E+00 0.000E+00 0.000E+00
 0.000E+00 0.000E+00 0.000E+00 0.000E+00
      10.167552     -1.305239    0.680796
 6
       4
     2     2     2     2
     0     1     1     1
 1.710E+00 1.625E+00 1.625E+00 1.625E+00
 0.000E+00 0.000E+00 0.000E+00 0.000E+00
 0.000E+00 0.000E+00 0.000E+00 0.000E+00
 0.000E+00 0.000E+00 0.000E+00 0.000E+00
      12.502217     3.128676    -0.660270
 6
       4
     2     2     2     2
     0     1     1     1
 1.710E+00 1.625E+00 1.625E+00 1.625E+00
 0.000E+00 0.000E+00 0.000E+00 0.000E+00
 0.000E+00 0.000E+00 0.000E+00 0.000E+00
 0.000E+00 0.000E+00 0.000E+00 0.000E+00
      12.781628     -1.141364    0.904591
 6
       4
     2     2     2     2
     0     1     1     1
 1.710E+00 1.625E+00 1.625E+00 1.625E+00
 0.000E+00 0.000E+00 0.000E+00 0.000E+00
 0.000E+00 0.000E+00 0.000E+00 0.000E+00
 0.000E+00 0.000E+00 0.000E+00 0.000E+00
      14.120809     1.143284    0.246394
 6
       4
     2     2     2     2
     0     1     1     1
 1.710E+00 1.625E+00 1.625E+00 1.625E+00
 0.000E+00 0.000E+00 0.000E+00 0.000E+00
 0.000E+00 0.000E+00 0.000E+00 0.000E+00
 0.000E+00 0.000E+00 0.000E+00 0.000E+00
      16.911506     1.315489    0.389981
 6
       4
     2     2     2     2
     0     1     1     1
 1.710E+00 1.625E+00 1.625E+00 1.625E+00
 0.000E+00 0.000E+00 0.000E+00 0.000E+00
 0.000E+00 0.000E+00 0.000E+00 0.000E+00
 0.000E+00 0.000E+00 0.000E+00 0.000E+00
      19.111534     1.425859    0.399902
 6
       4
     2     2     2     2
     0     1     1     1
 1.710E+00 1.625E+00 1.625E+00 1.625E+00
 0.000E+00 0.000E+00 0.000E+00 0.000E+00
 0.000E+00 0.000E+00 0.000E+00 0.000E+00
 0.000E+00 0.000E+00 0.000E+00 0.000E+00
      21.866645     1.326293    0.190380
 6
       4
     2     2     2     2
     0     1     1     1
 1.710E+00 1.625E+00 1.625E+00 1.625E+00
 0.000E+00 0.000E+00 0.000E+00 0.000E+00
 0.000E+00 0.000E+00 0.000E+00 0.000E+00
 0.000E+00 0.000E+00 0.000E+00 0.000E+00
      23.229277     -0.515374    1.598738
 6
       4
     2     2     2     2
     0     1     1     1
 1.710E+00 1.625E+00 1.625E+00 1.625E+00
 0.000E+00 0.000E+00 0.000E+00 0.000E+00
 0.000E+00 0.000E+00 0.000E+00 0.000E+00
 0.000E+00 0.000E+00 0.000E+00 0.000E+00
      23.367042     2.853258    -1.410552
 6
       4
     2     2     2     2
     0     1     1     1
 1.710E+00 1.625E+00 1.625E+00 1.625E+00
 0.000E+00 0.000E+00 0.000E+00 0.000E+00
 0.000E+00 0.000E+00 0.000E+00 0.000E+00
 0.000E+00 0.000E+00 0.000E+00 0.000E+00
      26.065673     2.658480    -1.457795
 6
       4
     2     2     2     2
     0     1     1     1
 1.710E+00 1.625E+00 1.625E+00 1.625E+00
 0.000E+00 0.000E+00 0.000E+00 0.000E+00
 0.000E+00 0.000E+00 0.000E+00 0.000E+00
 0.000E+00 0.000E+00 0.000E+00 0.000E+00
      25.815437     -0.919811    1.355077
 6
       4
     2     2     2     2
     0     1     1     1
 1.710E+00 1.625E+00 1.625E+00 1.625E+00
 0.000E+00 0.000E+00 0.000E+00 0.000E+00
 0.000E+00 0.000E+00 0.000E+00 0.000E+00
 0.000E+00 0.000E+00 0.000E+00 0.000E+00
      27.359555     0.760847    -0.076283
 6
       4
     2     2     2     2
     0     1     1     1
 1.710E+00 1.625E+00 1.625E+00 1.625E+00
 0.000E+00 0.000E+00 0.000E+00 0.000E+00
 0.000E+00 0.000E+00 0.000E+00 0.000E+00
 0.000E+00 0.000E+00 0.000E+00 0.000E+00
      30.066808     0.540618    0.049122
 6
       4
     2     2     2     2
     0     1     1     1
 1.710E+00 1.625E+00 1.625E+00 1.625E+00
 0.000E+00 0.000E+00 0.000E+00 0.000E+00
 0.000E+00 0.000E+00 0.000E+00 0.000E+00
 0.000E+00 0.000E+00 0.000E+00 0.000E+00
      32.230456     -0.070651    0.059715
 6
       4
     2     2     2     2
     0     1     1     1
 1.710E+00 1.625E+00 1.625E+00 1.625E+00
 0.000E+00 0.000E+00 0.000E+00 0.000E+00
 0.000E+00 0.000E+00 0.000E+00 0.000E+00
 0.000E+00 0.000E+00 0.000E+00 0.000E+00
      35.016519     -0.160116    0.086840
 6
       4
     2     2     2     2
     0     1     1     1
 1.710E+00 1.625E+00 1.625E+00 1.625E+00
 0.000E+00 0.000E+00 0.000E+00 0.000E+00
 0.000E+00 0.000E+00 0.000E+00 0.000E+00
 0.000E+00 0.000E+00 0.000E+00 0.000E+00
      36.430071     -2.228308    0.786258
 6
       4
     2     2     2     2
     0     1     1     1
 1.710E+00 1.625E+00 1.625E+00 1.625E+00
 0.000E+00 0.000E+00 0.000E+00 0.000E+00
 0.000E+00 0.000E+00 0.000E+00 0.000E+00
 0.000E+00 0.000E+00 0.000E+00 0.000E+00
      36.386710     2.115926    -0.413561
 6
       4
     2     2     2     2
     0     1     1     1
 1.710E+00 1.625E+00 1.625E+00 1.625E+00
 0.000E+00 0.000E+00 0.000E+00 0.000E+00
 0.000E+00 0.000E+00 0.000E+00 0.000E+00
 0.000E+00 0.000E+00 0.000E+00 0.000E+00
      39.054141     2.207574    -0.428599
 6
       4
     2     2     2     2
     0     1     1     1
 1.710E+00 1.625E+00 1.625E+00 1.625E+00
 0.000E+00 0.000E+00 0.000E+00 0.000E+00
 0.000E+00 0.000E+00 0.000E+00 0.000E+00
 0.000E+00 0.000E+00 0.000E+00 0.000E+00
      39.043207     -2.198207    0.588421
 6
       4
     2     2     2     2
     0     1     1     1
 1.710E+00 1.625E+00 1.625E+00 1.625E+00
 0.000E+00 0.000E+00 0.000E+00 0.000E+00
 0.000E+00 0.000E+00 0.000E+00 0.000E+00
 0.000E+00 0.000E+00 0.000E+00 0.000E+00
      40.482617     -0.076817    -0.101284
 6
       4
     2     2     2     2
     0     1     1     1
 1.710E+00 1.625E+00 1.625E+00 1.625E+00
 0.000E+00 0.000E+00 0.000E+00 0.000E+00
 0.000E+00 0.000E+00 0.000E+00 0.000E+00
 0.000E+00 0.000E+00 0.000E+00 0.000E+00
      43.288913     -0.366350    -0.233846
 6
       4
     2     2     2     2
     0     1     1     1
 1.710E+00 1.625E+00 1.625E+00 1.625E+00
 0.000E+00 0.000E+00 0.000E+00 0.000E+00
 0.000E+00 0.000E+00 0.000E+00 0.000E+00
 0.000E+00 0.000E+00 0.000E+00 0.000E+00
      45.466703     -0.650750    -0.356862
 6
       4
     2     2     2     2
     0     1     1     1
 1.710E+00 1.625E+00 1.625E+00 1.625E+00
 0.000E+00 0.000E+00 0.000E+00 0.000E+00
 0.000E+00 0.000E+00 0.000E+00 0.000E+00
 0.000E+00 0.000E+00 0.000E+00 0.000E+00
      48.153920     -0.587051    -0.366000
 6
       4
     2     2     2     2
     0     1     1     1
 1.710E+00 1.625E+00 1.625E+00 1.625E+00
 0.000E+00 0.000E+00 0.000E+00 0.000E+00
 0.000E+00 0.000E+00 0.000E+00 0.000E+00
 0.000E+00 0.000E+00 0.000E+00 0.000E+00
      49.842664     -2.469789    0.766469
 6
       4
     2     2     2     2
     0     1     1     1
 1.710E+00 1.625E+00 1.625E+00 1.625E+00
 0.000E+00 0.000E+00 0.000E+00 0.000E+00
 0.000E+00 0.000E+00 0.000E+00 0.000E+00
 0.000E+00 0.000E+00 0.000E+00 0.000E+00
      49.546820     1.627757    -1.188692
 6
       4
     2     2     2     2
     0     1     1     1
 1.710E+00 1.625E+00 1.625E+00 1.625E+00
 0.000E+00 0.000E+00 0.000E+00 0.000E+00
 0.000E+00 0.000E+00 0.000E+00 0.000E+00
 0.000E+00 0.000E+00 0.000E+00 0.000E+00
      52.182444     1.854067    -1.148086
 6
       4
     2     2     2     2
     0     1     1     1
 1.710E+00 1.625E+00 1.625E+00 1.625E+00
 0.000E+00 0.000E+00 0.000E+00 0.000E+00
 0.000E+00 0.000E+00 0.000E+00 0.000E+00
 0.000E+00 0.000E+00 0.000E+00 0.000E+00
      52.382808     -2.035671    1.170043
 6
       4
     2     2     2     2
     0     1     1     1
 1.710E+00 1.625E+00 1.625E+00 1.625E+00
 0.000E+00 0.000E+00 0.000E+00 0.000E+00
 0.000E+00 0.000E+00 0.000E+00 0.000E+00
 0.000E+00 0.000E+00 0.000E+00 0.000E+00
      53.749225     -0.001198    0.028355
 6
       4
     2     2     2     2
     0     1     1     1
 1.710E+00 1.625E+00 1.625E+00 1.625E+00
 0.000E+00 0.000E+00 0.000E+00 0.000E+00
 0.000E+00 0.000E+00 0.000E+00 0.000E+00
 0.000E+00 0.000E+00 0.000E+00 0.000E+00
      56.420082     0.186660    0.023818
 1
       1
     1
     0
 1.300E+00
 0.000E+00
 0.000E+00
 0.000E+00
      -4.926648     2.126363    1.034954
 1
       1
     1
     0
 1.300E+00
 0.000E+00
 0.000E+00
 0.000E+00
      -0.170300     2.894484    1.073268
 1
       1
     1
     0
 1.300E+00
 0.000E+00
 0.000E+00
 0.000E+00
      -7.073254     -1.964924    -0.239954
 1
       1
     1
     0
 1.300E+00
 0.000E+00
 0.000E+00
 0.000E+00
      -3.507628     -5.280499    -1.565561
 1
       1
     1
     0
 1.300E+00
 0.000E+00
 0.000E+00
 0.000E+00
      1.192583     -4.624456    -1.589919
 1
       1
     1
     0
 1.300E+00
 0.000E+00
 0.000E+00
 0.000E+00
      8.832113     4.665021    -1.383200
 1
       1
     1
     0
 1.300E+00
 0.000E+00
 0.000E+00
 0.000E+00
      9.384929     -3.089694    1.081341
 1
       1
     1
     0
 1.300E+00
 0.000E+00
 0.000E+00
 0.000E+00
      13.375263     4.896917    -1.088597
 1
       1
     1
     0
 1.300E+00
 0.000E+00
 0.000E+00
 0.000E+00
      13.808952     -2.732385    1.382450
 1
       1
     1
     0
 1.300E+00
 0.000E+00
 0.000E+00
 0.000E+00
      22.421244     4.284300    -2.573699
 1
       1
     1
     0
 1.300E+00
 0.000E+00
 0.000E+00
 0.000E+00
      27.021424     3.888903    -2.540670
 1
       1
     1
     0
 1.300E+00
 0.000E+00
 0.000E+00
 0.000E+00
      22.243188     -1.783365    2.807485
 1
       1
     1
     0
 1.300E+00
 0.000E+00
 0.000E+00
 0.000E+00
      26.698491     -2.362299    2.463061
 1
       1
     1
     0
 1.300E+00
 0.000E+00
 0.000E+00
 0.000E+00
      35.446467     3.780340    -0.753271
 1
       1
     1
     0
 1.300E+00
 0.000E+00
 0.000E+00
 0.000E+00
      35.487922     -3.969802    1.252473
 1
       1
     1
     0
 1.300E+00
 0.000E+00
 0.000E+00
 0.000E+00
      40.015961     4.047557    -0.797077
 1
       1
     1
     0
 1.300E+00
 0.000E+00
 0.000E+00
 0.000E+00
      40.128365     -3.924504    1.077750
 1
       1
     1
     0
 1.300E+00
 0.000E+00
 0.000E+00
 0.000E+00
      48.217371     3.081926    -1.824385
 1
       1
     1
     0
 1.300E+00
 0.000E+00
 0.000E+00
 0.000E+00
      49.008229     -4.303942    1.370707
 1
       1
     1
     0
 1.300E+00
 0.000E+00
 0.000E+00
 0.000E+00
      52.971195     3.708774    -1.804588
 1
       1
     1
     0
 1.300E+00
 0.000E+00
 0.000E+00
 0.000E+00
      53.347724     -3.444080    2.191990
 1
       1
     1
     0
 1.300E+00
 0.000E+00
 0.000E+00
 0.000E+00
      61.834573     4.052697    -1.514738
 1
       1
     1
     0
 1.300E+00
 0.000E+00
 0.000E+00
 0.000E+00
      61.872664     -3.660618    1.166065
 6
       4
     2     2     2     2
     0     1     1     1
 1.710E+00 1.625E+00 1.625E+00 1.625E+00
 0.000E+00 0.000E+00 0.000E+00 0.000E+00
 0.000E+00 0.000E+00 0.000E+00 0.000E+00
 0.000E+00 0.000E+00 0.000E+00 0.000E+00
      69.565489     0.233608    0.075451
 1
       1
     1
     0
 1.300E+00
 0.000E+00
 0.000E+00
 0.000E+00
      66.399295     3.888357    -1.425367
 1
       1
     1
     0
 1.300E+00
 0.000E+00
 0.000E+00
 0.000E+00
      66.523334     -3.506814    1.166717
 6
       4
     2     2     2     2
     0     1     1     1
 1.710E+00 1.625E+00 1.625E+00 1.625E+00
 0.000E+00 0.000E+00 0.000E+00 0.000E+00
 0.000E+00 0.000E+00 0.000E+00 0.000E+00
 0.000E+00 0.000E+00 0.000E+00 0.000E+00
      58.642117     0.308810    0.011771
 6
       4
     2     2     2     2
     0     1     1     1
 1.710E+00 1.625E+00 1.625E+00 1.625E+00
 0.000E+00 0.000E+00 0.000E+00 0.000E+00
 0.000E+00 0.000E+00 0.000E+00 0.000E+00
 0.000E+00 0.000E+00 0.000E+00 0.000E+00
      61.395185     0.175556    -0.065086
 6
       4
     2     2     2     2
     0     1     1     1
 1.710E+00 1.625E+00 1.625E+00 1.625E+00
 0.000E+00 0.000E+00 0.000E+00 0.000E+00
 0.000E+00 0.000E+00 0.000E+00 0.000E+00
 0.000E+00 0.000E+00 0.000E+00 0.000E+00
      62.806005     -2.039133    0.537678
 6
       4
     2     2     2     2
     0     1     1     1
 1.710E+00 1.625E+00 1.625E+00 1.625E+00
 0.000E+00 0.000E+00 0.000E+00 0.000E+00
 0.000E+00 0.000E+00 0.000E+00 0.000E+00
 0.000E+00 0.000E+00 0.000E+00 0.000E+00
      62.847562     2.301218    -0.854355
 6
       4
     2     2     2     2
     0     1     1     1
 1.710E+00 1.625E+00 1.625E+00 1.625E+00
 0.000E+00 0.000E+00 0.000E+00 0.000E+00
 0.000E+00 0.000E+00 0.000E+00 0.000E+00
 0.000E+00 0.000E+00 0.000E+00 0.000E+00
      65.454309     2.333230    -0.830468
 6
       4
     2     2     2     2
     0     1     1     1
 1.710E+00 1.625E+00 1.625E+00 1.625E+00
 0.000E+00 0.000E+00 0.000E+00 0.000E+00
 0.000E+00 0.000E+00 0.000E+00 0.000E+00
 0.000E+00 0.000E+00 0.000E+00 0.000E+00
      65.417527     -2.071569    0.437080
 6
       4
     2     2     2     2
     0     1     1     1
 1.710E+00 1.625E+00 1.625E+00 1.625E+00
 0.000E+00 0.000E+00 0.000E+00 0.000E+00
 0.000E+00 0.000E+00 0.000E+00 0.000E+00
 0.000E+00 0.000E+00 0.000E+00 0.000E+00
      66.872756     0.126736    -0.123409
 6
       4
     2     2     2     2
     0     1     1     1
 1.710E+00 1.625E+00 1.625E+00 1.625E+00
 0.000E+00 0.000E+00 0.000E+00 0.000E+00
 0.000E+00 0.000E+00 0.000E+00 0.000E+00
 0.000E+00 0.000E+00 0.000E+00 0.000E+00
      80.030759     -0.239330    0.444966
 6
       4
     2     2     2     2
     0     1     1     1
 1.710E+00 1.625E+00 1.625E+00 1.625E+00
 0.000E+00 0.000E+00 0.000E+00 0.000E+00
 0.000E+00 0.000E+00 0.000E+00 0.000E+00
 0.000E+00 0.000E+00 0.000E+00 0.000E+00
      78.824976     2.059724    -0.099103
 6
       4
     2     2     2     2
     0     1     1     1
 1.710E+00 1.625E+00 1.625E+00 1.625E+00
 0.000E+00 0.000E+00 0.000E+00 0.000E+00
 0.000E+00 0.000E+00 0.000E+00 0.000E+00
 0.000E+00 0.000E+00 0.000E+00 0.000E+00
      78.429838     -2.281084    0.936148
 6
       4
     2     2     2     2
     0     1     1     1
 1.710E+00 1.625E+00 1.625E+00 1.625E+00
 0.000E+00 0.000E+00 0.000E+00 0.000E+00
 0.000E+00 0.000E+00 0.000E+00 0.000E+00
 0.000E+00 0.000E+00 0.000E+00 0.000E+00
      76.181535     2.305768    -0.328004
 6
       4
     2     2     2     2
     0     1     1     1
 1.710E+00 1.625E+00 1.625E+00 1.625E+00
 0.000E+00 0.000E+00 0.000E+00 0.000E+00
 0.000E+00 0.000E+00 0.000E+00 0.000E+00
 0.000E+00 0.000E+00 0.000E+00 0.000E+00
      74.530073     0.209308    0.141750
 6
       4
     2     2     2     2
     0     1     1     1
 1.710E+00 1.625E+00 1.625E+00 1.625E+00
 0.000E+00 0.000E+00 0.000E+00 0.000E+00
 0.000E+00 0.000E+00 0.000E+00 0.000E+00
 0.000E+00 0.000E+00 0.000E+00 0.000E+00
      75.786429     -2.035979    0.833040
 6
       4
     2     2     2     2
     0     1     1     1
 1.710E+00 1.625E+00 1.625E+00 1.625E+00
 0.000E+00 0.000E+00 0.000E+00 0.000E+00
 0.000E+00 0.000E+00 0.000E+00 0.000E+00
 0.000E+00 0.000E+00 0.000E+00 0.000E+00
      82.913748     -0.347944    0.379041
 6
       4
     2     2     2     2
     0     1     1     1
 1.710E+00 1.625E+00 1.625E+00 1.625E+00
 0.000E+00 0.000E+00 0.000E+00 0.000E+00
 0.000E+00 0.000E+00 0.000E+00 0.000E+00
 0.000E+00 0.000E+00 0.000E+00 0.000E+00
      85.083325     0.058566    0.249374
 6
       4
     2     2     2     2
     0     1     1     1
 1.710E+00 1.625E+00 1.625E+00 1.625E+00
 0.000E+00 0.000E+00 0.000E+00 0.000E+00
 0.000E+00 0.000E+00 0.000E+00 0.000E+00
 0.000E+00 0.000E+00 0.000E+00 0.000E+00
      87.887454     0.087825    0.063939
 6
       4
     2     2     2     2
     0     1     1     1
 1.710E+00 1.625E+00 1.625E+00 1.625E+00
 0.000E+00 0.000E+00 0.000E+00 0.000E+00
 0.000E+00 0.000E+00 0.000E+00 0.000E+00
 0.000E+00 0.000E+00 0.000E+00 0.000E+00
      89.124586     2.250607    -0.905298
 6
       4
     2     2     2     2
     0     1     1     1
 1.710E+00 1.625E+00 1.625E+00 1.625E+00
 0.000E+00 0.000E+00 0.000E+00 0.000E+00
 0.000E+00 0.000E+00 0.000E+00 0.000E+00
 0.000E+00 0.000E+00 0.000E+00 0.000E+00
      89.494762     -1.969081    0.787912
 6
       4
     2     2     2     2
     0     1     1     1
 1.710E+00 1.625E+00 1.625E+00 1.625E+00
 0.000E+00 0.000E+00 0.000E+00 0.000E+00
 0.000E+00 0.000E+00 0.000E+00 0.000E+00
 0.000E+00 0.000E+00 0.000E+00 0.000E+00
      91.758119     2.340031    -1.133327
 6
       4
     2     2     2     2
     0     1     1     1
 1.710E+00 1.625E+00 1.625E+00 1.625E+00
 0.000E+00 0.000E+00 0.000E+00 0.000E+00
 0.000E+00 0.000E+00 0.000E+00 0.000E+00
 0.000E+00 0.000E+00 0.000E+00 0.000E+00
      92.069650     -1.911909    0.380827
 6
       4
     2     2     2     2
     0     1     1     1
 1.710E+00 1.625E+00 1.625E+00 1.625E+00
 0.000E+00 0.000E+00 0.000E+00 0.000E+00
 0.000E+00 0.000E+00 0.000E+00 0.000E+00
 0.000E+00 0.000E+00 0.000E+00 0.000E+00
      93.355412     0.291993    -0.498572
 6
       4
     2     2     2     2
     0     1     1     1
 1.710E+00 1.625E+00 1.625E+00 1.625E+00
 0.000E+00 0.000E+00 0.000E+00 0.000E+00
 0.000E+00 0.000E+00 0.000E+00 0.000E+00
 0.000E+00 0.000E+00 0.000E+00 0.000E+00
      96.135112     0.480325    -0.270065
 6
       4
     2     2     2     2
     0     1     1     1
 1.710E+00 1.625E+00 1.625E+00 1.625E+00
 0.000E+00 0.000E+00 0.000E+00 0.000E+00
 0.000E+00 0.000E+00 0.000E+00 0.000E+00
 0.000E+00 0.000E+00 0.000E+00 0.000E+00
      98.306477     0.296422    0.033573
 6
       4
     2     2     2     2
     0     1     1     1
 1.710E+00 1.625E+00 1.625E+00 1.625E+00
 0.000E+00 0.000E+00 0.000E+00 0.000E+00
 0.000E+00 0.000E+00 0.000E+00 0.000E+00
 0.000E+00 0.000E+00 0.000E+00 0.000E+00
      101.077324     0.343203    0.075154
 6
       4
     2     2     2     2
     0     1     1     1
 1.710E+00 1.625E+00 1.625E+00 1.625E+00
 0.000E+00 0.000E+00 0.000E+00 0.000E+00
 0.000E+00 0.000E+00 0.000E+00 0.000E+00
 0.000E+00 0.000E+00 0.000E+00 0.000E+00
      102.561962     -1.784421    0.678733
 6
       4
     2     2     2     2
     0     1     1     1
 1.710E+00 1.625E+00 1.625E+00 1.625E+00
 0.000E+00 0.000E+00 0.000E+00 0.000E+00
 0.000E+00 0.000E+00 0.000E+00 0.000E+00
 0.000E+00 0.000E+00 0.000E+00 0.000E+00
      102.505754     2.519893    -0.612010
 6
       4
     2     2     2     2
     0     1     1     1
 1.710E+00 1.625E+00 1.625E+00 1.625E+00
 0.000E+00 0.000E+00 0.000E+00 0.000E+00
 0.000E+00 0.000E+00 0.000E+00 0.000E+00
 0.000E+00 0.000E+00 0.000E+00 0.000E+00
      105.123518     2.525808    -0.725379
 6
       4
     2     2     2     2
     0     1     1     1
 1.710E+00 1.625E+00 1.625E+00 1.625E+00
 0.000E+00 0.000E+00 0.000E+00 0.000E+00
 0.000E+00 0.000E+00 0.000E+00 0.000E+00
 0.000E+00 0.000E+00 0.000E+00 0.000E+00
      105.247605     -1.728481    0.803111
 6
       4
     2     2     2     2
     0     1     1     1
 1.710E+00 1.625E+00 1.625E+00 1.625E+00
 0.000E+00 0.000E+00 0.000E+00 0.000E+00
 0.000E+00 0.000E+00 0.000E+00 0.000E+00
 0.000E+00 0.000E+00 0.000E+00 0.000E+00
      106.643708     0.448857    0.150222
 6
       4
     2     2     2     2
     0     1     1     1
 1.710E+00 1.625E+00 1.625E+00 1.625E+00
 0.000E+00 0.000E+00 0.000E+00 0.000E+00
 0.000E+00 0.000E+00 0.000E+00 0.000E+00
 0.000E+00 0.000E+00 0.000E+00 0.000E+00
      109.387042     0.607974    0.305459
 6
       4
     2     2     2     2
     0     1     1     1
 1.710E+00 1.625E+00 1.625E+00 1.625E+00
 0.000E+00 0.000E+00 0.000E+00 0.000E+00
 0.000E+00 0.000E+00 0.000E+00 0.000E+00
 0.000E+00 0.000E+00 0.000E+00 0.000E+00
      111.534736     0.953771    -0.112650
 6
       4
     2     2     2     2
     0     1     1     1
 1.710E+00 1.625E+00 1.625E+00 1.625E+00
 0.000E+00 0.000E+00 0.000E+00 0.000E+00
 0.000E+00 0.000E+00 0.000E+00 0.000E+00
 0.000E+00 0.000E+00 0.000E+00 0.000E+00
      114.343272     0.985808    0.048936
 6
       4
     2     2     2     2
     0     1     1     1
 1.710E+00 1.625E+00 1.625E+00 1.625E+00
 0.000E+00 0.000E+00 0.000E+00 0.000E+00
 0.000E+00 0.000E+00 0.000E+00 0.000E+00
 0.000E+00 0.000E+00 0.000E+00 0.000E+00
      115.540341     -1.356608    -0.437396
 6
       4
     2     2     2     2
     0     1     1     1
 1.710E+00 1.625E+00 1.625E+00 1.625E+00
 0.000E+00 0.000E+00 0.000E+00 0.000E+00
 0.000E+00 0.000E+00 0.000E+00 0.000E+00
 0.000E+00 0.000E+00 0.000E+00 0.000E+00
      115.905009     2.997975    0.581335
 6
       4
     2     2     2     2
     0     1     1     1
 1.710E+00 1.625E+00 1.625E+00 1.625E+00
 0.000E+00 0.000E+00 0.000E+00 0.000E+00
 0.000E+00 0.000E+00 0.000E+00 0.000E+00
 0.000E+00 0.000E+00 0.000E+00 0.000E+00
      118.569856     2.730514    0.610572
 6
       4
     2     2     2     2
     0     1     1     1
 1.710E+00 1.625E+00 1.625E+00 1.625E+00
 0.000E+00 0.000E+00 0.000E+00 0.000E+00
 0.000E+00 0.000E+00 0.000E+00 0.000E+00
 0.000E+00 0.000E+00 0.000E+00 0.000E+00
      118.137071     -1.686594    -0.442156
 6
       4
     2     2     2     2
     0     1     1     1
 1.710E+00 1.625E+00 1.625E+00 1.625E+00
 0.000E+00 0.000E+00 0.000E+00 0.000E+00
 0.000E+00 0.000E+00 0.000E+00 0.000E+00
 0.000E+00 0.000E+00 0.000E+00 0.000E+00
      119.743324     0.422575    0.164351
 6
       4
     2     2     2     2
     0     1     1     1
 1.710E+00 1.625E+00 1.625E+00 1.625E+00
 0.000E+00 0.000E+00 0.000E+00 0.000E+00
 0.000E+00 0.000E+00 0.000E+00 0.000E+00
 0.000E+00 0.000E+00 0.000E+00 0.000E+00
      122.453305     0.144025    0.145893
 6
       4
     2     2     2     2
     0     1     1     1
 1.710E+00 1.625E+00 1.625E+00 1.625E+00
 0.000E+00 0.000E+00 0.000E+00 0.000E+00
 0.000E+00 0.000E+00 0.000E+00 0.000E+00
 0.000E+00 0.000E+00 0.000E+00 0.000E+00
      124.658360     -0.096040    0.037660
 6
       4
     2     2     2     2
     0     1     1     1
 1.710E+00 1.625E+00 1.625E+00 1.625E+00
 0.000E+00 0.000E+00 0.000E+00 0.000E+00
 0.000E+00 0.000E+00 0.000E+00 0.000E+00
 0.000E+00 0.000E+00 0.000E+00 0.000E+00
      127.407439     -0.242665    -0.130828
 6
       4
     2     2     2     2
     0     1     1     1
 1.710E+00 1.625E+00 1.625E+00 1.625E+00
 0.000E+00 0.000E+00 0.000E+00 0.000E+00
 0.000E+00 0.000E+00 0.000E+00 0.000E+00
 0.000E+00 0.000E+00 0.000E+00 0.000E+00
      128.719098     -2.349096    -1.123340
 6
       4
     2     2     2     2
     0     1     1     1
 1.710E+00 1.625E+00 1.625E+00 1.625E+00
 0.000E+00 0.000E+00 0.000E+00 0.000E+00
 0.000E+00 0.000E+00 0.000E+00 0.000E+00
 0.000E+00 0.000E+00 0.000E+00 0.000E+00
      129.010548     1.801068    0.520081
 6
       4
     2     2     2     2
     0     1     1     1
 1.710E+00 1.625E+00 1.625E+00 1.625E+00
 0.000E+00 0.000E+00 0.000E+00 0.000E+00
 0.000E+00 0.000E+00 0.000E+00 0.000E+00
 0.000E+00 0.000E+00 0.000E+00 0.000E+00
      131.619077     1.683015    0.536856
 6
       4
     2     2     2     2
     0     1     1     1
 1.710E+00 1.625E+00 1.625E+00 1.625E+00
 0.000E+00 0.000E+00 0.000E+00 0.000E+00
 0.000E+00 0.000E+00 0.000E+00 0.000E+00
 0.000E+00 0.000E+00 0.000E+00 0.000E+00
      131.392470     -2.570643    -1.071352
 6
       4
     2     2     2     2
     0     1     1     1
 1.710E+00 1.625E+00 1.625E+00 1.625E+00
 0.000E+00 0.000E+00 0.000E+00 0.000E+00
 0.000E+00 0.000E+00 0.000E+00 0.000E+00
 0.000E+00 0.000E+00 0.000E+00 0.000E+00
      132.989533     -0.630726    -0.011643
 6
       4
     2     2     2     2
     0     1     1     1
 1.710E+00 1.625E+00 1.625E+00 1.625E+00
 0.000E+00 0.000E+00 0.000E+00 0.000E+00
 0.000E+00 0.000E+00 0.000E+00 0.000E+00
 0.000E+00 0.000E+00 0.000E+00 0.000E+00
      135.730333     -0.902378    0.300727
 1
       1
     1
     0
 1.300E+00
 0.000E+00
 0.000E+00
 0.000E+00
      75.389365     3.946205    -0.757808
 1
       1
     1
     0
 1.300E+00
 0.000E+00
 0.000E+00
 0.000E+00
      79.833317     3.803253    -0.604183
 6
       4
     2     2     2     2
     0     1     1     1
 1.710E+00 1.625E+00 1.625E+00 1.625E+00
 0.000E+00 0.000E+00 0.000E+00 0.000E+00
 0.000E+00 0.000E+00 0.000E+00 0.000E+00
 0.000E+00 0.000E+00 0.000E+00 0.000E+00
      71.735338     0.266956    -0.006597
 1
       1
     1
     0
 1.300E+00
 0.000E+00
 0.000E+00
 0.000E+00
      74.652361     -3.591160    1.194229
 1
       1
     1
     0
 1.300E+00
 0.000E+00
 0.000E+00
 0.000E+00
      79.283898     -4.137993    1.694115
 1
       1
     1
     0
 1.300E+00
 0.000E+00
 0.000E+00
 0.000E+00
      88.030684     3.670315    -1.575317
 1
       1
     1
     0
 1.300E+00
 0.000E+00
 0.000E+00
 0.000E+00
      88.727046     -3.704615    1.447640
 1
       1
     1
     0
 1.300E+00
 0.000E+00
 0.000E+00
 0.000E+00
      92.607197     4.038259    -1.855255
 1
       1
     1
     0
 1.300E+00
 0.000E+00
 0.000E+00
 0.000E+00
      93.218395     -3.476200    0.866543
 1
       1
     1
     0
 1.300E+00
 0.000E+00
 0.000E+00
 0.000E+00
      101.620223     4.197788    -1.019209
 1
       1
     1
     0
 1.300E+00
 0.000E+00
 0.000E+00
 0.000E+00
      106.267339     4.130565    -1.397152
 1
       1
     1
     0
 1.300E+00
 0.000E+00
 0.000E+00
 0.000E+00
      101.700232     -3.633992    1.101425
 1
       1
     1
     0
 1.300E+00
 0.000E+00
 0.000E+00
 0.000E+00
      106.246637     -3.470079    1.362457
 1
       1
     1
     0
 1.300E+00
 0.000E+00
 0.000E+00
 0.000E+00
      115.105570     4.827292    0.936544
 1
       1
     1
     0
 1.300E+00
 0.000E+00
 0.000E+00
 0.000E+00
      114.376363     -3.118713    -0.684257
 1
       1
     1
     0
 1.300E+00
 0.000E+00
 0.000E+00
 0.000E+00
      119.682721     4.280915    1.142882
 1
       1
     1
     0
 1.300E+00
 0.000E+00
 0.000E+00
 0.000E+00
      118.962134     -3.610180    -0.818401
 1
       1
     1
     0
 1.300E+00
 0.000E+00
 0.000E+00
 0.000E+00
      128.459266     3.517710    1.233413
 1
       1
     1
     0
 1.300E+00
 0.000E+00
 0.000E+00
 0.000E+00
      127.917718     -3.862590    -2.027803
 1
       1
     1
     0
 1.300E+00
 0.000E+00
 0.000E+00
 0.000E+00
      132.751129     3.108981    1.064294
 1
       1
     1
     0
 1.300E+00
 0.000E+00
 0.000E+00
 0.000E+00
      132.526279     -4.158518    -1.732217
 1
       1
     1
     0
 1.300E+00
 0.000E+00
 0.000E+00
 0.000E+00
      141.335982     1.779672    3.078010
 1
       1
     1
     0
 1.300E+00
 0.000E+00
 0.000E+00
 0.000E+00
      140.871139     -4.089029    -2.412330
 1
       1
     1
     0
 1.300E+00
 0.000E+00
 0.000E+00
 0.000E+00
      148.757021     -1.372151    0.105668
 1
       1
     1
     0
 1.300E+00
 0.000E+00
 0.000E+00
 0.000E+00
      145.897848     1.696054    3.134636
 1
       1
     1
     0
 1.300E+00
 0.000E+00
 0.000E+00
 0.000E+00
      145.512218     -4.200169    -2.528228
 6
       4
     2     2     2     2
     0     1     1     1
 1.710E+00 1.625E+00 1.625E+00 1.625E+00
 0.000E+00 0.000E+00 0.000E+00 0.000E+00
 0.000E+00 0.000E+00 0.000E+00 0.000E+00
 0.000E+00 0.000E+00 0.000E+00 0.000E+00
      137.885805     -1.113357    0.452281
 6
       4
     2     2     2     2
     0     1     1     1
 1.710E+00 1.625E+00 1.625E+00 1.625E+00
 0.000E+00 0.000E+00 0.000E+00 0.000E+00
 0.000E+00 0.000E+00 0.000E+00 0.000E+00
 0.000E+00 0.000E+00 0.000E+00 0.000E+00
      140.699906     -1.181493    0.445631
 6
       4
     2     2     2     2
     0     1     1     1
 1.710E+00 1.625E+00 1.625E+00 1.625E+00
 0.000E+00 0.000E+00 0.000E+00 0.000E+00
 0.000E+00 0.000E+00 0.000E+00 0.000E+00
 0.000E+00 0.000E+00 0.000E+00 0.000E+00
      141.890620     -2.860491    -1.237606
 6
       4
     2     2     2     2
     0     1     1     1
 1.710E+00 1.625E+00 1.625E+00 1.625E+00
 0.000E+00 0.000E+00 0.000E+00 0.000E+00
 0.000E+00 0.000E+00 0.000E+00 0.000E+00
 0.000E+00 0.000E+00 0.000E+00 0.000E+00
      142.168166     0.513987    1.920563
 6
       4
     2     2     2     2
     0     1     1     1
 1.710E+00 1.625E+00 1.625E+00 1.625E+00
 0.000E+00 0.000E+00 0.000E+00 0.000E+00
 0.000E+00 0.000E+00 0.000E+00 0.000E+00
 0.000E+00 0.000E+00 0.000E+00 0.000E+00
      144.788802     0.423781    1.809386
 6
       4
     2     2     2     2
     0     1     1     1
 1.710E+00 1.625E+00 1.625E+00 1.625E+00
 0.000E+00 0.000E+00 0.000E+00 0.000E+00
 0.000E+00 0.000E+00 0.000E+00 0.000E+00
 0.000E+00 0.000E+00 0.000E+00 0.000E+00
      144.589402     -2.900818    -1.362247
 6
       4
     2     2     2     2
     0     1     1     1
 1.710E+00 1.625E+00 1.625E+00 1.625E+00
 0.000E+00 0.000E+00 0.000E+00 0.000E+00
 0.000E+00 0.000E+00 0.000E+00 0.000E+00
 0.000E+00 0.000E+00 0.000E+00 0.000E+00
      145.950653     -1.405452    0.249484
# LCAO coefficients .. are not included.
         1
        1        0.000030606104138   k=         1
        2        0.000557231406549   k=         1
        3        0.000389672445889   k=         1
        4        -0.003133918797099   k=         1
        5        -0.000378626040184   k=         1
        6        -0.000899306650329   k=         1
        7        0.002133216287253   k=         1
        8        -0.003544907732619   k=         1
        9        0.000390592311790   k=         1
        10        0.000262322898396   k=         1
        11        0.001828074417128   k=         1
        12        -0.002545815540509   k=         1
        13        0.000113828829986   k=         1
        14        0.000340444268532   k=         1
        15        -0.000415621963627   k=         1
        16        0.000823519378892   k=         1
        17        0.000022859219982   k=         1
        18        0.000250170298628   k=         1
        19        -0.001091145767370   k=         1
        20        0.004192390803955   k=         1
        21        -0.000057175929504   k=         1
        22        0.000096636536106   k=         1
        23        -0.000571113880016   k=         1
        24        0.001173910944412   k=         1
        25        -0.000222140151061   k=         1
        26        -0.001310743871702   k=         1
        27        0.002095392311604   k=         1
        28        0.007370564982218   k=         1
        29        0.000315588252047   k=         1
        30        0.000261369209961   k=         1
        31        0.000623021734680   k=         1
        32        0.003925150139175   k=         1
        33        -0.000102037065091   k=         1
        34        -0.000392450459401   k=         1
        35        -0.004504127961425   k=         1
        36        -0.012130354775292   k=         1
        37        -0.000110063837283   k=         1
        38        0.000081292440467   k=         1
        39        -0.001360929453593   k=         1
        40        -0.004695763122959   k=         1
        41        0.000086681517784   k=         1
        42        0.000967272582751   k=         1
        43        -0.000955556130789   k=         1
        44        -0.004867225825430   k=         1
        45        0.000349899105584   k=         1
        46        -0.000058976422939   k=         1
        47        0.002207900628594   k=         1
        48        0.011617570360800   k=         1
        49        -0.000232098383033   k=         1
        50        -0.002194209180218   k=         1
        51        0.000970795519581   k=         1
        52        0.009585739189670   k=         1
        53        -0.000071010821934   k=         1
        54        -0.001239891479454   k=         1
        55        0.005272047149622   k=         1
        56        0.009193684057596   k=         1
        57        0.000181225296626   k=         1
        58        0.001479205269988   k=         1
        59        -0.011878357615099   k=         1
        60        -0.013838619243593   k=         1
        61        -0.000130062175492   k=         1
        62        -0.000388690669189   k=         1
        63        -0.006648598313726   k=         1
        64        -0.009322476843964   k=         1
        65        0.000003415126993   k=         1
        66        0.003019737700931   k=         1
        67        0.017086385496727   k=         1
        68        0.019387092384351   k=         1
        69        0.000696522561956   k=         1
        70        0.003018831759951   k=         1
        71        0.007725841445067   k=         1
        72        0.008305597869179   k=         1
        73        -0.000329117091663   k=         1
        74        0.001142170020717   k=         1
        75        0.008952620814295   k=         1
        76        0.008971999659000   k=         1
        77        0.000542099503326   k=         1
        78        -0.000002474969216   k=         1
        79        -0.014414111801049   k=         1
        80        -0.014448926665512   k=         1
        81        -0.000257376811284   k=         1
        82        -0.004809513274680   k=         1
        83        -0.012673991779498   k=         1
        84        -0.012520219140041   k=         1
        85        -0.000046018431683   k=         1
        86        0.000019656993997   k=         1
        87        -0.011660792623591   k=         1
        88        -0.019254995177508   k=         1
        89        0.001709692745227   k=         1
        90        0.000595761771852   k=         1
        91        0.009368202493158   k=         1
        92        0.026905619941467   k=         1
        93        -0.001278472167004   k=         1
        94        0.001787176667433   k=         1
        95        0.009720289349171   k=         1
        96        0.021085124316267   k=         1
        97        0.001032587022660   k=         1
        98        0.000397048611664   k=         1
        99        -0.011474804698351   k=         1
        100        -0.034605255486800   k=         1
        101        -0.000034048332627   k=         1
        102        -0.000531334353888   k=         1
        103        -0.004491800825863   k=         1
        104        -0.017823534103436   k=         1
        105        -0.000314527749259   k=         1
        106        0.001443991392188   k=         1
        107        -0.002725688223153   k=         1
        108        -0.021084443544673   k=         1
        109        0.000692581401009   k=         1
        110        0.000222697227228   k=         1
        111        0.003071237798961   k=         1
        112        0.023183170098185   k=         1
        113        -0.000964322417200   k=         1
        114        0.000777692844122   k=         1
        115        0.006702866743608   k=         1
        116        0.027374429332342   k=         1
        117        -0.000538712040542   k=         1
        118        0.004066850945224   k=         1
        119        0.008523895834176   k=         1
        120        0.032948498739923   k=         1
        121        -0.000197313539983   k=         1
        122        -0.005471134096148   k=         1
        123        -0.014591896203594   k=         1
        124        -0.036059567368471   k=         1
        125        -0.000216662998848   k=         1
        126        -0.002441272111493   k=         1
        127        -0.009400193284394   k=         1
        128        -0.028958983333190   k=         1
        129        -0.000390448301591   k=         1
        130        -0.001923795602410   k=         1
        131        0.019859614510943   k=         1
        132        0.043358588465809   k=         1
        133        -0.000521707389091   k=         1
        134        -0.010021769452392   k=         1
        135        0.011631318405727   k=         1
        136        0.026227848792313   k=         1
        137        -0.000089842600263   k=         1
        138        -0.002693549734395   k=         1
        139        0.009951637701782   k=         1
        140        0.028620423565087   k=         1
        141        0.001048904822199   k=         1
        142        0.003650852196653   k=         1
        143        -0.011472981434959   k=         1
        144        -0.025235974340261   k=         1
        145        -0.001053662140679   k=         1
        146        0.008570907066853   k=         1
        147        -0.011939325140032   k=         1
        148        -0.021016952597656   k=         1
        149        0.000455871413452   k=         1
        150        0.001011317796326   k=         1
        151        -0.026893620518562   k=         1
        152        -0.038841027229634   k=         1
        153        -0.001307797894705   k=         1
        154        0.000995697226047   k=         1
        155        0.011583821272938   k=         1
        156        0.022472335367158   k=         1
        157        -0.000405569971207   k=         1
        158        0.000132201758356   k=         1
        159        0.000075289498374   k=         1
        160        0.000381443343900   k=         1
        161        -0.000325415195740   k=         1
        162        0.000446881395600   k=         1
        163        -0.001040442606982   k=         1
        164        -0.000512604829165   k=         1
        165        0.000494542668033   k=         1
        166        0.000759925877772   k=         1
        167        -0.001012810427685   k=         1
        168        -0.001005695080927   k=         1
        169        0.000193345205474   k=         1
        170        0.001159175685049   k=         1
        171        -0.000436135033008   k=         1
        172        -0.001632011713911   k=         1
        173        -0.000143475210351   k=         1
        174        -0.000008249887758   k=         1
        175        0.001249822321010   k=         1
        176        0.002487494313087   k=         1
        177        0.000751314993473   k=         1
        178        0.000004943708090   k=         1
        179        0.000263978333439   k=         1
        180        -0.000372152764171   k=         1
        181        0.000882934194758   k=         1
        182        -0.000364151426316   k=         1
        183        -0.001156770219613   k=         1
        184        0.000454818277670   k=         1
        185        0.000935420349930   k=         1
        186        0.000919997456565   k=         1
        187        0.000099538839335   k=         1
        188        0.021092305887961   k=         1
        189        0.032128694553808   k=         1
        190        -0.000466414814983   k=         1
        191        -0.000549597089196   k=         1
        192        -0.007849284065726   k=         1
        193        -0.020821384840917   k=         1
        194        0.000680503350559   k=         1
        195        -0.003975157809792   k=         1
        196        -0.005808739490808   k=         1
        197        -0.022920617007261   k=         1
        198        -0.000761789796586   k=         1
        199        0.000579324581642   k=         1
        200        -0.006626800205752   k=         1
        201        -0.021345461012404   k=         1
        202        0.000309263251410   k=         1
        203        -0.000022397664275   k=         1
        204        0.003247005961285   k=         1
        205        0.008911038577893   k=         1
        206        -0.000576682871582   k=         1
        207        0.001279340566799   k=         1
        208        0.003821908959671   k=         1
        209        0.008362939574085   k=         1
        210        -0.000176213283928   k=         1
        211        -0.003328997168652   k=         1
        212        0.007474742316889   k=         1
        213        0.029689714455531   k=         1
        214        0.000118411116666   k=         1
        215        0.000571950001560   k=         1
        216        0.000205487871416   k=         1
        217        -0.000266219219812   k=         1
        218        0.000280123130419   k=         1
        219        0.000256630006782   k=         1
        220        0.002114841164522   k=         1
        221        0.009239215731573   k=         1
        222        -0.000563339009686   k=         1
        223        -0.000721467413772   k=         1
        224        0.002673227748082   k=         1
        225        0.009519794790649   k=         1
        226        -0.000025026124220   k=         1
        227        -0.000642006470659   k=         1
        228        0.001187555149317   k=         1
        229        0.005280049146089   k=         1
        230        -0.000228886605044   k=         1
        231        0.001182950844073   k=         1
        232        -0.001997871381722   k=         1
        233        -0.007742667410268   k=         1
        234        0.000287139338521   k=         1
        235        0.000026223859322   k=         1
        236        0.001605266286327   k=         1
        237        0.005035486469995   k=         1
        238        0.000510512492362   k=         1
        239        -0.000554541059144   k=         1
        240        -0.009620440397940   k=         1
        241        -0.023264023077520   k=         1
        242        0.000546134721108   k=         1
        243        0.001606868825975   k=         1
        244        -0.003244411172910   k=         1
        245        -0.007850346105057   k=         1
        246        -0.000306289031913   k=         1
        247        0.001470003758990   k=         1
        248        0.015324665416716   k=         1
        249        0.037372560055134   k=         1
        250        0.000861120662765   k=         1
        251        0.003420661579586   k=         1
        252        0.007202556264042   k=         1
        253        0.014428095880471   k=         1
        254        0.001196436127107   k=         1
        255        0.005080770232806   k=         1
        256        0.005724646245866   k=         1
        257        0.013557563948109   k=         1
        258        -0.000402620736059   k=         1
        259        -0.004389783061306   k=         1
        260        -0.010059413471849   k=         1
        261        -0.028092642431582   k=         1
        262        -0.000084637079710   k=         1
        263        -0.006912269510095   k=         1
        264        -0.011793934346782   k=         1
        265        -0.024386913580425   k=         1
        266        0.001205577088631   k=         1
        267        0.004883671648627   k=         1
        268        -0.009555843692647   k=         1
        269        -0.032389809170619   k=         1
        270        0.000933034973734   k=         1
        271        -0.008957292513661   k=         1
        272        0.011196074466906   k=         1
        273        0.039652684339052   k=         1
        274        0.000632162520177   k=         1
        275        -0.001044514868392   k=         1
        276        0.008884881689584   k=         1
        277        0.031990255173188   k=         1
        278        0.000467111096288   k=         1
        279        -0.001722998537243   k=         1
        280        -0.014012882397082   k=         1
        281        -0.052193469409960   k=         1
        282        -0.000195113581474   k=         1
        283        0.001551794455206   k=         1
        284        -0.008420517093313   k=         1
        285        -0.032346396676978   k=         1
        286        0.000095633360114   k=         1
        287        -0.001305786142930   k=         1
        288        -0.008248457881741   k=         1
        289        -0.026499730001684   k=         1
        290        -0.002042751556012   k=         1
        291        -0.001857785020316   k=         1
        292        0.018282580095674   k=         1
        293        0.031458255712632   k=         1
        294        0.001873246249003   k=         1
        295        -0.000593666812031   k=         1
        296        0.013587803409482   k=         1
        297        0.034067454478107   k=         1
        298        0.000790784868486   k=         1
        299        -0.002447506990179   k=         1
        300        0.015280097296056   k=         1
        301        0.049765159884250   k=         1
        302        -0.005340203557010   k=         1
        303        -0.004815427964457   k=         1
        304        0.001250166214825   k=         1
        305        -0.048333291603440   k=         1
        306        0.004726120902524   k=         1
        307        -0.002480603924748   k=         1
        308        -0.009165505255648   k=         1
        309        -0.044754426364421   k=         1
        310        0.000063210482434   k=         1
        311        -0.002951332445857   k=         1
        312        -0.010951911987710   k=         1
        313        0.062261128712239   k=         1
        314        -0.001553155237975   k=         1
        315        0.003519818599432   k=         1
        316        -0.008621521452167   k=         1
        317        0.032635519976554   k=         1
        318        0.001278477754296   k=         1
        319        -0.004173921182485   k=         1
        320        -0.011016457570849   k=         1
        321        0.035144401557153   k=         1
        322        0.000991641618120   k=         1
        323        0.003993577140262   k=         1
        324        0.011468514984040   k=         1
        325        -0.046516470129468   k=         1
        326        0.000931021737055   k=         1
        327        -0.000970047873840   k=         1
        328        0.008883377445397   k=         1
        329        -0.038496324534621   k=         1
        330        -0.000897217831660   k=         1
        331        0.004713982062068   k=         1
        332        0.014675169209660   k=         1
        333        -0.058991550368251   k=         1
        334        0.000292375533470   k=         1
        335        -0.002286732364977   k=         1
        336        -0.017109013776610   k=         1
        337        0.052646229903939   k=         1
        338        0.000535759937853   k=         1
        339        0.004301790964348   k=         1
        340        -0.016230491507064   k=         1
        341        0.054132012285002   k=         1
        342        -0.000660709402735   k=         1
        343        -0.006143594155161   k=         1
        344        0.020177963481975   k=         1
        345        -0.057545526381995   k=         1
        346        -0.000332828056923   k=         1
        347        0.000902331179025   k=         1
        348        0.023444293411938   k=         1
        349        -0.039457486107715   k=         1
        350        -0.001055339820501   k=         1
        351        -0.000499270104283   k=         1
        352        0.017409613531670   k=         1
        353        -0.037990699428998   k=         1
        354        0.000137865863048   k=         1
        355        -0.000983852039019   k=         1
        356        -0.011533401083464   k=         1
        357        0.033133636283357   k=         1
        358        0.000821098182887   k=         1
        359        -0.002791988488010   k=         1
        360        -0.015563147606574   k=         1
        361        0.031679730551866   k=         1
        362        0.000736835759999   k=         1
        363        -0.014514449598843   k=         1
        364        -0.020597779855090   k=         1
        365        0.065035293573732   k=         1
        366        -0.000879089629597   k=         1
        367        0.007066006331416   k=         1
        368        0.011948908224114   k=         1
        369        -0.025320098909003   k=         1
        370        0.000208530473715   k=         1
        371        0.000037260287982   k=         1
        372        0.000688630179190   k=         1
        373        -0.000520205190024   k=         1
        374        -0.004526834242803   k=         1
        375        -0.017684164159057   k=         1
        376        -0.000027326185810   k=         1
        377        0.000128146393819   k=         1
        378        -0.000982671189072   k=         1
        379        -0.001701841636990   k=         1
        380        -0.001747087688152   k=         1
        381        -0.001059741601483   k=         1
        382        -0.002375283929254   k=         1
        383        0.001505339517895   k=         1
        384        0.000640254517688   k=         1
        385        -0.000318888240983   k=         1
        386        -0.000852350479103   k=         1
        387        -0.000323362036677   k=         1
        388        0.000563454530059   k=         1
        389        -0.001414181779329   k=         1
        390        0.000150812634805   k=         1
        391        -0.002583399071777   k=         1
        392        0.000213722405028   k=         1
        393        0.003823860691256   k=         1
        394        -0.000507798616609   k=         1
        395        0.000981718913562   k=         1
        396        0.000348671763222   k=         1
        397        0.001299129152456   k=         1
        398        -0.001709606838244   k=         1
        399        -0.000431935312308   k=         1
        400        0.000811793852565   k=         1
        401        0.016445930145474   k=         1
        402        -0.044888490317884   k=         1
        403        -0.000080865439578   k=         1
        404        0.002193027001152   k=         1
        405        -0.013300547425360   k=         1
        406        0.019505846390822   k=         1
        407        -0.001377524838680   k=         1
        408        0.003090565226214   k=         1
        409        -0.023073149381660   k=         1
        410        0.018103764735877   k=         1
        411        0.001118269613145   k=         1
        412        -0.002795124991295   k=         1
        413        -0.017121230902706   k=         1
        414        0.014124309712853   k=         1
        415        -0.000171594830009   k=         1
        416        0.001590992742897   k=         1
        417        0.007141056333958   k=         1
        418        -0.007184077240924   k=         1
        419        0.000587513077148   k=         1
        420        -0.000453211155735   k=         1
        421        0.005396213826434   k=         1
        422        -0.004344635518081   k=         1
        423        -0.001105734739809   k=         1
        424        0.000003995430233   k=         1
        425        0.020121527266155   k=         1
        426        -0.021857910173165   k=         1
