# file_format= v0.04.05
       144       426
    188.97268778      0.00000000      0.00000000    0
      0.00000000    188.97268778      0.00000000    0
      0.00000000      0.00000000    188.97268778    0
 6
       4
     2     2     2     2
     0     1     1     1
 1.710E+00 1.625E+00 1.625E+00 1.625E+00
 0.000E+00 0.000E+00 0.000E+00 0.000E+00
 0.000E+00 0.000E+00 0.000E+00 0.000E+00
 0.000E+00 0.000E+00 0.000E+00 0.000E+00
      0.829586     -0.627009    -0.191733
 6
       4
     2     2     2     2
     0     1     1     1
 1.710E+00 1.625E+00 1.625E+00 1.625E+00
 0.000E+00 0.000E+00 0.000E+00 0.000E+00
 0.000E+00 0.000E+00 0.000E+00 0.000E+00
 0.000E+00 0.000E+00 0.000E+00 0.000E+00
      -0.876651     1.169803    0.494921
 6
       4
     2     2     2     2
     0     1     1     1
 1.710E+00 1.625E+00 1.625E+00 1.625E+00
 0.000E+00 0.000E+00 0.000E+00 0.000E+00
 0.000E+00 0.000E+00 0.000E+00 0.000E+00
 0.000E+00 0.000E+00 0.000E+00 0.000E+00
      -0.213380     -2.974259    -1.072380
 6
       4
     2     2     2     2
     0     1     1     1
 1.710E+00 1.625E+00 1.625E+00 1.625E+00
 0.000E+00 0.000E+00 0.000E+00 0.000E+00
 0.000E+00 0.000E+00 0.000E+00 0.000E+00
 0.000E+00 0.000E+00 0.000E+00 0.000E+00
      -3.611847     0.735311    0.448542
 6
       4
     2     2     2     2
     0     1     1     1
 1.710E+00 1.625E+00 1.625E+00 1.625E+00
 0.000E+00 0.000E+00 0.000E+00 0.000E+00
 0.000E+00 0.000E+00 0.000E+00 0.000E+00
 0.000E+00 0.000E+00 0.000E+00 0.000E+00
      -4.361986     -1.581064    -0.284296
 6
       4
     2     2     2     2
     0     1     1     1
 1.710E+00 1.625E+00 1.625E+00 1.625E+00
 0.000E+00 0.000E+00 0.000E+00 0.000E+00
 0.000E+00 0.000E+00 0.000E+00 0.000E+00
 0.000E+00 0.000E+00 0.000E+00 0.000E+00
      -2.860272     -3.402467    -0.996864
 6
       4
     2     2     2     2
     0     1     1     1
 1.710E+00 1.625E+00 1.625E+00 1.625E+00
 0.000E+00 0.000E+00 0.000E+00 0.000E+00
 0.000E+00 0.000E+00 0.000E+00 0.000E+00
 0.000E+00 0.000E+00 0.000E+00 0.000E+00
      3.557496     -0.117029    -0.038182
 6
       4
     2     2     2     2
     0     1     1     1
 1.710E+00 1.625E+00 1.625E+00 1.625E+00
 0.000E+00 0.000E+00 0.000E+00 0.000E+00
 0.000E+00 0.000E+00 0.000E+00 0.000E+00
 0.000E+00 0.000E+00 0.000E+00 0.000E+00
      5.813997     0.347179    0.119716
 6
       4
     2     2     2     2
     0     1     1     1
 1.710E+00 1.625E+00 1.625E+00 1.625E+00
 0.000E+00 0.000E+00 0.000E+00 0.000E+00
 0.000E+00 0.000E+00 0.000E+00 0.000E+00
 0.000E+00 0.000E+00 0.000E+00 0.000E+00
      8.549045     0.792190    0.015775
 6
       4
     2     2     2     2
     0     1     1     1
 1.710E+00 1.625E+00 1.625E+00 1.625E+00
 0.000E+00 0.000E+00 0.000E+00 0.000E+00
 0.000E+00 0.000E+00 0.000E+00 0.000E+00
 0.000E+00 0.000E+00 0.000E+00 0.000E+00
      9.826037     2.967720    -0.729929
 6
       4
     2     2     2     2
     0     1     1     1
 1.710E+00 1.625E+00 1.625E+00 1.625E+00
 0.000E+00 0.000E+00 0.000E+00 0.000E+00
 0.000E+00 0.000E+00 0.000E+00 0.000E+00
 0.000E+00 0.000E+00 0.000E+00 0.000E+00
      10.188754     -1.216080    0.754503
 6
       4
     2     2     2     2
     0     1     1     1
 1.710E+00 1.625E+00 1.625E+00 1.625E+00
 0.000E+00 0.000E+00 0.000E+00 0.000E+00
 0.000E+00 0.000E+00 0.000E+00 0.000E+00
 0.000E+00 0.000E+00 0.000E+00 0.000E+00
      12.500553     3.096031    -0.650030
 6
       4
     2     2     2     2
     0     1     1     1
 1.710E+00 1.625E+00 1.625E+00 1.625E+00
 0.000E+00 0.000E+00 0.000E+00 0.000E+00
 0.000E+00 0.000E+00 0.000E+00 0.000E+00
 0.000E+00 0.000E+00 0.000E+00 0.000E+00
      12.804728     -1.022353    0.926909
 6
       4
     2     2     2     2
     0     1     1     1
 1.710E+00 1.625E+00 1.625E+00 1.625E+00
 0.000E+00 0.000E+00 0.000E+00 0.000E+00
 0.000E+00 0.000E+00 0.000E+00 0.000E+00
 0.000E+00 0.000E+00 0.000E+00 0.000E+00
      14.084279     1.215937    0.232009
 6
       4
     2     2     2     2
     0     1     1     1
 1.710E+00 1.625E+00 1.625E+00 1.625E+00
 0.000E+00 0.000E+00 0.000E+00 0.000E+00
 0.000E+00 0.000E+00 0.000E+00 0.000E+00
 0.000E+00 0.000E+00 0.000E+00 0.000E+00
      16.840618     1.363785    0.257454
 6
       4
     2     2     2     2
     0     1     1     1
 1.710E+00 1.625E+00 1.625E+00 1.625E+00
 0.000E+00 0.000E+00 0.000E+00 0.000E+00
 0.000E+00 0.000E+00 0.000E+00 0.000E+00
 0.000E+00 0.000E+00 0.000E+00 0.000E+00
      19.160134     1.347573    0.386453
 6
       4
     2     2     2     2
     0     1     1     1
 1.710E+00 1.625E+00 1.625E+00 1.625E+00
 0.000E+00 0.000E+00 0.000E+00 0.000E+00
 0.000E+00 0.000E+00 0.000E+00 0.000E+00
 0.000E+00 0.000E+00 0.000E+00 0.000E+00
      21.876451     1.295842    0.166914
 6
       4
     2     2     2     2
     0     1     1     1
 1.710E+00 1.625E+00 1.625E+00 1.625E+00
 0.000E+00 0.000E+00 0.000E+00 0.000E+00
 0.000E+00 0.000E+00 0.000E+00 0.000E+00
 0.000E+00 0.000E+00 0.000E+00 0.000E+00
      23.294448     -0.477150    1.582423
 6
       4
     2     2     2     2
     0     1     1     1
 1.710E+00 1.625E+00 1.625E+00 1.625E+00
 0.000E+00 0.000E+00 0.000E+00 0.000E+00
 0.000E+00 0.000E+00 0.000E+00 0.000E+00
 0.000E+00 0.000E+00 0.000E+00 0.000E+00
      23.386098     2.863490    -1.420792
 6
       4
     2     2     2     2
     0     1     1     1
 1.710E+00 1.625E+00 1.625E+00 1.625E+00
 0.000E+00 0.000E+00 0.000E+00 0.000E+00
 0.000E+00 0.000E+00 0.000E+00 0.000E+00
 0.000E+00 0.000E+00 0.000E+00 0.000E+00
      25.946975     2.564965    -1.470405
 6
       4
     2     2     2     2
     0     1     1     1
 1.710E+00 1.625E+00 1.625E+00 1.625E+00
 0.000E+00 0.000E+00 0.000E+00 0.000E+00
 0.000E+00 0.000E+00 0.000E+00 0.000E+00
 0.000E+00 0.000E+00 0.000E+00 0.000E+00
      25.808062     -0.903716    1.388123
 6
       4
     2     2     2     2
     0     1     1     1
 1.710E+00 1.625E+00 1.625E+00 1.625E+00
 0.000E+00 0.000E+00 0.000E+00 0.000E+00
 0.000E+00 0.000E+00 0.000E+00 0.000E+00
 0.000E+00 0.000E+00 0.000E+00 0.000E+00
      27.347812     0.714804    -0.058003
 6
       4
     2     2     2     2
     0     1     1     1
 1.710E+00 1.625E+00 1.625E+00 1.625E+00
 0.000E+00 0.000E+00 0.000E+00 0.000E+00
 0.000E+00 0.000E+00 0.000E+00 0.000E+00
 0.000E+00 0.000E+00 0.000E+00 0.000E+00
      29.971013     0.463448    0.035419
 6
       4
     2     2     2     2
     0     1     1     1
 1.710E+00 1.625E+00 1.625E+00 1.625E+00
 0.000E+00 0.000E+00 0.000E+00 0.000E+00
 0.000E+00 0.000E+00 0.000E+00 0.000E+00
 0.000E+00 0.000E+00 0.000E+00 0.000E+00
      32.274437     -0.018973    0.193731
 6
       4
     2     2     2     2
     0     1     1     1
 1.710E+00 1.625E+00 1.625E+00 1.625E+00
 0.000E+00 0.000E+00 0.000E+00 0.000E+00
 0.000E+00 0.000E+00 0.000E+00 0.000E+00
 0.000E+00 0.000E+00 0.000E+00 0.000E+00
      34.984843     -0.018708    0.146845
 6
       4
     2     2     2     2
     0     1     1     1
 1.710E+00 1.625E+00 1.625E+00 1.625E+00
 0.000E+00 0.000E+00 0.000E+00 0.000E+00
 0.000E+00 0.000E+00 0.000E+00 0.000E+00
 0.000E+00 0.000E+00 0.000E+00 0.000E+00
      36.449332     -2.240933    0.735557
 6
       4
     2     2     2     2
     0     1     1     1
 1.710E+00 1.625E+00 1.625E+00 1.625E+00
 0.000E+00 0.000E+00 0.000E+00 0.000E+00
 0.000E+00 0.000E+00 0.000E+00 0.000E+00
 0.000E+00 0.000E+00 0.000E+00 0.000E+00
      36.340170     2.138416    -0.366813
 6
       4
     2     2     2     2
     0     1     1     1
 1.710E+00 1.625E+00 1.625E+00 1.625E+00
 0.000E+00 0.000E+00 0.000E+00 0.000E+00
 0.000E+00 0.000E+00 0.000E+00 0.000E+00
 0.000E+00 0.000E+00 0.000E+00 0.000E+00
      38.999641     2.143187    -0.395195
 6
       4
     2     2     2     2
     0     1     1     1
 1.710E+00 1.625E+00 1.625E+00 1.625E+00
 0.000E+00 0.000E+00 0.000E+00 0.000E+00
 0.000E+00 0.000E+00 0.000E+00 0.000E+00
 0.000E+00 0.000E+00 0.000E+00 0.000E+00
      39.012163     -2.187233    0.597705
 6
       4
     2     2     2     2
     0     1     1     1
 1.710E+00 1.625E+00 1.625E+00 1.625E+00
 0.000E+00 0.000E+00 0.000E+00 0.000E+00
 0.000E+00 0.000E+00 0.000E+00 0.000E+00
 0.000E+00 0.000E+00 0.000E+00 0.000E+00
      40.440185     -0.031778    -0.112335
 6
       4
     2     2     2     2
     0     1     1     1
 1.710E+00 1.625E+00 1.625E+00 1.625E+00
 0.000E+00 0.000E+00 0.000E+00 0.000E+00
 0.000E+00 0.000E+00 0.000E+00 0.000E+00
 0.000E+00 0.000E+00 0.000E+00 0.000E+00
      43.196829     -0.385510    -0.236346
 6
       4
     2     2     2     2
     0     1     1     1
 1.710E+00 1.625E+00 1.625E+00 1.625E+00
 0.000E+00 0.000E+00 0.000E+00 0.000E+00
 0.000E+00 0.000E+00 0.000E+00 0.000E+00
 0.000E+00 0.000E+00 0.000E+00 0.000E+00
      45.498507     -0.584173    -0.316140
 6
       4
     2     2     2     2
     0     1     1     1
 1.710E+00 1.625E+00 1.625E+00 1.625E+00
 0.000E+00 0.000E+00 0.000E+00 0.000E+00
 0.000E+00 0.000E+00 0.000E+00 0.000E+00
 0.000E+00 0.000E+00 0.000E+00 0.000E+00
      48.284045     -0.691630    -0.349743
 6
       4
     2     2     2     2
     0     1     1     1
 1.710E+00 1.625E+00 1.625E+00 1.625E+00
 0.000E+00 0.000E+00 0.000E+00 0.000E+00
 0.000E+00 0.000E+00 0.000E+00 0.000E+00
 0.000E+00 0.000E+00 0.000E+00 0.000E+00
      49.716117     -2.420495    0.789017
 6
       4
     2     2     2     2
     0     1     1     1
 1.710E+00 1.625E+00 1.625E+00 1.625E+00
 0.000E+00 0.000E+00 0.000E+00 0.000E+00
 0.000E+00 0.000E+00 0.000E+00 0.000E+00
 0.000E+00 0.000E+00 0.000E+00 0.000E+00
      49.593708     1.653881    -1.101586
 6
       4
     2     2     2     2
     0     1     1     1
 1.710E+00 1.625E+00 1.625E+00 1.625E+00
 0.000E+00 0.000E+00 0.000E+00 0.000E+00
 0.000E+00 0.000E+00 0.000E+00 0.000E+00
 0.000E+00 0.000E+00 0.000E+00 0.000E+00
      52.153047     1.987389    -1.141893
 6
       4
     2     2     2     2
     0     1     1     1
 1.710E+00 1.625E+00 1.625E+00 1.625E+00
 0.000E+00 0.000E+00 0.000E+00 0.000E+00
 0.000E+00 0.000E+00 0.000E+00 0.000E+00
 0.000E+00 0.000E+00 0.000E+00 0.000E+00
      52.372605     -2.046316    1.175149
 6
       4
     2     2     2     2
     0     1     1     1
 1.710E+00 1.625E+00 1.625E+00 1.625E+00
 0.000E+00 0.000E+00 0.000E+00 0.000E+00
 0.000E+00 0.000E+00 0.000E+00 0.000E+00
 0.000E+00 0.000E+00 0.000E+00 0.000E+00
      53.658686     0.021131    0.099422
 6
       4
     2     2     2     2
     0     1     1     1
 1.710E+00 1.625E+00 1.625E+00 1.625E+00
 0.000E+00 0.000E+00 0.000E+00 0.000E+00
 0.000E+00 0.000E+00 0.000E+00 0.000E+00
 0.000E+00 0.000E+00 0.000E+00 0.000E+00
      56.352428     0.199589    0.093434
 1
       1
     1
     0
 1.300E+00
 0.000E+00
 0.000E+00
 0.000E+00
      -4.829399     2.229468    0.845076
 1
       1
     1
     0
 1.300E+00
 0.000E+00
 0.000E+00
 0.000E+00
      -0.429244     2.933905    1.005967
 1
       1
     1
     0
 1.300E+00
 0.000E+00
 0.000E+00
 0.000E+00
      -7.100668     -2.117340    -0.449785
 1
       1
     1
     0
 1.300E+00
 0.000E+00
 0.000E+00
 0.000E+00
      -3.396794     -5.156280    -1.676699
 1
       1
     1
     0
 1.300E+00
 0.000E+00
 0.000E+00
 0.000E+00
      0.983801     -4.408918    -1.865685
 1
       1
     1
     0
 1.300E+00
 0.000E+00
 0.000E+00
 0.000E+00
      8.615425     4.485250    -1.324590
 1
       1
     1
     0
 1.300E+00
 0.000E+00
 0.000E+00
 0.000E+00
      9.283776     -2.840073    1.246361
 1
       1
     1
     0
 1.300E+00
 0.000E+00
 0.000E+00
 0.000E+00
      13.231946     4.816428    -1.290101
 1
       1
     1
     0
 1.300E+00
 0.000E+00
 0.000E+00
 0.000E+00
      13.780910     -2.549303    1.541929
 1
       1
     1
     0
 1.300E+00
 0.000E+00
 0.000E+00
 0.000E+00
      22.619750     4.314415    -2.574255
 1
       1
     1
     0
 1.300E+00
 0.000E+00
 0.000E+00
 0.000E+00
      26.955911     3.703298    -2.586253
 1
       1
     1
     0
 1.300E+00
 0.000E+00
 0.000E+00
 0.000E+00
      22.269803     -1.579509    2.820136
 1
       1
     1
     0
 1.300E+00
 0.000E+00
 0.000E+00
 0.000E+00
      26.541426     -2.387436    2.442652
 1
       1
     1
     0
 1.300E+00
 0.000E+00
 0.000E+00
 0.000E+00
      35.346571     3.756465    -0.595689
 1
       1
     1
     0
 1.300E+00
 0.000E+00
 0.000E+00
 0.000E+00
      35.611807     -3.928175    1.297671
 1
       1
     1
     0
 1.300E+00
 0.000E+00
 0.000E+00
 0.000E+00
      39.929468     3.934047    -0.740816
 1
       1
     1
     0
 1.300E+00
 0.000E+00
 0.000E+00
 0.000E+00
      39.930929     -3.898127    1.140973
 1
       1
     1
     0
 1.300E+00
 0.000E+00
 0.000E+00
 0.000E+00
      48.661225     3.256202    -1.848222
 1
       1
     1
     0
 1.300E+00
 0.000E+00
 0.000E+00
 0.000E+00
      48.994992     -4.141306    1.593143
 1
       1
     1
     0
 1.300E+00
 0.000E+00
 0.000E+00
 0.000E+00
      53.121214     3.601406    -1.932143
 1
       1
     1
     0
 1.300E+00
 0.000E+00
 0.000E+00
 0.000E+00
      53.336261     -3.349375    2.228954
 1
       1
     1
     0
 1.300E+00
 0.000E+00
 0.000E+00
 0.000E+00
      61.935219     4.052338    -1.372903
 1
       1
     1
     0
 1.300E+00
 0.000E+00
 0.000E+00
 0.000E+00
      61.744816     -3.658243    1.088900
 6
       4
     2     2     2     2
     0     1     1     1
 1.710E+00 1.625E+00 1.625E+00 1.625E+00
 0.000E+00 0.000E+00 0.000E+00 0.000E+00
 0.000E+00 0.000E+00 0.000E+00 0.000E+00
 0.000E+00 0.000E+00 0.000E+00 0.000E+00
      69.531215     0.127723    0.135329
 1
       1
     1
     0
 1.300E+00
 0.000E+00
 0.000E+00
 0.000E+00
      66.408369     3.836289    -1.385447
 1
       1
     1
     0
 1.300E+00
 0.000E+00
 0.000E+00
 0.000E+00
      66.175022     -3.878782    0.892801
 6
       4
     2     2     2     2
     0     1     1     1
 1.710E+00 1.625E+00 1.625E+00 1.625E+00
 0.000E+00 0.000E+00 0.000E+00 0.000E+00
 0.000E+00 0.000E+00 0.000E+00 0.000E+00
 0.000E+00 0.000E+00 0.000E+00 0.000E+00
      58.682691     0.236573    0.042604
 6
       4
     2     2     2     2
     0     1     1     1
 1.710E+00 1.625E+00 1.625E+00 1.625E+00
 0.000E+00 0.000E+00 0.000E+00 0.000E+00
 0.000E+00 0.000E+00 0.000E+00 0.000E+00
 0.000E+00 0.000E+00 0.000E+00 0.000E+00
      61.404399     0.222394    -0.142999
 6
       4
     2     2     2     2
     0     1     1     1
 1.710E+00 1.625E+00 1.625E+00 1.625E+00
 0.000E+00 0.000E+00 0.000E+00 0.000E+00
 0.000E+00 0.000E+00 0.000E+00 0.000E+00
 0.000E+00 0.000E+00 0.000E+00 0.000E+00
      62.785997     -2.118423    0.623271
 6
       4
     2     2     2     2
     0     1     1     1
 1.710E+00 1.625E+00 1.625E+00 1.625E+00
 0.000E+00 0.000E+00 0.000E+00 0.000E+00
 0.000E+00 0.000E+00 0.000E+00 0.000E+00
 0.000E+00 0.000E+00 0.000E+00 0.000E+00
      62.785492     2.274839    -0.817509
 6
       4
     2     2     2     2
     0     1     1     1
 1.710E+00 1.625E+00 1.625E+00 1.625E+00
 0.000E+00 0.000E+00 0.000E+00 0.000E+00
 0.000E+00 0.000E+00 0.000E+00 0.000E+00
 0.000E+00 0.000E+00 0.000E+00 0.000E+00
      65.545618     2.229315    -0.858130
 6
       4
     2     2     2     2
     0     1     1     1
 1.710E+00 1.625E+00 1.625E+00 1.625E+00
 0.000E+00 0.000E+00 0.000E+00 0.000E+00
 0.000E+00 0.000E+00 0.000E+00 0.000E+00
 0.000E+00 0.000E+00 0.000E+00 0.000E+00
      65.373264     -2.177633    0.486077
 6
       4
     2     2     2     2
     0     1     1     1
 1.710E+00 1.625E+00 1.625E+00 1.625E+00
 0.000E+00 0.000E+00 0.000E+00 0.000E+00
 0.000E+00 0.000E+00 0.000E+00 0.000E+00
 0.000E+00 0.000E+00 0.000E+00 0.000E+00
      66.827852     0.198300    -0.092610
 6
       4
     2     2     2     2
     0     1     1     1
 1.710E+00 1.625E+00 1.625E+00 1.625E+00
 0.000E+00 0.000E+00 0.000E+00 0.000E+00
 0.000E+00 0.000E+00 0.000E+00 0.000E+00
 0.000E+00 0.000E+00 0.000E+00 0.000E+00
      80.033061     -0.235757    0.370607
 6
       4
     2     2     2     2
     0     1     1     1
 1.710E+00 1.625E+00 1.625E+00 1.625E+00
 0.000E+00 0.000E+00 0.000E+00 0.000E+00
 0.000E+00 0.000E+00 0.000E+00 0.000E+00
 0.000E+00 0.000E+00 0.000E+00 0.000E+00
      78.745950     2.112339    -0.248359
 6
       4
     2     2     2     2
     0     1     1     1
 1.710E+00 1.625E+00 1.625E+00 1.625E+00
 0.000E+00 0.000E+00 0.000E+00 0.000E+00
 0.000E+00 0.000E+00 0.000E+00 0.000E+00
 0.000E+00 0.000E+00 0.000E+00 0.000E+00
      78.391445     -2.229431    0.943466
 6
       4
     2     2     2     2
     0     1     1     1
 1.710E+00 1.625E+00 1.625E+00 1.625E+00
 0.000E+00 0.000E+00 0.000E+00 0.000E+00
 0.000E+00 0.000E+00 0.000E+00 0.000E+00
 0.000E+00 0.000E+00 0.000E+00 0.000E+00
      76.159869     2.274833    -0.368644
 6
       4
     2     2     2     2
     0     1     1     1
 1.710E+00 1.625E+00 1.625E+00 1.625E+00
 0.000E+00 0.000E+00 0.000E+00 0.000E+00
 0.000E+00 0.000E+00 0.000E+00 0.000E+00
 0.000E+00 0.000E+00 0.000E+00 0.000E+00
      74.502632     0.246099    0.123938
 6
       4
     2     2     2     2
     0     1     1     1
 1.710E+00 1.625E+00 1.625E+00 1.625E+00
 0.000E+00 0.000E+00 0.000E+00 0.000E+00
 0.000E+00 0.000E+00 0.000E+00 0.000E+00
 0.000E+00 0.000E+00 0.000E+00 0.000E+00
      75.708438     -2.020554    0.851435
 6
       4
     2     2     2     2
     0     1     1     1
 1.710E+00 1.625E+00 1.625E+00 1.625E+00
 0.000E+00 0.000E+00 0.000E+00 0.000E+00
 0.000E+00 0.000E+00 0.000E+00 0.000E+00
 0.000E+00 0.000E+00 0.000E+00 0.000E+00
      82.837787     -0.327644    0.345083
 6
       4
     2     2     2     2
     0     1     1     1
 1.710E+00 1.625E+00 1.625E+00 1.625E+00
 0.000E+00 0.000E+00 0.000E+00 0.000E+00
 0.000E+00 0.000E+00 0.000E+00 0.000E+00
 0.000E+00 0.000E+00 0.000E+00 0.000E+00
      85.170260     0.026362    0.193455
 6
       4
     2     2     2     2
     0     1     1     1
 1.710E+00 1.625E+00 1.625E+00 1.625E+00
 0.000E+00 0.000E+00 0.000E+00 0.000E+00
 0.000E+00 0.000E+00 0.000E+00 0.000E+00
 0.000E+00 0.000E+00 0.000E+00 0.000E+00
      87.926609     0.094363    0.026023
 6
       4
     2     2     2     2
     0     1     1     1
 1.710E+00 1.625E+00 1.625E+00 1.625E+00
 0.000E+00 0.000E+00 0.000E+00 0.000E+00
 0.000E+00 0.000E+00 0.000E+00 0.000E+00
 0.000E+00 0.000E+00 0.000E+00 0.000E+00
      89.115798     2.274092    -0.952938
 6
       4
     2     2     2     2
     0     1     1     1
 1.710E+00 1.625E+00 1.625E+00 1.625E+00
 0.000E+00 0.000E+00 0.000E+00 0.000E+00
 0.000E+00 0.000E+00 0.000E+00 0.000E+00
 0.000E+00 0.000E+00 0.000E+00 0.000E+00
      89.531192     -1.965387    0.809218
 6
       4
     2     2     2     2
     0     1     1     1
 1.710E+00 1.625E+00 1.625E+00 1.625E+00
 0.000E+00 0.000E+00 0.000E+00 0.000E+00
 0.000E+00 0.000E+00 0.000E+00 0.000E+00
 0.000E+00 0.000E+00 0.000E+00 0.000E+00
      91.737708     2.320532    -1.215523
 6
       4
     2     2     2     2
     0     1     1     1
 1.710E+00 1.625E+00 1.625E+00 1.625E+00
 0.000E+00 0.000E+00 0.000E+00 0.000E+00
 0.000E+00 0.000E+00 0.000E+00 0.000E+00
 0.000E+00 0.000E+00 0.000E+00 0.000E+00
      92.116071     -1.952459    0.373979
 6
       4
     2     2     2     2
     0     1     1     1
 1.710E+00 1.625E+00 1.625E+00 1.625E+00
 0.000E+00 0.000E+00 0.000E+00 0.000E+00
 0.000E+00 0.000E+00 0.000E+00 0.000E+00
 0.000E+00 0.000E+00 0.000E+00 0.000E+00
      93.326633     0.339928    -0.473427
 6
       4
     2     2     2     2
     0     1     1     1
 1.710E+00 1.625E+00 1.625E+00 1.625E+00
 0.000E+00 0.000E+00 0.000E+00 0.000E+00
 0.000E+00 0.000E+00 0.000E+00 0.000E+00
 0.000E+00 0.000E+00 0.000E+00 0.000E+00
      96.116035     0.535380    -0.349289
 6
       4
     2     2     2     2
     0     1     1     1
 1.710E+00 1.625E+00 1.625E+00 1.625E+00
 0.000E+00 0.000E+00 0.000E+00 0.000E+00
 0.000E+00 0.000E+00 0.000E+00 0.000E+00
 0.000E+00 0.000E+00 0.000E+00 0.000E+00
      98.400515     0.274194    0.045767
 6
       4
     2     2     2     2
     0     1     1     1
 1.710E+00 1.625E+00 1.625E+00 1.625E+00
 0.000E+00 0.000E+00 0.000E+00 0.000E+00
 0.000E+00 0.000E+00 0.000E+00 0.000E+00
 0.000E+00 0.000E+00 0.000E+00 0.000E+00
      101.187054     0.223653    0.188366
 6
       4
     2     2     2     2
     0     1     1     1
 1.710E+00 1.625E+00 1.625E+00 1.625E+00
 0.000E+00 0.000E+00 0.000E+00 0.000E+00
 0.000E+00 0.000E+00 0.000E+00 0.000E+00
 0.000E+00 0.000E+00 0.000E+00 0.000E+00
      102.545174     -1.889796    0.692539
 6
       4
     2     2     2     2
     0     1     1     1
 1.710E+00 1.625E+00 1.625E+00 1.625E+00
 0.000E+00 0.000E+00 0.000E+00 0.000E+00
 0.000E+00 0.000E+00 0.000E+00 0.000E+00
 0.000E+00 0.000E+00 0.000E+00 0.000E+00
      102.639923     2.522673    -0.619002
 6
       4
     2     2     2     2
     0     1     1     1
 1.710E+00 1.625E+00 1.625E+00 1.625E+00
 0.000E+00 0.000E+00 0.000E+00 0.000E+00
 0.000E+00 0.000E+00 0.000E+00 0.000E+00
 0.000E+00 0.000E+00 0.000E+00 0.000E+00
      105.194194     2.495432    -0.747419
 6
       4
     2     2     2     2
     0     1     1     1
 1.710E+00 1.625E+00 1.625E+00 1.625E+00
 0.000E+00 0.000E+00 0.000E+00 0.000E+00
 0.000E+00 0.000E+00 0.000E+00 0.000E+00
 0.000E+00 0.000E+00 0.000E+00 0.000E+00
      105.273122     -1.840259    0.774304
 6
       4
     2     2     2     2
     0     1     1     1
 1.710E+00 1.625E+00 1.625E+00 1.625E+00
 0.000E+00 0.000E+00 0.000E+00 0.000E+00
 0.000E+00 0.000E+00 0.000E+00 0.000E+00
 0.000E+00 0.000E+00 0.000E+00 0.000E+00
      106.593676     0.251203    0.023709
 6
       4
     2     2     2     2
     0     1     1     1
 1.710E+00 1.625E+00 1.625E+00 1.625E+00
 0.000E+00 0.000E+00 0.000E+00 0.000E+00
 0.000E+00 0.000E+00 0.000E+00 0.000E+00
 0.000E+00 0.000E+00 0.000E+00 0.000E+00
      109.320439     0.530807    0.168624
 6
       4
     2     2     2     2
     0     1     1     1
 1.710E+00 1.625E+00 1.625E+00 1.625E+00
 0.000E+00 0.000E+00 0.000E+00 0.000E+00
 0.000E+00 0.000E+00 0.000E+00 0.000E+00
 0.000E+00 0.000E+00 0.000E+00 0.000E+00
      111.618714     0.989277    -0.024884
 6
       4
     2     2     2     2
     0     1     1     1
 1.710E+00 1.625E+00 1.625E+00 1.625E+00
 0.000E+00 0.000E+00 0.000E+00 0.000E+00
 0.000E+00 0.000E+00 0.000E+00 0.000E+00
 0.000E+00 0.000E+00 0.000E+00 0.000E+00
      114.336408     0.971803    0.133037
 6
       4
     2     2     2     2
     0     1     1     1
 1.710E+00 1.625E+00 1.625E+00 1.625E+00
 0.000E+00 0.000E+00 0.000E+00 0.000E+00
 0.000E+00 0.000E+00 0.000E+00 0.000E+00
 0.000E+00 0.000E+00 0.000E+00 0.000E+00
      115.592245     -1.442528    -0.359371
 6
       4
     2     2     2     2
     0     1     1     1
 1.710E+00 1.625E+00 1.625E+00 1.625E+00
 0.000E+00 0.000E+00 0.000E+00 0.000E+00
 0.000E+00 0.000E+00 0.000E+00 0.000E+00
 0.000E+00 0.000E+00 0.000E+00 0.000E+00
      115.890542     3.041181    0.612022
 6
       4
     2     2     2     2
     0     1     1     1
 1.710E+00 1.625E+00 1.625E+00 1.625E+00
 0.000E+00 0.000E+00 0.000E+00 0.000E+00
 0.000E+00 0.000E+00 0.000E+00 0.000E+00
 0.000E+00 0.000E+00 0.000E+00 0.000E+00
      118.597676     2.784509    0.657046
 6
       4
     2     2     2     2
     0     1     1     1
 1.710E+00 1.625E+00 1.625E+00 1.625E+00
 0.000E+00 0.000E+00 0.000E+00 0.000E+00
 0.000E+00 0.000E+00 0.000E+00 0.000E+00
 0.000E+00 0.000E+00 0.000E+00 0.000E+00
      118.132097     -1.651428    -0.387394
 6
       4
     2     2     2     2
     0     1     1     1
 1.710E+00 1.625E+00 1.625E+00 1.625E+00
 0.000E+00 0.000E+00 0.000E+00 0.000E+00
 0.000E+00 0.000E+00 0.000E+00 0.000E+00
 0.000E+00 0.000E+00 0.000E+00 0.000E+00
      119.692277     0.415509    0.165362
 6
       4
     2     2     2     2
     0     1     1     1
 1.710E+00 1.625E+00 1.625E+00 1.625E+00
 0.000E+00 0.000E+00 0.000E+00 0.000E+00
 0.000E+00 0.000E+00 0.000E+00 0.000E+00
 0.000E+00 0.000E+00 0.000E+00 0.000E+00
      122.376134     0.164317    0.192862
 6
       4
     2     2     2     2
     0     1     1     1
 1.710E+00 1.625E+00 1.625E+00 1.625E+00
 0.000E+00 0.000E+00 0.000E+00 0.000E+00
 0.000E+00 0.000E+00 0.000E+00 0.000E+00
 0.000E+00 0.000E+00 0.000E+00 0.000E+00
      124.694371     -0.173416    -0.014651
 6
       4
     2     2     2     2
     0     1     1     1
 1.710E+00 1.625E+00 1.625E+00 1.625E+00
 0.000E+00 0.000E+00 0.000E+00 0.000E+00
 0.000E+00 0.000E+00 0.000E+00 0.000E+00
 0.000E+00 0.000E+00 0.000E+00 0.000E+00
      127.431202     -0.293497    -0.155844
 6
       4
     2     2     2     2
     0     1     1     1
 1.710E+00 1.625E+00 1.625E+00 1.625E+00
 0.000E+00 0.000E+00 0.000E+00 0.000E+00
 0.000E+00 0.000E+00 0.000E+00 0.000E+00
 0.000E+00 0.000E+00 0.000E+00 0.000E+00
      128.810504     -2.441080    -1.173924
 6
       4
     2     2     2     2
     0     1     1     1
 1.710E+00 1.625E+00 1.625E+00 1.625E+00
 0.000E+00 0.000E+00 0.000E+00 0.000E+00
 0.000E+00 0.000E+00 0.000E+00 0.000E+00
 0.000E+00 0.000E+00 0.000E+00 0.000E+00
      129.064009     1.784117    0.533831
 6
       4
     2     2     2     2
     0     1     1     1
 1.710E+00 1.625E+00 1.625E+00 1.625E+00
 0.000E+00 0.000E+00 0.000E+00 0.000E+00
 0.000E+00 0.000E+00 0.000E+00 0.000E+00
 0.000E+00 0.000E+00 0.000E+00 0.000E+00
      131.689394     1.548271    0.531298
 6
       4
     2     2     2     2
     0     1     1     1
 1.710E+00 1.625E+00 1.625E+00 1.625E+00
 0.000E+00 0.000E+00 0.000E+00 0.000E+00
 0.000E+00 0.000E+00 0.000E+00 0.000E+00
 0.000E+00 0.000E+00 0.000E+00 0.000E+00
      131.476372     -2.553059    -1.073311
 6
       4
     2     2     2     2
     0     1     1     1
 1.710E+00 1.625E+00 1.625E+00 1.625E+00
 0.000E+00 0.000E+00 0.000E+00 0.000E+00
 0.000E+00 0.000E+00 0.000E+00 0.000E+00
 0.000E+00 0.000E+00 0.000E+00 0.000E+00
      133.004325     -0.632325    -0.089076
 6
       4
     2     2     2     2
     0     1     1     1
 1.710E+00 1.625E+00 1.625E+00 1.625E+00
 0.000E+00 0.000E+00 0.000E+00 0.000E+00
 0.000E+00 0.000E+00 0.000E+00 0.000E+00
 0.000E+00 0.000E+00 0.000E+00 0.000E+00
      135.707100     -0.935365    0.210315
 1
       1
     1
     0
 1.300E+00
 0.000E+00
 0.000E+00
 0.000E+00
      75.486325     3.989312    -0.811310
 1
       1
     1
     0
 1.300E+00
 0.000E+00
 0.000E+00
 0.000E+00
      80.036891     3.602092    -0.559225
 6
       4
     2     2     2     2
     0     1     1     1
 1.710E+00 1.625E+00 1.625E+00 1.625E+00
 0.000E+00 0.000E+00 0.000E+00 0.000E+00
 0.000E+00 0.000E+00 0.000E+00 0.000E+00
 0.000E+00 0.000E+00 0.000E+00 0.000E+00
      71.816774     0.267253    0.023193
 1
       1
     1
     0
 1.300E+00
 0.000E+00
 0.000E+00
 0.000E+00
      74.725575     -3.601139    1.287542
 1
       1
     1
     0
 1.300E+00
 0.000E+00
 0.000E+00
 0.000E+00
      79.082791     -4.141420    1.469538
 1
       1
     1
     0
 1.300E+00
 0.000E+00
 0.000E+00
 0.000E+00
      88.203866     3.858282    -1.410422
 1
       1
     1
     0
 1.300E+00
 0.000E+00
 0.000E+00
 0.000E+00
      88.694025     -3.457395    1.741948
 1
       1
     1
     0
 1.300E+00
 0.000E+00
 0.000E+00
 0.000E+00
      92.524324     4.011142    -1.817161
 1
       1
     1
     0
 1.300E+00
 0.000E+00
 0.000E+00
 0.000E+00
      93.085328     -3.542135    0.914531
 1
       1
     1
     0
 1.300E+00
 0.000E+00
 0.000E+00
 0.000E+00
      101.603251     4.050518    -1.048377
 1
       1
     1
     0
 1.300E+00
 0.000E+00
 0.000E+00
 0.000E+00
      105.959296     4.223260    -1.414840
 1
       1
     1
     0
 1.300E+00
 0.000E+00
 0.000E+00
 0.000E+00
      101.537323     -3.548790    1.222619
 1
       1
     1
     0
 1.300E+00
 0.000E+00
 0.000E+00
 0.000E+00
      106.197466     -3.511126    1.430207
 1
       1
     1
     0
 1.300E+00
 0.000E+00
 0.000E+00
 0.000E+00
      115.152840     4.832196    0.922742
 1
       1
     1
     0
 1.300E+00
 0.000E+00
 0.000E+00
 0.000E+00
      114.269811     -2.929034    -0.819980
 1
       1
     1
     0
 1.300E+00
 0.000E+00
 0.000E+00
 0.000E+00
      119.676201     4.340222    1.041857
 1
       1
     1
     0
 1.300E+00
 0.000E+00
 0.000E+00
 0.000E+00
      119.091057     -3.408571    -0.890564
 1
       1
     1
     0
 1.300E+00
 0.000E+00
 0.000E+00
 0.000E+00
      128.076489     3.322974    0.993461
 1
       1
     1
     0
 1.300E+00
 0.000E+00
 0.000E+00
 0.000E+00
      127.681957     -3.762928    -1.899755
 1
       1
     1
     0
 1.300E+00
 0.000E+00
 0.000E+00
 0.000E+00
      132.487748     3.191721    1.054858
 1
       1
     1
     0
 1.300E+00
 0.000E+00
 0.000E+00
 0.000E+00
      132.021774     -4.273438    -1.879438
 1
       1
     1
     0
 1.300E+00
 0.000E+00
 0.000E+00
 0.000E+00
      141.427084     1.713430    3.138708
 1
       1
     1
     0
 1.300E+00
 0.000E+00
 0.000E+00
 0.000E+00
      140.878485     -3.978896    -2.150654
 1
       1
     1
     0
 1.300E+00
 0.000E+00
 0.000E+00
 0.000E+00
      148.751754     -1.735443    0.615686
 1
       1
     1
     0
 1.300E+00
 0.000E+00
 0.000E+00
 0.000E+00
      146.209009     1.466560    2.911601
 1
       1
     1
     0
 1.300E+00
 0.000E+00
 0.000E+00
 0.000E+00
      145.572063     -4.100779    -2.590349
 6
       4
     2     2     2     2
     0     1     1     1
 1.710E+00 1.625E+00 1.625E+00 1.625E+00
 0.000E+00 0.000E+00 0.000E+00 0.000E+00
 0.000E+00 0.000E+00 0.000E+00 0.000E+00
 0.000E+00 0.000E+00 0.000E+00 0.000E+00
      137.994062     -1.051701    0.466237
 6
       4
     2     2     2     2
     0     1     1     1
 1.710E+00 1.625E+00 1.625E+00 1.625E+00
 0.000E+00 0.000E+00 0.000E+00 0.000E+00
 0.000E+00 0.000E+00 0.000E+00 0.000E+00
 0.000E+00 0.000E+00 0.000E+00 0.000E+00
      140.719823     -1.070237    0.462658
 6
       4
     2     2     2     2
     0     1     1     1
 1.710E+00 1.625E+00 1.625E+00 1.625E+00
 0.000E+00 0.000E+00 0.000E+00 0.000E+00
 0.000E+00 0.000E+00 0.000E+00 0.000E+00
 0.000E+00 0.000E+00 0.000E+00 0.000E+00
      142.099996     -2.809673    -1.218512
 6
       4
     2     2     2     2
     0     1     1     1
 1.710E+00 1.625E+00 1.625E+00 1.625E+00
 0.000E+00 0.000E+00 0.000E+00 0.000E+00
 0.000E+00 0.000E+00 0.000E+00 0.000E+00
 0.000E+00 0.000E+00 0.000E+00 0.000E+00
      142.198373     0.463215    1.956224
 6
       4
     2     2     2     2
     0     1     1     1
 1.710E+00 1.625E+00 1.625E+00 1.625E+00
 0.000E+00 0.000E+00 0.000E+00 0.000E+00
 0.000E+00 0.000E+00 0.000E+00 0.000E+00
 0.000E+00 0.000E+00 0.000E+00 0.000E+00
      144.904278     0.322058    1.737480
 6
       4
     2     2     2     2
     0     1     1     1
 1.710E+00 1.625E+00 1.625E+00 1.625E+00
 0.000E+00 0.000E+00 0.000E+00 0.000E+00
 0.000E+00 0.000E+00 0.000E+00 0.000E+00
 0.000E+00 0.000E+00 0.000E+00 0.000E+00
      144.595519     -2.883792    -1.444879
 6
       4
     2     2     2     2
     0     1     1     1
 1.710E+00 1.625E+00 1.625E+00 1.625E+00
 0.000E+00 0.000E+00 0.000E+00 0.000E+00
 0.000E+00 0.000E+00 0.000E+00 0.000E+00
 0.000E+00 0.000E+00 0.000E+00 0.000E+00
      145.973874     -1.317056    0.278657
# LCAO coefficients .. are not included.
         1
        1        0.000334002466592   k=         1
        2        0.002267033638020   k=         1
        3        -0.000351417694139   k=         1
        4        -0.008891857843201   k=         1
        5        -0.001837752092940   k=         1
        6        -0.004785521666645   k=         1
        7        0.007173357738319   k=         1
        8        -0.011070410707884   k=         1
        9        0.001353007434763   k=         1
        10        0.000093425621510   k=         1
        11        0.009002340113598   k=         1
        12        -0.010784563744854   k=         1
        13        0.000629949633219   k=         1
        14        0.001826996469619   k=         1
        15        -0.001157115270732   k=         1
        16        0.003401921558279   k=         1
        17        -0.000144859371994   k=         1
        18        -0.000093326911333   k=         1
        19        -0.003093305608130   k=         1
        20        0.011147571744478   k=         1
        21        -0.000145836058933   k=         1
        22        0.000362315278570   k=         1
        23        -0.001348782230343   k=         1
        24        0.001441318838637   k=         1
        25        -0.000283258994971   k=         1
        26        -0.005934857101629   k=         1
        27        0.009265037817482   k=         1
        28        0.031545394011984   k=         1
        29        0.000973706068945   k=         1
        30        0.000732753925489   k=         1
        31        0.003783471297740   k=         1
        32        0.014947183130908   k=         1
        33        0.000229284918496   k=         1
        34        -0.001088805718112   k=         1
        35        -0.016007627537402   k=         1
        36        -0.043657167471899   k=         1
        37        -0.000279080112012   k=         1
        38        0.000854849426063   k=         1
        39        -0.005584817584334   k=         1
        40        -0.017292398886151   k=         1
        41        0.000655669839627   k=         1
        42        0.003899208622285   k=         1
        43        -0.004753884278319   k=         1
        44        -0.016393658889858   k=         1
        45        0.001789154561674   k=         1
        46        0.000077274076118   k=         1
        47        0.011265880226935   k=         1
        48        0.039256930460837   k=         1
        49        -0.001569542150381   k=         1
        50        -0.008260837586882   k=         1
        51        0.005815519095113   k=         1
        52        0.033762913862408   k=         1
        53        0.000317445139891   k=         1
        54        -0.001475219552620   k=         1
        55        0.016630225637396   k=         1
        56        0.029064413419872   k=         1
        57        0.001318276197153   k=         1
        58        0.002767557453943   k=         1
        59        -0.047777662962043   k=         1
        60        -0.054942731269463   k=         1
        61        0.000075180738436   k=         1
        62        0.001679500646186   k=         1
        63        -0.024899806484100   k=         1
        64        -0.034558311679874   k=         1
        65        -0.000734022528208   k=         1
        66        0.006055953691763   k=         1
        67        0.059456433784889   k=         1
        68        0.068156147521675   k=         1
        69        0.002239366601250   k=         1
        70        0.012904887228575   k=         1
        71        0.030388815139701   k=         1
        72        0.030276638502414   k=         1
        73        -0.000801703401279   k=         1
        74        0.007211117952708   k=         1
        75        0.027861743230387   k=         1
        76        0.027444216954216   k=         1
        77        0.001885340768401   k=         1
        78        -0.004972901029383   k=         1
        79        -0.046180838424112   k=         1
        80        -0.044581462954107   k=         1
        81        -0.001660582059109   k=         1
        82        -0.019071445991907   k=         1
        83        -0.040315084512196   k=         1
        84        -0.040006752008505   k=         1
        85        -0.000283998703399   k=         1
        86        0.001830827506426   k=         1
        87        -0.042056236004726   k=         1
        88        -0.064537863327586   k=         1
        89        0.002556684178965   k=         1
        90        -0.004312586467719   k=         1
        91        0.030675534327545   k=         1
        92        0.077930601115103   k=         1
        93        -0.001089550677172   k=         1
        94        0.004528769506767   k=         1
        95        0.039615969837504   k=         1
        96        0.074448278321956   k=         1
        97        0.000701617661975   k=         1
        98        -0.004011103250624   k=         1
        99        -0.025588536871914   k=         1
        100        -0.078674418492357   k=         1
        101        0.002339785713030   k=         1
        102        -0.004291752460731   k=         1
        103        -0.011057040277529   k=         1
        104        -0.052776752544958   k=         1
        105        -0.000430562621174   k=         1
        106        0.003472604902154   k=         1
        107        -0.005991795189901   k=         1
        108        -0.062460139934806   k=         1
        109        0.001829450492551   k=         1
        110        -0.000292130593006   k=         1
        111        0.007209429804890   k=         1
        112        0.059204194941003   k=         1
        113        -0.001667657452883   k=         1
        114        -0.000444875881776   k=         1
        115        0.011475992745436   k=         1
        116        0.046404396448079   k=         1
        117        -0.001738819125085   k=         1
        118        0.009509196782238   k=         1
        119        0.021207805391474   k=         1
        120        0.081897163589086   k=         1
        121        0.001574213075033   k=         1
        122        -0.009731737606058   k=         1
        123        -0.025360173379409   k=         1
        124        -0.074242591545166   k=         1
        125        -0.002143920137795   k=         1
        126        -0.005322698434318   k=         1
        127        -0.020704487424576   k=         1
        128        -0.071672713077632   k=         1
        129        -0.003586716826411   k=         1
        130        -0.004193227042138   k=         1
        131        0.032674484218066   k=         1
        132        0.087132114535600   k=         1
        133        0.000050683066884   k=         1
        134        -0.019175312588018   k=         1
        135        0.027627583842984   k=         1
        136        0.042461700086503   k=         1
        137        0.000613235320464   k=         1
        138        -0.005775106983340   k=         1
        139        0.020580093620329   k=         1
        140        0.049604036561613   k=         1
        141        0.002405818271413   k=         1
        142        0.009481885076452   k=         1
        143        -0.029188874316757   k=         1
        144        -0.040230373859968   k=         1
        145        -0.002701755760517   k=         1
        146        0.023489463682450   k=         1
        147        -0.048351759345487   k=         1
        148        -0.070398335706658   k=         1
        149        -0.000170680715122   k=         1
        150        0.001710546152438   k=         1
        151        -0.043808696714175   k=         1
        152        -0.079684579315375   k=         1
        153        -0.002129936269957   k=         1
        154        0.004286557987240   k=         1
        155        0.036605905129197   k=         1
        156        0.085653010559034   k=         1
        157        -0.001663851529467   k=         1
        158        0.000456176969491   k=         1
        159        0.001095876028934   k=         1
        160        0.001358241924492   k=         1
        161        -0.001435768443539   k=         1
        162        0.000789429798479   k=         1
        163        -0.002856602022560   k=         1
        164        -0.001573018527939   k=         1
        165        0.000737606160495   k=         1
        166        0.001623936286935   k=         1
        167        -0.004323810492507   k=         1
        168        -0.004700188421471   k=         1
        169        0.000366749478637   k=         1
        170        0.002157749566062   k=         1
        171        -0.001865141077444   k=         1
        172        -0.004870918449950   k=         1
        173        0.000576204409570   k=         1
        174        0.003906843237833   k=         1
        175        -0.002089697518500   k=         1
        176        0.000961105502961   k=         1
        177        0.005402097413671   k=         1
        178        0.001682076509461   k=         1
        179        -0.000447195771487   k=         1
        180        -0.005975979761754   k=         1
        181        0.006213160315428   k=         1
        182        -0.029954729114344   k=         1
        183        -0.096595417439620   k=         1
        184        0.001400032002112   k=         1
        185        0.003592973339888   k=         1
        186        0.000468124991092   k=         1
        187        0.002131365414038   k=         1
        188        0.042497072065203   k=         1
        189        0.080099221764924   k=         1
        190        0.002138878194725   k=         1
        191        -0.002490819796211   k=         1
        192        -0.035508859132801   k=         1
        193        -0.092991563081530   k=         1
        194        -0.000610109336332   k=         1
        195        -0.007810517450172   k=         1
        196        -0.009515638513986   k=         1
        197        -0.044998337168105   k=         1
        198        -0.002739402277579   k=         1
        199        -0.002698968682351   k=         1
        200        -0.021389868270850   k=         1
        201        -0.078894773651894   k=         1
        202        -0.000506857547220   k=         1
        203        0.001119177348845   k=         1
        204        0.026614612154929   k=         1
        205        0.078018059474165   k=         1
        206        -0.000591542960136   k=         1
        207        0.005972931614377   k=         1
        208        0.013529572854753   k=         1
        209        0.054901404183739   k=         1
        210        0.001690497343887   k=         1
        211        -0.011660830517001   k=         1
        212        0.028288762109222   k=         1
        213        0.090375427483867   k=         1
        214        -0.000533487052173   k=         1
        215        -0.005006696110719   k=         1
        216        -0.032004445409484   k=         1
        217        -0.104598673888288   k=         1
        218        -0.000951231274899   k=         1
        219        0.002799979911034   k=         1
        220        -0.015315103702671   k=         1
        221        -0.075565423564960   k=         1
        222        0.000916869396960   k=         1
        223        0.004449796367589   k=         1
        224        -0.017302870364585   k=         1
        225        -0.072637294612000   k=         1
        226        0.000208381143797   k=         1
        227        -0.004536572463190   k=         1
        228        0.012449263680170   k=         1
        229        0.058280112117897   k=         1
        230        -0.001421109252495   k=         1
        231        -0.000676214379909   k=         1
        232        0.032529683956325   k=         1
        233        0.104944201274553   k=         1
        234        -0.000182151531553   k=         1
        235        -0.003997893555467   k=         1
        236        0.023102356044624   k=         1
        237        0.078707121389715   k=         1
        238        -0.001165154904174   k=         1
        239        0.004144231882895   k=         1
        240        0.041781622423163   k=         1
        241        0.106019629365803   k=         1
        242        -0.002856692977397   k=         1
        243        -0.004966841809674   k=         1
        244        0.031987436329707   k=         1
        245        0.098525520578214   k=         1
        246        0.000626372038323   k=         1
        247        -0.000926813489158   k=         1
        248        -0.047275412794941   k=         1
        249        -0.114266227319991   k=         1
        250        0.000507475990736   k=         1
        251        -0.020366733495623   k=         1
        252        -0.032796881552812   k=         1
        253        -0.075843625595479   k=         1
        254        -0.002480113309594   k=         1
        255        -0.023014679151038   k=         1
        256        -0.034079403959448   k=         1
        257        -0.063505071684732   k=         1
        258        -0.002108684754929   k=         1
        259        0.013809481551772   k=         1
        260        0.026640332502494   k=         1
        261        0.075134109879128   k=         1
        262        -0.001409399941302   k=         1
        263        0.021285840171745   k=         1
        264        0.030747033042482   k=         1
        265        0.065573586634543   k=         1
        266        0.001218342544364   k=         1
        267        -0.016035139926140   k=         1
        268        0.037767082009056   k=         1
        269        0.117114838455466   k=         1
        270        -0.001862038429395   k=         1
        271        0.023349273346537   k=         1
        272        -0.028232829630493   k=         1
        273        -0.097646592314315   k=         1
        274        -0.001852095942754   k=         1
        275        0.008737225053899   k=         1
        276        -0.031221577192065   k=         1
        277        -0.103470654208319   k=         1
        278        0.002501557807157   k=         1
        279        0.003207444100983   k=         1
        280        0.026974410195736   k=         1
        281        0.110454229470130   k=         1
        282        -0.001523299812822   k=         1
        283        0.001981906811523   k=         1
        284        0.023478500770552   k=         1
        285        0.081524185766048   k=         1
        286        -0.000695059048857   k=         1
        287        0.006033366497553   k=         1
        288        0.023568502634660   k=         1
        289        0.060969947777774   k=         1
        290        0.003968737931118   k=         1
        291        0.001446589964254   k=         1
        292        -0.027135181231017   k=         1
        293        -0.048647023365370   k=         1
        294        -0.003302010445224   k=         1
        295        -0.001520803529866   k=         1
        296        -0.039969396246846   k=         1
        297        -0.086600245372648   k=         1
        298        0.001358762515085   k=         1
        299        0.003622760485133   k=         1
        300        -0.031731528687836   k=         1
        301        -0.108856495936329   k=         1
        302        0.007058610005449   k=         1
        303        0.003951658671844   k=         1
        304        0.000259276089678   k=         1
        305        0.113019467471687   k=         1
        306        -0.005822707706943   k=         1
        307        -0.001514663580773   k=         1
        308        0.021755904545710   k=         1
        309        0.108230511522385   k=         1
        310        0.000138404830395   k=         1
        311        0.006913782246211   k=         1
        312        0.013296156824168   k=         1
        313        -0.115458281817539   k=         1
        314        0.001856332534104   k=         1
        315        -0.006736112554816   k=         1
        316        0.029942205045209   k=         1
        317        -0.073068337122885   k=         1
        318        -0.003857294843760   k=         1
        319        0.009300986694039   k=         1
        320        0.024201669027189   k=         1
        321        -0.076017345967622   k=         1
        322        0.000261118181771   k=         1
        323        -0.003931650115672   k=         1
        324        -0.020046913513555   k=         1
        325        0.087241072455179   k=         1
        326        -0.000703392209941   k=         1
        327        0.005088757926742   k=         1
        328        -0.016055466586361   k=         1
        329        0.053917290119754   k=         1
        330        -0.000464065539414   k=         1
        331        -0.006792216322331   k=         1
        332        -0.024872885710854   k=         1
        333        0.113681076372846   k=         1
        334        -0.002497650479125   k=         1
        335        0.003011693117478   k=         1
        336        0.028029937978662   k=         1
        337        -0.087377423542687   k=         1
        338        0.000780498654894   k=         1
        339        -0.009333657290673   k=         1
        340        0.029950394394492   k=         1
        341        -0.108163602565224   k=         1
        342        0.000169097272768   k=         1
        343        0.008233974668086   k=         1
        344        -0.029233667604650   k=         1
        345        0.078765434069498   k=         1
        346        0.000667229829260   k=         1
        347        0.000301333817000   k=         1
        348        -0.037075169756915   k=         1
        349        0.068261153156794   k=         1
        350        0.002708588061098   k=         1
        351        -0.002340872245538   k=         1
        352        -0.027322969664785   k=         1
        353        0.071833313100353   k=         1
        354        -0.000910803902554   k=         1
        355        0.001866132769975   k=         1
        356        0.013167871730335   k=         1
        357        -0.041280528956159   k=         1
        358        -0.001589036577337   k=         1
        359        0.000444328811982   k=         1
        360        0.017691457559440   k=         1
        361        -0.039588572304615   k=         1
        362        0.000222378370417   k=         1
        363        0.017448411482447   k=         1
        364        0.033823869785416   k=         1
        365        -0.089379278685024   k=         1
        366        0.000947953317471   k=         1
        367        -0.009877445698191   k=         1
        368        -0.020366114477413   k=         1
        369        0.038620108867640   k=         1
        370        -0.001753066415525   k=         1
        371        0.003048028824900   k=         1
        372        0.003343605236631   k=         1
        373        -0.003640577741266   k=         1
        374        -0.027685734908086   k=         1
        375        -0.087550021598245   k=         1
        376        0.001715909227493   k=         1
        377        0.000218878048781   k=         1
        378        0.003402321594066   k=         1
        379        0.005305471541490   k=         1
        380        0.006934212773887   k=         1
        381        0.003660080271847   k=         1
        382        0.004239692657800   k=         1
        383        -0.003462331215741   k=         1
        384        -0.003477264643600   k=         1
        385        0.000705112928977   k=         1
        386        0.003415984108719   k=         1
        387        -0.001101492677944   k=         1
        388        -0.002515146001130   k=         1
        389        0.006133581202411   k=         1
        390        0.000621225773690   k=         1
        391        0.001716299864515   k=         1
        392        -0.001406664577299   k=         1
        393        -0.003879730781775   k=         1
        394        0.002193423573394   k=         1
        395        -0.000174271430598   k=         1
        396        -0.004087452480293   k=         1
        397        0.000113806381384   k=         1
        398        0.004044285870774   k=         1
        399        0.000923203077588   k=         1
        400        -0.005040550938154   k=         1
        401        -0.029047909243729   k=         1
        402        0.070532833129372   k=         1
        403        0.000686914308727   k=         1
        404        -0.000377464431010   k=         1
        405        0.018348078860903   k=         1
        406        -0.026663436631066   k=         1
        407        0.001760786518531   k=         1
        408        -0.008528136395472   k=         1
        409        0.025372834136205   k=         1
        410        -0.016707373561259   k=         1
        411        -0.003204302721959   k=         1
        412        -0.000208165626944   k=         1
        413        0.039725499651650   k=         1
        414        -0.033904552710769   k=         1
        415        0.000450643188612   k=         1
        416        0.000863111362996   k=         1
        417        -0.008822577420408   k=         1
        418        0.007425058483536   k=         1
        419        -0.000772482069622   k=         1
        420        0.003553964824012   k=         1
        421        -0.007796494357968   k=         1
        422        0.007327227324492   k=         1
        423        0.000027388565676   k=         1
        424        -0.008127550390086   k=         1
        425        -0.029992838887752   k=         1
        426        0.031871667378180   k=         1
