# file_format= v0.04.05
       144       426
    188.97268778      0.00000000      0.00000000    0
      0.00000000    188.97268778      0.00000000    0
      0.00000000      0.00000000    188.97268778    0
 6
       4
     2     2     2     2
     0     1     1     1
 1.710E+00 1.625E+00 1.625E+00 1.625E+00
 0.000E+00 0.000E+00 0.000E+00 0.000E+00
 0.000E+00 0.000E+00 0.000E+00 0.000E+00
 0.000E+00 0.000E+00 0.000E+00 0.000E+00
      0.843203     -0.658176    -0.170984
 6
       4
     2     2     2     2
     0     1     1     1
 1.710E+00 1.625E+00 1.625E+00 1.625E+00
 0.000E+00 0.000E+00 0.000E+00 0.000E+00
 0.000E+00 0.000E+00 0.000E+00 0.000E+00
 0.000E+00 0.000E+00 0.000E+00 0.000E+00
      -0.881744     1.148311    0.495798
 6
       4
     2     2     2     2
     0     1     1     1
 1.710E+00 1.625E+00 1.625E+00 1.625E+00
 0.000E+00 0.000E+00 0.000E+00 0.000E+00
 0.000E+00 0.000E+00 0.000E+00 0.000E+00
 0.000E+00 0.000E+00 0.000E+00 0.000E+00
      -0.186773     -3.005201    -1.077828
 6
       4
     2     2     2     2
     0     1     1     1
 1.710E+00 1.625E+00 1.625E+00 1.625E+00
 0.000E+00 0.000E+00 0.000E+00 0.000E+00
 0.000E+00 0.000E+00 0.000E+00 0.000E+00
 0.000E+00 0.000E+00 0.000E+00 0.000E+00
      -3.621418     0.736322    0.428437
 6
       4
     2     2     2     2
     0     1     1     1
 1.710E+00 1.625E+00 1.625E+00 1.625E+00
 0.000E+00 0.000E+00 0.000E+00 0.000E+00
 0.000E+00 0.000E+00 0.000E+00 0.000E+00
 0.000E+00 0.000E+00 0.000E+00 0.000E+00
      -4.370054     -1.601630    -0.289364
 6
       4
     2     2     2     2
     0     1     1     1
 1.710E+00 1.625E+00 1.625E+00 1.625E+00
 0.000E+00 0.000E+00 0.000E+00 0.000E+00
 0.000E+00 0.000E+00 0.000E+00 0.000E+00
 0.000E+00 0.000E+00 0.000E+00 0.000E+00
      -2.796672     -3.425024    -0.999521
 6
       4
     2     2     2     2
     0     1     1     1
 1.710E+00 1.625E+00 1.625E+00 1.625E+00
 0.000E+00 0.000E+00 0.000E+00 0.000E+00
 0.000E+00 0.000E+00 0.000E+00 0.000E+00
 0.000E+00 0.000E+00 0.000E+00 0.000E+00
      3.578104     -0.127360    -0.044395
 6
       4
     2     2     2     2
     0     1     1     1
 1.710E+00 1.625E+00 1.625E+00 1.625E+00
 0.000E+00 0.000E+00 0.000E+00 0.000E+00
 0.000E+00 0.000E+00 0.000E+00 0.000E+00
 0.000E+00 0.000E+00 0.000E+00 0.000E+00
      5.788408     0.277775    0.142686
 6
       4
     2     2     2     2
     0     1     1     1
 1.710E+00 1.625E+00 1.625E+00 1.625E+00
 0.000E+00 0.000E+00 0.000E+00 0.000E+00
 0.000E+00 0.000E+00 0.000E+00 0.000E+00
 0.000E+00 0.000E+00 0.000E+00 0.000E+00
      8.545605     0.766796    0.020817
 6
       4
     2     2     2     2
     0     1     1     1
 1.710E+00 1.625E+00 1.625E+00 1.625E+00
 0.000E+00 0.000E+00 0.000E+00 0.000E+00
 0.000E+00 0.000E+00 0.000E+00 0.000E+00
 0.000E+00 0.000E+00 0.000E+00 0.000E+00
      9.805830     2.933316    -0.724835
 6
       4
     2     2     2     2
     0     1     1     1
 1.710E+00 1.625E+00 1.625E+00 1.625E+00
 0.000E+00 0.000E+00 0.000E+00 0.000E+00
 0.000E+00 0.000E+00 0.000E+00 0.000E+00
 0.000E+00 0.000E+00 0.000E+00 0.000E+00
      10.182998     -1.220262    0.708451
 6
       4
     2     2     2     2
     0     1     1     1
 1.710E+00 1.625E+00 1.625E+00 1.625E+00
 0.000E+00 0.000E+00 0.000E+00 0.000E+00
 0.000E+00 0.000E+00 0.000E+00 0.000E+00
 0.000E+00 0.000E+00 0.000E+00 0.000E+00
      12.504580     3.081550    -0.653210
 6
       4
     2     2     2     2
     0     1     1     1
 1.710E+00 1.625E+00 1.625E+00 1.625E+00
 0.000E+00 0.000E+00 0.000E+00 0.000E+00
 0.000E+00 0.000E+00 0.000E+00 0.000E+00
 0.000E+00 0.000E+00 0.000E+00 0.000E+00
      12.789272     -1.050338    0.916836
 6
       4
     2     2     2     2
     0     1     1     1
 1.710E+00 1.625E+00 1.625E+00 1.625E+00
 0.000E+00 0.000E+00 0.000E+00 0.000E+00
 0.000E+00 0.000E+00 0.000E+00 0.000E+00
 0.000E+00 0.000E+00 0.000E+00 0.000E+00
      14.103303     1.189972    0.240640
 6
       4
     2     2     2     2
     0     1     1     1
 1.710E+00 1.625E+00 1.625E+00 1.625E+00
 0.000E+00 0.000E+00 0.000E+00 0.000E+00
 0.000E+00 0.000E+00 0.000E+00 0.000E+00
 0.000E+00 0.000E+00 0.000E+00 0.000E+00
      16.893298     1.342414    0.312120
 6
       4
     2     2     2     2
     0     1     1     1
 1.710E+00 1.625E+00 1.625E+00 1.625E+00
 0.000E+00 0.000E+00 0.000E+00 0.000E+00
 0.000E+00 0.000E+00 0.000E+00 0.000E+00
 0.000E+00 0.000E+00 0.000E+00 0.000E+00
      19.124193     1.376293    0.400641
 6
       4
     2     2     2     2
     0     1     1     1
 1.710E+00 1.625E+00 1.625E+00 1.625E+00
 0.000E+00 0.000E+00 0.000E+00 0.000E+00
 0.000E+00 0.000E+00 0.000E+00 0.000E+00
 0.000E+00 0.000E+00 0.000E+00 0.000E+00
      21.865139     1.308560    0.174218
 6
       4
     2     2     2     2
     0     1     1     1
 1.710E+00 1.625E+00 1.625E+00 1.625E+00
 0.000E+00 0.000E+00 0.000E+00 0.000E+00
 0.000E+00 0.000E+00 0.000E+00 0.000E+00
 0.000E+00 0.000E+00 0.000E+00 0.000E+00
      23.308769     -0.473783    1.576090
 6
       4
     2     2     2     2
     0     1     1     1
 1.710E+00 1.625E+00 1.625E+00 1.625E+00
 0.000E+00 0.000E+00 0.000E+00 0.000E+00
 0.000E+00 0.000E+00 0.000E+00 0.000E+00
 0.000E+00 0.000E+00 0.000E+00 0.000E+00
      23.390382     2.854278    -1.416571
 6
       4
     2     2     2     2
     0     1     1     1
 1.710E+00 1.625E+00 1.625E+00 1.625E+00
 0.000E+00 0.000E+00 0.000E+00 0.000E+00
 0.000E+00 0.000E+00 0.000E+00 0.000E+00
 0.000E+00 0.000E+00 0.000E+00 0.000E+00
      25.959028     2.591629    -1.447583
 6
       4
     2     2     2     2
     0     1     1     1
 1.710E+00 1.625E+00 1.625E+00 1.625E+00
 0.000E+00 0.000E+00 0.000E+00 0.000E+00
 0.000E+00 0.000E+00 0.000E+00 0.000E+00
 0.000E+00 0.000E+00 0.000E+00 0.000E+00
      25.786260     -0.904512    1.360425
 6
       4
     2     2     2     2
     0     1     1     1
 1.710E+00 1.625E+00 1.625E+00 1.625E+00
 0.000E+00 0.000E+00 0.000E+00 0.000E+00
 0.000E+00 0.000E+00 0.000E+00 0.000E+00
 0.000E+00 0.000E+00 0.000E+00 0.000E+00
      27.370835     0.730591    -0.065587
 6
       4
     2     2     2     2
     0     1     1     1
 1.710E+00 1.625E+00 1.625E+00 1.625E+00
 0.000E+00 0.000E+00 0.000E+00 0.000E+00
 0.000E+00 0.000E+00 0.000E+00 0.000E+00
 0.000E+00 0.000E+00 0.000E+00 0.000E+00
      30.076055     0.482666    0.051510
 6
       4
     2     2     2     2
     0     1     1     1
 1.710E+00 1.625E+00 1.625E+00 1.625E+00
 0.000E+00 0.000E+00 0.000E+00 0.000E+00
 0.000E+00 0.000E+00 0.000E+00 0.000E+00
 0.000E+00 0.000E+00 0.000E+00 0.000E+00
      32.173110     -0.031534    0.136525
 6
       4
     2     2     2     2
     0     1     1     1
 1.710E+00 1.625E+00 1.625E+00 1.625E+00
 0.000E+00 0.000E+00 0.000E+00 0.000E+00
 0.000E+00 0.000E+00 0.000E+00 0.000E+00
 0.000E+00 0.000E+00 0.000E+00 0.000E+00
      35.015944     -0.070630    0.113132
 6
       4
     2     2     2     2
     0     1     1     1
 1.710E+00 1.625E+00 1.625E+00 1.625E+00
 0.000E+00 0.000E+00 0.000E+00 0.000E+00
 0.000E+00 0.000E+00 0.000E+00 0.000E+00
 0.000E+00 0.000E+00 0.000E+00 0.000E+00
      36.464134     -2.224062    0.762782
 6
       4
     2     2     2     2
     0     1     1     1
 1.710E+00 1.625E+00 1.625E+00 1.625E+00
 0.000E+00 0.000E+00 0.000E+00 0.000E+00
 0.000E+00 0.000E+00 0.000E+00 0.000E+00
 0.000E+00 0.000E+00 0.000E+00 0.000E+00
      36.370360     2.103189    -0.385878
 6
       4
     2     2     2     2
     0     1     1     1
 1.710E+00 1.625E+00 1.625E+00 1.625E+00
 0.000E+00 0.000E+00 0.000E+00 0.000E+00
 0.000E+00 0.000E+00 0.000E+00 0.000E+00
 0.000E+00 0.000E+00 0.000E+00 0.000E+00
      39.013958     2.164872    -0.398163
 6
       4
     2     2     2     2
     0     1     1     1
 1.710E+00 1.625E+00 1.625E+00 1.625E+00
 0.000E+00 0.000E+00 0.000E+00 0.000E+00
 0.000E+00 0.000E+00 0.000E+00 0.000E+00
 0.000E+00 0.000E+00 0.000E+00 0.000E+00
      39.008599     -2.169307    0.585547
 6
       4
     2     2     2     2
     0     1     1     1
 1.710E+00 1.625E+00 1.625E+00 1.625E+00
 0.000E+00 0.000E+00 0.000E+00 0.000E+00
 0.000E+00 0.000E+00 0.000E+00 0.000E+00
 0.000E+00 0.000E+00 0.000E+00 0.000E+00
      40.449553     -0.042763    -0.116989
 6
       4
     2     2     2     2
     0     1     1     1
 1.710E+00 1.625E+00 1.625E+00 1.625E+00
 0.000E+00 0.000E+00 0.000E+00 0.000E+00
 0.000E+00 0.000E+00 0.000E+00 0.000E+00
 0.000E+00 0.000E+00 0.000E+00 0.000E+00
      43.252587     -0.393443    -0.232501
 6
       4
     2     2     2     2
     0     1     1     1
 1.710E+00 1.625E+00 1.625E+00 1.625E+00
 0.000E+00 0.000E+00 0.000E+00 0.000E+00
 0.000E+00 0.000E+00 0.000E+00 0.000E+00
 0.000E+00 0.000E+00 0.000E+00 0.000E+00
      45.482320     -0.607983    -0.329583
 6
       4
     2     2     2     2
     0     1     1     1
 1.710E+00 1.625E+00 1.625E+00 1.625E+00
 0.000E+00 0.000E+00 0.000E+00 0.000E+00
 0.000E+00 0.000E+00 0.000E+00 0.000E+00
 0.000E+00 0.000E+00 0.000E+00 0.000E+00
      48.213785     -0.676531    -0.360429
 6
       4
     2     2     2     2
     0     1     1     1
 1.710E+00 1.625E+00 1.625E+00 1.625E+00
 0.000E+00 0.000E+00 0.000E+00 0.000E+00
 0.000E+00 0.000E+00 0.000E+00 0.000E+00
 0.000E+00 0.000E+00 0.000E+00 0.000E+00
      49.771641     -2.426249    0.771632
 6
       4
     2     2     2     2
     0     1     1     1
 1.710E+00 1.625E+00 1.625E+00 1.625E+00
 0.000E+00 0.000E+00 0.000E+00 0.000E+00
 0.000E+00 0.000E+00 0.000E+00 0.000E+00
 0.000E+00 0.000E+00 0.000E+00 0.000E+00
      49.586013     1.630567    -1.122934
 6
       4
     2     2     2     2
     0     1     1     1
 1.710E+00 1.625E+00 1.625E+00 1.625E+00
 0.000E+00 0.000E+00 0.000E+00 0.000E+00
 0.000E+00 0.000E+00 0.000E+00 0.000E+00
 0.000E+00 0.000E+00 0.000E+00 0.000E+00
      52.172084     1.953990    -1.164426
 6
       4
     2     2     2     2
     0     1     1     1
 1.710E+00 1.625E+00 1.625E+00 1.625E+00
 0.000E+00 0.000E+00 0.000E+00 0.000E+00
 0.000E+00 0.000E+00 0.000E+00 0.000E+00
 0.000E+00 0.000E+00 0.000E+00 0.000E+00
      52.358474     -2.037006    1.179206
 6
       4
     2     2     2     2
     0     1     1     1
 1.710E+00 1.625E+00 1.625E+00 1.625E+00
 0.000E+00 0.000E+00 0.000E+00 0.000E+00
 0.000E+00 0.000E+00 0.000E+00 0.000E+00
 0.000E+00 0.000E+00 0.000E+00 0.000E+00
      53.707473     0.010082    0.070458
 6
       4
     2     2     2     2
     0     1     1     1
 1.710E+00 1.625E+00 1.625E+00 1.625E+00
 0.000E+00 0.000E+00 0.000E+00 0.000E+00
 0.000E+00 0.000E+00 0.000E+00 0.000E+00
 0.000E+00 0.000E+00 0.000E+00 0.000E+00
      56.420999     0.197992    0.058438
 1
       1
     1
     0
 1.300E+00
 0.000E+00
 0.000E+00
 0.000E+00
      -4.943079     2.182839    0.940919
 1
       1
     1
     0
 1.300E+00
 0.000E+00
 0.000E+00
 0.000E+00
      -0.318731     3.119074    1.067612
 1
       1
     1
     0
 1.300E+00
 0.000E+00
 0.000E+00
 0.000E+00
      -6.083825     -1.848793    -0.343739
 1
       1
     1
     0
 1.300E+00
 0.000E+00
 0.000E+00
 0.000E+00
      -3.440815     -5.265914    -1.654177
 1
       1
     1
     0
 1.300E+00
 0.000E+00
 0.000E+00
 0.000E+00
      0.975133     -4.455564    -1.714346
 1
       1
     1
     0
 1.300E+00
 0.000E+00
 0.000E+00
 0.000E+00
      8.669553     4.439932    -1.302856
 1
       1
     1
     0
 1.300E+00
 0.000E+00
 0.000E+00
 0.000E+00
      9.239112     -3.024673    1.174805
 1
       1
     1
     0
 1.300E+00
 0.000E+00
 0.000E+00
 0.000E+00
      13.296636     4.885459    -1.167786
 1
       1
     1
     0
 1.300E+00
 0.000E+00
 0.000E+00
 0.000E+00
      13.860379     -2.760725    1.488097
 1
       1
     1
     0
 1.300E+00
 0.000E+00
 0.000E+00
 0.000E+00
      22.581780     4.289408    -2.557483
 1
       1
     1
     0
 1.300E+00
 0.000E+00
 0.000E+00
 0.000E+00
      27.117016     3.904909    -2.704298
 1
       1
     1
     0
 1.300E+00
 0.000E+00
 0.000E+00
 0.000E+00
      22.258903     -1.717963    2.857098
 1
       1
     1
     0
 1.300E+00
 0.000E+00
 0.000E+00
 0.000E+00
      26.554254     -2.416816    2.509615
 1
       1
     1
     0
 1.300E+00
 0.000E+00
 0.000E+00
 0.000E+00
      35.258060     3.872421    -0.655331
 1
       1
     1
     0
 1.300E+00
 0.000E+00
 0.000E+00
 0.000E+00
      35.596262     -4.002177    1.258151
 1
       1
     1
     0
 1.300E+00
 0.000E+00
 0.000E+00
 0.000E+00
      39.915588     3.875858    -0.741302
 1
       1
     1
     0
 1.300E+00
 0.000E+00
 0.000E+00
 0.000E+00
      39.902407     -3.865366    1.146024
 1
       1
     1
     0
 1.300E+00
 0.000E+00
 0.000E+00
 0.000E+00
      48.546686     3.202007    -1.821569
 1
       1
     1
     0
 1.300E+00
 0.000E+00
 0.000E+00
 0.000E+00
      49.082639     -4.158979    1.448634
 1
       1
     1
     0
 1.300E+00
 0.000E+00
 0.000E+00
 0.000E+00
      53.008570     3.595378    -1.818608
 1
       1
     1
     0
 1.300E+00
 0.000E+00
 0.000E+00
 0.000E+00
      53.344689     -3.475833    2.286353
 1
       1
     1
     0
 1.300E+00
 0.000E+00
 0.000E+00
 0.000E+00
      61.988544     3.964796    -1.421541
 1
       1
     1
     0
 1.300E+00
 0.000E+00
 0.000E+00
 0.000E+00
      61.746700     -3.782937    1.175697
 6
       4
     2     2     2     2
     0     1     1     1
 1.710E+00 1.625E+00 1.625E+00 1.625E+00
 0.000E+00 0.000E+00 0.000E+00 0.000E+00
 0.000E+00 0.000E+00 0.000E+00 0.000E+00
 0.000E+00 0.000E+00 0.000E+00 0.000E+00
      69.528201     0.171872    0.118626
 1
       1
     1
     0
 1.300E+00
 0.000E+00
 0.000E+00
 0.000E+00
      66.492679     4.007160    -1.501996
 1
       1
     1
     0
 1.300E+00
 0.000E+00
 0.000E+00
 0.000E+00
      66.310020     -3.873179    1.127839
 6
       4
     2     2     2     2
     0     1     1     1
 1.710E+00 1.625E+00 1.625E+00 1.625E+00
 0.000E+00 0.000E+00 0.000E+00 0.000E+00
 0.000E+00 0.000E+00 0.000E+00 0.000E+00
 0.000E+00 0.000E+00 0.000E+00 0.000E+00
      58.612784     0.269819    0.032271
 6
       4
     2     2     2     2
     0     1     1     1
 1.710E+00 1.625E+00 1.625E+00 1.625E+00
 0.000E+00 0.000E+00 0.000E+00 0.000E+00
 0.000E+00 0.000E+00 0.000E+00 0.000E+00
 0.000E+00 0.000E+00 0.000E+00 0.000E+00
      61.407230     0.209274    -0.116462
 6
       4
     2     2     2     2
     0     1     1     1
 1.710E+00 1.625E+00 1.625E+00 1.625E+00
 0.000E+00 0.000E+00 0.000E+00 0.000E+00
 0.000E+00 0.000E+00 0.000E+00 0.000E+00
 0.000E+00 0.000E+00 0.000E+00 0.000E+00
      62.800309     -2.083207    0.591382
 6
       4
     2     2     2     2
     0     1     1     1
 1.710E+00 1.625E+00 1.625E+00 1.625E+00
 0.000E+00 0.000E+00 0.000E+00 0.000E+00
 0.000E+00 0.000E+00 0.000E+00 0.000E+00
 0.000E+00 0.000E+00 0.000E+00 0.000E+00
      62.803881     2.284509    -0.828297
 6
       4
     2     2     2     2
     0     1     1     1
 1.710E+00 1.625E+00 1.625E+00 1.625E+00
 0.000E+00 0.000E+00 0.000E+00 0.000E+00
 0.000E+00 0.000E+00 0.000E+00 0.000E+00
 0.000E+00 0.000E+00 0.000E+00 0.000E+00
      65.508943     2.241814    -0.832876
 6
       4
     2     2     2     2
     0     1     1     1
 1.710E+00 1.625E+00 1.625E+00 1.625E+00
 0.000E+00 0.000E+00 0.000E+00 0.000E+00
 0.000E+00 0.000E+00 0.000E+00 0.000E+00
 0.000E+00 0.000E+00 0.000E+00 0.000E+00
      65.392360     -2.123563    0.443203
 6
       4
     2     2     2     2
     0     1     1     1
 1.710E+00 1.625E+00 1.625E+00 1.625E+00
 0.000E+00 0.000E+00 0.000E+00 0.000E+00
 0.000E+00 0.000E+00 0.000E+00 0.000E+00
 0.000E+00 0.000E+00 0.000E+00 0.000E+00
      66.852462     0.197017    -0.112206
 6
       4
     2     2     2     2
     0     1     1     1
 1.710E+00 1.625E+00 1.625E+00 1.625E+00
 0.000E+00 0.000E+00 0.000E+00 0.000E+00
 0.000E+00 0.000E+00 0.000E+00 0.000E+00
 0.000E+00 0.000E+00 0.000E+00 0.000E+00
      80.019661     -0.238378    0.403441
 6
       4
     2     2     2     2
     0     1     1     1
 1.710E+00 1.625E+00 1.625E+00 1.625E+00
 0.000E+00 0.000E+00 0.000E+00 0.000E+00
 0.000E+00 0.000E+00 0.000E+00 0.000E+00
 0.000E+00 0.000E+00 0.000E+00 0.000E+00
      78.764134     2.093038    -0.178823
 6
       4
     2     2     2     2
     0     1     1     1
 1.710E+00 1.625E+00 1.625E+00 1.625E+00
 0.000E+00 0.000E+00 0.000E+00 0.000E+00
 0.000E+00 0.000E+00 0.000E+00 0.000E+00
 0.000E+00 0.000E+00 0.000E+00 0.000E+00
      78.416385     -2.256150    0.935203
 6
       4
     2     2     2     2
     0     1     1     1
 1.710E+00 1.625E+00 1.625E+00 1.625E+00
 0.000E+00 0.000E+00 0.000E+00 0.000E+00
 0.000E+00 0.000E+00 0.000E+00 0.000E+00
 0.000E+00 0.000E+00 0.000E+00 0.000E+00
      76.183234     2.241464    -0.342838
 6
       4
     2     2     2     2
     0     1     1     1
 1.710E+00 1.625E+00 1.625E+00 1.625E+00
 0.000E+00 0.000E+00 0.000E+00 0.000E+00
 0.000E+00 0.000E+00 0.000E+00 0.000E+00
 0.000E+00 0.000E+00 0.000E+00 0.000E+00
      74.504203     0.243939    0.125788
 6
       4
     2     2     2     2
     0     1     1     1
 1.710E+00 1.625E+00 1.625E+00 1.625E+00
 0.000E+00 0.000E+00 0.000E+00 0.000E+00
 0.000E+00 0.000E+00 0.000E+00 0.000E+00
 0.000E+00 0.000E+00 0.000E+00 0.000E+00
      75.742912     -2.003151    0.842848
 6
       4
     2     2     2     2
     0     1     1     1
 1.710E+00 1.625E+00 1.625E+00 1.625E+00
 0.000E+00 0.000E+00 0.000E+00 0.000E+00
 0.000E+00 0.000E+00 0.000E+00 0.000E+00
 0.000E+00 0.000E+00 0.000E+00 0.000E+00
      82.922983     -0.337488    0.356593
 6
       4
     2     2     2     2
     0     1     1     1
 1.710E+00 1.625E+00 1.625E+00 1.625E+00
 0.000E+00 0.000E+00 0.000E+00 0.000E+00
 0.000E+00 0.000E+00 0.000E+00 0.000E+00
 0.000E+00 0.000E+00 0.000E+00 0.000E+00
      85.091958     0.047334    0.214461
 6
       4
     2     2     2     2
     0     1     1     1
 1.710E+00 1.625E+00 1.625E+00 1.625E+00
 0.000E+00 0.000E+00 0.000E+00 0.000E+00
 0.000E+00 0.000E+00 0.000E+00 0.000E+00
 0.000E+00 0.000E+00 0.000E+00 0.000E+00
      87.919058     0.082687    0.041670
 6
       4
     2     2     2     2
     0     1     1     1
 1.710E+00 1.625E+00 1.625E+00 1.625E+00
 0.000E+00 0.000E+00 0.000E+00 0.000E+00
 0.000E+00 0.000E+00 0.000E+00 0.000E+00
 0.000E+00 0.000E+00 0.000E+00 0.000E+00
      89.138409     2.257007    -0.923012
 6
       4
     2     2     2     2
     0     1     1     1
 1.710E+00 1.625E+00 1.625E+00 1.625E+00
 0.000E+00 0.000E+00 0.000E+00 0.000E+00
 0.000E+00 0.000E+00 0.000E+00 0.000E+00
 0.000E+00 0.000E+00 0.000E+00 0.000E+00
      89.543695     -1.958765    0.804951
 6
       4
     2     2     2     2
     0     1     1     1
 1.710E+00 1.625E+00 1.625E+00 1.625E+00
 0.000E+00 0.000E+00 0.000E+00 0.000E+00
 0.000E+00 0.000E+00 0.000E+00 0.000E+00
 0.000E+00 0.000E+00 0.000E+00 0.000E+00
      91.723743     2.307497    -1.175825
 6
       4
     2     2     2     2
     0     1     1     1
 1.710E+00 1.625E+00 1.625E+00 1.625E+00
 0.000E+00 0.000E+00 0.000E+00 0.000E+00
 0.000E+00 0.000E+00 0.000E+00 0.000E+00
 0.000E+00 0.000E+00 0.000E+00 0.000E+00
      92.078152     -1.929463    0.364914
 6
       4
     2     2     2     2
     0     1     1     1
 1.710E+00 1.625E+00 1.625E+00 1.625E+00
 0.000E+00 0.000E+00 0.000E+00 0.000E+00
 0.000E+00 0.000E+00 0.000E+00 0.000E+00
 0.000E+00 0.000E+00 0.000E+00 0.000E+00
      93.332091     0.325692    -0.492498
 6
       4
     2     2     2     2
     0     1     1     1
 1.710E+00 1.625E+00 1.625E+00 1.625E+00
 0.000E+00 0.000E+00 0.000E+00 0.000E+00
 0.000E+00 0.000E+00 0.000E+00 0.000E+00
 0.000E+00 0.000E+00 0.000E+00 0.000E+00
      96.148353     0.519096    -0.310182
 6
       4
     2     2     2     2
     0     1     1     1
 1.710E+00 1.625E+00 1.625E+00 1.625E+00
 0.000E+00 0.000E+00 0.000E+00 0.000E+00
 0.000E+00 0.000E+00 0.000E+00 0.000E+00
 0.000E+00 0.000E+00 0.000E+00 0.000E+00
      98.340106     0.279381    0.042379
 6
       4
     2     2     2     2
     0     1     1     1
 1.710E+00 1.625E+00 1.625E+00 1.625E+00
 0.000E+00 0.000E+00 0.000E+00 0.000E+00
 0.000E+00 0.000E+00 0.000E+00 0.000E+00
 0.000E+00 0.000E+00 0.000E+00 0.000E+00
      101.142213     0.255514    0.152195
 6
       4
     2     2     2     2
     0     1     1     1
 1.710E+00 1.625E+00 1.625E+00 1.625E+00
 0.000E+00 0.000E+00 0.000E+00 0.000E+00
 0.000E+00 0.000E+00 0.000E+00 0.000E+00
 0.000E+00 0.000E+00 0.000E+00 0.000E+00
      102.549382     -1.831974    0.677404
 6
       4
     2     2     2     2
     0     1     1     1
 1.710E+00 1.625E+00 1.625E+00 1.625E+00
 0.000E+00 0.000E+00 0.000E+00 0.000E+00
 0.000E+00 0.000E+00 0.000E+00 0.000E+00
 0.000E+00 0.000E+00 0.000E+00 0.000E+00
      102.612133     2.512294    -0.618437
 6
       4
     2     2     2     2
     0     1     1     1
 1.710E+00 1.625E+00 1.625E+00 1.625E+00
 0.000E+00 0.000E+00 0.000E+00 0.000E+00
 0.000E+00 0.000E+00 0.000E+00 0.000E+00
 0.000E+00 0.000E+00 0.000E+00 0.000E+00
      105.166672     2.501272    -0.737312
 6
       4
     2     2     2     2
     0     1     1     1
 1.710E+00 1.625E+00 1.625E+00 1.625E+00
 0.000E+00 0.000E+00 0.000E+00 0.000E+00
 0.000E+00 0.000E+00 0.000E+00 0.000E+00
 0.000E+00 0.000E+00 0.000E+00 0.000E+00
      105.267073     -1.789074    0.789611
 6
       4
     2     2     2     2
     0     1     1     1
 1.710E+00 1.625E+00 1.625E+00 1.625E+00
 0.000E+00 0.000E+00 0.000E+00 0.000E+00
 0.000E+00 0.000E+00 0.000E+00 0.000E+00
 0.000E+00 0.000E+00 0.000E+00 0.000E+00
      106.608648     0.326087    0.075258
 6
       4
     2     2     2     2
     0     1     1     1
 1.710E+00 1.625E+00 1.625E+00 1.625E+00
 0.000E+00 0.000E+00 0.000E+00 0.000E+00
 0.000E+00 0.000E+00 0.000E+00 0.000E+00
 0.000E+00 0.000E+00 0.000E+00 0.000E+00
      109.393681     0.571568    0.232062
 6
       4
     2     2     2     2
     0     1     1     1
 1.710E+00 1.625E+00 1.625E+00 1.625E+00
 0.000E+00 0.000E+00 0.000E+00 0.000E+00
 0.000E+00 0.000E+00 0.000E+00 0.000E+00
 0.000E+00 0.000E+00 0.000E+00 0.000E+00
      111.533848     0.966799    -0.069910
 6
       4
     2     2     2     2
     0     1     1     1
 1.710E+00 1.625E+00 1.625E+00 1.625E+00
 0.000E+00 0.000E+00 0.000E+00 0.000E+00
 0.000E+00 0.000E+00 0.000E+00 0.000E+00
 0.000E+00 0.000E+00 0.000E+00 0.000E+00
      114.343187     0.988493    0.106233
 6
       4
     2     2     2     2
     0     1     1     1
 1.710E+00 1.625E+00 1.625E+00 1.625E+00
 0.000E+00 0.000E+00 0.000E+00 0.000E+00
 0.000E+00 0.000E+00 0.000E+00 0.000E+00
 0.000E+00 0.000E+00 0.000E+00 0.000E+00
      115.589410     -1.404257    -0.393840
 6
       4
     2     2     2     2
     0     1     1     1
 1.710E+00 1.625E+00 1.625E+00 1.625E+00
 0.000E+00 0.000E+00 0.000E+00 0.000E+00
 0.000E+00 0.000E+00 0.000E+00 0.000E+00
 0.000E+00 0.000E+00 0.000E+00 0.000E+00
      115.892754     3.000832    0.598155
 6
       4
     2     2     2     2
     0     1     1     1
 1.710E+00 1.625E+00 1.625E+00 1.625E+00
 0.000E+00 0.000E+00 0.000E+00 0.000E+00
 0.000E+00 0.000E+00 0.000E+00 0.000E+00
 0.000E+00 0.000E+00 0.000E+00 0.000E+00
      118.592854     2.753756    0.627625
 6
       4
     2     2     2     2
     0     1     1     1
 1.710E+00 1.625E+00 1.625E+00 1.625E+00
 0.000E+00 0.000E+00 0.000E+00 0.000E+00
 0.000E+00 0.000E+00 0.000E+00 0.000E+00
 0.000E+00 0.000E+00 0.000E+00 0.000E+00
      118.133352     -1.661011    -0.411461
 6
       4
     2     2     2     2
     0     1     1     1
 1.710E+00 1.625E+00 1.625E+00 1.625E+00
 0.000E+00 0.000E+00 0.000E+00 0.000E+00
 0.000E+00 0.000E+00 0.000E+00 0.000E+00
 0.000E+00 0.000E+00 0.000E+00 0.000E+00
      119.699243     0.401187    0.162938
 6
       4
     2     2     2     2
     0     1     1     1
 1.710E+00 1.625E+00 1.625E+00 1.625E+00
 0.000E+00 0.000E+00 0.000E+00 0.000E+00
 0.000E+00 0.000E+00 0.000E+00 0.000E+00
 0.000E+00 0.000E+00 0.000E+00 0.000E+00
      122.452887     0.154149    0.173309
 6
       4
     2     2     2     2
     0     1     1     1
 1.710E+00 1.625E+00 1.625E+00 1.625E+00
 0.000E+00 0.000E+00 0.000E+00 0.000E+00
 0.000E+00 0.000E+00 0.000E+00 0.000E+00
 0.000E+00 0.000E+00 0.000E+00 0.000E+00
      124.616185     -0.138547    0.010458
 6
       4
     2     2     2     2
     0     1     1     1
 1.710E+00 1.625E+00 1.625E+00 1.625E+00
 0.000E+00 0.000E+00 0.000E+00 0.000E+00
 0.000E+00 0.000E+00 0.000E+00 0.000E+00
 0.000E+00 0.000E+00 0.000E+00 0.000E+00
      127.405239     -0.264050    -0.134579
 6
       4
     2     2     2     2
     0     1     1     1
 1.710E+00 1.625E+00 1.625E+00 1.625E+00
 0.000E+00 0.000E+00 0.000E+00 0.000E+00
 0.000E+00 0.000E+00 0.000E+00 0.000E+00
 0.000E+00 0.000E+00 0.000E+00 0.000E+00
      128.786854     -2.398469    -1.147942
 6
       4
     2     2     2     2
     0     1     1     1
 1.710E+00 1.625E+00 1.625E+00 1.625E+00
 0.000E+00 0.000E+00 0.000E+00 0.000E+00
 0.000E+00 0.000E+00 0.000E+00 0.000E+00
 0.000E+00 0.000E+00 0.000E+00 0.000E+00
      129.080049     1.779266    0.515007
 6
       4
     2     2     2     2
     0     1     1     1
 1.710E+00 1.625E+00 1.625E+00 1.625E+00
 0.000E+00 0.000E+00 0.000E+00 0.000E+00
 0.000E+00 0.000E+00 0.000E+00 0.000E+00
 0.000E+00 0.000E+00 0.000E+00 0.000E+00
      131.639771     1.559976    0.512377
 6
       4
     2     2     2     2
     0     1     1     1
 1.710E+00 1.625E+00 1.625E+00 1.625E+00
 0.000E+00 0.000E+00 0.000E+00 0.000E+00
 0.000E+00 0.000E+00 0.000E+00 0.000E+00
 0.000E+00 0.000E+00 0.000E+00 0.000E+00
      131.454807     -2.538155    -1.063823
 6
       4
     2     2     2     2
     0     1     1     1
 1.710E+00 1.625E+00 1.625E+00 1.625E+00
 0.000E+00 0.000E+00 0.000E+00 0.000E+00
 0.000E+00 0.000E+00 0.000E+00 0.000E+00
 0.000E+00 0.000E+00 0.000E+00 0.000E+00
      133.005943     -0.622077    -0.049084
 6
       4
     2     2     2     2
     0     1     1     1
 1.710E+00 1.625E+00 1.625E+00 1.625E+00
 0.000E+00 0.000E+00 0.000E+00 0.000E+00
 0.000E+00 0.000E+00 0.000E+00 0.000E+00
 0.000E+00 0.000E+00 0.000E+00 0.000E+00
      135.702956     -0.925465    0.248973
 1
       1
     1
     0
 1.300E+00
 0.000E+00
 0.000E+00
 0.000E+00
      75.384477     4.214525    -0.833261
 1
       1
     1
     0
 1.300E+00
 0.000E+00
 0.000E+00
 0.000E+00
      79.990523     3.627412    -0.585297
 6
       4
     2     2     2     2
     0     1     1     1
 1.710E+00 1.625E+00 1.625E+00 1.625E+00
 0.000E+00 0.000E+00 0.000E+00 0.000E+00
 0.000E+00 0.000E+00 0.000E+00 0.000E+00
 0.000E+00 0.000E+00 0.000E+00 0.000E+00
      71.787003     0.260289    0.008020
 1
       1
     1
     0
 1.300E+00
 0.000E+00
 0.000E+00
 0.000E+00
      74.629157     -3.721536    1.257036
 1
       1
     1
     0
 1.300E+00
 0.000E+00
 0.000E+00
 0.000E+00
      79.059291     -3.950928    1.553400
 1
       1
     1
     0
 1.300E+00
 0.000E+00
 0.000E+00
 0.000E+00
      88.056830     3.984894    -1.579620
 1
       1
     1
     0
 1.300E+00
 0.000E+00
 0.000E+00
 0.000E+00
      88.701459     -3.634474    1.654397
 1
       1
     1
     0
 1.300E+00
 0.000E+00
 0.000E+00
 0.000E+00
      92.557673     4.064457    -1.845642
 1
       1
     1
     0
 1.300E+00
 0.000E+00
 0.000E+00
 0.000E+00
      93.122276     -3.617423    0.942261
 1
       1
     1
     0
 1.300E+00
 0.000E+00
 0.000E+00
 0.000E+00
      101.534238     4.279097    -1.036020
 1
       1
     1
     0
 1.300E+00
 0.000E+00
 0.000E+00
 0.000E+00
      105.964580     4.200638    -1.436267
 1
       1
     1
     0
 1.300E+00
 0.000E+00
 0.000E+00
 0.000E+00
      101.595409     -3.522644    1.148489
 1
       1
     1
     0
 1.300E+00
 0.000E+00
 0.000E+00
 0.000E+00
      106.185202     -3.449400    1.373925
 1
       1
     1
     0
 1.300E+00
 0.000E+00
 0.000E+00
 0.000E+00
      115.113341     4.862203    0.920193
 1
       1
     1
     0
 1.300E+00
 0.000E+00
 0.000E+00
 0.000E+00
      114.348555     -2.893097    -0.703564
 1
       1
     1
     0
 1.300E+00
 0.000E+00
 0.000E+00
 0.000E+00
      119.731903     4.396051    1.141223
 1
       1
     1
     0
 1.300E+00
 0.000E+00
 0.000E+00
 0.000E+00
      118.990856     -3.361709    -0.835648
 1
       1
     1
     0
 1.300E+00
 0.000E+00
 0.000E+00
 0.000E+00
      128.105534     3.563919    1.187793
 1
       1
     1
     0
 1.300E+00
 0.000E+00
 0.000E+00
 0.000E+00
      127.639578     -3.922576    -2.085675
 1
       1
     1
     0
 1.300E+00
 0.000E+00
 0.000E+00
 0.000E+00
      132.623211     3.400069    1.128178
 1
       1
     1
     0
 1.300E+00
 0.000E+00
 0.000E+00
 0.000E+00
      132.187295     -4.263303    -1.856858
 1
       1
     1
     0
 1.300E+00
 0.000E+00
 0.000E+00
 0.000E+00
      141.306595     1.893880    3.234714
 1
       1
     1
     0
 1.300E+00
 0.000E+00
 0.000E+00
 0.000E+00
      140.756696     -4.075606    -2.260537
 1
       1
     1
     0
 1.300E+00
 0.000E+00
 0.000E+00
 0.000E+00
      147.743857     -1.487649    0.438959
 1
       1
     1
     0
 1.300E+00
 0.000E+00
 0.000E+00
 0.000E+00
      146.059919     1.391333    2.856249
 1
       1
     1
     0
 1.300E+00
 0.000E+00
 0.000E+00
 0.000E+00
      145.652271     -4.205067    -2.576857
 6
       4
     2     2     2     2
     0     1     1     1
 1.710E+00 1.625E+00 1.625E+00 1.625E+00
 0.000E+00 0.000E+00 0.000E+00 0.000E+00
 0.000E+00 0.000E+00 0.000E+00 0.000E+00
 0.000E+00 0.000E+00 0.000E+00 0.000E+00
      137.958731     -1.080540    0.463408
 6
       4
     2     2     2     2
     0     1     1     1
 1.710E+00 1.625E+00 1.625E+00 1.625E+00
 0.000E+00 0.000E+00 0.000E+00 0.000E+00
 0.000E+00 0.000E+00 0.000E+00 0.000E+00
 0.000E+00 0.000E+00 0.000E+00 0.000E+00
      140.710116     -1.120048    0.451301
 6
       4
     2     2     2     2
     0     1     1     1
 1.710E+00 1.625E+00 1.625E+00 1.625E+00
 0.000E+00 0.000E+00 0.000E+00 0.000E+00
 0.000E+00 0.000E+00 0.000E+00 0.000E+00
 0.000E+00 0.000E+00 0.000E+00 0.000E+00
      142.041020     -2.816892    -1.213166
 6
       4
     2     2     2     2
     0     1     1     1
 1.710E+00 1.625E+00 1.625E+00 1.625E+00
 0.000E+00 0.000E+00 0.000E+00 0.000E+00
 0.000E+00 0.000E+00 0.000E+00 0.000E+00
 0.000E+00 0.000E+00 0.000E+00 0.000E+00
      142.200019     0.462019    1.928598
 6
       4
     2     2     2     2
     0     1     1     1
 1.710E+00 1.625E+00 1.625E+00 1.625E+00
 0.000E+00 0.000E+00 0.000E+00 0.000E+00
 0.000E+00 0.000E+00 0.000E+00 0.000E+00
 0.000E+00 0.000E+00 0.000E+00 0.000E+00
      144.873923     0.349635    1.742429
 6
       4
     2     2     2     2
     0     1     1     1
 1.710E+00 1.625E+00 1.625E+00 1.625E+00
 0.000E+00 0.000E+00 0.000E+00 0.000E+00
 0.000E+00 0.000E+00 0.000E+00 0.000E+00
 0.000E+00 0.000E+00 0.000E+00 0.000E+00
      144.576930     -2.872157    -1.409244
 6
       4
     2     2     2     2
     0     1     1     1
 1.710E+00 1.625E+00 1.625E+00 1.625E+00
 0.000E+00 0.000E+00 0.000E+00 0.000E+00
 0.000E+00 0.000E+00 0.000E+00 0.000E+00
 0.000E+00 0.000E+00 0.000E+00 0.000E+00
      146.016153     -1.341554    0.293756
# LCAO coefficients .. are not included.
         1
        1        -0.000376684653638   k=         1
        2        -0.002838829479753   k=         1
        3        -0.000550697240983   k=         1
        4        0.011681635493575   k=         1
        5        0.001991301069443   k=         1
        6        0.005247284815482   k=         1
        7        -0.008046452362291   k=         1
        8        0.013502455797843   k=         1
        9        -0.001704332440503   k=         1
        10        -0.000292727595579   k=         1
        11        -0.009506748697759   k=         1
        12        0.012471201854799   k=         1
        13        -0.000663632653621   k=         1
        14        -0.002299550301796   k=         1
        15        0.001421963126514   k=         1
        16        -0.004529050532187   k=         1
        17        0.000056323025314   k=         1
        18        0.000263717857057   k=         1
        19        0.004091614701230   k=         1
        20        -0.014142941240811   k=         1
        21        0.000197742513303   k=         1
        22        -0.000589559889451   k=         1
        23        0.001743238370220   k=         1
        24        -0.002393942715652   k=         1
        25        0.000630735587343   k=         1
        26        0.006783245299241   k=         1
        27        -0.010056874485968   k=         1
        28        -0.034841208041703   k=         1
        29        -0.001447465222564   k=         1
        30        -0.001266583760134   k=         1
        31        -0.004038383847398   k=         1
        32        -0.018440233873980   k=         1
        33        0.000075683757876   k=         1
        34        0.001918904100486   k=         1
        35        0.019237378837610   k=         1
        36        0.050585337773875   k=         1
        37        0.000297211452647   k=         1
        38        -0.001219401220653   k=         1
        39        0.006290716652381   k=         1
        40        0.021329617658842   k=         1
        41        -0.000639386266334   k=         1
        42        -0.004643219824144   k=         1
        43        0.005137861902067   k=         1
        44        0.021008329847789   k=         1
        45        -0.001604515615629   k=         1
        46        0.000785691967744   k=         1
        47        -0.010735221995924   k=         1
        48        -0.047154721828293   k=         1
        49        0.001413095589314   k=         1
        50        0.009649570332435   k=         1
        51        -0.004604638973911   k=         1
        52        -0.038528818912231   k=         1
        53        -0.000208875466591   k=         1
        54        0.003065551837947   k=         1
        55        -0.021979468294999   k=         1
        56        -0.037425319177404   k=         1
        57        -0.001428845419601   k=         1
        58        -0.004098916525377   k=         1
        59        0.052241249626838   k=         1
        60        0.060139712356561   k=         1
        61        0.000182650984380   k=         1
        62        -0.000847091087394   k=         1
        63        0.028984803793517   k=         1
        64        0.040111562600482   k=         1
        65        0.000645906867734   k=         1
        66        -0.009188993535650   k=         1
        67        -0.071384411267881   k=         1
        68        -0.080675752836686   k=         1
        69        -0.002973094771496   k=         1
        70        -0.014671076737921   k=         1
        71        -0.035721764609069   k=         1
        72        -0.037294751425596   k=         1
        73        0.000963352794477   k=         1
        74        -0.007495787633035   k=         1
        75        -0.035413385077801   k=         1
        76        -0.035826913805780   k=         1
        77        -0.001674413228875   k=         1
        78        0.003984196381018   k=         1
        79        0.051695095474890   k=         1
        80        0.051738832297560   k=         1
        81        0.000974184004731   k=         1
        82        0.020000463137993   k=         1
        83        0.044143912737391   k=         1
        84        0.043689164841015   k=         1
        85        0.000063125942393   k=         1
        86        -0.001959655368404   k=         1
        87        0.053426689693917   k=         1
        88        0.082319112042658   k=         1
        89        -0.004178326709102   k=         1
        90        0.003176013819692   k=         1
        91        -0.031093649944965   k=         1
        92        -0.082608615721561   k=         1
        93        0.002597209855089   k=         1
        94        -0.006510165196983   k=         1
        95        -0.037958402469669   k=         1
        96        -0.073353957259966   k=         1
        97        -0.002305785729738   k=         1
        98        0.003693286208770   k=         1
        99        0.039045762345746   k=         1
        100        0.120609558626074   k=         1
        101        -0.001069174992685   k=         1
        102        0.002496108890169   k=         1
        103        0.013352970010449   k=         1
        104        0.059855657362865   k=         1
        105        0.000615785740482   k=         1
        106        -0.004582064570125   k=         1
        107        0.006405371843392   k=         1
        108        0.069208673012409   k=         1
        109        -0.003143071942984   k=         1
        110        -0.000511084514643   k=         1
        111        -0.011276943898935   k=         1
        112        -0.093964620054217   k=         1
        113        0.003229852893663   k=         1
        114        0.000707170828917   k=         1
        115        -0.020208178979450   k=         1
        116        -0.079910171284506   k=         1
        117        0.002610778435355   k=         1
        118        -0.012965481745111   k=         1
        119        -0.029022702525678   k=         1
        120        -0.109385509643289   k=         1
        121        -0.001417342885900   k=         1
        122        0.018189242376518   k=         1
        123        0.050491561581106   k=         1
        124        0.133597563003230   k=         1
        125        0.002876213006599   k=         1
        126        0.009015963319673   k=         1
        127        0.032269736684141   k=         1
        128        0.101339554561594   k=         1
        129        0.005499646797928   k=         1
        130        0.007034697094824   k=         1
        131        -0.068408528470202   k=         1
        132        -0.166009147219166   k=         1
        133        0.000539067178190   k=         1
        134        0.035369636463618   k=         1
        135        -0.043042198359395   k=         1
        136        -0.079385345850562   k=         1
        137        -0.001362966099735   k=         1
        138        0.010957596132464   k=         1
        139        -0.034940571243254   k=         1
        140        -0.096422926444984   k=         1
        141        -0.005207865140255   k=         1
        142        -0.017173872960661   k=         1
        143        0.048502339707964   k=         1
        144        0.081682911167126   k=         1
        145        0.005958568678795   k=         1
        146        -0.040241144510753   k=         1
        147        0.075466182456667   k=         1
        148        0.113321074692049   k=         1
        149        -0.000541915657896   k=         1
        150        -0.003081196827846   k=         1
        151        0.090974373128119   k=         1
        152        0.148796420855506   k=         1
        153        0.005005290042993   k=         1
        154        -0.006596519362876   k=         1
        155        -0.053124894869709   k=         1
        156        -0.129106196370886   k=         1
        157        0.001877943124715   k=         1
        158        -0.000426000729536   k=         1
        159        -0.000664403635583   k=         1
        160        -0.001539156328120   k=         1
        161        0.001598102847314   k=         1
        162        -0.001355940899486   k=         1
        163        0.004578765868227   k=         1
        164        0.002497314327201   k=         1
        165        -0.001844484828213   k=         1
        166        -0.001871170895476   k=         1
        167        0.005714227504649   k=         1
        168        0.005368946192636   k=         1
        169        -0.000514309677372   k=         1
        170        -0.004577995686253   k=         1
        171        0.002359309582736   k=         1
        172        0.006254048982703   k=         1
        173        -0.000150597878535   k=         1
        174        -0.004078299668253   k=         1
        175        0.000996534035443   k=         1
        176        -0.004646963594593   k=         1
        177        -0.008297679375069   k=         1
        178        0.000757469921155   k=         1
        179        -0.002770678983200   k=         1
        180        0.009577077653804   k=         1
        181        -0.010291943279757   k=         1
        182        0.037803307447976   k=         1
        183        0.139105453199676   k=         1
        184        -0.006599379327555   k=         1
        185        -0.003947345971763   k=         1
        186        -0.001881454976050   k=         1
        187        -0.001383936498362   k=         1
        188        -0.071455615633848   k=         1
        189        -0.127843574778443   k=         1
        190        -0.001200990200383   k=         1
        191        0.005313273928283   k=         1
        192        0.056479439597849   k=         1
        193        0.167067681968193   k=         1
        194        0.000743939532873   k=         1
        195        0.014372507575901   k=         1
        196        0.022898941130430   k=         1
        197        0.082986891471849   k=         1
        198        0.004155453646224   k=         1
        199        0.003939766484468   k=         1
        200        0.039452469899454   k=         1
        201        0.123669417906753   k=         1
        202        -0.000308549750075   k=         1
        203        -0.001219454458166   k=         1
        204        -0.046675610346247   k=         1
        205        -0.120037113422222   k=         1
        206        0.002605951253425   k=         1
        207        -0.008800927460562   k=         1
        208        -0.035814412763364   k=         1
        209        -0.096332668577846   k=         1
        210        -0.001614712348126   k=         1
        211        0.021941907866858   k=         1
        212        -0.041264107605308   k=         1
        213        -0.164022681419938   k=         1
        214        0.000914782195457   k=         1
        215        0.009139893282753   k=         1
        216        0.039476348061260   k=         1
        217        0.157416864602481   k=         1
        218        0.001647066039482   k=         1
        219        -0.006785704741159   k=         1
        220        0.024719172481915   k=         1
        221        0.090178190057970   k=         1
        222        -0.001532243437125   k=         1
        223        -0.008651424923742   k=         1
        224        0.024506944817148   k=         1
        225        0.079108076479109   k=         1
        226        0.000856088337399   k=         1
        227        0.009456212738595   k=         1
        228        -0.021539683325530   k=         1
        229        -0.093293153174738   k=         1
        230        0.002206613887131   k=         1
        231        -0.001127523810035   k=         1
        232        -0.039058449963789   k=         1
        233        -0.140844237833770   k=         1
        234        -0.000839577501789   k=         1
        235        0.010358828885579   k=         1
        236        -0.037497832375345   k=         1
        237        -0.123060086869214   k=         1
        238        0.002833445168851   k=         1
        239        -0.007696413931852   k=         1
        240        -0.040716028796220   k=         1
        241        -0.110303399339656   k=         1
        242        0.002943361673315   k=         1
        243        0.006986502306210   k=         1
        244        -0.030932885686778   k=         1
        245        -0.111731736979554   k=         1
        246        -0.001308909552525   k=         1
        247        0.000088893882714   k=         1
        248        0.056669873265511   k=         1
        249        0.143370415831890   k=         1
        250        0.001281041762469   k=         1
        251        0.022408687795814   k=         1
        252        0.043217783435293   k=         1
        253        0.088329187715296   k=         1
        254        0.005173219044138   k=         1
        255        0.025082447338300   k=         1
        256        0.037844081213093   k=         1
        257        0.074898549042645   k=         1
        258        0.001301851674563   k=         1
        259        -0.017502980313069   k=         1
        260        -0.031136726004528   k=         1
        261        -0.086038791028051   k=         1
        262        0.001326169053869   k=         1
        263        -0.025826262346188   k=         1
        264        -0.037038392465811   k=         1
        265        -0.076684621403070   k=         1
        266        0.001520776157299   k=         1
        267        0.019384427628850   k=         1
        268        -0.045785942908873   k=         1
        269        -0.148629964110695   k=         1
        270        0.003646845412526   k=         1
        271        -0.026643738014178   k=         1
        272        0.029770752327663   k=         1
        273        0.099416377997008   k=         1
        274        0.001922061587540   k=         1
        275        -0.007409612319216   k=         1
        276        0.033937501980678   k=         1
        277        0.115562031086307   k=         1
        278        -0.001043479403187   k=         1
        279        -0.005450964823723   k=         1
        280        -0.030913767000915   k=         1
        281        -0.114721998312430   k=         1
        282        0.001257715935091   k=         1
        283        0.000518549658961   k=         1
        284        -0.023441819840616   k=         1
        285        -0.090665029617577   k=         1
        286        0.000283474291530   k=         1
        287        -0.007199594519857   k=         1
        288        -0.022568991830993   k=         1
        289        -0.072185259540527   k=         1
        290        -0.002759988867438   k=         1
        291        0.000237287224765   k=         1
        292        0.025183603946646   k=         1
        293        0.048878833932067   k=         1
        294        0.003179718819426   k=         1
        295        -0.001469923065698   k=         1
        296        0.032549494817304   k=         1
        297        0.081498721730218   k=         1
        298        -0.000414892859520   k=         1
        299        -0.006538676353486   k=         1
        300        0.040600565354140   k=         1
        301        0.119764735310525   k=         1
        302        -0.007887684223331   k=         1
        303        -0.005190478776540   k=         1
        304        -0.002159218399217   k=         1
        305        -0.089513076554088   k=         1
        306        0.007490810797034   k=         1
        307        -0.000638642054892   k=         1
        308        -0.023560961482640   k=         1
        309        -0.093963992081350   k=         1
        310        0.000166386562468   k=         1
        311        -0.006126106263111   k=         1
        312        -0.015020356667764   k=         1
        313        0.111526804847205   k=         1
        314        -0.002716083975536   k=         1
        315        0.007827618864209   k=         1
        316        -0.023835696831336   k=         1
        317        0.068706837463909   k=         1
        318        0.003288606769613   k=         1
        319        -0.008038757576656   k=         1
        320        -0.020478127933128   k=         1
        321        0.062918432998195   k=         1
        322        0.001154803425273   k=         1
        323        0.005714146901677   k=         1
        324        0.022255673424780   k=         1
        325        -0.089035477137867   k=         1
        326        0.001242911575650   k=         1
        327        -0.004383800036237   k=         1
        328        0.014491413169250   k=         1
        329        -0.051276212212448   k=         1
        330        -0.000770538527263   k=         1
        331        0.007973859181593   k=         1
        332        0.024588102043854   k=         1
        333        -0.108140938848850   k=         1
        334        0.001734441588973   k=         1
        335        -0.003909836096861   k=         1
        336        -0.029049734410436   k=         1
        337        0.088906841506101   k=         1
        338        -0.000120725399199   k=         1
        339        0.008034211908551   k=         1
        340        -0.026370692177168   k=         1
        341        0.090337612860219   k=         1
        342        -0.000891759862016   k=         1
        343        -0.010780774472849   k=         1
        344        0.038953883589050   k=         1
        345        -0.108057637446439   k=         1
        346        -0.001362110603063   k=         1
        347        0.000391331127212   k=         1
        348        0.040869713513613   k=         1
        349        -0.069061246287622   k=         1
        350        -0.001925412274322   k=         1
        351        0.000471696550129   k=         1
        352        0.029502306849178   k=         1
        353        -0.069798121809596   k=         1
        354        0.000338280684164   k=         1
        355        -0.002472848796032   k=         1
        356        -0.018590614859026   k=         1
        357        0.058676806892463   k=         1
        358        0.002152869841902   k=         1
        359        -0.002146286425856   k=         1
        360        -0.026480320790946   k=         1
        361        0.058265570113130   k=         1
        362        0.000553399368252   k=         1
        363        -0.022810626340330   k=         1
        364        -0.037986225274108   k=         1
        365        0.106954039472029   k=         1
        366        -0.001603046201497   k=         1
        367        0.014568623470544   k=         1
        368        0.030738030128247   k=         1
        369        -0.056304668139352   k=         1
        370        -0.001224809596420   k=         1
        371        -0.003166258155624   k=         1
        372        -0.005836038112437   k=         1
        373        0.008069535732691   k=         1
        374        0.040800329271881   k=         1
        375        0.153796530556624   k=         1
        376        -0.001194584225933   k=         1
        377        -0.003544752449916   k=         1
        378        -0.004731108502790   k=         1
        379        -0.008282822399570   k=         1
        380        -0.010076654362716   k=         1
        381        -0.004096152447274   k=         1
        382        -0.003057730567767   k=         1
        383        0.002127437574305   k=         1
        384        0.000856455623433   k=         1
        385        0.000959971494621   k=         1
        386        -0.003196097680917   k=         1
        387        0.000509933901466   k=         1
        388        0.001912625063881   k=         1
        389        -0.004651430750668   k=         1
        390        -0.000785864148357   k=         1
        391        -0.003700455725532   k=         1
        392        0.001620341617433   k=         1
        393        0.005586647746379   k=         1
        394        -0.002766103012779   k=         1
        395        0.000376880765402   k=         1
        396        0.002458201642302   k=         1
        397        -0.000108805660670   k=         1
        398        -0.005218754576868   k=         1
        399        -0.000728100744565   k=         1
        400        0.004900335933649   k=         1
        401        0.036542511377482   k=         1
        402        -0.088777111171429   k=         1
        403        -0.000809028818271   k=         1
        404        0.002008441795242   k=         1
        405        -0.030298498333097   k=         1
        406        0.040945091498729   k=         1
        407        -0.002012847046363   k=         1
        408        0.010214189294513   k=         1
        409        -0.035102984069753   k=         1
        410        0.025949801193161   k=         1
        411        0.003870564118749   k=         1
        412        -0.000447351601564   k=         1
        413        -0.049488917944522   k=         1
        414        0.044886383602330   k=         1
        415        -0.000507780290408   k=         1
        416        -0.000254976016804   k=         1
        417        0.013126656430234   k=         1
        418        -0.011493582437987   k=         1
        419        0.001304533857219   k=         1
        420        -0.003828806028839   k=         1
        421        0.013717274014370   k=         1
        422        -0.013662443603737   k=         1
        423        -0.000776997881931   k=         1
        424        0.010164717673594   k=         1
        425        0.043942144833476   k=         1
        426        -0.046617678965308   k=         1
