# file_format= v0.04.05
       144       426
    188.97268778      0.00000000      0.00000000    0
      0.00000000    188.97268778      0.00000000    0
      0.00000000      0.00000000    188.97268778    0
 6
       4
     2     2     2     2
     0     1     1     1
 1.710E+00 1.625E+00 1.625E+00 1.625E+00
 0.000E+00 0.000E+00 0.000E+00 0.000E+00
 0.000E+00 0.000E+00 0.000E+00 0.000E+00
 0.000E+00 0.000E+00 0.000E+00 0.000E+00
      0.852136     -0.678844    -0.163064
 6
       4
     2     2     2     2
     0     1     1     1
 1.710E+00 1.625E+00 1.625E+00 1.625E+00
 0.000E+00 0.000E+00 0.000E+00 0.000E+00
 0.000E+00 0.000E+00 0.000E+00 0.000E+00
 0.000E+00 0.000E+00 0.000E+00 0.000E+00
      -0.901150     1.163655    0.504319
 6
       4
     2     2     2     2
     0     1     1     1
 1.710E+00 1.625E+00 1.625E+00 1.625E+00
 0.000E+00 0.000E+00 0.000E+00 0.000E+00
 0.000E+00 0.000E+00 0.000E+00 0.000E+00
 0.000E+00 0.000E+00 0.000E+00 0.000E+00
      -0.172832     -3.014999    -1.073119
 6
       4
     2     2     2     2
     0     1     1     1
 1.710E+00 1.625E+00 1.625E+00 1.625E+00
 0.000E+00 0.000E+00 0.000E+00 0.000E+00
 0.000E+00 0.000E+00 0.000E+00 0.000E+00
 0.000E+00 0.000E+00 0.000E+00 0.000E+00
      -3.598420     0.747035    0.421301
 6
       4
     2     2     2     2
     0     1     1     1
 1.710E+00 1.625E+00 1.625E+00 1.625E+00
 0.000E+00 0.000E+00 0.000E+00 0.000E+00
 0.000E+00 0.000E+00 0.000E+00 0.000E+00
 0.000E+00 0.000E+00 0.000E+00 0.000E+00
      -4.369477     -1.596703    -0.286900
 6
       4
     2     2     2     2
     0     1     1     1
 1.710E+00 1.625E+00 1.625E+00 1.625E+00
 0.000E+00 0.000E+00 0.000E+00 0.000E+00
 0.000E+00 0.000E+00 0.000E+00 0.000E+00
 0.000E+00 0.000E+00 0.000E+00 0.000E+00
      -2.733920     -3.462029    -1.014354
 6
       4
     2     2     2     2
     0     1     1     1
 1.710E+00 1.625E+00 1.625E+00 1.625E+00
 0.000E+00 0.000E+00 0.000E+00 0.000E+00
 0.000E+00 0.000E+00 0.000E+00 0.000E+00
 0.000E+00 0.000E+00 0.000E+00 0.000E+00
      3.607901     -0.132353    -0.046841
 6
       4
     2     2     2     2
     0     1     1     1
 1.710E+00 1.625E+00 1.625E+00 1.625E+00
 0.000E+00 0.000E+00 0.000E+00 0.000E+00
 0.000E+00 0.000E+00 0.000E+00 0.000E+00
 0.000E+00 0.000E+00 0.000E+00 0.000E+00
      5.759403     0.244073    0.146348
 6
       4
     2     2     2     2
     0     1     1     1
 1.710E+00 1.625E+00 1.625E+00 1.625E+00
 0.000E+00 0.000E+00 0.000E+00 0.000E+00
 0.000E+00 0.000E+00 0.000E+00 0.000E+00
 0.000E+00 0.000E+00 0.000E+00 0.000E+00
      8.544156     0.743704    0.027798
 6
       4
     2     2     2     2
     0     1     1     1
 1.710E+00 1.625E+00 1.625E+00 1.625E+00
 0.000E+00 0.000E+00 0.000E+00 0.000E+00
 0.000E+00 0.000E+00 0.000E+00 0.000E+00
 0.000E+00 0.000E+00 0.000E+00 0.000E+00
      9.798662     2.912285    -0.719285
 6
       4
     2     2     2     2
     0     1     1     1
 1.710E+00 1.625E+00 1.625E+00 1.625E+00
 0.000E+00 0.000E+00 0.000E+00 0.000E+00
 0.000E+00 0.000E+00 0.000E+00 0.000E+00
 0.000E+00 0.000E+00 0.000E+00 0.000E+00
      10.179158     -1.237833    0.692067
 6
       4
     2     2     2     2
     0     1     1     1
 1.710E+00 1.625E+00 1.625E+00 1.625E+00
 0.000E+00 0.000E+00 0.000E+00 0.000E+00
 0.000E+00 0.000E+00 0.000E+00 0.000E+00
 0.000E+00 0.000E+00 0.000E+00 0.000E+00
      12.501176     3.089031    -0.655880
 6
       4
     2     2     2     2
     0     1     1     1
 1.710E+00 1.625E+00 1.625E+00 1.625E+00
 0.000E+00 0.000E+00 0.000E+00 0.000E+00
 0.000E+00 0.000E+00 0.000E+00 0.000E+00
 0.000E+00 0.000E+00 0.000E+00 0.000E+00
      12.781428     -1.077182    0.911904
 6
       4
     2     2     2     2
     0     1     1     1
 1.710E+00 1.625E+00 1.625E+00 1.625E+00
 0.000E+00 0.000E+00 0.000E+00 0.000E+00
 0.000E+00 0.000E+00 0.000E+00 0.000E+00
 0.000E+00 0.000E+00 0.000E+00 0.000E+00
      14.112995     1.172634    0.243682
 6
       4
     2     2     2     2
     0     1     1     1
 1.710E+00 1.625E+00 1.625E+00 1.625E+00
 0.000E+00 0.000E+00 0.000E+00 0.000E+00
 0.000E+00 0.000E+00 0.000E+00 0.000E+00
 0.000E+00 0.000E+00 0.000E+00 0.000E+00
      16.922642     1.332143    0.342519
 6
       4
     2     2     2     2
     0     1     1     1
 1.710E+00 1.625E+00 1.625E+00 1.625E+00
 0.000E+00 0.000E+00 0.000E+00 0.000E+00
 0.000E+00 0.000E+00 0.000E+00 0.000E+00
 0.000E+00 0.000E+00 0.000E+00 0.000E+00
      19.099738     1.393973    0.402289
 6
       4
     2     2     2     2
     0     1     1     1
 1.710E+00 1.625E+00 1.625E+00 1.625E+00
 0.000E+00 0.000E+00 0.000E+00 0.000E+00
 0.000E+00 0.000E+00 0.000E+00 0.000E+00
 0.000E+00 0.000E+00 0.000E+00 0.000E+00
      21.862733     1.315669    0.179787
 6
       4
     2     2     2     2
     0     1     1     1
 1.710E+00 1.625E+00 1.625E+00 1.625E+00
 0.000E+00 0.000E+00 0.000E+00 0.000E+00
 0.000E+00 0.000E+00 0.000E+00 0.000E+00
 0.000E+00 0.000E+00 0.000E+00 0.000E+00
      23.289750     -0.479715    1.577776
 6
       4
     2     2     2     2
     0     1     1     1
 1.710E+00 1.625E+00 1.625E+00 1.625E+00
 0.000E+00 0.000E+00 0.000E+00 0.000E+00
 0.000E+00 0.000E+00 0.000E+00 0.000E+00
 0.000E+00 0.000E+00 0.000E+00 0.000E+00
      23.387353     2.846196    -1.409503
 6
       4
     2     2     2     2
     0     1     1     1
 1.710E+00 1.625E+00 1.625E+00 1.625E+00
 0.000E+00 0.000E+00 0.000E+00 0.000E+00
 0.000E+00 0.000E+00 0.000E+00 0.000E+00
 0.000E+00 0.000E+00 0.000E+00 0.000E+00
      25.992760     2.613021    -1.446028
 6
       4
     2     2     2     2
     0     1     1     1
 1.710E+00 1.625E+00 1.625E+00 1.625E+00
 0.000E+00 0.000E+00 0.000E+00 0.000E+00
 0.000E+00 0.000E+00 0.000E+00 0.000E+00
 0.000E+00 0.000E+00 0.000E+00 0.000E+00
      25.789270     -0.904850    1.350599
 6
       4
     2     2     2     2
     0     1     1     1
 1.710E+00 1.625E+00 1.625E+00 1.625E+00
 0.000E+00 0.000E+00 0.000E+00 0.000E+00
 0.000E+00 0.000E+00 0.000E+00 0.000E+00
 0.000E+00 0.000E+00 0.000E+00 0.000E+00
      27.371507     0.741115    -0.070158
 6
       4
     2     2     2     2
     0     1     1     1
 1.710E+00 1.625E+00 1.625E+00 1.625E+00
 0.000E+00 0.000E+00 0.000E+00 0.000E+00
 0.000E+00 0.000E+00 0.000E+00 0.000E+00
 0.000E+00 0.000E+00 0.000E+00 0.000E+00
      30.105977     0.497931    0.053955
 6
       4
     2     2     2     2
     0     1     1     1
 1.710E+00 1.625E+00 1.625E+00 1.625E+00
 0.000E+00 0.000E+00 0.000E+00 0.000E+00
 0.000E+00 0.000E+00 0.000E+00 0.000E+00
 0.000E+00 0.000E+00 0.000E+00 0.000E+00
      32.156732     -0.040264    0.106233
 6
       4
     2     2     2     2
     0     1     1     1
 1.710E+00 1.625E+00 1.625E+00 1.625E+00
 0.000E+00 0.000E+00 0.000E+00 0.000E+00
 0.000E+00 0.000E+00 0.000E+00 0.000E+00
 0.000E+00 0.000E+00 0.000E+00 0.000E+00
      35.021154     -0.106199    0.100972
 6
       4
     2     2     2     2
     0     1     1     1
 1.710E+00 1.625E+00 1.625E+00 1.625E+00
 0.000E+00 0.000E+00 0.000E+00 0.000E+00
 0.000E+00 0.000E+00 0.000E+00 0.000E+00
 0.000E+00 0.000E+00 0.000E+00 0.000E+00
      36.459047     -2.214368    0.772121
 6
       4
     2     2     2     2
     0     1     1     1
 1.710E+00 1.625E+00 1.625E+00 1.625E+00
 0.000E+00 0.000E+00 0.000E+00 0.000E+00
 0.000E+00 0.000E+00 0.000E+00 0.000E+00
 0.000E+00 0.000E+00 0.000E+00 0.000E+00
      36.379550     2.098168    -0.395531
 6
       4
     2     2     2     2
     0     1     1     1
 1.710E+00 1.625E+00 1.625E+00 1.625E+00
 0.000E+00 0.000E+00 0.000E+00 0.000E+00
 0.000E+00 0.000E+00 0.000E+00 0.000E+00
 0.000E+00 0.000E+00 0.000E+00 0.000E+00
      39.023399     2.172952    -0.405310
 6
       4
     2     2     2     2
     0     1     1     1
 1.710E+00 1.625E+00 1.625E+00 1.625E+00
 0.000E+00 0.000E+00 0.000E+00 0.000E+00
 0.000E+00 0.000E+00 0.000E+00 0.000E+00
 0.000E+00 0.000E+00 0.000E+00 0.000E+00
      39.012673     -2.166849    0.581779
 6
       4
     2     2     2     2
     0     1     1     1
 1.710E+00 1.625E+00 1.625E+00 1.625E+00
 0.000E+00 0.000E+00 0.000E+00 0.000E+00
 0.000E+00 0.000E+00 0.000E+00 0.000E+00
 0.000E+00 0.000E+00 0.000E+00 0.000E+00
      40.460553     -0.055161    -0.113493
 6
       4
     2     2     2     2
     0     1     1     1
 1.710E+00 1.625E+00 1.625E+00 1.625E+00
 0.000E+00 0.000E+00 0.000E+00 0.000E+00
 0.000E+00 0.000E+00 0.000E+00 0.000E+00
 0.000E+00 0.000E+00 0.000E+00 0.000E+00
      43.286708     -0.388654    -0.232863
 6
       4
     2     2     2     2
     0     1     1     1
 1.710E+00 1.625E+00 1.625E+00 1.625E+00
 0.000E+00 0.000E+00 0.000E+00 0.000E+00
 0.000E+00 0.000E+00 0.000E+00 0.000E+00
 0.000E+00 0.000E+00 0.000E+00 0.000E+00
      45.461575     -0.622326    -0.338629
 6
       4
     2     2     2     2
     0     1     1     1
 1.710E+00 1.625E+00 1.625E+00 1.625E+00
 0.000E+00 0.000E+00 0.000E+00 0.000E+00
 0.000E+00 0.000E+00 0.000E+00 0.000E+00
 0.000E+00 0.000E+00 0.000E+00 0.000E+00
      48.180919     -0.646222    -0.364993
 6
       4
     2     2     2     2
     0     1     1     1
 1.710E+00 1.625E+00 1.625E+00 1.625E+00
 0.000E+00 0.000E+00 0.000E+00 0.000E+00
 0.000E+00 0.000E+00 0.000E+00 0.000E+00
 0.000E+00 0.000E+00 0.000E+00 0.000E+00
      49.806268     -2.433162    0.766127
 6
       4
     2     2     2     2
     0     1     1     1
 1.710E+00 1.625E+00 1.625E+00 1.625E+00
 0.000E+00 0.000E+00 0.000E+00 0.000E+00
 0.000E+00 0.000E+00 0.000E+00 0.000E+00
 0.000E+00 0.000E+00 0.000E+00 0.000E+00
      49.580136     1.621763    -1.142577
 6
       4
     2     2     2     2
     0     1     1     1
 1.710E+00 1.625E+00 1.625E+00 1.625E+00
 0.000E+00 0.000E+00 0.000E+00 0.000E+00
 0.000E+00 0.000E+00 0.000E+00 0.000E+00
 0.000E+00 0.000E+00 0.000E+00 0.000E+00
      52.175981     1.909927    -1.159285
 6
       4
     2     2     2     2
     0     1     1     1
 1.710E+00 1.625E+00 1.625E+00 1.625E+00
 0.000E+00 0.000E+00 0.000E+00 0.000E+00
 0.000E+00 0.000E+00 0.000E+00 0.000E+00
 0.000E+00 0.000E+00 0.000E+00 0.000E+00
      52.360955     -2.029432    1.174637
 6
       4
     2     2     2     2
     0     1     1     1
 1.710E+00 1.625E+00 1.625E+00 1.625E+00
 0.000E+00 0.000E+00 0.000E+00 0.000E+00
 0.000E+00 0.000E+00 0.000E+00 0.000E+00
 0.000E+00 0.000E+00 0.000E+00 0.000E+00
      53.728461     0.004121    0.054785
 6
       4
     2     2     2     2
     0     1     1     1
 1.710E+00 1.625E+00 1.625E+00 1.625E+00
 0.000E+00 0.000E+00 0.000E+00 0.000E+00
 0.000E+00 0.000E+00 0.000E+00 0.000E+00
 0.000E+00 0.000E+00 0.000E+00 0.000E+00
      56.445679     0.195286    0.043292
 1
       1
     1
     0
 1.300E+00
 0.000E+00
 0.000E+00
 0.000E+00
      -5.019598     2.221490    1.008957
 1
       1
     1
     0
 1.300E+00
 0.000E+00
 0.000E+00
 0.000E+00
      -0.240813     3.112575    1.086583
 1
       1
     1
     0
 1.300E+00
 0.000E+00
 0.000E+00
 0.000E+00
      -6.185761     -1.822932    -0.292480
 1
       1
     1
     0
 1.300E+00
 0.000E+00
 0.000E+00
 0.000E+00
      -3.504501     -5.347004    -1.644765
 1
       1
     1
     0
 1.300E+00
 0.000E+00
 0.000E+00
 0.000E+00
      1.109976     -4.611054    -1.695211
 1
       1
     1
     0
 1.300E+00
 0.000E+00
 0.000E+00
 0.000E+00
      8.673474     4.603064    -1.362844
 1
       1
     1
     0
 1.300E+00
 0.000E+00
 0.000E+00
 0.000E+00
      9.248030     -3.140541    1.154560
 1
       1
     1
     0
 1.300E+00
 0.000E+00
 0.000E+00
 0.000E+00
      13.372572     4.977000    -1.144358
 1
       1
     1
     0
 1.300E+00
 0.000E+00
 0.000E+00
 0.000E+00
      13.892366     -2.835095    1.464749
 1
       1
     1
     0
 1.300E+00
 0.000E+00
 0.000E+00
 0.000E+00
      22.472691     4.367561    -2.626196
 1
       1
     1
     0
 1.300E+00
 0.000E+00
 0.000E+00
 0.000E+00
      27.122706     3.944251    -2.688519
 1
       1
     1
     0
 1.300E+00
 0.000E+00
 0.000E+00
 0.000E+00
      22.215258     -1.811994    2.900087
 1
       1
     1
     0
 1.300E+00
 0.000E+00
 0.000E+00
 0.000E+00
      26.638156     -2.472374    2.559864
 1
       1
     1
     0
 1.300E+00
 0.000E+00
 0.000E+00
 0.000E+00
      35.282091     3.907742    -0.699541
 1
       1
     1
     0
 1.300E+00
 0.000E+00
 0.000E+00
 0.000E+00
      35.517190     -4.084558    1.270319
 1
       1
     1
     0
 1.300E+00
 0.000E+00
 0.000E+00
 0.000E+00
      40.002791     4.033365    -0.780270
 1
       1
     1
     0
 1.300E+00
 0.000E+00
 0.000E+00
 0.000E+00
      40.025632     -3.973391    1.158190
 1
       1
     1
     0
 1.300E+00
 0.000E+00
 0.000E+00
 0.000E+00
      48.349658     3.229122    -1.849146
 1
       1
     1
     0
 1.300E+00
 0.000E+00
 0.000E+00
 0.000E+00
      49.025987     -4.314148    1.441972
 1
       1
     1
     0
 1.300E+00
 0.000E+00
 0.000E+00
 0.000E+00
      53.029540     3.749116    -1.840236
 1
       1
     1
     0
 1.300E+00
 0.000E+00
 0.000E+00
 0.000E+00
      53.373672     -3.537875    2.305789
 1
       1
     1
     0
 1.300E+00
 0.000E+00
 0.000E+00
 0.000E+00
      61.893309     4.094634    -1.499456
 1
       1
     1
     0
 1.300E+00
 0.000E+00
 0.000E+00
 0.000E+00
      61.748233     -3.827494    1.209041
 6
       4
     2     2     2     2
     0     1     1     1
 1.710E+00 1.625E+00 1.625E+00 1.625E+00
 0.000E+00 0.000E+00 0.000E+00 0.000E+00
 0.000E+00 0.000E+00 0.000E+00 0.000E+00
 0.000E+00 0.000E+00 0.000E+00 0.000E+00
      69.553788     0.196601    0.103782
 1
       1
     1
     0
 1.300E+00
 0.000E+00
 0.000E+00
 0.000E+00
      66.488756     4.017353    -1.507926
 1
       1
     1
     0
 1.300E+00
 0.000E+00
 0.000E+00
 0.000E+00
      66.421629     -3.778963    1.189320
 6
       4
     2     2     2     2
     0     1     1     1
 1.710E+00 1.625E+00 1.625E+00 1.625E+00
 0.000E+00 0.000E+00 0.000E+00 0.000E+00
 0.000E+00 0.000E+00 0.000E+00 0.000E+00
 0.000E+00 0.000E+00 0.000E+00 0.000E+00
      58.594395     0.285642    0.025005
 6
       4
     2     2     2     2
     0     1     1     1
 1.710E+00 1.625E+00 1.625E+00 1.625E+00
 0.000E+00 0.000E+00 0.000E+00 0.000E+00
 0.000E+00 0.000E+00 0.000E+00 0.000E+00
 0.000E+00 0.000E+00 0.000E+00 0.000E+00
      61.403411     0.196511    -0.096856
 6
       4
     2     2     2     2
     0     1     1     1
 1.710E+00 1.625E+00 1.625E+00 1.625E+00
 0.000E+00 0.000E+00 0.000E+00 0.000E+00
 0.000E+00 0.000E+00 0.000E+00 0.000E+00
 0.000E+00 0.000E+00 0.000E+00 0.000E+00
      62.807800     -2.060204    0.569167
 6
       4
     2     2     2     2
     0     1     1     1
 1.710E+00 1.625E+00 1.625E+00 1.625E+00
 0.000E+00 0.000E+00 0.000E+00 0.000E+00
 0.000E+00 0.000E+00 0.000E+00 0.000E+00
 0.000E+00 0.000E+00 0.000E+00 0.000E+00
      62.824479     2.281854    -0.834229
 6
       4
     2     2     2     2
     0     1     1     1
 1.710E+00 1.625E+00 1.625E+00 1.625E+00
 0.000E+00 0.000E+00 0.000E+00 0.000E+00
 0.000E+00 0.000E+00 0.000E+00 0.000E+00
 0.000E+00 0.000E+00 0.000E+00 0.000E+00
      65.486139     2.269232    -0.827575
 6
       4
     2     2     2     2
     0     1     1     1
 1.710E+00 1.625E+00 1.625E+00 1.625E+00
 0.000E+00 0.000E+00 0.000E+00 0.000E+00
 0.000E+00 0.000E+00 0.000E+00 0.000E+00
 0.000E+00 0.000E+00 0.000E+00 0.000E+00
      65.398167     -2.100145    0.433237
 6
       4
     2     2     2     2
     0     1     1     1
 1.710E+00 1.625E+00 1.625E+00 1.625E+00
 0.000E+00 0.000E+00 0.000E+00 0.000E+00
 0.000E+00 0.000E+00 0.000E+00 0.000E+00
 0.000E+00 0.000E+00 0.000E+00 0.000E+00
      66.864383     0.173802    -0.117386
 6
       4
     2     2     2     2
     0     1     1     1
 1.710E+00 1.625E+00 1.625E+00 1.625E+00
 0.000E+00 0.000E+00 0.000E+00 0.000E+00
 0.000E+00 0.000E+00 0.000E+00 0.000E+00
 0.000E+00 0.000E+00 0.000E+00 0.000E+00
      80.019678     -0.239772    0.420105
 6
       4
     2     2     2     2
     0     1     1     1
 1.710E+00 1.625E+00 1.625E+00 1.625E+00
 0.000E+00 0.000E+00 0.000E+00 0.000E+00
 0.000E+00 0.000E+00 0.000E+00 0.000E+00
 0.000E+00 0.000E+00 0.000E+00 0.000E+00
      78.781023     2.072287    -0.143103
 6
       4
     2     2     2     2
     0     1     1     1
 1.710E+00 1.625E+00 1.625E+00 1.625E+00
 0.000E+00 0.000E+00 0.000E+00 0.000E+00
 0.000E+00 0.000E+00 0.000E+00 0.000E+00
 0.000E+00 0.000E+00 0.000E+00 0.000E+00
      78.419974     -2.257019    0.929424
 6
       4
     2     2     2     2
     0     1     1     1
 1.710E+00 1.625E+00 1.625E+00 1.625E+00
 0.000E+00 0.000E+00 0.000E+00 0.000E+00
 0.000E+00 0.000E+00 0.000E+00 0.000E+00
 0.000E+00 0.000E+00 0.000E+00 0.000E+00
      76.186851     2.256441    -0.335810
 6
       4
     2     2     2     2
     0     1     1     1
 1.710E+00 1.625E+00 1.625E+00 1.625E+00
 0.000E+00 0.000E+00 0.000E+00 0.000E+00
 0.000E+00 0.000E+00 0.000E+00 0.000E+00
 0.000E+00 0.000E+00 0.000E+00 0.000E+00
      74.511106     0.233389    0.130722
 6
       4
     2     2     2     2
     0     1     1     1
 1.710E+00 1.625E+00 1.625E+00 1.625E+00
 0.000E+00 0.000E+00 0.000E+00 0.000E+00
 0.000E+00 0.000E+00 0.000E+00 0.000E+00
 0.000E+00 0.000E+00 0.000E+00 0.000E+00
      75.763206     -2.004978    0.838067
 6
       4
     2     2     2     2
     0     1     1     1
 1.710E+00 1.625E+00 1.625E+00 1.625E+00
 0.000E+00 0.000E+00 0.000E+00 0.000E+00
 0.000E+00 0.000E+00 0.000E+00 0.000E+00
 0.000E+00 0.000E+00 0.000E+00 0.000E+00
      82.953610     -0.338684    0.363024
 6
       4
     2     2     2     2
     0     1     1     1
 1.710E+00 1.625E+00 1.625E+00 1.625E+00
 0.000E+00 0.000E+00 0.000E+00 0.000E+00
 0.000E+00 0.000E+00 0.000E+00 0.000E+00
 0.000E+00 0.000E+00 0.000E+00 0.000E+00
      85.057421     0.050673    0.228547
 6
       4
     2     2     2     2
     0     1     1     1
 1.710E+00 1.625E+00 1.625E+00 1.625E+00
 0.000E+00 0.000E+00 0.000E+00 0.000E+00
 0.000E+00 0.000E+00 0.000E+00 0.000E+00
 0.000E+00 0.000E+00 0.000E+00 0.000E+00
      87.908466     0.082734    0.049842
 6
       4
     2     2     2     2
     0     1     1     1
 1.710E+00 1.625E+00 1.625E+00 1.625E+00
 0.000E+00 0.000E+00 0.000E+00 0.000E+00
 0.000E+00 0.000E+00 0.000E+00 0.000E+00
 0.000E+00 0.000E+00 0.000E+00 0.000E+00
      89.139624     2.250892    -0.912246
 6
       4
     2     2     2     2
     0     1     1     1
 1.710E+00 1.625E+00 1.625E+00 1.625E+00
 0.000E+00 0.000E+00 0.000E+00 0.000E+00
 0.000E+00 0.000E+00 0.000E+00 0.000E+00
 0.000E+00 0.000E+00 0.000E+00 0.000E+00
      89.534601     -1.954710    0.797859
 6
       4
     2     2     2     2
     0     1     1     1
 1.710E+00 1.625E+00 1.625E+00 1.625E+00
 0.000E+00 0.000E+00 0.000E+00 0.000E+00
 0.000E+00 0.000E+00 0.000E+00 0.000E+00
 0.000E+00 0.000E+00 0.000E+00 0.000E+00
      91.727813     2.308257    -1.155127
 6
       4
     2     2     2     2
     0     1     1     1
 1.710E+00 1.625E+00 1.625E+00 1.625E+00
 0.000E+00 0.000E+00 0.000E+00 0.000E+00
 0.000E+00 0.000E+00 0.000E+00 0.000E+00
 0.000E+00 0.000E+00 0.000E+00 0.000E+00
      92.065400     -1.915980    0.366212
 6
       4
     2     2     2     2
     0     1     1     1
 1.710E+00 1.625E+00 1.625E+00 1.625E+00
 0.000E+00 0.000E+00 0.000E+00 0.000E+00
 0.000E+00 0.000E+00 0.000E+00 0.000E+00
 0.000E+00 0.000E+00 0.000E+00 0.000E+00
      93.340719     0.312840    -0.498083
 6
       4
     2     2     2     2
     0     1     1     1
 1.710E+00 1.625E+00 1.625E+00 1.625E+00
 0.000E+00 0.000E+00 0.000E+00 0.000E+00
 0.000E+00 0.000E+00 0.000E+00 0.000E+00
 0.000E+00 0.000E+00 0.000E+00 0.000E+00
      96.166336     0.504714    -0.290268
 6
       4
     2     2     2     2
     0     1     1     1
 1.710E+00 1.625E+00 1.625E+00 1.625E+00
 0.000E+00 0.000E+00 0.000E+00 0.000E+00
 0.000E+00 0.000E+00 0.000E+00 0.000E+00
 0.000E+00 0.000E+00 0.000E+00 0.000E+00
      98.305394     0.286133    0.037339
 6
       4
     2     2     2     2
     0     1     1     1
 1.710E+00 1.625E+00 1.625E+00 1.625E+00
 0.000E+00 0.000E+00 0.000E+00 0.000E+00
 0.000E+00 0.000E+00 0.000E+00 0.000E+00
 0.000E+00 0.000E+00 0.000E+00 0.000E+00
      101.115940     0.286789    0.124240
 6
       4
     2     2     2     2
     0     1     1     1
 1.710E+00 1.625E+00 1.625E+00 1.625E+00
 0.000E+00 0.000E+00 0.000E+00 0.000E+00
 0.000E+00 0.000E+00 0.000E+00 0.000E+00
 0.000E+00 0.000E+00 0.000E+00 0.000E+00
      102.556514     -1.801924    0.673650
 6
       4
     2     2     2     2
     0     1     1     1
 1.710E+00 1.625E+00 1.625E+00 1.625E+00
 0.000E+00 0.000E+00 0.000E+00 0.000E+00
 0.000E+00 0.000E+00 0.000E+00 0.000E+00
 0.000E+00 0.000E+00 0.000E+00 0.000E+00
      102.578293     2.507219    -0.614911
 6
       4
     2     2     2     2
     0     1     1     1
 1.710E+00 1.625E+00 1.625E+00 1.625E+00
 0.000E+00 0.000E+00 0.000E+00 0.000E+00
 0.000E+00 0.000E+00 0.000E+00 0.000E+00
 0.000E+00 0.000E+00 0.000E+00 0.000E+00
      105.144477     2.502528    -0.730436
 6
       4
     2     2     2     2
     0     1     1     1
 1.710E+00 1.625E+00 1.625E+00 1.625E+00
 0.000E+00 0.000E+00 0.000E+00 0.000E+00
 0.000E+00 0.000E+00 0.000E+00 0.000E+00
 0.000E+00 0.000E+00 0.000E+00 0.000E+00
      105.256615     -1.757356    0.793065
 6
       4
     2     2     2     2
     0     1     1     1
 1.710E+00 1.625E+00 1.625E+00 1.625E+00
 0.000E+00 0.000E+00 0.000E+00 0.000E+00
 0.000E+00 0.000E+00 0.000E+00 0.000E+00
 0.000E+00 0.000E+00 0.000E+00 0.000E+00
      106.623110     0.373170    0.103432
 6
       4
     2     2     2     2
     0     1     1     1
 1.710E+00 1.625E+00 1.625E+00 1.625E+00
 0.000E+00 0.000E+00 0.000E+00 0.000E+00
 0.000E+00 0.000E+00 0.000E+00 0.000E+00
 0.000E+00 0.000E+00 0.000E+00 0.000E+00
      109.422019     0.590267    0.259747
 6
       4
     2     2     2     2
     0     1     1     1
 1.710E+00 1.625E+00 1.625E+00 1.625E+00
 0.000E+00 0.000E+00 0.000E+00 0.000E+00
 0.000E+00 0.000E+00 0.000E+00 0.000E+00
 0.000E+00 0.000E+00 0.000E+00 0.000E+00
      111.501861     0.956080    -0.086500
 6
       4
     2     2     2     2
     0     1     1     1
 1.710E+00 1.625E+00 1.625E+00 1.625E+00
 0.000E+00 0.000E+00 0.000E+00 0.000E+00
 0.000E+00 0.000E+00 0.000E+00 0.000E+00
 0.000E+00 0.000E+00 0.000E+00 0.000E+00
      114.345288     0.991874    0.087273
 6
       4
     2     2     2     2
     0     1     1     1
 1.710E+00 1.625E+00 1.625E+00 1.625E+00
 0.000E+00 0.000E+00 0.000E+00 0.000E+00
 0.000E+00 0.000E+00 0.000E+00 0.000E+00
 0.000E+00 0.000E+00 0.000E+00 0.000E+00
      115.578992     -1.374900    -0.409668
 6
       4
     2     2     2     2
     0     1     1     1
 1.710E+00 1.625E+00 1.625E+00 1.625E+00
 0.000E+00 0.000E+00 0.000E+00 0.000E+00
 0.000E+00 0.000E+00 0.000E+00 0.000E+00
 0.000E+00 0.000E+00 0.000E+00 0.000E+00
      115.899350     2.986192    0.590366
 6
       4
     2     2     2     2
     0     1     1     1
 1.710E+00 1.625E+00 1.625E+00 1.625E+00
 0.000E+00 0.000E+00 0.000E+00 0.000E+00
 0.000E+00 0.000E+00 0.000E+00 0.000E+00
 0.000E+00 0.000E+00 0.000E+00 0.000E+00
      118.582129     2.737419    0.616243
 6
       4
     2     2     2     2
     0     1     1     1
 1.710E+00 1.625E+00 1.625E+00 1.625E+00
 0.000E+00 0.000E+00 0.000E+00 0.000E+00
 0.000E+00 0.000E+00 0.000E+00 0.000E+00
 0.000E+00 0.000E+00 0.000E+00 0.000E+00
      118.131303     -1.661921    -0.422097
 6
       4
     2     2     2     2
     0     1     1     1
 1.710E+00 1.625E+00 1.625E+00 1.625E+00
 0.000E+00 0.000E+00 0.000E+00 0.000E+00
 0.000E+00 0.000E+00 0.000E+00 0.000E+00
 0.000E+00 0.000E+00 0.000E+00 0.000E+00
      119.713544     0.407444    0.164270
 6
       4
     2     2     2     2
     0     1     1     1
 1.710E+00 1.625E+00 1.625E+00 1.625E+00
 0.000E+00 0.000E+00 0.000E+00 0.000E+00
 0.000E+00 0.000E+00 0.000E+00 0.000E+00
 0.000E+00 0.000E+00 0.000E+00 0.000E+00
      122.483025     0.147289    0.161401
 6
       4
     2     2     2     2
     0     1     1     1
 1.710E+00 1.625E+00 1.625E+00 1.625E+00
 0.000E+00 0.000E+00 0.000E+00 0.000E+00
 0.000E+00 0.000E+00 0.000E+00 0.000E+00
 0.000E+00 0.000E+00 0.000E+00 0.000E+00
      124.597921     -0.119374    0.022998
 6
       4
     2     2     2     2
     0     1     1     1
 1.710E+00 1.625E+00 1.625E+00 1.625E+00
 0.000E+00 0.000E+00 0.000E+00 0.000E+00
 0.000E+00 0.000E+00 0.000E+00 0.000E+00
 0.000E+00 0.000E+00 0.000E+00 0.000E+00
      127.401976     -0.253938    -0.129987
 6
       4
     2     2     2     2
     0     1     1     1
 1.710E+00 1.625E+00 1.625E+00 1.625E+00
 0.000E+00 0.000E+00 0.000E+00 0.000E+00
 0.000E+00 0.000E+00 0.000E+00 0.000E+00
 0.000E+00 0.000E+00 0.000E+00 0.000E+00
      128.762775     -2.372341    -1.133764
 6
       4
     2     2     2     2
     0     1     1     1
 1.710E+00 1.625E+00 1.625E+00 1.625E+00
 0.000E+00 0.000E+00 0.000E+00 0.000E+00
 0.000E+00 0.000E+00 0.000E+00 0.000E+00
 0.000E+00 0.000E+00 0.000E+00 0.000E+00
      129.062228     1.779449    0.510891
 6
       4
     2     2     2     2
     0     1     1     1
 1.710E+00 1.625E+00 1.625E+00 1.625E+00
 0.000E+00 0.000E+00 0.000E+00 0.000E+00
 0.000E+00 0.000E+00 0.000E+00 0.000E+00
 0.000E+00 0.000E+00 0.000E+00 0.000E+00
      131.622197     1.599920    0.516798
 6
       4
     2     2     2     2
     0     1     1     1
 1.710E+00 1.625E+00 1.625E+00 1.625E+00
 0.000E+00 0.000E+00 0.000E+00 0.000E+00
 0.000E+00 0.000E+00 0.000E+00 0.000E+00
 0.000E+00 0.000E+00 0.000E+00 0.000E+00
      131.427113     -2.541474    -1.063789
 6
       4
     2     2     2     2
     0     1     1     1
 1.710E+00 1.625E+00 1.625E+00 1.625E+00
 0.000E+00 0.000E+00 0.000E+00 0.000E+00
 0.000E+00 0.000E+00 0.000E+00 0.000E+00
 0.000E+00 0.000E+00 0.000E+00 0.000E+00
      133.004503     -0.623343    -0.031944
 6
       4
     2     2     2     2
     0     1     1     1
 1.710E+00 1.625E+00 1.625E+00 1.625E+00
 0.000E+00 0.000E+00 0.000E+00 0.000E+00
 0.000E+00 0.000E+00 0.000E+00 0.000E+00
 0.000E+00 0.000E+00 0.000E+00 0.000E+00
      135.727152     -0.918792    0.270733
 1
       1
     1
     0
 1.300E+00
 0.000E+00
 0.000E+00
 0.000E+00
      75.364119     4.162363    -0.812845
 1
       1
     1
     0
 1.300E+00
 0.000E+00
 0.000E+00
 0.000E+00
      79.988518     3.778855    -0.625167
 6
       4
     2     2     2     2
     0     1     1     1
 1.710E+00 1.625E+00 1.625E+00 1.625E+00
 0.000E+00 0.000E+00 0.000E+00 0.000E+00
 0.000E+00 0.000E+00 0.000E+00 0.000E+00
 0.000E+00 0.000E+00 0.000E+00 0.000E+00
      71.750534     0.260659    0.002096
 1
       1
     1
     0
 1.300E+00
 0.000E+00
 0.000E+00
 0.000E+00
      74.585104     -3.745346    1.243602
 1
       1
     1
     0
 1.300E+00
 0.000E+00
 0.000E+00
 0.000E+00
      79.175713     -4.102346    1.658945
 1
       1
     1
     0
 1.300E+00
 0.000E+00
 0.000E+00
 0.000E+00
      88.003131     3.935834    -1.617968
 1
       1
     1
     0
 1.300E+00
 0.000E+00
 0.000E+00
 0.000E+00
      88.684561     -3.749139    1.609410
 1
       1
     1
     0
 1.300E+00
 0.000E+00
 0.000E+00
 0.000E+00
      92.618751     4.147149    -1.886653
 1
       1
     1
     0
 1.300E+00
 0.000E+00
 0.000E+00
 0.000E+00
      93.206556     -3.650387    0.945693
 1
       1
     1
     0
 1.300E+00
 0.000E+00
 0.000E+00
 0.000E+00
      101.532453     4.333590    -1.036609
 1
       1
     1
     0
 1.300E+00
 0.000E+00
 0.000E+00
 0.000E+00
      106.124190     4.260669    -1.465717
 1
       1
     1
     0
 1.300E+00
 0.000E+00
 0.000E+00
 0.000E+00
      101.588765     -3.658158    1.151117
 1
       1
     1
     0
 1.300E+00
 0.000E+00
 0.000E+00
 0.000E+00
      106.260749     -3.551613    1.396727
 1
       1
     1
     0
 1.300E+00
 0.000E+00
 0.000E+00
 0.000E+00
      115.067211     4.939931    0.938272
 1
       1
     1
     0
 1.300E+00
 0.000E+00
 0.000E+00
 0.000E+00
      114.295617     -3.063178    -0.697511
 1
       1
     1
     0
 1.300E+00
 0.000E+00
 0.000E+00
 0.000E+00
      119.769274     4.429395    1.177352
 1
       1
     1
     0
 1.300E+00
 0.000E+00
 0.000E+00
 0.000E+00
      119.021869     -3.546471    -0.850282
 1
       1
     1
     0
 1.300E+00
 0.000E+00
 0.000E+00
 0.000E+00
      128.224787     3.624377    1.248856
 1
       1
     1
     0
 1.300E+00
 0.000E+00
 0.000E+00
 0.000E+00
      127.711154     -3.973508    -2.125626
 1
       1
     1
     0
 1.300E+00
 0.000E+00
 0.000E+00
 0.000E+00
      132.703029     3.342768    1.121653
 1
       1
     1
     0
 1.300E+00
 0.000E+00
 0.000E+00
 0.000E+00
      132.386413     -4.314656    -1.853094
 1
       1
     1
     0
 1.300E+00
 0.000E+00
 0.000E+00
 0.000E+00
      141.290842     1.906991    3.222746
 1
       1
     1
     0
 1.300E+00
 0.000E+00
 0.000E+00
 0.000E+00
      140.732148     -4.143438    -2.365986
 1
       1
     1
     0
 1.300E+00
 0.000E+00
 0.000E+00
 0.000E+00
      147.813331     -1.407028    0.309254
 1
       1
     1
     0
 1.300E+00
 0.000E+00
 0.000E+00
 0.000E+00
      146.054403     1.542670    3.012837
 1
       1
     1
     0
 1.300E+00
 0.000E+00
 0.000E+00
 0.000E+00
      145.657900     -4.261738    -2.595837
 6
       4
     2     2     2     2
     0     1     1     1
 1.710E+00 1.625E+00 1.625E+00 1.625E+00
 0.000E+00 0.000E+00 0.000E+00 0.000E+00
 0.000E+00 0.000E+00 0.000E+00 0.000E+00
 0.000E+00 0.000E+00 0.000E+00 0.000E+00
      137.916606     -1.093193    0.458134
 6
       4
     2     2     2     2
     0     1     1     1
 1.710E+00 1.625E+00 1.625E+00 1.625E+00
 0.000E+00 0.000E+00 0.000E+00 0.000E+00
 0.000E+00 0.000E+00 0.000E+00 0.000E+00
 0.000E+00 0.000E+00 0.000E+00 0.000E+00
      140.707610     -1.143844    0.449362
 6
       4
     2     2     2     2
     0     1     1     1
 1.710E+00 1.625E+00 1.625E+00 1.625E+00
 0.000E+00 0.000E+00 0.000E+00 0.000E+00
 0.000E+00 0.000E+00 0.000E+00 0.000E+00
 0.000E+00 0.000E+00 0.000E+00 0.000E+00
      141.990005     -2.826987    -1.216602
 6
       4
     2     2     2     2
     0     1     1     1
 1.710E+00 1.625E+00 1.625E+00 1.625E+00
 0.000E+00 0.000E+00 0.000E+00 0.000E+00
 0.000E+00 0.000E+00 0.000E+00 0.000E+00
 0.000E+00 0.000E+00 0.000E+00 0.000E+00
      142.191712     0.475585    1.920787
 6
       4
     2     2     2     2
     0     1     1     1
 1.710E+00 1.625E+00 1.625E+00 1.625E+00
 0.000E+00 0.000E+00 0.000E+00 0.000E+00
 0.000E+00 0.000E+00 0.000E+00 0.000E+00
 0.000E+00 0.000E+00 0.000E+00 0.000E+00
      144.840191     0.371537    1.757560
 6
       4
     2     2     2     2
     0     1     1     1
 1.710E+00 1.625E+00 1.625E+00 1.625E+00
 0.000E+00 0.000E+00 0.000E+00 0.000E+00
 0.000E+00 0.000E+00 0.000E+00 0.000E+00
 0.000E+00 0.000E+00 0.000E+00 0.000E+00
      144.577884     -2.874389    -1.388066
 6
       4
     2     2     2     2
     0     1     1     1
 1.710E+00 1.625E+00 1.625E+00 1.625E+00
 0.000E+00 0.000E+00 0.000E+00 0.000E+00
 0.000E+00 0.000E+00 0.000E+00 0.000E+00
 0.000E+00 0.000E+00 0.000E+00 0.000E+00
      146.010244     -1.368039    0.281906
# LCAO coefficients .. are not included.
         1
        1        0.000179967080914   k=         1
        2        0.001664680009009   k=         1
        3        0.001050759368678   k=         1
        4        -0.008040345476025   k=         1
        5        -0.001046880519043   k=         1
        6        -0.002705583268557   k=         1
        7        0.004871890219008   k=         1
        8        -0.008636380346079   k=         1
        9        0.000956443544999   k=         1
        10        0.000294753384961   k=         1
        11        0.004952174513186   k=         1
        12        -0.007080910684528   k=         1
        13        0.000354051472721   k=         1
        14        0.001205435652577   k=         1
        15        -0.000954537324768   k=         1
        16        0.002750660319024   k=         1
        17        -0.000006566087508   k=         1
        18        0.000165063551833   k=         1
        19        -0.002730635284233   k=         1
        20        0.009508512680030   k=         1
        21        -0.000094792921308   k=         1
        22        0.000391318266227   k=         1
        23        -0.001265624829955   k=         1
        24        0.002362004771516   k=         1
        25        -0.000440841980880   k=         1
        26        -0.003689710308178   k=         1
        27        0.005162260205900   k=         1
        28        0.019174555242873   k=         1
        29        0.000893837162393   k=         1
        30        0.000896387926067   k=         1
        31        0.001842848370160   k=         1
        32        0.011093980588787   k=         1
        33        -0.000125145058834   k=         1
        34        -0.001233634470211   k=         1
        35        -0.011027566201616   k=         1
        36        -0.029555132910609   k=         1
        37        -0.000162157370711   k=         1
        38        0.000633383091450   k=         1
        39        -0.003889075474880   k=         1
        40        -0.012767028731798   k=         1
        41        0.000267221914810   k=         1
        42        0.002777845850844   k=         1
        43        -0.003150821681477   k=         1
        44        -0.013074915394242   k=         1
        45        0.000755290235523   k=         1
        46        -0.000630701436346   k=         1
        47        0.005844504899019   k=         1
        48        0.026911961265364   k=         1
        49        -0.000572194188463   k=         1
        50        -0.005326939466800   k=         1
        51        0.002495092382877   k=         1
        52        0.021663313131430   k=         1
        53        0.000041533750964   k=         1
        54        -0.002319827488858   k=         1
        55        0.013354207366650   k=         1
        56        0.023802406731192   k=         1
        57        0.000668959112458   k=         1
        58        0.002472518922129   k=         1
        59        -0.026740401803231   k=         1
        60        -0.031369287681046   k=         1
        61        -0.000164177404378   k=         1
        62        0.000055201356673   k=         1
        63        -0.016045818429433   k=         1
        64        -0.023064727051918   k=         1
        65        -0.000243473216374   k=         1
        66        0.005441413186995   k=         1
        67        0.038192053620835   k=         1
        68        0.043069280439370   k=         1
        69        0.001677355245891   k=         1
        70        0.007727406754831   k=         1
        71        0.019615232484877   k=         1
        72        0.020995020607669   k=         1
        73        -0.000554495986582   k=         1
        74        0.004014491210614   k=         1
        75        0.020450815630926   k=         1
        76        0.020823886472196   k=         1
        77        0.000688831457920   k=         1
        78        -0.001916647870479   k=         1
        79        -0.026943372560761   k=         1
        80        -0.027809897012498   k=         1
        81        -0.000265332365454   k=         1
        82        -0.009887120480297   k=         1
        83        -0.023139021546302   k=         1
        84        -0.023300520653106   k=         1
        85        0.000048617803741   k=         1
        86        0.000887549858979   k=         1
        87        -0.029914265573141   k=         1
        88        -0.045585641758051   k=         1
        89        0.002512026527606   k=         1
        90        -0.001010834084466   k=         1
        91        0.015870639908271   k=         1
        92        0.040692092969327   k=         1
        93        -0.001786072257085   k=         1
        94        0.003833414304863   k=         1
        95        0.020002930988304   k=         1
        96        0.038015719671478   k=         1
        97        0.001535772533886   k=         1
        98        -0.001393985279440   k=         1
        99        -0.019989257592770   k=         1
        100        -0.060139151885019   k=         1
        101        0.000274762159383   k=         1
        102        -0.001156237918446   k=         1
        103        -0.007124476656727   k=         1
        104        -0.030958257519278   k=         1
        105        -0.000480586952839   k=         1
        106        0.002779864343670   k=         1
        107        -0.003552354816953   k=         1
        108        -0.036240403128409   k=         1
        109        0.001471137433983   k=         1
        110        -0.000150823163323   k=         1
        111        0.005492689829138   k=         1
        112        0.042607570963282   k=         1
        113        -0.001526171992828   k=         1
        114        0.000165313267868   k=         1
        115        0.010609461970438   k=         1
        116        0.040955269435106   k=         1
        117        -0.001272218852939   k=         1
        118        0.006829820836084   k=         1
        119        0.014644422369763   k=         1
        120        0.057133779587105   k=         1
        121        0.000445109208263   k=         1
        122        -0.008716028156977   k=         1
        123        -0.022997664116111   k=         1
        124        -0.059616154335691   k=         1
        125        -0.001044633325224   k=         1
        126        -0.004185606027661   k=         1
        127        -0.015255242738973   k=         1
        128        -0.048461642103062   k=         1
        129        -0.001792777452256   k=         1
        130        -0.003165415768989   k=         1
        131        0.031922015631827   k=         1
        132        0.073587579658912   k=         1
        133        -0.000535542792533   k=         1
        134        -0.016956063894564   k=         1
        135        0.019771791580495   k=         1
        136        0.040439561373800   k=         1
        137        0.000480344062484   k=         1
        138        -0.004539511070359   k=         1
        139        0.016283577323427   k=         1
        140        0.046874022947061   k=         1
        141        0.001952880052971   k=         1
        142        0.006241431008062   k=         1
        143        -0.018643487269651   k=         1
        144        -0.036578056470162   k=         1
        145        -0.002264126274412   k=         1
        146        0.016447404361628   k=         1
        147        -0.026209807337783   k=         1
        148        -0.042194812074922   k=         1
        149        0.000442295609182   k=         1
        150        0.001691841272911   k=         1
        151        -0.044413436703258   k=         1
        152        -0.067378242136638   k=         1
        153        -0.002172260543462   k=         1
        154        0.002514976125259   k=         1
        155        0.019059318496533   k=         1
        156        0.041256268396006   k=         1
        157        -0.001093230460728   k=         1
        158        0.000235219303620   k=         1
        159        0.000320936269404   k=         1
        160        0.000899108049496   k=         1
        161        -0.000975295244060   k=         1
        162        0.000808760284568   k=         1
        163        -0.002781094830046   k=         1
        164        -0.001479518526235   k=         1
        165        0.001199191695696   k=         1
        166        0.001000653155615   k=         1
        167        -0.002891229752635   k=         1
        168        -0.002695128556710   k=         1
        169        0.000220886955285   k=         1
        170        0.002240346761767   k=         1
        171        -0.001141068101333   k=         1
        172        -0.003442161844530   k=         1
        173        -0.000169966513439   k=         1
        174        0.000628577477916   k=         1
        175        0.001007247755462   k=         1
        176        0.003498667070607   k=         1
        177        0.002711240228511   k=         1
        178        -0.000252958717545   k=         1
        179        0.001045881450437   k=         1
        180        -0.002067565005518   k=         1
        181        0.002773515790761   k=         1
        182        -0.006724997354736   k=         1
        183        -0.025956609994891   k=         1
        184        0.001916025037596   k=         1
        185        0.001499447155892   k=         1
        186        0.001099756174442   k=         1
        187        0.000384670161865   k=         1
        188        0.031553373031144   k=         1
        189        0.051079980025886   k=         1
        190        -0.000235163909022   k=         1
        191        -0.001242431354226   k=         1
        192        -0.017091430470736   k=         1
        193        -0.049344616832883   k=         1
        194        0.000271937753518   k=         1
        195        -0.005926439061956   k=         1
        196        -0.008672910460074   k=         1
        197        -0.032727058640712   k=         1
        198        -0.001466876992909   k=         1
        199        -0.000363142828864   k=         1
        200        -0.013449859954908   k=         1
        201        -0.041795240988188   k=         1
        202        0.000328782721828   k=         1
        203        0.000238554073617   k=         1
        204        0.011335375448309   k=         1
        205        0.028821783637266   k=         1
        206        -0.001071218689479   k=         1
        207        0.002699880327325   k=         1
        208        0.010656758843593   k=         1
        209        0.025745381398642   k=         1
        210        0.000185639046158   k=         1
        211        -0.007089960552342   k=         1
        212        0.013468843700917   k=         1
        213        0.055280176574328   k=         1
        214        -0.000071540306984   k=         1
        215        -0.001306264120614   k=         1
        216        -0.006885611644407   k=         1
        217        -0.030162318785823   k=         1
        218        -0.000238807537997   k=         1
        219        0.001573252638144   k=         1
        220        -0.003608336293485   k=         1
        221        -0.011304291335147   k=         1
        222        0.000003552322856   k=         1
        223        0.001459047423649   k=         1
        224        -0.003330981088458   k=         1
        225        -0.009245467627150   k=         1
        226        -0.000237878680867   k=         1
        227        -0.002345156707078   k=         1
        228        0.005120280483546   k=         1
        229        0.021922770564755   k=         1
        230        -0.000587641246730   k=         1
        231        0.001095233071232   k=         1
        232        0.005926792525983   k=         1
        233        0.022518291979460   k=         1
        234        0.000386072416764   k=         1
        235        -0.002121543877934   k=         1
        236        0.008114627342356   k=         1
        237        0.026107657907930   k=         1
        238        -0.000461085977364   k=         1
        239        0.001156143245630   k=         1
        240        0.002042338154104   k=         1
        241        0.007393501557340   k=         1
        242        -0.000030524214011   k=         1
        243        -0.000142338178219   k=         1
        244        0.003380207385155   k=         1
        245        0.015222365964559   k=         1
        246        -0.000024481732724   k=         1
        247        0.000400165464984   k=         1
        248        -0.002074060337132   k=         1
        249        -0.006534825393519   k=         1
        250        0.000030428681919   k=         1
        251        -0.001535366422643   k=         1
        252        -0.003925040600663   k=         1
        253        -0.007096987525209   k=         1
        254        -0.000470703166597   k=         1
        255        -0.001284846893991   k=         1
        256        -0.003191230121509   k=         1
        257        -0.006306698178624   k=         1
        258        -0.000094318352239   k=         1
        259        0.000839952645481   k=         1
        260        0.001084484312905   k=         1
        261        0.002671985353702   k=         1
        262        -0.000029981297285   k=         1
        263        0.001005197352576   k=         1
        264        0.001371109078163   k=         1
        265        0.002577262482960   k=         1
        266        -0.000209480133859   k=         1
        267        -0.000826257163997   k=         1
        268        0.002825945162119   k=         1
        269        0.009295724180651   k=         1
        270        -0.000176927390923   k=         1
        271        0.000688042566389   k=         1
        272        -0.000553740239122   k=         1
        273        -0.001693769936369   k=         1
        274        -0.000104540526907   k=         1
        275        0.000361001403790   k=         1
        276        -0.001496499095787   k=         1
        277        -0.004901508778843   k=         1
        278        -0.000019423446569   k=         1
        279        0.000139219008856   k=         1
        280        0.000386846378410   k=         1
        281        0.001358312654028   k=         1
        282        -0.000037020976769   k=         1
        283        -0.000034139256056   k=         1
        284        0.000592189559566   k=         1
        285        0.002477466008232   k=         1
        286        -0.000013010676666   k=         1
        287        0.000114128553082   k=         1
        288        0.000542649923825   k=         1
        289        0.001814655758761   k=         1
        290        0.000065690837822   k=         1
        291        0.000093666689548   k=         1
        292        -0.000426226711622   k=         1
        293        -0.000645368629355   k=         1
        294        -0.000062209113943   k=         1
        295        -0.000001793026320   k=         1
        296        -0.000369508457606   k=         1
        297        -0.000815448415289   k=         1
        298        -0.000004400375541   k=         1
        299        0.000100249363060   k=         1
        300        -0.000771101966622   k=         1
        301        -0.002330661784958   k=         1
        302        0.000144201270118   k=         1
        303        0.000189523294895   k=         1
        304        -0.000230049286929   k=         1
        305        0.001435730581625   k=         1
        306        -0.000150503341483   k=         1
        307        0.000016624202498   k=         1
        308        0.000258734363785   k=         1
        309        0.001539583172808   k=         1
        310        -0.000017271413499   k=         1
        311        0.000165969072578   k=         1
        312        0.000507672238173   k=         1
        313        -0.002506711488136   k=         1
        314        0.000034640054306   k=         1
        315        -0.000133096419435   k=         1
        316        0.000331478056433   k=         1
        317        -0.001366120367591   k=         1
        318        -0.000032700023846   k=         1
        319        0.000091143003000   k=         1
        320        0.000297471076162   k=         1
        321        -0.001182390886518   k=         1
        322        -0.000064605126494   k=         1
        323        -0.000151843197612   k=         1
        324        -0.000527489548501   k=         1
        325        0.002316706731277   k=         1
        326        -0.000014461232181   k=         1
        327        0.000085213081230   k=         1
        328        -0.000322441010458   k=         1
        329        0.001469385128642   k=         1
        330        0.000025291523080   k=         1
        331        -0.000213860921451   k=         1
        332        -0.000617113405918   k=         1
        333        0.002375184502661   k=         1
        334        -0.000030704360773   k=         1
        335        0.000128629325540   k=         1
        336        0.001017164229631   k=         1
        337        -0.002871801883169   k=         1
        338        -0.000016867634459   k=         1
        339        -0.000213943814841   k=         1
        340        0.000755195286053   k=         1
        341        -0.002272964387249   k=         1
        342        0.000047747369790   k=         1
        343        0.000397542633661   k=         1
        344        -0.001552384150434   k=         1
        345        0.004171076846359   k=         1
        346        0.000058655255475   k=         1
        347        -0.000027833645734   k=         1
        348        -0.001316167824388   k=         1
        349        0.002260330941829   k=         1
        350        0.000049672620223   k=         1
        351        0.000040055482792   k=         1
        352        -0.000957913266535   k=         1
        353        0.002279028552986   k=         1
        354        0.000003874686868   k=         1
        355        0.000103121191871   k=         1
        356        0.000743005979029   k=         1
        357        -0.002419940036496   k=         1
        358        -0.000087470959109   k=         1
        359        0.000111663007457   k=         1
        360        0.001093910663707   k=         1
        361        -0.002460846741018   k=         1
        362        -0.000028216652489   k=         1
        363        0.000918494499915   k=         1
        364        0.001435693187430   k=         1
        365        -0.004057247245427   k=         1
        366        0.000064385096111   k=         1
        367        -0.000604790506218   k=         1
        368        -0.001276797740527   k=         1
        369        0.002231925023887   k=         1
        370        0.000577609558299   k=         1
        371        0.000591089573526   k=         1
        372        0.001610511043300   k=         1
        373        -0.002065397563124   k=         1
        374        -0.010593673826612   k=         1
        375        -0.041856187140945   k=         1
        376        0.000127299125796   k=         1
        377        0.001046520688241   k=         1
        378        0.000115240190703   k=         1
        379        0.000584236718313   k=         1
        380        0.000800372134957   k=         1
        381        0.000006747159815   k=         1
        382        0.000081739157130   k=         1
        383        -0.000031865240791   k=         1
        384        -0.000005713322640   k=         1
        385        -0.000038700459860   k=         1
        386        0.000001642180086   k=         1
        387        0.000053819096327   k=         1
        388        0.000026724484131   k=         1
        389        0.000036854948060   k=         1
        390        0.000055455878981   k=         1
        391        0.000136371511040   k=         1
        392        -0.000084391601052   k=         1
        393        -0.000207413335641   k=         1
        394        0.000065616503221   k=         1
        395        -0.000041566355381   k=         1
        396        -0.000066903592081   k=         1
        397        -0.000022724218926   k=         1
        398        0.000169026381359   k=         1
        399        0.000030348124026   k=         1
        400        -0.000119993809607   k=         1
        401        -0.001397940713950   k=         1
        402        0.003257911112713   k=         1
        403        0.000022423561410   k=         1
        404        -0.000142918219459   k=         1
        405        0.001407593376057   k=         1
        406        -0.001815150769150   k=         1
        407        0.000077606178231   k=         1
        408        -0.000315488450614   k=         1
        409        0.001526827325021   k=         1
        410        -0.001245012238823   k=         1
        411        -0.000107926347042   k=         1
        412        0.000087536952513   k=         1
        413        0.001777213589873   k=         1
        414        -0.001649749467653   k=         1
        415        0.000009449735898   k=         1
        416        -0.000054858613350   k=         1
        417        -0.000606131096764   k=         1
        418        0.000588136499271   k=         1
        419        -0.000056063299859   k=         1
        420        0.000085613629309   k=         1
        421        -0.000627069788036   k=         1
        422        0.000603090978651   k=         1
        423        0.000078207416012   k=         1
        424        -0.000222762990880   k=         1
        425        -0.001873721630994   k=         1
        426        0.001974760892013   k=         1
