# file_format= v0.04.05
       144       426
    188.97268778      0.00000000      0.00000000    0
      0.00000000    188.97268778      0.00000000    0
      0.00000000      0.00000000    188.97268778    0
 6
       4
     2     2     2     2
     0     1     1     1
 1.710E+00 1.625E+00 1.625E+00 1.625E+00
 0.000E+00 0.000E+00 0.000E+00 0.000E+00
 0.000E+00 0.000E+00 0.000E+00 0.000E+00
 0.000E+00 0.000E+00 0.000E+00 0.000E+00
      1.462158     -0.853655    -0.016922
 6
       4
     2     2     2     2
     0     1     1     1
 1.710E+00 1.625E+00 1.625E+00 1.625E+00
 0.000E+00 0.000E+00 0.000E+00 0.000E+00
 0.000E+00 0.000E+00 0.000E+00 0.000E+00
 0.000E+00 0.000E+00 0.000E+00 0.000E+00
      -0.460751     1.050665    0.529273
 6
       4
     2     2     2     2
     0     1     1     1
 1.710E+00 1.625E+00 1.625E+00 1.625E+00
 0.000E+00 0.000E+00 0.000E+00 0.000E+00
 0.000E+00 0.000E+00 0.000E+00 0.000E+00
 0.000E+00 0.000E+00 0.000E+00 0.000E+00
      0.465466     -3.354216    -0.682134
 6
       4
     2     2     2     2
     0     1     1     1
 1.710E+00 1.625E+00 1.625E+00 1.625E+00
 0.000E+00 0.000E+00 0.000E+00 0.000E+00
 0.000E+00 0.000E+00 0.000E+00 0.000E+00
 0.000E+00 0.000E+00 0.000E+00 0.000E+00
      -3.156447     0.386982    0.289355
 6
       4
     2     2     2     2
     0     1     1     1
 1.710E+00 1.625E+00 1.625E+00 1.625E+00
 0.000E+00 0.000E+00 0.000E+00 0.000E+00
 0.000E+00 0.000E+00 0.000E+00 0.000E+00
 0.000E+00 0.000E+00 0.000E+00 0.000E+00
      -4.051650     -2.062832    -0.490822
 6
       4
     2     2     2     2
     0     1     1     1
 1.710E+00 1.625E+00 1.625E+00 1.625E+00
 0.000E+00 0.000E+00 0.000E+00 0.000E+00
 0.000E+00 0.000E+00 0.000E+00 0.000E+00
 0.000E+00 0.000E+00 0.000E+00 0.000E+00
      -2.040010     -3.962389    -0.840645
 6
       4
     2     2     2     2
     0     1     1     1
 1.710E+00 1.625E+00 1.625E+00 1.625E+00
 0.000E+00 0.000E+00 0.000E+00 0.000E+00
 0.000E+00 0.000E+00 0.000E+00 0.000E+00
 0.000E+00 0.000E+00 0.000E+00 0.000E+00
      4.012153     -0.516961    -0.038305
 6
       4
     2     2     2     2
     0     1     1     1
 1.710E+00 1.625E+00 1.625E+00 1.625E+00
 0.000E+00 0.000E+00 0.000E+00 0.000E+00
 0.000E+00 0.000E+00 0.000E+00 0.000E+00
 0.000E+00 0.000E+00 0.000E+00 0.000E+00
      6.281685     -0.407646    -0.161292
 6
       4
     2     2     2     2
     0     1     1     1
 1.710E+00 1.625E+00 1.625E+00 1.625E+00
 0.000E+00 0.000E+00 0.000E+00 0.000E+00
 0.000E+00 0.000E+00 0.000E+00 0.000E+00
 0.000E+00 0.000E+00 0.000E+00 0.000E+00
      8.942306     -0.078940    -0.007071
 6
       4
     2     2     2     2
     0     1     1     1
 1.710E+00 1.625E+00 1.625E+00 1.625E+00
 0.000E+00 0.000E+00 0.000E+00 0.000E+00
 0.000E+00 0.000E+00 0.000E+00 0.000E+00
 0.000E+00 0.000E+00 0.000E+00 0.000E+00
      10.038884     2.397403    -0.145851
 6
       4
     2     2     2     2
     0     1     1     1
 1.710E+00 1.625E+00 1.625E+00 1.625E+00
 0.000E+00 0.000E+00 0.000E+00 0.000E+00
 0.000E+00 0.000E+00 0.000E+00 0.000E+00
 0.000E+00 0.000E+00 0.000E+00 0.000E+00
      10.659714     -2.064401    0.449541
 6
       4
     2     2     2     2
     0     1     1     1
 1.710E+00 1.625E+00 1.625E+00 1.625E+00
 0.000E+00 0.000E+00 0.000E+00 0.000E+00
 0.000E+00 0.000E+00 0.000E+00 0.000E+00
 0.000E+00 0.000E+00 0.000E+00 0.000E+00
      12.691840     2.783831    -0.057877
 6
       4
     2     2     2     2
     0     1     1     1
 1.710E+00 1.625E+00 1.625E+00 1.625E+00
 0.000E+00 0.000E+00 0.000E+00 0.000E+00
 0.000E+00 0.000E+00 0.000E+00 0.000E+00
 0.000E+00 0.000E+00 0.000E+00 0.000E+00
      13.290537     -1.621442    0.609140
 6
       4
     2     2     2     2
     0     1     1     1
 1.710E+00 1.625E+00 1.625E+00 1.625E+00
 0.000E+00 0.000E+00 0.000E+00 0.000E+00
 0.000E+00 0.000E+00 0.000E+00 0.000E+00
 0.000E+00 0.000E+00 0.000E+00 0.000E+00
      14.357119     0.741115    0.291347
 6
       4
     2     2     2     2
     0     1     1     1
 1.710E+00 1.625E+00 1.625E+00 1.625E+00
 0.000E+00 0.000E+00 0.000E+00 0.000E+00
 0.000E+00 0.000E+00 0.000E+00 0.000E+00
 0.000E+00 0.000E+00 0.000E+00 0.000E+00
      17.078017     0.935025    0.285853
 6
       4
     2     2     2     2
     0     1     1     1
 1.710E+00 1.625E+00 1.625E+00 1.625E+00
 0.000E+00 0.000E+00 0.000E+00 0.000E+00
 0.000E+00 0.000E+00 0.000E+00 0.000E+00
 0.000E+00 0.000E+00 0.000E+00 0.000E+00
      19.320619     1.305007    0.137512
 6
       4
     2     2     2     2
     0     1     1     1
 1.710E+00 1.625E+00 1.625E+00 1.625E+00
 0.000E+00 0.000E+00 0.000E+00 0.000E+00
 0.000E+00 0.000E+00 0.000E+00 0.000E+00
 0.000E+00 0.000E+00 0.000E+00 0.000E+00
      21.969843     1.234569    0.310471
 6
       4
     2     2     2     2
     0     1     1     1
 1.710E+00 1.625E+00 1.625E+00 1.625E+00
 0.000E+00 0.000E+00 0.000E+00 0.000E+00
 0.000E+00 0.000E+00 0.000E+00 0.000E+00
 0.000E+00 0.000E+00 0.000E+00 0.000E+00
      23.300155     -0.773013    1.603039
 6
       4
     2     2     2     2
     0     1     1     1
 1.710E+00 1.625E+00 1.625E+00 1.625E+00
 0.000E+00 0.000E+00 0.000E+00 0.000E+00
 0.000E+00 0.000E+00 0.000E+00 0.000E+00
 0.000E+00 0.000E+00 0.000E+00 0.000E+00
      23.446513     3.092161    -0.966954
 6
       4
     2     2     2     2
     0     1     1     1
 1.710E+00 1.625E+00 1.625E+00 1.625E+00
 0.000E+00 0.000E+00 0.000E+00 0.000E+00
 0.000E+00 0.000E+00 0.000E+00 0.000E+00
 0.000E+00 0.000E+00 0.000E+00 0.000E+00
      26.023146     2.933607    -1.056432
 6
       4
     2     2     2     2
     0     1     1     1
 1.710E+00 1.625E+00 1.625E+00 1.625E+00
 0.000E+00 0.000E+00 0.000E+00 0.000E+00
 0.000E+00 0.000E+00 0.000E+00 0.000E+00
 0.000E+00 0.000E+00 0.000E+00 0.000E+00
      25.843870     -0.963144    1.341645
 6
       4
     2     2     2     2
     0     1     1     1
 1.710E+00 1.625E+00 1.625E+00 1.625E+00
 0.000E+00 0.000E+00 0.000E+00 0.000E+00
 0.000E+00 0.000E+00 0.000E+00 0.000E+00
 0.000E+00 0.000E+00 0.000E+00 0.000E+00
      27.416360     0.865786    0.065366
 6
       4
     2     2     2     2
     0     1     1     1
 1.710E+00 1.625E+00 1.625E+00 1.625E+00
 0.000E+00 0.000E+00 0.000E+00 0.000E+00
 0.000E+00 0.000E+00 0.000E+00 0.000E+00
 0.000E+00 0.000E+00 0.000E+00 0.000E+00
      30.017978     0.548227    -0.123858
 6
       4
     2     2     2     2
     0     1     1     1
 1.710E+00 1.625E+00 1.625E+00 1.625E+00
 0.000E+00 0.000E+00 0.000E+00 0.000E+00
 0.000E+00 0.000E+00 0.000E+00 0.000E+00
 0.000E+00 0.000E+00 0.000E+00 0.000E+00
      32.341817     0.378956    -0.324453
 6
       4
     2     2     2     2
     0     1     1     1
 1.710E+00 1.625E+00 1.625E+00 1.625E+00
 0.000E+00 0.000E+00 0.000E+00 0.000E+00
 0.000E+00 0.000E+00 0.000E+00 0.000E+00
 0.000E+00 0.000E+00 0.000E+00 0.000E+00
      34.960724     0.094106    -0.261357
 6
       4
     2     2     2     2
     0     1     1     1
 1.710E+00 1.625E+00 1.625E+00 1.625E+00
 0.000E+00 0.000E+00 0.000E+00 0.000E+00
 0.000E+00 0.000E+00 0.000E+00 0.000E+00
 0.000E+00 0.000E+00 0.000E+00 0.000E+00
      36.242136     -2.227875    0.466755
 6
       4
     2     2     2     2
     0     1     1     1
 1.710E+00 1.625E+00 1.625E+00 1.625E+00
 0.000E+00 0.000E+00 0.000E+00 0.000E+00
 0.000E+00 0.000E+00 0.000E+00 0.000E+00
 0.000E+00 0.000E+00 0.000E+00 0.000E+00
      36.697795     2.058824    -1.104220
 6
       4
     2     2     2     2
     0     1     1     1
 1.710E+00 1.625E+00 1.625E+00 1.625E+00
 0.000E+00 0.000E+00 0.000E+00 0.000E+00
 0.000E+00 0.000E+00 0.000E+00 0.000E+00
 0.000E+00 0.000E+00 0.000E+00 0.000E+00
      39.318017     1.685416    -0.978910
 6
       4
     2     2     2     2
     0     1     1     1
 1.710E+00 1.625E+00 1.625E+00 1.625E+00
 0.000E+00 0.000E+00 0.000E+00 0.000E+00
 0.000E+00 0.000E+00 0.000E+00 0.000E+00
 0.000E+00 0.000E+00 0.000E+00 0.000E+00
      38.786063     -2.560630    0.535010
 6
       4
     2     2     2     2
     0     1     1     1
 1.710E+00 1.625E+00 1.625E+00 1.625E+00
 0.000E+00 0.000E+00 0.000E+00 0.000E+00
 0.000E+00 0.000E+00 0.000E+00 0.000E+00
 0.000E+00 0.000E+00 0.000E+00 0.000E+00
      40.549030     -0.618222    -0.087763
 6
       4
     2     2     2     2
     0     1     1     1
 1.710E+00 1.625E+00 1.625E+00 1.625E+00
 0.000E+00 0.000E+00 0.000E+00 0.000E+00
 0.000E+00 0.000E+00 0.000E+00 0.000E+00
 0.000E+00 0.000E+00 0.000E+00 0.000E+00
      43.238826     -0.604338    0.043887
 6
       4
     2     2     2     2
     0     1     1     1
 1.710E+00 1.625E+00 1.625E+00 1.625E+00
 0.000E+00 0.000E+00 0.000E+00 0.000E+00
 0.000E+00 0.000E+00 0.000E+00 0.000E+00
 0.000E+00 0.000E+00 0.000E+00 0.000E+00
      45.537474     -0.526661    -0.090335
 6
       4
     2     2     2     2
     0     1     1     1
 1.710E+00 1.625E+00 1.625E+00 1.625E+00
 0.000E+00 0.000E+00 0.000E+00 0.000E+00
 0.000E+00 0.000E+00 0.000E+00 0.000E+00
 0.000E+00 0.000E+00 0.000E+00 0.000E+00
      48.276794     -0.331745    -0.297726
 6
       4
     2     2     2     2
     0     1     1     1
 1.710E+00 1.625E+00 1.625E+00 1.625E+00
 0.000E+00 0.000E+00 0.000E+00 0.000E+00
 0.000E+00 0.000E+00 0.000E+00 0.000E+00
 0.000E+00 0.000E+00 0.000E+00 0.000E+00
      49.861488     -2.333256    0.559166
 6
       4
     2     2     2     2
     0     1     1     1
 1.710E+00 1.625E+00 1.625E+00 1.625E+00
 0.000E+00 0.000E+00 0.000E+00 0.000E+00
 0.000E+00 0.000E+00 0.000E+00 0.000E+00
 0.000E+00 0.000E+00 0.000E+00 0.000E+00
      49.782418     1.662755    -1.423833
 6
       4
     2     2     2     2
     0     1     1     1
 1.710E+00 1.625E+00 1.625E+00 1.625E+00
 0.000E+00 0.000E+00 0.000E+00 0.000E+00
 0.000E+00 0.000E+00 0.000E+00 0.000E+00
 0.000E+00 0.000E+00 0.000E+00 0.000E+00
      52.334313     1.579843    -1.703401
 6
       4
     2     2     2     2
     0     1     1     1
 1.710E+00 1.625E+00 1.625E+00 1.625E+00
 0.000E+00 0.000E+00 0.000E+00 0.000E+00
 0.000E+00 0.000E+00 0.000E+00 0.000E+00
 0.000E+00 0.000E+00 0.000E+00 0.000E+00
      52.479805     -2.306031    0.544150
 6
       4
     2     2     2     2
     0     1     1     1
 1.710E+00 1.625E+00 1.625E+00 1.625E+00
 0.000E+00 0.000E+00 0.000E+00 0.000E+00
 0.000E+00 0.000E+00 0.000E+00 0.000E+00
 0.000E+00 0.000E+00 0.000E+00 0.000E+00
      53.884008     -0.308828    -0.509674
 6
       4
     2     2     2     2
     0     1     1     1
 1.710E+00 1.625E+00 1.625E+00 1.625E+00
 0.000E+00 0.000E+00 0.000E+00 0.000E+00
 0.000E+00 0.000E+00 0.000E+00 0.000E+00
 0.000E+00 0.000E+00 0.000E+00 0.000E+00
      56.662988     -0.131088    -0.572154
 1
       1
     1
     0
 1.300E+00
 0.000E+00
 0.000E+00
 0.000E+00
      -4.553238     2.090271    0.675142
 1
       1
     1
     0
 1.300E+00
 0.000E+00
 0.000E+00
 0.000E+00
      0.383905     2.897978    1.197332
 1
       1
     1
     0
 1.300E+00
 0.000E+00
 0.000E+00
 0.000E+00
      -6.080312     -2.329777    -0.506061
 1
       1
     1
     0
 1.300E+00
 0.000E+00
 0.000E+00
 0.000E+00
      -2.950941     -5.951152    -1.282077
 1
       1
     1
     0
 1.300E+00
 0.000E+00
 0.000E+00
 0.000E+00
      2.028375     -4.746094    -1.103437
 1
       1
     1
     0
 1.300E+00
 0.000E+00
 0.000E+00
 0.000E+00
      8.810606     4.112155    -0.321286
 1
       1
     1
     0
 1.300E+00
 0.000E+00
 0.000E+00
 0.000E+00
      9.901367     -4.137198    0.653737
 1
       1
     1
     0
 1.300E+00
 0.000E+00
 0.000E+00
 0.000E+00
      13.247888     4.803933    -0.388490
 1
       1
     1
     0
 1.300E+00
 0.000E+00
 0.000E+00
 0.000E+00
      14.568742     -3.380007    1.058910
 1
       1
     1
     0
 1.300E+00
 0.000E+00
 0.000E+00
 0.000E+00
      22.505661     4.703732    -2.060317
 1
       1
     1
     0
 1.300E+00
 0.000E+00
 0.000E+00
 0.000E+00
      27.071409     4.606332    -2.153726
 1
       1
     1
     0
 1.300E+00
 0.000E+00
 0.000E+00
 0.000E+00
      22.250609     -2.268079    2.815408
 1
       1
     1
     0
 1.300E+00
 0.000E+00
 0.000E+00
 0.000E+00
      26.764465     -2.787406    2.134495
 1
       1
     1
     0
 1.300E+00
 0.000E+00
 0.000E+00
 0.000E+00
      35.971728     3.946113    -1.961832
 1
       1
     1
     0
 1.300E+00
 0.000E+00
 0.000E+00
 0.000E+00
      34.918489     -3.823356    1.047581
 1
       1
     1
     0
 1.300E+00
 0.000E+00
 0.000E+00
 0.000E+00
      40.538270     3.279070    -1.691919
 1
       1
     1
     0
 1.300E+00
 0.000E+00
 0.000E+00
 0.000E+00
      39.606684     -4.492039    0.962882
 1
       1
     1
     0
 1.300E+00
 0.000E+00
 0.000E+00
 0.000E+00
      48.706686     3.343435    -2.136564
 1
       1
     1
     0
 1.300E+00
 0.000E+00
 0.000E+00
 0.000E+00
      48.907148     -4.010375    1.478548
 1
       1
     1
     0
 1.300E+00
 0.000E+00
 0.000E+00
 0.000E+00
      53.460662     2.927221    -2.866741
 1
       1
     1
     0
 1.300E+00
 0.000E+00
 0.000E+00
 0.000E+00
      53.549745     -3.999790    1.410575
 1
       1
     1
     0
 1.300E+00
 0.000E+00
 0.000E+00
 0.000E+00
      61.730598     4.417002    -1.440572
 1
       1
     1
     0
 1.300E+00
 0.000E+00
 0.000E+00
 0.000E+00
      61.846398     -3.332394    1.111648
 6
       4
     2     2     2     2
     0     1     1     1
 1.710E+00 1.625E+00 1.625E+00 1.625E+00
 0.000E+00 0.000E+00 0.000E+00 0.000E+00
 0.000E+00 0.000E+00 0.000E+00 0.000E+00
 0.000E+00 0.000E+00 0.000E+00 0.000E+00
      69.748265     0.603701    -0.275514
 1
       1
     1
     0
 1.300E+00
 0.000E+00
 0.000E+00
 0.000E+00
      66.527495     4.682595    -1.542752
 1
       1
     1
     0
 1.300E+00
 0.000E+00
 0.000E+00
 0.000E+00
      66.936893     -3.285034    0.697623
 6
       4
     2     2     2     2
     0     1     1     1
 1.710E+00 1.625E+00 1.625E+00 1.625E+00
 0.000E+00 0.000E+00 0.000E+00 0.000E+00
 0.000E+00 0.000E+00 0.000E+00 0.000E+00
 0.000E+00 0.000E+00 0.000E+00 0.000E+00
      58.893760     0.229543    -0.255944
 6
       4
     2     2     2     2
     0     1     1     1
 1.710E+00 1.625E+00 1.625E+00 1.625E+00
 0.000E+00 0.000E+00 0.000E+00 0.000E+00
 0.000E+00 0.000E+00 0.000E+00 0.000E+00
 0.000E+00 0.000E+00 0.000E+00 0.000E+00
      61.581559     0.495271    -0.215091
 6
       4
     2     2     2     2
     0     1     1     1
 1.710E+00 1.625E+00 1.625E+00 1.625E+00
 0.000E+00 0.000E+00 0.000E+00 0.000E+00
 0.000E+00 0.000E+00 0.000E+00 0.000E+00
 0.000E+00 0.000E+00 0.000E+00 0.000E+00
      63.164938     -1.685231    0.470506
 6
       4
     2     2     2     2
     0     1     1     1
 1.710E+00 1.625E+00 1.625E+00 1.625E+00
 0.000E+00 0.000E+00 0.000E+00 0.000E+00
 0.000E+00 0.000E+00 0.000E+00 0.000E+00
 0.000E+00 0.000E+00 0.000E+00 0.000E+00
      62.873391     2.690097    -0.900386
 6
       4
     2     2     2     2
     0     1     1     1
 1.710E+00 1.625E+00 1.625E+00 1.625E+00
 0.000E+00 0.000E+00 0.000E+00 0.000E+00
 0.000E+00 0.000E+00 0.000E+00 0.000E+00
 0.000E+00 0.000E+00 0.000E+00 0.000E+00
      65.551641     2.765705    -0.962609
 6
       4
     2     2     2     2
     0     1     1     1
 1.710E+00 1.625E+00 1.625E+00 1.625E+00
 0.000E+00 0.000E+00 0.000E+00 0.000E+00
 0.000E+00 0.000E+00 0.000E+00 0.000E+00
 0.000E+00 0.000E+00 0.000E+00 0.000E+00
      65.615521     -1.581990    0.412729
 6
       4
     2     2     2     2
     0     1     1     1
 1.710E+00 1.625E+00 1.625E+00 1.625E+00
 0.000E+00 0.000E+00 0.000E+00 0.000E+00
 0.000E+00 0.000E+00 0.000E+00 0.000E+00
 0.000E+00 0.000E+00 0.000E+00 0.000E+00
      67.087784     0.754634    -0.229713
 6
       4
     2     2     2     2
     0     1     1     1
 1.710E+00 1.625E+00 1.625E+00 1.625E+00
 0.000E+00 0.000E+00 0.000E+00 0.000E+00
 0.000E+00 0.000E+00 0.000E+00 0.000E+00
 0.000E+00 0.000E+00 0.000E+00 0.000E+00
      80.145921     -0.044023    0.772057
 6
       4
     2     2     2     2
     0     1     1     1
 1.710E+00 1.625E+00 1.625E+00 1.625E+00
 0.000E+00 0.000E+00 0.000E+00 0.000E+00
 0.000E+00 0.000E+00 0.000E+00 0.000E+00
 0.000E+00 0.000E+00 0.000E+00 0.000E+00
      78.750816     2.311016    0.502495
 6
       4
     2     2     2     2
     0     1     1     1
 1.710E+00 1.625E+00 1.625E+00 1.625E+00
 0.000E+00 0.000E+00 0.000E+00 0.000E+00
 0.000E+00 0.000E+00 0.000E+00 0.000E+00
 0.000E+00 0.000E+00 0.000E+00 0.000E+00
      78.715402     -2.316585    1.005249
 6
       4
     2     2     2     2
     0     1     1     1
 1.710E+00 1.625E+00 1.625E+00 1.625E+00
 0.000E+00 0.000E+00 0.000E+00 0.000E+00
 0.000E+00 0.000E+00 0.000E+00 0.000E+00
 0.000E+00 0.000E+00 0.000E+00 0.000E+00
      76.153346     2.246038    0.228292
 6
       4
     2     2     2     2
     0     1     1     1
 1.710E+00 1.625E+00 1.625E+00 1.625E+00
 0.000E+00 0.000E+00 0.000E+00 0.000E+00
 0.000E+00 0.000E+00 0.000E+00 0.000E+00
 0.000E+00 0.000E+00 0.000E+00 0.000E+00
      74.673237     -0.073452    0.256139
 6
       4
     2     2     2     2
     0     1     1     1
 1.710E+00 1.625E+00 1.625E+00 1.625E+00
 0.000E+00 0.000E+00 0.000E+00 0.000E+00
 0.000E+00 0.000E+00 0.000E+00 0.000E+00
 0.000E+00 0.000E+00 0.000E+00 0.000E+00
      76.079473     -2.324484    0.677369
 6
       4
     2     2     2     2
     0     1     1     1
 1.710E+00 1.625E+00 1.625E+00 1.625E+00
 0.000E+00 0.000E+00 0.000E+00 0.000E+00
 0.000E+00 0.000E+00 0.000E+00 0.000E+00
 0.000E+00 0.000E+00 0.000E+00 0.000E+00
      82.856708     -0.020007    0.535170
 6
       4
     2     2     2     2
     0     1     1     1
 1.710E+00 1.625E+00 1.625E+00 1.625E+00
 0.000E+00 0.000E+00 0.000E+00 0.000E+00
 0.000E+00 0.000E+00 0.000E+00 0.000E+00
 0.000E+00 0.000E+00 0.000E+00 0.000E+00
      85.125205     -0.162008    0.340455
 6
       4
     2     2     2     2
     0     1     1     1
 1.710E+00 1.625E+00 1.625E+00 1.625E+00
 0.000E+00 0.000E+00 0.000E+00 0.000E+00
 0.000E+00 0.000E+00 0.000E+00 0.000E+00
 0.000E+00 0.000E+00 0.000E+00 0.000E+00
      87.832038     -0.102680    0.181211
 6
       4
     2     2     2     2
     0     1     1     1
 1.710E+00 1.625E+00 1.625E+00 1.625E+00
 0.000E+00 0.000E+00 0.000E+00 0.000E+00
 0.000E+00 0.000E+00 0.000E+00 0.000E+00
 0.000E+00 0.000E+00 0.000E+00 0.000E+00
      89.230017     2.210584    -0.406442
 6
       4
     2     2     2     2
     0     1     1     1
 1.710E+00 1.625E+00 1.625E+00 1.625E+00
 0.000E+00 0.000E+00 0.000E+00 0.000E+00
 0.000E+00 0.000E+00 0.000E+00 0.000E+00
 0.000E+00 0.000E+00 0.000E+00 0.000E+00
      89.372262     -2.231910    0.795905
 6
       4
     2     2     2     2
     0     1     1     1
 1.710E+00 1.625E+00 1.625E+00 1.625E+00
 0.000E+00 0.000E+00 0.000E+00 0.000E+00
 0.000E+00 0.000E+00 0.000E+00 0.000E+00
 0.000E+00 0.000E+00 0.000E+00 0.000E+00
      91.777305     2.332266    -0.440435
 6
       4
     2     2     2     2
     0     1     1     1
 1.710E+00 1.625E+00 1.625E+00 1.625E+00
 0.000E+00 0.000E+00 0.000E+00 0.000E+00
 0.000E+00 0.000E+00 0.000E+00 0.000E+00
 0.000E+00 0.000E+00 0.000E+00 0.000E+00
      91.953456     -2.180443    0.611591
 6
       4
     2     2     2     2
     0     1     1     1
 1.710E+00 1.625E+00 1.625E+00 1.625E+00
 0.000E+00 0.000E+00 0.000E+00 0.000E+00
 0.000E+00 0.000E+00 0.000E+00 0.000E+00
 0.000E+00 0.000E+00 0.000E+00 0.000E+00
      93.329360     0.078528    -0.026590
 6
       4
     2     2     2     2
     0     1     1     1
 1.710E+00 1.625E+00 1.625E+00 1.625E+00
 0.000E+00 0.000E+00 0.000E+00 0.000E+00
 0.000E+00 0.000E+00 0.000E+00 0.000E+00
 0.000E+00 0.000E+00 0.000E+00 0.000E+00
      96.001538     0.113338    -0.257579
 6
       4
     2     2     2     2
     0     1     1     1
 1.710E+00 1.625E+00 1.625E+00 1.625E+00
 0.000E+00 0.000E+00 0.000E+00 0.000E+00
 0.000E+00 0.000E+00 0.000E+00 0.000E+00
 0.000E+00 0.000E+00 0.000E+00 0.000E+00
      98.258455     0.546265    -0.268335
 6
       4
     2     2     2     2
     0     1     1     1
 1.710E+00 1.625E+00 1.625E+00 1.625E+00
 0.000E+00 0.000E+00 0.000E+00 0.000E+00
 0.000E+00 0.000E+00 0.000E+00 0.000E+00
 0.000E+00 0.000E+00 0.000E+00 0.000E+00
      100.901360     0.925714    -0.047281
 6
       4
     2     2     2     2
     0     1     1     1
 1.710E+00 1.625E+00 1.625E+00 1.625E+00
 0.000E+00 0.000E+00 0.000E+00 0.000E+00
 0.000E+00 0.000E+00 0.000E+00 0.000E+00
 0.000E+00 0.000E+00 0.000E+00 0.000E+00
      102.489531     -1.174803    0.715575
 6
       4
     2     2     2     2
     0     1     1     1
 1.710E+00 1.625E+00 1.625E+00 1.625E+00
 0.000E+00 0.000E+00 0.000E+00 0.000E+00
 0.000E+00 0.000E+00 0.000E+00 0.000E+00
 0.000E+00 0.000E+00 0.000E+00 0.000E+00
      102.232800     3.257682    -0.606942
 6
       4
     2     2     2     2
     0     1     1     1
 1.710E+00 1.625E+00 1.625E+00 1.625E+00
 0.000E+00 0.000E+00 0.000E+00 0.000E+00
 0.000E+00 0.000E+00 0.000E+00 0.000E+00
 0.000E+00 0.000E+00 0.000E+00 0.000E+00
      104.796709     3.480773    -0.505749
 6
       4
     2     2     2     2
     0     1     1     1
 1.710E+00 1.625E+00 1.625E+00 1.625E+00
 0.000E+00 0.000E+00 0.000E+00 0.000E+00
 0.000E+00 0.000E+00 0.000E+00 0.000E+00
 0.000E+00 0.000E+00 0.000E+00 0.000E+00
      105.062106     -0.835372    1.043531
 6
       4
     2     2     2     2
     0     1     1     1
 1.710E+00 1.625E+00 1.625E+00 1.625E+00
 0.000E+00 0.000E+00 0.000E+00 0.000E+00
 0.000E+00 0.000E+00 0.000E+00 0.000E+00
 0.000E+00 0.000E+00 0.000E+00 0.000E+00
      106.368107     1.462816    0.258964
 6
       4
     2     2     2     2
     0     1     1     1
 1.710E+00 1.625E+00 1.625E+00 1.625E+00
 0.000E+00 0.000E+00 0.000E+00 0.000E+00
 0.000E+00 0.000E+00 0.000E+00 0.000E+00
 0.000E+00 0.000E+00 0.000E+00 0.000E+00
      109.083437     1.343722    0.241624
 6
       4
     2     2     2     2
     0     1     1     1
 1.710E+00 1.625E+00 1.625E+00 1.625E+00
 0.000E+00 0.000E+00 0.000E+00 0.000E+00
 0.000E+00 0.000E+00 0.000E+00 0.000E+00
 0.000E+00 0.000E+00 0.000E+00 0.000E+00
      111.321711     0.835104    0.102777
 6
       4
     2     2     2     2
     0     1     1     1
 1.710E+00 1.625E+00 1.625E+00 1.625E+00
 0.000E+00 0.000E+00 0.000E+00 0.000E+00
 0.000E+00 0.000E+00 0.000E+00 0.000E+00
 0.000E+00 0.000E+00 0.000E+00 0.000E+00
      113.974599     0.625297    -0.082829
 6
       4
     2     2     2     2
     0     1     1     1
 1.710E+00 1.625E+00 1.625E+00 1.625E+00
 0.000E+00 0.000E+00 0.000E+00 0.000E+00
 0.000E+00 0.000E+00 0.000E+00 0.000E+00
 0.000E+00 0.000E+00 0.000E+00 0.000E+00
      115.299953     -1.664127    -0.717372
 6
       4
     2     2     2     2
     0     1     1     1
 1.710E+00 1.625E+00 1.625E+00 1.625E+00
 0.000E+00 0.000E+00 0.000E+00 0.000E+00
 0.000E+00 0.000E+00 0.000E+00 0.000E+00
 0.000E+00 0.000E+00 0.000E+00 0.000E+00
      115.553229     2.790084    0.427076
 6
       4
     2     2     2     2
     0     1     1     1
 1.710E+00 1.625E+00 1.625E+00 1.625E+00
 0.000E+00 0.000E+00 0.000E+00 0.000E+00
 0.000E+00 0.000E+00 0.000E+00 0.000E+00
 0.000E+00 0.000E+00 0.000E+00 0.000E+00
      118.187275     2.696552    0.333414
 6
       4
     2     2     2     2
     0     1     1     1
 1.710E+00 1.625E+00 1.625E+00 1.625E+00
 0.000E+00 0.000E+00 0.000E+00 0.000E+00
 0.000E+00 0.000E+00 0.000E+00 0.000E+00
 0.000E+00 0.000E+00 0.000E+00 0.000E+00
      117.974596     -1.731881    -0.885308
 6
       4
     2     2     2     2
     0     1     1     1
 1.710E+00 1.625E+00 1.625E+00 1.625E+00
 0.000E+00 0.000E+00 0.000E+00 0.000E+00
 0.000E+00 0.000E+00 0.000E+00 0.000E+00
 0.000E+00 0.000E+00 0.000E+00 0.000E+00
      119.424943     0.425358    -0.416758
 6
       4
     2     2     2     2
     0     1     1     1
 1.710E+00 1.625E+00 1.625E+00 1.625E+00
 0.000E+00 0.000E+00 0.000E+00 0.000E+00
 0.000E+00 0.000E+00 0.000E+00 0.000E+00
 0.000E+00 0.000E+00 0.000E+00 0.000E+00
      122.176834     0.345882    -0.399288
 6
       4
     2     2     2     2
     0     1     1     1
 1.710E+00 1.625E+00 1.625E+00 1.625E+00
 0.000E+00 0.000E+00 0.000E+00 0.000E+00
 0.000E+00 0.000E+00 0.000E+00 0.000E+00
 0.000E+00 0.000E+00 0.000E+00 0.000E+00
      124.421815     0.495749    -0.091478
 6
       4
     2     2     2     2
     0     1     1     1
 1.710E+00 1.625E+00 1.625E+00 1.625E+00
 0.000E+00 0.000E+00 0.000E+00 0.000E+00
 0.000E+00 0.000E+00 0.000E+00 0.000E+00
 0.000E+00 0.000E+00 0.000E+00 0.000E+00
      127.171380     0.260312    0.089388
 6
       4
     2     2     2     2
     0     1     1     1
 1.710E+00 1.625E+00 1.625E+00 1.625E+00
 0.000E+00 0.000E+00 0.000E+00 0.000E+00
 0.000E+00 0.000E+00 0.000E+00 0.000E+00
 0.000E+00 0.000E+00 0.000E+00 0.000E+00
      128.345975     -2.107250    -0.591930
 6
       4
     2     2     2     2
     0     1     1     1
 1.710E+00 1.625E+00 1.625E+00 1.625E+00
 0.000E+00 0.000E+00 0.000E+00 0.000E+00
 0.000E+00 0.000E+00 0.000E+00 0.000E+00
 0.000E+00 0.000E+00 0.000E+00 0.000E+00
      128.767456     2.250872    0.968749
 6
       4
     2     2     2     2
     0     1     1     1
 1.710E+00 1.625E+00 1.625E+00 1.625E+00
 0.000E+00 0.000E+00 0.000E+00 0.000E+00
 0.000E+00 0.000E+00 0.000E+00 0.000E+00
 0.000E+00 0.000E+00 0.000E+00 0.000E+00
      131.390562     1.937058    1.051086
 6
       4
     2     2     2     2
     0     1     1     1
 1.710E+00 1.625E+00 1.625E+00 1.625E+00
 0.000E+00 0.000E+00 0.000E+00 0.000E+00
 0.000E+00 0.000E+00 0.000E+00 0.000E+00
 0.000E+00 0.000E+00 0.000E+00 0.000E+00
      130.949985     -2.396129    -0.417070
 6
       4
     2     2     2     2
     0     1     1     1
 1.710E+00 1.625E+00 1.625E+00 1.625E+00
 0.000E+00 0.000E+00 0.000E+00 0.000E+00
 0.000E+00 0.000E+00 0.000E+00 0.000E+00
 0.000E+00 0.000E+00 0.000E+00 0.000E+00
      132.573090     -0.339843    0.266608
 6
       4
     2     2     2     2
     0     1     1     1
 1.710E+00 1.625E+00 1.625E+00 1.625E+00
 0.000E+00 0.000E+00 0.000E+00 0.000E+00
 0.000E+00 0.000E+00 0.000E+00 0.000E+00
 0.000E+00 0.000E+00 0.000E+00 0.000E+00
      135.215074     -0.673587    0.280528
 1
       1
     1
     0
 1.300E+00
 0.000E+00
 0.000E+00
 0.000E+00
      75.176303     4.231575    -0.149600
 1
       1
     1
     0
 1.300E+00
 0.000E+00
 0.000E+00
 0.000E+00
      79.789214     4.186189    0.553100
 6
       4
     2     2     2     2
     0     1     1     1
 1.710E+00 1.625E+00 1.625E+00 1.625E+00
 0.000E+00 0.000E+00 0.000E+00 0.000E+00
 0.000E+00 0.000E+00 0.000E+00 0.000E+00
 0.000E+00 0.000E+00 0.000E+00 0.000E+00
      72.008196     0.148674    -0.017641
 1
       1
     1
     0
 1.300E+00
 0.000E+00
 0.000E+00
 0.000E+00
      74.899507     -4.158943    0.898075
 1
       1
     1
     0
 1.300E+00
 0.000E+00
 0.000E+00
 0.000E+00
      79.718036     -4.176795    1.182020
 1
       1
     1
     0
 1.300E+00
 0.000E+00
 0.000E+00
 0.000E+00
      88.007788     4.028610    -0.971177
 1
       1
     1
     0
 1.300E+00
 0.000E+00
 0.000E+00
 0.000E+00
      88.335200     -4.076477    1.309423
 1
       1
     1
     0
 1.300E+00
 0.000E+00
 0.000E+00
 0.000E+00
      92.754224     4.178804    -1.103237
 1
       1
     1
     0
 1.300E+00
 0.000E+00
 0.000E+00
 0.000E+00
      93.062684     -4.075942    0.723576
 1
       1
     1
     0
 1.300E+00
 0.000E+00
 0.000E+00
 0.000E+00
      100.863259     4.825124    -1.342318
 1
       1
     1
     0
 1.300E+00
 0.000E+00
 0.000E+00
 0.000E+00
      105.794236     5.302259    -1.067073
 1
       1
     1
     0
 1.300E+00
 0.000E+00
 0.000E+00
 0.000E+00
      101.564805     -3.045864    1.087345
 1
       1
     1
     0
 1.300E+00
 0.000E+00
 0.000E+00
 0.000E+00
      106.258652     -2.466552    1.672731
 1
       1
     1
     0
 1.300E+00
 0.000E+00
 0.000E+00
 0.000E+00
      114.556575     4.572126    1.176336
 1
       1
     1
     0
 1.300E+00
 0.000E+00
 0.000E+00
 0.000E+00
      114.318231     -3.481922    -1.027831
 1
       1
     1
     0
 1.300E+00
 0.000E+00
 0.000E+00
 0.000E+00
      119.468588     4.404794    0.841756
 1
       1
     1
     0
 1.300E+00
 0.000E+00
 0.000E+00
 0.000E+00
      118.855722     -3.603369    -1.219873
 1
       1
     1
     0
 1.300E+00
 0.000E+00
 0.000E+00
 0.000E+00
      127.913252     4.192508    1.600173
 1
       1
     1
     0
 1.300E+00
 0.000E+00
 0.000E+00
 0.000E+00
      126.928802     -3.684229    -1.039669
 1
       1
     1
     0
 1.300E+00
 0.000E+00
 0.000E+00
 0.000E+00
      132.418210     3.700667    1.825579
 1
       1
     1
     0
 1.300E+00
 0.000E+00
 0.000E+00
 0.000E+00
      131.800462     -4.308303    -0.848814
 1
       1
     1
     0
 1.300E+00
 0.000E+00
 0.000E+00
 0.000E+00
      140.484373     1.937202    2.980344
 1
       1
     1
     0
 1.300E+00
 0.000E+00
 0.000E+00
 0.000E+00
      140.776884     -5.037095    -1.926689
 1
       1
     1
     0
 1.300E+00
 0.000E+00
 0.000E+00
 0.000E+00
      147.982894     -1.324602    0.299711
 1
       1
     1
     0
 1.300E+00
 0.000E+00
 0.000E+00
 0.000E+00
      145.069587     2.054523    2.858146
 1
       1
     1
     0
 1.300E+00
 0.000E+00
 0.000E+00
 0.000E+00
      145.021533     -4.959208    -2.161410
 6
       4
     2     2     2     2
     0     1     1     1
 1.710E+00 1.625E+00 1.625E+00 1.625E+00
 0.000E+00 0.000E+00 0.000E+00 0.000E+00
 0.000E+00 0.000E+00 0.000E+00 0.000E+00
 0.000E+00 0.000E+00 0.000E+00 0.000E+00
      137.448008     -1.143228    0.256572
 6
       4
     2     2     2     2
     0     1     1     1
 1.710E+00 1.625E+00 1.625E+00 1.625E+00
 0.000E+00 0.000E+00 0.000E+00 0.000E+00
 0.000E+00 0.000E+00 0.000E+00 0.000E+00
 0.000E+00 0.000E+00 0.000E+00 0.000E+00
      140.146645     -1.325947    0.307241
 6
       4
     2     2     2     2
     0     1     1     1
 1.710E+00 1.625E+00 1.625E+00 1.625E+00
 0.000E+00 0.000E+00 0.000E+00 0.000E+00
 0.000E+00 0.000E+00 0.000E+00 0.000E+00
 0.000E+00 0.000E+00 0.000E+00 0.000E+00
      141.573632     -3.307977    -0.985148
 6
       4
     2     2     2     2
     0     1     1     1
 1.710E+00 1.625E+00 1.625E+00 1.625E+00
 0.000E+00 0.000E+00 0.000E+00 0.000E+00
 0.000E+00 0.000E+00 0.000E+00 0.000E+00
 0.000E+00 0.000E+00 0.000E+00 0.000E+00
      141.429011     0.422484    1.671104
 6
       4
     2     2     2     2
     0     1     1     1
 1.710E+00 1.625E+00 1.625E+00 1.625E+00
 0.000E+00 0.000E+00 0.000E+00 0.000E+00
 0.000E+00 0.000E+00 0.000E+00 0.000E+00
 0.000E+00 0.000E+00 0.000E+00 0.000E+00
      144.254932     0.460606    1.662596
 6
       4
     2     2     2     2
     0     1     1     1
 1.710E+00 1.625E+00 1.625E+00 1.625E+00
 0.000E+00 0.000E+00 0.000E+00 0.000E+00
 0.000E+00 0.000E+00 0.000E+00 0.000E+00
 0.000E+00 0.000E+00 0.000E+00 0.000E+00
      144.285612     -3.286585    -1.051691
 6
       4
     2     2     2     2
     0     1     1     1
 1.710E+00 1.625E+00 1.625E+00 1.625E+00
 0.000E+00 0.000E+00 0.000E+00 0.000E+00
 0.000E+00 0.000E+00 0.000E+00 0.000E+00
 0.000E+00 0.000E+00 0.000E+00 0.000E+00
      145.625431     -1.177373    0.360826
# LCAO coefficients .. are not included.
         1
        1        0.000428271081094   k=         1
        2        0.001749455620511   k=         1
        3        -0.001601951391655   k=         1
        4        0.020360651641725   k=         1
        5        0.000790763647375   k=         1
        6        0.001237071923014   k=         1
        7        -0.013003078106636   k=         1
        8        0.030461759084195   k=         1
        9        -0.001772896885034   k=         1
        10        -0.001926137363793   k=         1
        11        -0.011909192500149   k=         1
        12        0.022159597441090   k=         1
        13        -0.000235705691942   k=         1
        14        0.000699309654482   k=         1
        15        0.002781642954391   k=         1
        16        -0.006788112248918   k=         1
        17        0.001143580414569   k=         1
        18        0.000997479187423   k=         1
        19        0.007346660541917   k=         1
        20        -0.033448157935302   k=         1
        21        0.000497400383577   k=         1
        22        0.001095367831449   k=         1
        23        0.002040268726464   k=         1
        24        -0.006652472995420   k=         1
        25        -0.000735748345954   k=         1
        26        -0.003426812818782   k=         1
        27        -0.003115282224378   k=         1
        28        -0.040637399846704   k=         1
        29        0.000806775864079   k=         1
        30        0.000274435998009   k=         1
        31        0.000611489385657   k=         1
        32        -0.027097874139560   k=         1
        33        -0.000403227346568   k=         1
        34        -0.005717933745506   k=         1
        35        0.004894699130113   k=         1
        36        0.049793460580988   k=         1
        37        -0.000034205656451   k=         1
        38        -0.000386087251744   k=         1
        39        0.002081001313169   k=         1
        40        0.025746449091488   k=         1
        41        -0.000773165676280   k=         1
        42        -0.005869967138686   k=         1
        43        0.003077161634155   k=         1
        44        0.023223517144219   k=         1
        45        -0.001842161893223   k=         1
        46        -0.002880087779430   k=         1
        47        -0.002303781890254   k=         1
        48        -0.037120912046583   k=         1
        49        0.002569214990393   k=         1
        50        0.008311411574464   k=         1
        51        -0.000996646480961   k=         1
        52        -0.039996783183977   k=         1
        53        -0.000450561990941   k=         1
        54        -0.001680170714675   k=         1
        55        -0.011093404484760   k=         1
        56        -0.038193714482492   k=         1
        57        -0.000352913353182   k=         1
        58        0.000145348751516   k=         1
        59        0.039008901746125   k=         1
        60        0.060964201644651   k=         1
        61        -0.001925589685876   k=         1
        62        -0.004525493073985   k=         1
        63        0.017666670929728   k=         1
        64        0.040717766918747   k=         1
        65        -0.000124217344669   k=         1
        66        0.005674897759755   k=         1
        67        -0.048403813935882   k=         1
        68        -0.072317897225953   k=         1
        69        -0.000885031046293   k=         1
        70        -0.007110333487402   k=         1
        71        -0.025561754924683   k=         1
        72        -0.034851990778973   k=         1
        73        0.001375220692781   k=         1
        74        -0.004140133961078   k=         1
        75        -0.027433234042705   k=         1
        76        -0.034303786629333   k=         1
        77        -0.001640938748176   k=         1
        78        0.004873012285029   k=         1
        79        0.032128004369191   k=         1
        80        0.048916485497956   k=         1
        81        -0.000199747383222   k=         1
        82        0.012466832364140   k=         1
        83        0.026316506041945   k=         1
        84        0.046756975949942   k=         1
        85        0.001166205721609   k=         1
        86        0.009972425876528   k=         1
        87        0.037093999371914   k=         1
        88        0.066751761816164   k=         1
        89        -0.001117998868827   k=         1
        90        -0.008622182089828   k=         1
        91        -0.028091911987268   k=         1
        92        -0.064164342322802   k=         1
        93        0.001948409941780   k=         1
        94        -0.004524929842548   k=         1
        95        -0.035810214980632   k=         1
        96        -0.068502628076215   k=         1
        97        0.000710899567638   k=         1
        98        0.001239287787000   k=         1
        99        0.024442556819412   k=         1
        100        0.060947840690099   k=         1
        101        -0.000328446066013   k=         1
        102        0.004759246053886   k=         1
        103        0.016446444541196   k=         1
        104        0.056682020065591   k=         1
        105        0.001736447092077   k=         1
        106        -0.000120053987279   k=         1
        107        0.020863267435342   k=         1
        108        0.052496850024564   k=         1
        109        -0.000952332598577   k=         1
        110        -0.001586126318525   k=         1
        111        -0.013604888238080   k=         1
        112        -0.035870739761669   k=         1
        113        -0.000262651455940   k=         1
        114        -0.003125636119464   k=         1
        115        -0.008098735930875   k=         1
        116        -0.031953863397885   k=         1
        117        0.000537155676949   k=         1
        118        0.005869586715460   k=         1
        119        -0.027564790503266   k=         1
        120        -0.076245376081694   k=         1
        121        0.001688485650155   k=         1
        122        -0.002264296545558   k=         1
        123        0.011825791217047   k=         1
        124        0.032048329467207   k=         1
        125        -0.001053548941531   k=         1
        126        0.004199956869717   k=         1
        127        0.021605601168931   k=         1
        128        0.058670628745834   k=         1
        129        0.000409030014871   k=         1
        130        -0.003007857713917   k=         1
        131        -0.011022727158417   k=         1
        132        -0.026765888455847   k=         1
        133        0.000043852839947   k=         1
        134        0.000019005571645   k=         1
        135        -0.017572644465084   k=         1
        136        -0.032900354197218   k=         1
        137        -0.000163293271088   k=         1
        138        -0.005542328207504   k=         1
        139        -0.015035613193680   k=         1
        140        -0.027704075206996   k=         1
        141        -0.000136654247732   k=         1
        142        0.002703587956833   k=         1
        143        0.008548862296201   k=         1
        144        0.011872293299608   k=         1
        145        0.000398231305433   k=         1
        146        -0.000267303843305   k=         1
        147        0.006815026463629   k=         1
        148        0.012208529606012   k=         1
        149        0.001054702756700   k=         1
        150        -0.001489593023597   k=         1
        151        0.022309449883295   k=         1
        152        0.036754638222911   k=         1
        153        0.000497497137055   k=         1
        154        0.002271448572177   k=         1
        155        -0.006242422251295   k=         1
        156        -0.011427208715129   k=         1
        157        0.001666586186075   k=         1
        158        -0.001569168556453   k=         1
        159        -0.000044740623099   k=         1
        160        -0.002407451875746   k=         1
        161        0.000574617845955   k=         1
        162        -0.001737799176344   k=         1
        163        0.001742622011268   k=         1
        164        0.001798738286653   k=         1
        165        0.000597893793365   k=         1
        166        0.000997771448726   k=         1
        167        0.002232332652862   k=         1
        168        0.002271359623864   k=         1
        169        -0.000466739885013   k=         1
        170        -0.000587756470553   k=         1
        171        0.000613554987333   k=         1
        172        -0.000767975198421   k=         1
        173        -0.002290185808269   k=         1
        174        -0.000425258379739   k=         1
        175        0.000104814199812   k=         1
        176        0.000808415649234   k=         1
        177        0.000587156191828   k=         1
        178        -0.000437858791764   k=         1
        179        0.000130559097432   k=         1
        180        -0.000231186200714   k=         1
        181        -0.000437266478993   k=         1
        182        0.001682201617290   k=         1
        183        0.012280720142266   k=         1
        184        0.000262708891821   k=         1
        185        -0.001136439195523   k=         1
        186        -0.001213047423066   k=         1
        187        0.004751318328235   k=         1
        188        -0.013882734017794   k=         1
        189        -0.022078652176957   k=         1
        190        0.000156319579440   k=         1
        191        -0.001370932632097   k=         1
        192        0.004843167484666   k=         1
        193        0.010946105216813   k=         1
        194        -0.000772840405287   k=         1
        195        0.002016626086938   k=         1
        196        0.000968004529117   k=         1
        197        0.009463596847277   k=         1
        198        0.000357281609193   k=         1
        199        -0.000401072343076   k=         1
        200        0.004038129104800   k=         1
        201        0.015613591923442   k=         1
        202        0.000286452869543   k=         1
        203        0.000149717157802   k=         1
        204        -0.002916888316982   k=         1
        205        -0.008389306602198   k=         1
        206        0.000077409238815   k=         1
        207        -0.001126753030946   k=         1
        208        -0.001588875101075   k=         1
        209        -0.006190446909180   k=         1
        210        -0.000360469127948   k=         1
        211        0.000015475322858   k=         1
        212        -0.004768010930851   k=         1
        213        -0.014465002686085   k=         1
        214        0.000227450544095   k=         1
        215        0.002135464040234   k=         1
        216        0.002643625911869   k=         1
        217        0.012866941217406   k=         1
        218        0.000272553693800   k=         1
        219        -0.001611632509803   k=         1
        220        0.000060570757906   k=         1
        221        0.014883506537724   k=         1
        222        -0.000377402851271   k=         1
        223        -0.003139148257019   k=         1
        224        -0.000403071320456   k=         1
        225        0.017287266666979   k=         1
        226        -0.000128040750857   k=         1
        227        0.001863790990322   k=         1
        228        -0.000195201118483   k=         1
        229        -0.007046755611986   k=         1
        230        0.000152495672359   k=         1
        231        0.002055056823465   k=         1
        232        -0.002515145885331   k=         1
        233        -0.017598289586224   k=         1
        234        0.000655782954570   k=         1
        235        0.001527642948813   k=         1
        236        -0.000694355763899   k=         1
        237        -0.007753641763566   k=         1
        238        0.000113385152637   k=         1
        239        -0.005060937104821   k=         1
        240        -0.009283647997277   k=         1
        241        -0.029728802162450   k=         1
        242        0.000313429704960   k=         1
        243        -0.000435933063544   k=         1
        244        -0.003936258173236   k=         1
        245        -0.014875235874196   k=         1
        246        -0.001224823140361   k=         1
        247        -0.000853805165333   k=         1
        248        0.013348916373536   k=         1
        249        0.044293786433834   k=         1
        250        0.000165793545803   k=         1
        251        -0.000875583593328   k=         1
        252        0.004411435562806   k=         1
        253        0.016668269011896   k=         1
        254        0.000351111308775   k=         1
        255        0.000876205314913   k=         1
        256        0.004418417771949   k=         1
        257        0.016963745984823   k=         1
        258        -0.001345681099423   k=         1
        259        -0.001807099412987   k=         1
        260        -0.007390360190144   k=         1
        261        -0.030542336691404   k=         1
        262        -0.000546975948184   k=         1
        263        -0.004285543377218   k=         1
        264        -0.005685528593574   k=         1
        265        -0.035694844966386   k=         1
        266        0.000049421464278   k=         1
        267        -0.004473764790044   k=         1
        268        -0.008308987113780   k=         1
        269        -0.034087663783387   k=         1
        270        -0.001392655237431   k=         1
        271        0.002523532459957   k=         1
        272        0.013284319972553   k=         1
        273        0.049608593908604   k=         1
        274        0.000194527879278   k=         1
        275        -0.004315444738558   k=         1
        276        0.008139097920620   k=         1
        277        0.037265262179772   k=         1
        278        -0.000928785488193   k=         1
        279        0.008841797804691   k=         1
        280        -0.013732187932336   k=         1
        281        -0.058916738681071   k=         1
        282        -0.000062919701935   k=         1
        283        0.005981470730142   k=         1
        284        -0.009465130118850   k=         1
        285        -0.030009729051831   k=         1
        286        0.000432318430996   k=         1
        287        0.004370759258031   k=         1
        288        -0.014152463704952   k=         1
        289        -0.035880211721097   k=         1
        290        -0.002205663669008   k=         1
        291        -0.005541562622740   k=         1
        292        0.016583862717031   k=         1
        293        0.032336521905367   k=         1
        294        0.003050202770339   k=         1
        295        -0.002747301254673   k=         1
        296        0.017910419140913   k=         1
        297        0.037632601790328   k=         1
        298        -0.000547829255525   k=         1
        299        0.000906461456750   k=         1
        300        0.016322467545590   k=         1
        301        0.056648526826595   k=         1
        302        0.000273127778949   k=         1
        303        -0.001963345583044   k=         1
        304        0.004713044459172   k=         1
        305        -0.056031080740245   k=         1
        306        0.000657776811271   k=         1
        307        -0.005825538469464   k=         1
        308        -0.008519913868694   k=         1
        309        -0.054100562525296   k=         1
        310        0.000121558098675   k=         1
        311        0.004351824125896   k=         1
        312        -0.010611252096432   k=         1
        313        0.057771975361375   k=         1
        314        -0.002071247525918   k=         1
        315        0.007032627169535   k=         1
        316        -0.014153410040120   k=         1
        317        0.042415182038678   k=         1
        318        0.001086874393724   k=         1
        319        -0.001346949277446   k=         1
        320        -0.017120198890708   k=         1
        321        0.036022045235121   k=         1
        322        -0.000467629599476   k=         1
        323        0.000330212632988   k=         1
        324        0.011007796874509   k=         1
        325        -0.033640877458090   k=         1
        326        0.000553047185279   k=         1
        327        -0.003093660948451   k=         1
        328        0.006318357547034   k=         1
        329        -0.036007379994055   k=         1
        330        0.000541592306764   k=         1
        331        -0.000906617732437   k=         1
        332        0.016185208296606   k=         1
        333        -0.058065513688508   k=         1
        334        -0.001080225146753   k=         1
        335        -0.002829582119007   k=         1
        336        -0.015337487274770   k=         1
        337        0.044120785043675   k=         1
        338        0.000984122107633   k=         1
        339        -0.006588431692725   k=         1
        340        -0.015370571153210   k=         1
        341        0.048967409111076   k=         1
        342        -0.000404641996225   k=         1
        343        0.005927026788282   k=         1
        344        0.017657239274523   k=         1
        345        -0.047901852095144   k=         1
        346        0.001236421802580   k=         1
        347        0.002684160989951   k=         1
        348        0.009831503440653   k=         1
        349        -0.035731341159453   k=         1
        350        0.000402370443175   k=         1
        351        0.003170497304052   k=         1
        352        0.012635767957618   k=         1
        353        -0.036692392445008   k=         1
        354        -0.000504068723960   k=         1
        355        -0.002744138892979   k=         1
        356        -0.010043132031215   k=         1
        357        0.028522911023871   k=         1
        358        0.000084860070524   k=         1
        359        -0.002158677824728   k=         1
        360        -0.006680793676043   k=         1
        361        0.027488286685233   k=         1
        362        -0.000595467512385   k=         1
        363        -0.000695674794050   k=         1
        364        -0.018981606456342   k=         1
        365        0.053088892234711   k=         1
        366        0.000556395065528   k=         1
        367        0.000755022671028   k=         1
        368        0.011418975237926   k=         1
        369        -0.025661908426341   k=         1
        370        0.000496329359244   k=         1
        371        -0.000943351485749   k=         1
        372        0.000205995129826   k=         1
        373        -0.000588714631927   k=         1
        374        0.003233509922316   k=         1
        375        0.010674509263624   k=         1
        376        -0.001092772310416   k=         1
        377        -0.000166700481988   k=         1
        378        -0.001050605441843   k=         1
        379        0.000414960344048   k=         1
        380        0.000863928866568   k=         1
        381        0.000135292079029   k=         1
        382        -0.002924336695351   k=         1
        383        0.001109809926159   k=         1
        384        0.002644485559454   k=         1
        385        -0.002238373509576   k=         1
        386        -0.001101562478025   k=         1
        387        0.000378475645647   k=         1
        388        0.002296703054161   k=         1
        389        -0.001470448442005   k=         1
        390        -0.000305441182650   k=         1
        391        0.000870613087963   k=         1
        392        -0.000317366180567   k=         1
        393        -0.001221217169392   k=         1
        394        -0.001212753400199   k=         1
        395        0.000235318092145   k=         1
        396        0.000486256901995   k=         1
        397        0.000863272743575   k=         1
        398        -0.001278621591005   k=         1
        399        0.000056151388674   k=         1
        400        0.004183353499818   k=         1
        401        0.016160136710580   k=         1
        402        -0.045000643559924   k=         1
        403        0.000006020980759   k=         1
        404        -0.002281183625928   k=         1
        405        -0.008793026775290   k=         1
        406        0.016911654505646   k=         1
        407        -0.001545082266020   k=         1
        408        0.004161911596642   k=         1
        409        -0.011459590056661   k=         1
        410        0.012460937164975   k=         1
        411        0.000693674794625   k=         1
        412        -0.000297991106877   k=         1
        413        -0.023702305394041   k=         1
        414        0.025905127729747   k=         1
        415        -0.000066292409658   k=         1
        416        -0.000419504667346   k=         1
        417        0.003019714343320   k=         1
        418        -0.003225835865457   k=         1
        419        0.000436269326999   k=         1
        420        -0.002013018544285   k=         1
        421        0.005744296956511   k=         1
        422        -0.008228232358587   k=         1
        423        0.000251695377412   k=         1
        424        0.000150362783779   k=         1
        425        0.015677398066407   k=         1
        426        -0.021587905783196   k=         1
