# file_format= v0.04.05
       144       426
    188.97268778      0.00000000      0.00000000    0
      0.00000000    188.97268778      0.00000000    0
      0.00000000      0.00000000    188.97268778    0
 6
       4
     2     2     2     2
     0     1     1     1
 1.710E+00 1.625E+00 1.625E+00 1.625E+00
 0.000E+00 0.000E+00 0.000E+00 0.000E+00
 0.000E+00 0.000E+00 0.000E+00 0.000E+00
 0.000E+00 0.000E+00 0.000E+00 0.000E+00
      1.178662     -0.724366    0.018294
 6
       4
     2     2     2     2
     0     1     1     1
 1.710E+00 1.625E+00 1.625E+00 1.625E+00
 0.000E+00 0.000E+00 0.000E+00 0.000E+00
 0.000E+00 0.000E+00 0.000E+00 0.000E+00
 0.000E+00 0.000E+00 0.000E+00 0.000E+00
      -0.549394     1.104721    0.520134
 6
       4
     2     2     2     2
     0     1     1     1
 1.710E+00 1.625E+00 1.625E+00 1.625E+00
 0.000E+00 0.000E+00 0.000E+00 0.000E+00
 0.000E+00 0.000E+00 0.000E+00 0.000E+00
 0.000E+00 0.000E+00 0.000E+00 0.000E+00
      0.341483     -3.227274    -0.774287
 6
       4
     2     2     2     2
     0     1     1     1
 1.710E+00 1.625E+00 1.625E+00 1.625E+00
 0.000E+00 0.000E+00 0.000E+00 0.000E+00
 0.000E+00 0.000E+00 0.000E+00 0.000E+00
 0.000E+00 0.000E+00 0.000E+00 0.000E+00
      -3.327688     0.616483    0.437156
 6
       4
     2     2     2     2
     0     1     1     1
 1.710E+00 1.625E+00 1.625E+00 1.625E+00
 0.000E+00 0.000E+00 0.000E+00 0.000E+00
 0.000E+00 0.000E+00 0.000E+00 0.000E+00
 0.000E+00 0.000E+00 0.000E+00 0.000E+00
      -4.264074     -1.926383    -0.490159
 6
       4
     2     2     2     2
     0     1     1     1
 1.710E+00 1.625E+00 1.625E+00 1.625E+00
 0.000E+00 0.000E+00 0.000E+00 0.000E+00
 0.000E+00 0.000E+00 0.000E+00 0.000E+00
 0.000E+00 0.000E+00 0.000E+00 0.000E+00
      -2.368802     -3.733333    -0.995181
 6
       4
     2     2     2     2
     0     1     1     1
 1.710E+00 1.625E+00 1.625E+00 1.625E+00
 0.000E+00 0.000E+00 0.000E+00 0.000E+00
 0.000E+00 0.000E+00 0.000E+00 0.000E+00
 0.000E+00 0.000E+00 0.000E+00 0.000E+00
      3.876361     -0.252356    -0.041871
 6
       4
     2     2     2     2
     0     1     1     1
 1.710E+00 1.625E+00 1.625E+00 1.625E+00
 0.000E+00 0.000E+00 0.000E+00 0.000E+00
 0.000E+00 0.000E+00 0.000E+00 0.000E+00
 0.000E+00 0.000E+00 0.000E+00 0.000E+00
      6.041516     0.003339    -0.177993
 6
       4
     2     2     2     2
     0     1     1     1
 1.710E+00 1.625E+00 1.625E+00 1.625E+00
 0.000E+00 0.000E+00 0.000E+00 0.000E+00
 0.000E+00 0.000E+00 0.000E+00 0.000E+00
 0.000E+00 0.000E+00 0.000E+00 0.000E+00
      8.705726     0.264679    -0.057705
 6
       4
     2     2     2     2
     0     1     1     1
 1.710E+00 1.625E+00 1.625E+00 1.625E+00
 0.000E+00 0.000E+00 0.000E+00 0.000E+00
 0.000E+00 0.000E+00 0.000E+00 0.000E+00
 0.000E+00 0.000E+00 0.000E+00 0.000E+00
      9.885553     2.617325    -0.494033
 6
       4
     2     2     2     2
     0     1     1     1
 1.710E+00 1.625E+00 1.625E+00 1.625E+00
 0.000E+00 0.000E+00 0.000E+00 0.000E+00
 0.000E+00 0.000E+00 0.000E+00 0.000E+00
 0.000E+00 0.000E+00 0.000E+00 0.000E+00
      10.373381     -1.826012    0.628192
 6
       4
     2     2     2     2
     0     1     1     1
 1.710E+00 1.625E+00 1.625E+00 1.625E+00
 0.000E+00 0.000E+00 0.000E+00 0.000E+00
 0.000E+00 0.000E+00 0.000E+00 0.000E+00
 0.000E+00 0.000E+00 0.000E+00 0.000E+00
      12.436823     2.895640    -0.247121
 6
       4
     2     2     2     2
     0     1     1     1
 1.710E+00 1.625E+00 1.625E+00 1.625E+00
 0.000E+00 0.000E+00 0.000E+00 0.000E+00
 0.000E+00 0.000E+00 0.000E+00 0.000E+00
 0.000E+00 0.000E+00 0.000E+00 0.000E+00
      12.954903     -1.525529    0.772099
 6
       4
     2     2     2     2
     0     1     1     1
 1.710E+00 1.625E+00 1.625E+00 1.625E+00
 0.000E+00 0.000E+00 0.000E+00 0.000E+00
 0.000E+00 0.000E+00 0.000E+00 0.000E+00
 0.000E+00 0.000E+00 0.000E+00 0.000E+00
      14.154507     0.932037    0.310752
 6
       4
     2     2     2     2
     0     1     1     1
 1.710E+00 1.625E+00 1.625E+00 1.625E+00
 0.000E+00 0.000E+00 0.000E+00 0.000E+00
 0.000E+00 0.000E+00 0.000E+00 0.000E+00
 0.000E+00 0.000E+00 0.000E+00 0.000E+00
      16.822258     1.278721    0.308335
 6
       4
     2     2     2     2
     0     1     1     1
 1.710E+00 1.625E+00 1.625E+00 1.625E+00
 0.000E+00 0.000E+00 0.000E+00 0.000E+00
 0.000E+00 0.000E+00 0.000E+00 0.000E+00
 0.000E+00 0.000E+00 0.000E+00 0.000E+00
      19.009751     1.316283    0.329402
 6
       4
     2     2     2     2
     0     1     1     1
 1.710E+00 1.625E+00 1.625E+00 1.625E+00
 0.000E+00 0.000E+00 0.000E+00 0.000E+00
 0.000E+00 0.000E+00 0.000E+00 0.000E+00
 0.000E+00 0.000E+00 0.000E+00 0.000E+00
      21.753150     1.327890    0.205615
 6
       4
     2     2     2     2
     0     1     1     1
 1.710E+00 1.625E+00 1.625E+00 1.625E+00
 0.000E+00 0.000E+00 0.000E+00 0.000E+00
 0.000E+00 0.000E+00 0.000E+00 0.000E+00
 0.000E+00 0.000E+00 0.000E+00 0.000E+00
      23.205756     -0.594389    1.454159
 6
       4
     2     2     2     2
     0     1     1     1
 1.710E+00 1.625E+00 1.625E+00 1.625E+00
 0.000E+00 0.000E+00 0.000E+00 0.000E+00
 0.000E+00 0.000E+00 0.000E+00 0.000E+00
 0.000E+00 0.000E+00 0.000E+00 0.000E+00
      23.315692     3.127587    -1.091710
 6
       4
     2     2     2     2
     0     1     1     1
 1.710E+00 1.625E+00 1.625E+00 1.625E+00
 0.000E+00 0.000E+00 0.000E+00 0.000E+00
 0.000E+00 0.000E+00 0.000E+00 0.000E+00
 0.000E+00 0.000E+00 0.000E+00 0.000E+00
      25.923692     2.756685    -1.275932
 6
       4
     2     2     2     2
     0     1     1     1
 1.710E+00 1.625E+00 1.625E+00 1.625E+00
 0.000E+00 0.000E+00 0.000E+00 0.000E+00
 0.000E+00 0.000E+00 0.000E+00 0.000E+00
 0.000E+00 0.000E+00 0.000E+00 0.000E+00
      25.859969     -0.799345    1.471681
 6
       4
     2     2     2     2
     0     1     1     1
 1.710E+00 1.625E+00 1.625E+00 1.625E+00
 0.000E+00 0.000E+00 0.000E+00 0.000E+00
 0.000E+00 0.000E+00 0.000E+00 0.000E+00
 0.000E+00 0.000E+00 0.000E+00 0.000E+00
      27.381440     0.812690    -0.034913
 6
       4
     2     2     2     2
     0     1     1     1
 1.710E+00 1.625E+00 1.625E+00 1.625E+00
 0.000E+00 0.000E+00 0.000E+00 0.000E+00
 0.000E+00 0.000E+00 0.000E+00 0.000E+00
 0.000E+00 0.000E+00 0.000E+00 0.000E+00
      30.210001     0.442145    -0.242450
 6
       4
     2     2     2     2
     0     1     1     1
 1.710E+00 1.625E+00 1.625E+00 1.625E+00
 0.000E+00 0.000E+00 0.000E+00 0.000E+00
 0.000E+00 0.000E+00 0.000E+00 0.000E+00
 0.000E+00 0.000E+00 0.000E+00 0.000E+00
      32.299030     0.190688    -0.082016
 6
       4
     2     2     2     2
     0     1     1     1
 1.710E+00 1.625E+00 1.625E+00 1.625E+00
 0.000E+00 0.000E+00 0.000E+00 0.000E+00
 0.000E+00 0.000E+00 0.000E+00 0.000E+00
 0.000E+00 0.000E+00 0.000E+00 0.000E+00
      35.028437     -0.023251    -0.124743
 6
       4
     2     2     2     2
     0     1     1     1
 1.710E+00 1.625E+00 1.625E+00 1.625E+00
 0.000E+00 0.000E+00 0.000E+00 0.000E+00
 0.000E+00 0.000E+00 0.000E+00 0.000E+00
 0.000E+00 0.000E+00 0.000E+00 0.000E+00
      36.480230     -2.365474    0.553550
 6
       4
     2     2     2     2
     0     1     1     1
 1.710E+00 1.625E+00 1.625E+00 1.625E+00
 0.000E+00 0.000E+00 0.000E+00 0.000E+00
 0.000E+00 0.000E+00 0.000E+00 0.000E+00
 0.000E+00 0.000E+00 0.000E+00 0.000E+00
      36.624651     1.998763    -0.695448
 6
       4
     2     2     2     2
     0     1     1     1
 1.710E+00 1.625E+00 1.625E+00 1.625E+00
 0.000E+00 0.000E+00 0.000E+00 0.000E+00
 0.000E+00 0.000E+00 0.000E+00 0.000E+00
 0.000E+00 0.000E+00 0.000E+00 0.000E+00
      39.262911     1.895265    -0.714692
 6
       4
     2     2     2     2
     0     1     1     1
 1.710E+00 1.625E+00 1.625E+00 1.625E+00
 0.000E+00 0.000E+00 0.000E+00 0.000E+00
 0.000E+00 0.000E+00 0.000E+00 0.000E+00
 0.000E+00 0.000E+00 0.000E+00 0.000E+00
      39.121075     -2.438075    0.711461
 6
       4
     2     2     2     2
     0     1     1     1
 1.710E+00 1.625E+00 1.625E+00 1.625E+00
 0.000E+00 0.000E+00 0.000E+00 0.000E+00
 0.000E+00 0.000E+00 0.000E+00 0.000E+00
 0.000E+00 0.000E+00 0.000E+00 0.000E+00
      40.681205     -0.241600    -0.092222
 6
       4
     2     2     2     2
     0     1     1     1
 1.710E+00 1.625E+00 1.625E+00 1.625E+00
 0.000E+00 0.000E+00 0.000E+00 0.000E+00
 0.000E+00 0.000E+00 0.000E+00 0.000E+00
 0.000E+00 0.000E+00 0.000E+00 0.000E+00
      43.353289     -0.423941    -0.140960
 6
       4
     2     2     2     2
     0     1     1     1
 1.710E+00 1.625E+00 1.625E+00 1.625E+00
 0.000E+00 0.000E+00 0.000E+00 0.000E+00
 0.000E+00 0.000E+00 0.000E+00 0.000E+00
 0.000E+00 0.000E+00 0.000E+00 0.000E+00
      45.538114     -0.480933    -0.212203
 6
       4
     2     2     2     2
     0     1     1     1
 1.710E+00 1.625E+00 1.625E+00 1.625E+00
 0.000E+00 0.000E+00 0.000E+00 0.000E+00
 0.000E+00 0.000E+00 0.000E+00 0.000E+00
 0.000E+00 0.000E+00 0.000E+00 0.000E+00
      48.266242     -0.629239    -0.298851
 6
       4
     2     2     2     2
     0     1     1     1
 1.710E+00 1.625E+00 1.625E+00 1.625E+00
 0.000E+00 0.000E+00 0.000E+00 0.000E+00
 0.000E+00 0.000E+00 0.000E+00 0.000E+00
 0.000E+00 0.000E+00 0.000E+00 0.000E+00
      49.681027     -2.458577    0.834221
 6
       4
     2     2     2     2
     0     1     1     1
 1.710E+00 1.625E+00 1.625E+00 1.625E+00
 0.000E+00 0.000E+00 0.000E+00 0.000E+00
 0.000E+00 0.000E+00 0.000E+00 0.000E+00
 0.000E+00 0.000E+00 0.000E+00 0.000E+00
      49.604891     1.516983    -1.533460
 6
       4
     2     2     2     2
     0     1     1     1
 1.710E+00 1.625E+00 1.625E+00 1.625E+00
 0.000E+00 0.000E+00 0.000E+00 0.000E+00
 0.000E+00 0.000E+00 0.000E+00 0.000E+00
 0.000E+00 0.000E+00 0.000E+00 0.000E+00
      52.160551     1.800416    -1.332142
 6
       4
     2     2     2     2
     0     1     1     1
 1.710E+00 1.625E+00 1.625E+00 1.625E+00
 0.000E+00 0.000E+00 0.000E+00 0.000E+00
 0.000E+00 0.000E+00 0.000E+00 0.000E+00
 0.000E+00 0.000E+00 0.000E+00 0.000E+00
      52.391126     -2.214717    0.625121
 6
       4
     2     2     2     2
     0     1     1     1
 1.710E+00 1.625E+00 1.625E+00 1.625E+00
 0.000E+00 0.000E+00 0.000E+00 0.000E+00
 0.000E+00 0.000E+00 0.000E+00 0.000E+00
 0.000E+00 0.000E+00 0.000E+00 0.000E+00
      53.670688     -0.120997    -0.243215
 6
       4
     2     2     2     2
     0     1     1     1
 1.710E+00 1.625E+00 1.625E+00 1.625E+00
 0.000E+00 0.000E+00 0.000E+00 0.000E+00
 0.000E+00 0.000E+00 0.000E+00 0.000E+00
 0.000E+00 0.000E+00 0.000E+00 0.000E+00
      56.446767     0.132364    -0.101072
 1
       1
     1
     0
 1.300E+00
 0.000E+00
 0.000E+00
 0.000E+00
      -4.369406     2.233412    1.022440
 1
       1
     1
     0
 1.300E+00
 0.000E+00
 0.000E+00
 0.000E+00
      -0.272865     2.952950    1.117465
 1
       1
     1
     0
 1.300E+00
 0.000E+00
 0.000E+00
 0.000E+00
      -6.085479     -1.861771    -0.495089
 1
       1
     1
     0
 1.300E+00
 0.000E+00
 0.000E+00
 0.000E+00
      -2.912313     -5.554717    -1.554141
 1
       1
     1
     0
 1.300E+00
 0.000E+00
 0.000E+00
 0.000E+00
      1.709815     -4.742519    -1.153466
 1
       1
     1
     0
 1.300E+00
 0.000E+00
 0.000E+00
 0.000E+00
      8.506711     4.120542    -0.932430
 1
       1
     1
     0
 1.300E+00
 0.000E+00
 0.000E+00
 0.000E+00
      9.538759     -3.646028    0.932064
 1
       1
     1
     0
 1.300E+00
 0.000E+00
 0.000E+00
 0.000E+00
      13.297414     4.736067    -0.529902
 1
       1
     1
     0
 1.300E+00
 0.000E+00
 0.000E+00
 0.000E+00
      14.191168     -3.092835    1.184367
 1
       1
     1
     0
 1.300E+00
 0.000E+00
 0.000E+00
 0.000E+00
      22.483349     4.732365    -2.090203
 1
       1
     1
     0
 1.300E+00
 0.000E+00
 0.000E+00
 0.000E+00
      27.001715     4.006374    -2.348548
 1
       1
     1
     0
 1.300E+00
 0.000E+00
 0.000E+00
 0.000E+00
      22.134043     -1.961371    2.479972
 1
       1
     1
     0
 1.300E+00
 0.000E+00
 0.000E+00
 0.000E+00
      26.679066     -2.282938    2.578208
 1
       1
     1
     0
 1.300E+00
 0.000E+00
 0.000E+00
 0.000E+00
      35.758625     3.688184    -1.266610
 1
       1
     1
     0
 1.300E+00
 0.000E+00
 0.000E+00
 0.000E+00
      35.475129     -4.066995    1.019579
 1
       1
     1
     0
 1.300E+00
 0.000E+00
 0.000E+00
 0.000E+00
      40.311332     3.638078    -1.263431
 1
       1
     1
     0
 1.300E+00
 0.000E+00
 0.000E+00
 0.000E+00
      39.953114     -4.250118    1.215247
 1
       1
     1
     0
 1.300E+00
 0.000E+00
 0.000E+00
 0.000E+00
      48.539689     3.096193    -2.348746
 1
       1
     1
     0
 1.300E+00
 0.000E+00
 0.000E+00
 0.000E+00
      48.860012     -4.075181    1.857750
 1
       1
     1
     0
 1.300E+00
 0.000E+00
 0.000E+00
 0.000E+00
      52.898400     3.677993    -2.057989
 1
       1
     1
     0
 1.300E+00
 0.000E+00
 0.000E+00
 0.000E+00
      53.446149     -3.781228    1.316920
 1
       1
     1
     0
 1.300E+00
 0.000E+00
 0.000E+00
 0.000E+00
      62.007962     4.378204    -1.284061
 1
       1
     1
     0
 1.300E+00
 0.000E+00
 0.000E+00
 0.000E+00
      62.204061     -3.507316    1.258144
 6
       4
     2     2     2     2
     0     1     1     1
 1.710E+00 1.625E+00 1.625E+00 1.625E+00
 0.000E+00 0.000E+00 0.000E+00 0.000E+00
 0.000E+00 0.000E+00 0.000E+00 0.000E+00
 0.000E+00 0.000E+00 0.000E+00 0.000E+00
      69.771348     0.403417    -0.275626
 1
       1
     1
     0
 1.300E+00
 0.000E+00
 0.000E+00
 0.000E+00
      66.389587     4.247864    -1.474315
 1
       1
     1
     0
 1.300E+00
 0.000E+00
 0.000E+00
 0.000E+00
      66.498091     -3.395936    1.124113
 6
       4
     2     2     2     2
     0     1     1     1
 1.710E+00 1.625E+00 1.625E+00 1.625E+00
 0.000E+00 0.000E+00 0.000E+00 0.000E+00
 0.000E+00 0.000E+00 0.000E+00 0.000E+00
 0.000E+00 0.000E+00 0.000E+00 0.000E+00
      58.590771     0.132474    -0.177606
 6
       4
     2     2     2     2
     0     1     1     1
 1.710E+00 1.625E+00 1.625E+00 1.625E+00
 0.000E+00 0.000E+00 0.000E+00 0.000E+00
 0.000E+00 0.000E+00 0.000E+00 0.000E+00
 0.000E+00 0.000E+00 0.000E+00 0.000E+00
      61.354641     0.361393    -0.202683
 6
       4
     2     2     2     2
     0     1     1     1
 1.710E+00 1.625E+00 1.625E+00 1.625E+00
 0.000E+00 0.000E+00 0.000E+00 0.000E+00
 0.000E+00 0.000E+00 0.000E+00 0.000E+00
 0.000E+00 0.000E+00 0.000E+00 0.000E+00
      62.987697     -1.791345    0.485361
 6
       4
     2     2     2     2
     0     1     1     1
 1.710E+00 1.625E+00 1.625E+00 1.625E+00
 0.000E+00 0.000E+00 0.000E+00 0.000E+00
 0.000E+00 0.000E+00 0.000E+00 0.000E+00
 0.000E+00 0.000E+00 0.000E+00 0.000E+00
      62.762789     2.474955    -0.775375
 6
       4
     2     2     2     2
     0     1     1     1
 1.710E+00 1.625E+00 1.625E+00 1.625E+00
 0.000E+00 0.000E+00 0.000E+00 0.000E+00
 0.000E+00 0.000E+00 0.000E+00 0.000E+00
 0.000E+00 0.000E+00 0.000E+00 0.000E+00
      65.573567     2.559768    -0.905576
 6
       4
     2     2     2     2
     0     1     1     1
 1.710E+00 1.625E+00 1.625E+00 1.625E+00
 0.000E+00 0.000E+00 0.000E+00 0.000E+00
 0.000E+00 0.000E+00 0.000E+00 0.000E+00
 0.000E+00 0.000E+00 0.000E+00 0.000E+00
      65.647441     -1.720660    0.469417
 6
       4
     2     2     2     2
     0     1     1     1
 1.710E+00 1.625E+00 1.625E+00 1.625E+00
 0.000E+00 0.000E+00 0.000E+00 0.000E+00
 0.000E+00 0.000E+00 0.000E+00 0.000E+00
 0.000E+00 0.000E+00 0.000E+00 0.000E+00
      67.021974     0.554243    -0.294597
 6
       4
     2     2     2     2
     0     1     1     1
 1.710E+00 1.625E+00 1.625E+00 1.625E+00
 0.000E+00 0.000E+00 0.000E+00 0.000E+00
 0.000E+00 0.000E+00 0.000E+00 0.000E+00
 0.000E+00 0.000E+00 0.000E+00 0.000E+00
      80.225142     -0.159398    0.670034
 6
       4
     2     2     2     2
     0     1     1     1
 1.710E+00 1.625E+00 1.625E+00 1.625E+00
 0.000E+00 0.000E+00 0.000E+00 0.000E+00
 0.000E+00 0.000E+00 0.000E+00 0.000E+00
 0.000E+00 0.000E+00 0.000E+00 0.000E+00
      78.850952     2.164651    0.139382
 6
       4
     2     2     2     2
     0     1     1     1
 1.710E+00 1.625E+00 1.625E+00 1.625E+00
 0.000E+00 0.000E+00 0.000E+00 0.000E+00
 0.000E+00 0.000E+00 0.000E+00 0.000E+00
 0.000E+00 0.000E+00 0.000E+00 0.000E+00
      78.693107     -2.292876    0.951743
 6
       4
     2     2     2     2
     0     1     1     1
 1.710E+00 1.625E+00 1.625E+00 1.625E+00
 0.000E+00 0.000E+00 0.000E+00 0.000E+00
 0.000E+00 0.000E+00 0.000E+00 0.000E+00
 0.000E+00 0.000E+00 0.000E+00 0.000E+00
      76.266894     2.253489    0.012998
 6
       4
     2     2     2     2
     0     1     1     1
 1.710E+00 1.625E+00 1.625E+00 1.625E+00
 0.000E+00 0.000E+00 0.000E+00 0.000E+00
 0.000E+00 0.000E+00 0.000E+00 0.000E+00
 0.000E+00 0.000E+00 0.000E+00 0.000E+00
      74.716961     0.066379    0.273989
 6
       4
     2     2     2     2
     0     1     1     1
 1.710E+00 1.625E+00 1.625E+00 1.625E+00
 0.000E+00 0.000E+00 0.000E+00 0.000E+00
 0.000E+00 0.000E+00 0.000E+00 0.000E+00
 0.000E+00 0.000E+00 0.000E+00 0.000E+00
      75.992940     -2.276725    0.756824
 6
       4
     2     2     2     2
     0     1     1     1
 1.710E+00 1.625E+00 1.625E+00 1.625E+00
 0.000E+00 0.000E+00 0.000E+00 0.000E+00
 0.000E+00 0.000E+00 0.000E+00 0.000E+00
 0.000E+00 0.000E+00 0.000E+00 0.000E+00
      82.954808     -0.173749    0.706952
 6
       4
     2     2     2     2
     0     1     1     1
 1.710E+00 1.625E+00 1.625E+00 1.625E+00
 0.000E+00 0.000E+00 0.000E+00 0.000E+00
 0.000E+00 0.000E+00 0.000E+00 0.000E+00
 0.000E+00 0.000E+00 0.000E+00 0.000E+00
      85.057644     -0.062871    0.347112
 6
       4
     2     2     2     2
     0     1     1     1
 1.710E+00 1.625E+00 1.625E+00 1.625E+00
 0.000E+00 0.000E+00 0.000E+00 0.000E+00
 0.000E+00 0.000E+00 0.000E+00 0.000E+00
 0.000E+00 0.000E+00 0.000E+00 0.000E+00
      87.760466     0.028815    -0.038426
 6
       4
     2     2     2     2
     0     1     1     1
 1.710E+00 1.625E+00 1.625E+00 1.625E+00
 0.000E+00 0.000E+00 0.000E+00 0.000E+00
 0.000E+00 0.000E+00 0.000E+00 0.000E+00
 0.000E+00 0.000E+00 0.000E+00 0.000E+00
      89.024780     2.280128    -0.694227
 6
       4
     2     2     2     2
     0     1     1     1
 1.710E+00 1.625E+00 1.625E+00 1.625E+00
 0.000E+00 0.000E+00 0.000E+00 0.000E+00
 0.000E+00 0.000E+00 0.000E+00 0.000E+00
 0.000E+00 0.000E+00 0.000E+00 0.000E+00
      89.294733     -2.101241    0.595740
 6
       4
     2     2     2     2
     0     1     1     1
 1.710E+00 1.625E+00 1.625E+00 1.625E+00
 0.000E+00 0.000E+00 0.000E+00 0.000E+00
 0.000E+00 0.000E+00 0.000E+00 0.000E+00
 0.000E+00 0.000E+00 0.000E+00 0.000E+00
      91.691773     2.297145    -0.801157
 6
       4
     2     2     2     2
     0     1     1     1
 1.710E+00 1.625E+00 1.625E+00 1.625E+00
 0.000E+00 0.000E+00 0.000E+00 0.000E+00
 0.000E+00 0.000E+00 0.000E+00 0.000E+00
 0.000E+00 0.000E+00 0.000E+00 0.000E+00
      91.938046     -2.060627    0.673136
 6
       4
     2     2     2     2
     0     1     1     1
 1.710E+00 1.625E+00 1.625E+00 1.625E+00
 0.000E+00 0.000E+00 0.000E+00 0.000E+00
 0.000E+00 0.000E+00 0.000E+00 0.000E+00
 0.000E+00 0.000E+00 0.000E+00 0.000E+00
      93.252603     0.195320    -0.125319
 6
       4
     2     2     2     2
     0     1     1     1
 1.710E+00 1.625E+00 1.625E+00 1.625E+00
 0.000E+00 0.000E+00 0.000E+00 0.000E+00
 0.000E+00 0.000E+00 0.000E+00 0.000E+00
 0.000E+00 0.000E+00 0.000E+00 0.000E+00
      96.056752     0.340691    -0.174875
 6
       4
     2     2     2     2
     0     1     1     1
 1.710E+00 1.625E+00 1.625E+00 1.625E+00
 0.000E+00 0.000E+00 0.000E+00 0.000E+00
 0.000E+00 0.000E+00 0.000E+00 0.000E+00
 0.000E+00 0.000E+00 0.000E+00 0.000E+00
      98.222346     0.379880    -0.368309
 6
       4
     2     2     2     2
     0     1     1     1
 1.710E+00 1.625E+00 1.625E+00 1.625E+00
 0.000E+00 0.000E+00 0.000E+00 0.000E+00
 0.000E+00 0.000E+00 0.000E+00 0.000E+00
 0.000E+00 0.000E+00 0.000E+00 0.000E+00
      101.003579     0.469013    -0.173590
 6
       4
     2     2     2     2
     0     1     1     1
 1.710E+00 1.625E+00 1.625E+00 1.625E+00
 0.000E+00 0.000E+00 0.000E+00 0.000E+00
 0.000E+00 0.000E+00 0.000E+00 0.000E+00
 0.000E+00 0.000E+00 0.000E+00 0.000E+00
      102.458454     -1.447298    0.788959
 6
       4
     2     2     2     2
     0     1     1     1
 1.710E+00 1.625E+00 1.625E+00 1.625E+00
 0.000E+00 0.000E+00 0.000E+00 0.000E+00
 0.000E+00 0.000E+00 0.000E+00 0.000E+00
 0.000E+00 0.000E+00 0.000E+00 0.000E+00
      102.356220     2.882490    -0.764697
 6
       4
     2     2     2     2
     0     1     1     1
 1.710E+00 1.625E+00 1.625E+00 1.625E+00
 0.000E+00 0.000E+00 0.000E+00 0.000E+00
 0.000E+00 0.000E+00 0.000E+00 0.000E+00
 0.000E+00 0.000E+00 0.000E+00 0.000E+00
      104.935942     3.124305    -0.329426
 6
       4
     2     2     2     2
     0     1     1     1
 1.710E+00 1.625E+00 1.625E+00 1.625E+00
 0.000E+00 0.000E+00 0.000E+00 0.000E+00
 0.000E+00 0.000E+00 0.000E+00 0.000E+00
 0.000E+00 0.000E+00 0.000E+00 0.000E+00
      105.141092     -1.215207    0.968747
 6
       4
     2     2     2     2
     0     1     1     1
 1.710E+00 1.625E+00 1.625E+00 1.625E+00
 0.000E+00 0.000E+00 0.000E+00 0.000E+00
 0.000E+00 0.000E+00 0.000E+00 0.000E+00
 0.000E+00 0.000E+00 0.000E+00 0.000E+00
      106.449085     0.914624    0.329646
 6
       4
     2     2     2     2
     0     1     1     1
 1.710E+00 1.625E+00 1.625E+00 1.625E+00
 0.000E+00 0.000E+00 0.000E+00 0.000E+00
 0.000E+00 0.000E+00 0.000E+00 0.000E+00
 0.000E+00 0.000E+00 0.000E+00 0.000E+00
      109.245987     1.117442    0.216695
 6
       4
     2     2     2     2
     0     1     1     1
 1.710E+00 1.625E+00 1.625E+00 1.625E+00
 0.000E+00 0.000E+00 0.000E+00 0.000E+00
 0.000E+00 0.000E+00 0.000E+00 0.000E+00
 0.000E+00 0.000E+00 0.000E+00 0.000E+00
      111.380969     0.983049    0.105040
 6
       4
     2     2     2     2
     0     1     1     1
 1.710E+00 1.625E+00 1.625E+00 1.625E+00
 0.000E+00 0.000E+00 0.000E+00 0.000E+00
 0.000E+00 0.000E+00 0.000E+00 0.000E+00
 0.000E+00 0.000E+00 0.000E+00 0.000E+00
      114.206291     0.784438    -0.062762
 6
       4
     2     2     2     2
     0     1     1     1
 1.710E+00 1.625E+00 1.625E+00 1.625E+00
 0.000E+00 0.000E+00 0.000E+00 0.000E+00
 0.000E+00 0.000E+00 0.000E+00 0.000E+00
 0.000E+00 0.000E+00 0.000E+00 0.000E+00
      115.578068     -1.540731    -0.777123
 6
       4
     2     2     2     2
     0     1     1     1
 1.710E+00 1.625E+00 1.625E+00 1.625E+00
 0.000E+00 0.000E+00 0.000E+00 0.000E+00
 0.000E+00 0.000E+00 0.000E+00 0.000E+00
 0.000E+00 0.000E+00 0.000E+00 0.000E+00
      115.829715     2.837966    0.354726
 6
       4
     2     2     2     2
     0     1     1     1
 1.710E+00 1.625E+00 1.625E+00 1.625E+00
 0.000E+00 0.000E+00 0.000E+00 0.000E+00
 0.000E+00 0.000E+00 0.000E+00 0.000E+00
 0.000E+00 0.000E+00 0.000E+00 0.000E+00
      118.504532     2.657879    0.460451
 6
       4
     2     2     2     2
     0     1     1     1
 1.710E+00 1.625E+00 1.625E+00 1.625E+00
 0.000E+00 0.000E+00 0.000E+00 0.000E+00
 0.000E+00 0.000E+00 0.000E+00 0.000E+00
 0.000E+00 0.000E+00 0.000E+00 0.000E+00
      118.135593     -1.728003    -0.663696
 6
       4
     2     2     2     2
     0     1     1     1
 1.710E+00 1.625E+00 1.625E+00 1.625E+00
 0.000E+00 0.000E+00 0.000E+00 0.000E+00
 0.000E+00 0.000E+00 0.000E+00 0.000E+00
 0.000E+00 0.000E+00 0.000E+00 0.000E+00
      119.781954     0.328242    0.053003
 6
       4
     2     2     2     2
     0     1     1     1
 1.710E+00 1.625E+00 1.625E+00 1.625E+00
 0.000E+00 0.000E+00 0.000E+00 0.000E+00
 0.000E+00 0.000E+00 0.000E+00 0.000E+00
 0.000E+00 0.000E+00 0.000E+00 0.000E+00
      122.458260     0.201539    0.032953
 6
       4
     2     2     2     2
     0     1     1     1
 1.710E+00 1.625E+00 1.625E+00 1.625E+00
 0.000E+00 0.000E+00 0.000E+00 0.000E+00
 0.000E+00 0.000E+00 0.000E+00 0.000E+00
 0.000E+00 0.000E+00 0.000E+00 0.000E+00
      124.579560     0.206383    -0.154640
 6
       4
     2     2     2     2
     0     1     1     1
 1.710E+00 1.625E+00 1.625E+00 1.625E+00
 0.000E+00 0.000E+00 0.000E+00 0.000E+00
 0.000E+00 0.000E+00 0.000E+00 0.000E+00
 0.000E+00 0.000E+00 0.000E+00 0.000E+00
      127.375950     0.078907    -0.105621
 6
       4
     2     2     2     2
     0     1     1     1
 1.710E+00 1.625E+00 1.625E+00 1.625E+00
 0.000E+00 0.000E+00 0.000E+00 0.000E+00
 0.000E+00 0.000E+00 0.000E+00 0.000E+00
 0.000E+00 0.000E+00 0.000E+00 0.000E+00
      128.633136     -2.196642    -0.813289
 6
       4
     2     2     2     2
     0     1     1     1
 1.710E+00 1.625E+00 1.625E+00 1.625E+00
 0.000E+00 0.000E+00 0.000E+00 0.000E+00
 0.000E+00 0.000E+00 0.000E+00 0.000E+00
 0.000E+00 0.000E+00 0.000E+00 0.000E+00
      128.951300     2.085772    0.700548
 6
       4
     2     2     2     2
     0     1     1     1
 1.710E+00 1.625E+00 1.625E+00 1.625E+00
 0.000E+00 0.000E+00 0.000E+00 0.000E+00
 0.000E+00 0.000E+00 0.000E+00 0.000E+00
 0.000E+00 0.000E+00 0.000E+00 0.000E+00
      131.583860     1.820698    0.904058
 6
       4
     2     2     2     2
     0     1     1     1
 1.710E+00 1.625E+00 1.625E+00 1.625E+00
 0.000E+00 0.000E+00 0.000E+00 0.000E+00
 0.000E+00 0.000E+00 0.000E+00 0.000E+00
 0.000E+00 0.000E+00 0.000E+00 0.000E+00
      131.209764     -2.465032    -0.714158
 6
       4
     2     2     2     2
     0     1     1     1
 1.710E+00 1.625E+00 1.625E+00 1.625E+00
 0.000E+00 0.000E+00 0.000E+00 0.000E+00
 0.000E+00 0.000E+00 0.000E+00 0.000E+00
 0.000E+00 0.000E+00 0.000E+00 0.000E+00
      132.776513     -0.447935    0.168212
 6
       4
     2     2     2     2
     0     1     1     1
 1.710E+00 1.625E+00 1.625E+00 1.625E+00
 0.000E+00 0.000E+00 0.000E+00 0.000E+00
 0.000E+00 0.000E+00 0.000E+00 0.000E+00
 0.000E+00 0.000E+00 0.000E+00 0.000E+00
      135.466782     -0.788084    0.233680
 1
       1
     1
     0
 1.300E+00
 0.000E+00
 0.000E+00
 0.000E+00
      75.313423     3.924061    -0.378334
 1
       1
     1
     0
 1.300E+00
 0.000E+00
 0.000E+00
 0.000E+00
      80.092583     3.795178    -0.113469
 6
       4
     2     2     2     2
     0     1     1     1
 1.710E+00 1.625E+00 1.625E+00 1.625E+00
 0.000E+00 0.000E+00 0.000E+00 0.000E+00
 0.000E+00 0.000E+00 0.000E+00 0.000E+00
 0.000E+00 0.000E+00 0.000E+00 0.000E+00
      71.963855     0.201095    -0.013967
 1
       1
     1
     0
 1.300E+00
 0.000E+00
 0.000E+00
 0.000E+00
      75.026619     -3.958900    1.085483
 1
       1
     1
     0
 1.300E+00
 0.000E+00
 0.000E+00
 0.000E+00
      79.386697     -4.321677    1.387286
 1
       1
     1
     0
 1.300E+00
 0.000E+00
 0.000E+00
 0.000E+00
      88.049948     3.923784    -1.263703
 1
       1
     1
     0
 1.300E+00
 0.000E+00
 0.000E+00
 0.000E+00
      88.335736     -3.828666    0.967903
 1
       1
     1
     0
 1.300E+00
 0.000E+00
 0.000E+00
 0.000E+00
      92.612931     3.953414    -1.556261
 1
       1
     1
     0
 1.300E+00
 0.000E+00
 0.000E+00
 0.000E+00
      92.892935     -3.768777    1.162442
 1
       1
     1
     0
 1.300E+00
 0.000E+00
 0.000E+00
 0.000E+00
      101.332860     4.458465    -1.472204
 1
       1
     1
     0
 1.300E+00
 0.000E+00
 0.000E+00
 0.000E+00
      105.680373     5.032301    -0.628510
 1
       1
     1
     0
 1.300E+00
 0.000E+00
 0.000E+00
 0.000E+00
      101.606088     -3.248949    1.314015
 1
       1
     1
     0
 1.300E+00
 0.000E+00
 0.000E+00
 0.000E+00
      106.197447     -2.883971    1.599218
 1
       1
     1
     0
 1.300E+00
 0.000E+00
 0.000E+00
 0.000E+00
      115.066846     4.674018    0.811979
 1
       1
     1
     0
 1.300E+00
 0.000E+00
 0.000E+00
 0.000E+00
      114.305785     -3.152755    -1.228637
 1
       1
     1
     0
 1.300E+00
 0.000E+00
 0.000E+00
 0.000E+00
      119.486620     4.367418    0.865621
 1
       1
     1
     0
 1.300E+00
 0.000E+00
 0.000E+00
 0.000E+00
      119.181962     -3.539997    -0.935802
 1
       1
     1
     0
 1.300E+00
 0.000E+00
 0.000E+00
 0.000E+00
      127.971671     3.757427    1.264888
 1
       1
     1
     0
 1.300E+00
 0.000E+00
 0.000E+00
 0.000E+00
      127.571391     -3.826742    -1.441062
 1
       1
     1
     0
 1.300E+00
 0.000E+00
 0.000E+00
 0.000E+00
      132.766757     3.213829    1.644254
 1
       1
     1
     0
 1.300E+00
 0.000E+00
 0.000E+00
 0.000E+00
      132.032430     -4.281652    -1.330613
 1
       1
     1
     0
 1.300E+00
 0.000E+00
 0.000E+00
 0.000E+00
      140.718701     1.519355    3.176571
 1
       1
     1
     0
 1.300E+00
 0.000E+00
 0.000E+00
 0.000E+00
      140.452890     -4.445182    -1.885298
 1
       1
     1
     0
 1.300E+00
 0.000E+00
 0.000E+00
 0.000E+00
      147.727957     -1.202678    0.175979
 1
       1
     1
     0
 1.300E+00
 0.000E+00
 0.000E+00
 0.000E+00
      145.564913     1.859341    2.887316
 1
       1
     1
     0
 1.300E+00
 0.000E+00
 0.000E+00
 0.000E+00
      145.534911     -4.411023    -2.250380
 6
       4
     2     2     2     2
     0     1     1     1
 1.710E+00 1.625E+00 1.625E+00 1.625E+00
 0.000E+00 0.000E+00 0.000E+00 0.000E+00
 0.000E+00 0.000E+00 0.000E+00 0.000E+00
 0.000E+00 0.000E+00 0.000E+00 0.000E+00
      137.629679     -1.114230    0.295701
 6
       4
     2     2     2     2
     0     1     1     1
 1.710E+00 1.625E+00 1.625E+00 1.625E+00
 0.000E+00 0.000E+00 0.000E+00 0.000E+00
 0.000E+00 0.000E+00 0.000E+00 0.000E+00
 0.000E+00 0.000E+00 0.000E+00 0.000E+00
      140.274449     -1.262288    0.367693
 6
       4
     2     2     2     2
     0     1     1     1
 1.710E+00 1.625E+00 1.625E+00 1.625E+00
 0.000E+00 0.000E+00 0.000E+00 0.000E+00
 0.000E+00 0.000E+00 0.000E+00 0.000E+00
 0.000E+00 0.000E+00 0.000E+00 0.000E+00
      141.773240     -3.143754    -1.051646
 6
       4
     2     2     2     2
     0     1     1     1
 1.710E+00 1.625E+00 1.625E+00 1.625E+00
 0.000E+00 0.000E+00 0.000E+00 0.000E+00
 0.000E+00 0.000E+00 0.000E+00 0.000E+00
 0.000E+00 0.000E+00 0.000E+00 0.000E+00
      141.652482     0.403324    1.857565
 6
       4
     2     2     2     2
     0     1     1     1
 1.710E+00 1.625E+00 1.625E+00 1.625E+00
 0.000E+00 0.000E+00 0.000E+00 0.000E+00
 0.000E+00 0.000E+00 0.000E+00 0.000E+00
 0.000E+00 0.000E+00 0.000E+00 0.000E+00
      144.355907     0.501021    1.712150
 6
       4
     2     2     2     2
     0     1     1     1
 1.710E+00 1.625E+00 1.625E+00 1.625E+00
 0.000E+00 0.000E+00 0.000E+00 0.000E+00
 0.000E+00 0.000E+00 0.000E+00 0.000E+00
 0.000E+00 0.000E+00 0.000E+00 0.000E+00
      144.254303     -3.104281    -1.230990
 6
       4
     2     2     2     2
     0     1     1     1
 1.710E+00 1.625E+00 1.625E+00 1.625E+00
 0.000E+00 0.000E+00 0.000E+00 0.000E+00
 0.000E+00 0.000E+00 0.000E+00 0.000E+00
 0.000E+00 0.000E+00 0.000E+00 0.000E+00
      145.843426     -1.275894    0.243213
# LCAO coefficients .. are not included.
         1
        1        0.000618433087838   k=         1
        2        0.002120009014350   k=         1
        3        -0.000275936313588   k=         1
        4        0.021578822645051   k=         1
        5        0.001219503750478   k=         1
        6        0.003259844928010   k=         1
        7        -0.008996687348173   k=         1
        8        0.019099274011849   k=         1
        9        -0.002787424885545   k=         1
        10        -0.005461256299973   k=         1
        11        -0.017144050417283   k=         1
        12        0.029967759871203   k=         1
        13        -0.000353843280281   k=         1
        14        -0.000071281433790   k=         1
        15        0.006331227501037   k=         1
        16        -0.014539893647928   k=         1
        17        0.000360830741760   k=         1
        18        0.000917177464143   k=         1
        19        0.009611935148837   k=         1
        20        -0.030260369148990   k=         1
        21        0.001102641466015   k=         1
        22        0.002782413900971   k=         1
        23        0.002153217766792   k=         1
        24        -0.001588216600133   k=         1
        25        -0.000607314500162   k=         1
        26        -0.003342537557254   k=         1
        27        -0.013630865120370   k=         1
        28        -0.052190307348132   k=         1
        29        0.000543311023170   k=         1
        30        0.000184511765209   k=         1
        31        -0.004191171209099   k=         1
        32        -0.029301161915272   k=         1
        33        -0.000064473843793   k=         1
        34        -0.007132610596209   k=         1
        35        0.019066424865279   k=         1
        36        0.069812889606862   k=         1
        37        -0.000517995846025   k=         1
        38        -0.004722277288171   k=         1
        39        0.006531990479084   k=         1
        40        0.035819845604025   k=         1
        41        0.000025745496065   k=         1
        42        -0.004839936394950   k=         1
        43        0.007028127043863   k=         1
        44        0.033113377801345   k=         1
        45        -0.001324383983479   k=         1
        46        0.004143228047025   k=         1
        47        -0.006600014012797   k=         1
        48        -0.048024330227760   k=         1
        49        0.001294986626181   k=         1
        50        0.006044943768325   k=         1
        51        -0.004525309195818   k=         1
        52        -0.044175017801040   k=         1
        53        -0.000114343314227   k=         1
        54        0.002866350589546   k=         1
        55        -0.017984647538559   k=         1
        56        -0.063314644387614   k=         1
        57        -0.000482869164090   k=         1
        58        -0.001441144248562   k=         1
        59        0.025064923709870   k=         1
        60        0.051030790425306   k=         1
        61        0.000396420251299   k=         1
        62        0.000778780095722   k=         1
        63        0.018877719587041   k=         1
        64        0.054649122349599   k=         1
        65        0.000429128942907   k=         1
        66        -0.002496317985674   k=         1
        67        -0.033727936362522   k=         1
        68        -0.059591053832996   k=         1
        69        -0.000784040368063   k=         1
        70        0.000849265140866   k=         1
        71        -0.031471597653566   k=         1
        72        -0.038071702379962   k=         1
        73        0.000954108202347   k=         1
        74        -0.007711437223192   k=         1
        75        -0.025944841516114   k=         1
        76        -0.031852508874955   k=         1
        77        -0.002281094184505   k=         1
        78        0.005607789365091   k=         1
        79        0.029590295800927   k=         1
        80        0.033416841816785   k=         1
        81        0.002198937089973   k=         1
        82        0.003736946174396   k=         1
        83        0.028355873888350   k=         1
        84        0.028414262174272   k=         1
        85        -0.000424284802426   k=         1
        86        0.009885710328270   k=         1
        87        0.040215614595313   k=         1
        88        0.056209837065378   k=         1
        89        0.003172943041851   k=         1
        90        -0.003157650463476   k=         1
        91        -0.021327062708682   k=         1
        92        -0.056011460262254   k=         1
        93        -0.002469370843291   k=         1
        94        -0.001069196738766   k=         1
        95        -0.025739188094418   k=         1
        96        -0.041971755574159   k=         1
        97        -0.000237148659918   k=         1
        98        0.001350546975129   k=         1
        99        0.025874302553734   k=         1
        100        0.081145591143816   k=         1
        101        -0.002140370029513   k=         1
        102        -0.002535542096282   k=         1
        103        0.008302654340759   k=         1
        104        0.042392988035121   k=         1
        105        0.001783474022998   k=         1
        106        -0.002818455268240   k=         1
        107        0.011653866205111   k=         1
        108        0.048257543043397   k=         1
        109        -0.001622040741691   k=         1
        110        -0.001933526221895   k=         1
        111        -0.014205770402844   k=         1
        112        -0.059903421942714   k=         1
        113        0.000355828966948   k=         1
        114        0.005459952444979   k=         1
        115        -0.010064544798333   k=         1
        116        -0.047386170020431   k=         1
        117        0.001092864596132   k=         1
        118        -0.005328650483187   k=         1
        119        -0.029607521788997   k=         1
        120        -0.073066531885090   k=         1
        121        -0.001210636182037   k=         1
        122        0.005133539982795   k=         1
        123        0.033237659909994   k=         1
        124        0.056913527863661   k=         1
        125        0.000963735584439   k=         1
        126        0.003295210698363   k=         1
        127        0.028811539304968   k=         1
        128        0.062981214835726   k=         1
        129        0.000924940322638   k=         1
        130        -0.002189022913824   k=         1
        131        -0.041154656416380   k=         1
        132        -0.064353137982671   k=         1
        133        -0.001759581230871   k=         1
        134        -0.002869507518407   k=         1
        135        -0.029375380403612   k=         1
        136        -0.044748869128448   k=         1
        137        0.002530568392026   k=         1
        138        0.004946913289246   k=         1
        139        -0.026811176265876   k=         1
        140        -0.047838356596620   k=         1
        141        -0.000076188316067   k=         1
        142        -0.006860338809325   k=         1
        143        0.013550743757097   k=         1
        144        0.028078707936171   k=         1
        145        -0.000155993102113   k=         1
        146        0.002521626195811   k=         1
        147        0.026118629460125   k=         1
        148        0.057138116988492   k=         1
        149        0.000836721117458   k=         1
        150        -0.008562904454904   k=         1
        151        0.031078018120149   k=         1
        152        0.071374856931489   k=         1
        153        -0.003171679928272   k=         1
        154        0.002640245900173   k=         1
        155        -0.018651183575863   k=         1
        156        -0.062419805865584   k=         1
        157        0.001324858295875   k=         1
        158        -0.001835685496412   k=         1
        159        0.000499563329175   k=         1
        160        -0.002484626690691   k=         1
        161        0.000531742585281   k=         1
        162        -0.001683701924685   k=         1
        163        0.002324686112874   k=         1
        164        0.002216637016742   k=         1
        165        -0.000539270279169   k=         1
        166        -0.002107818671878   k=         1
        167        0.001833108769148   k=         1
        168        0.003009770766921   k=         1
        169        -0.002666797808696   k=         1
        170        -0.001664654747449   k=         1
        171        0.003017749443406   k=         1
        172        0.003799647938564   k=         1
        173        -0.001384152397581   k=         1
        174        -0.001207542331146   k=         1
        175        -0.001098189366256   k=         1
        176        0.001058140473571   k=         1
        177        0.000379414896916   k=         1
        178        0.001108622503400   k=         1
        179        -0.002981855318264   k=         1
        180        -0.002339372756702   k=         1
        181        -0.004651719079871   k=         1
        182        0.018218490639747   k=         1
        183        0.105502114609454   k=         1
        184        -0.001122757414542   k=         1
        185        0.001606229738024   k=         1
        186        0.002657437131944   k=         1
        187        -0.001274239448930   k=         1
        188        -0.021479646781073   k=         1
        189        -0.056654469434829   k=         1
        190        -0.001027562645214   k=         1
        191        -0.000095393772214   k=         1
        192        0.022867067396483   k=         1
        193        0.085245498828976   k=         1
        194        -0.000862527395001   k=         1
        195        0.001738305469495   k=         1
        196        0.015460124268219   k=         1
        197        0.037466435111326   k=         1
        198        0.000471100518154   k=         1
        199        0.001195455857093   k=         1
        200        0.015844538974099   k=         1
        201        0.058052013178874   k=         1
        202        0.001419084954461   k=         1
        203        -0.000936406844703   k=         1
        204        -0.026587020721220   k=         1
        205        -0.072753368870050   k=         1
        206        -0.001085765742630   k=         1
        207        -0.002652653127064   k=         1
        208        -0.023702699861031   k=         1
        209        -0.050797555452749   k=         1
        210        -0.000936155565787   k=         1
        211        -0.001909542279663   k=         1
        212        -0.019712922810214   k=         1
        213        -0.075331132214512   k=         1
        214        0.000028900532193   k=         1
        215        -0.011514982577843   k=         1
        216        0.023590233557442   k=         1
        217        0.127648838590196   k=         1
        218        -0.001084257201046   k=         1
        219        -0.001200619748178   k=         1
        220        0.018666663670036   k=         1
        221        0.092529650633373   k=         1
        222        -0.001760959387284   k=         1
        223        -0.004818027205020   k=         1
        224        0.015083284693065   k=         1
        225        0.091742658561587   k=         1
        226        -0.000593246977179   k=         1
        227        0.000004907766209   k=         1
        228        -0.013131078037482   k=         1
        229        -0.062109274288758   k=         1
        230        -0.000975729488963   k=         1
        231        0.017035425301092   k=         1
        232        -0.022147247615831   k=         1
        233        -0.138954413406065   k=         1
        234        0.001610625962902   k=         1
        235        0.001826590003035   k=         1
        236        -0.016349478872994   k=         1
        237        -0.088943195802588   k=         1
        238        -0.005587756695859   k=         1
        239        -0.004357302957547   k=         1
        240        -0.027636109728240   k=         1
        241        -0.116984504550698   k=         1
        242        0.000217541813453   k=         1
        243        -0.029062602937779   k=         1
        244        -0.023119258083075   k=         1
        245        -0.104682089677110   k=         1
        246        -0.006388092240394   k=         1
        247        0.023552205596465   k=         1
        248        0.039137582775284   k=         1
        249        0.144123019040246   k=         1
        250        0.003226777973098   k=         1
        251        -0.003839653513735   k=         1
        252        0.025581798552156   k=         1
        253        0.089509793153462   k=         1
        254        0.002510472587405   k=         1
        255        -0.016191779762731   k=         1
        256        0.029835846525411   k=         1
        257        0.091094218620359   k=         1
        258        -0.003285564271640   k=         1
        259        0.001501915291375   k=         1
        260        -0.037847570157446   k=         1
        261        -0.095719033984687   k=         1
        262        -0.004247549313536   k=         1
        263        0.013047232957120   k=         1
        264        -0.025323865230279   k=         1
        265        -0.083014611963664   k=         1
        266        0.001961464963615   k=         1
        267        -0.006503157619620   k=         1
        268        -0.051929795690092   k=         1
        269        -0.143917939377636   k=         1
        270        0.002600447219689   k=         1
        271        0.012334789654476   k=         1
        272        0.042179340553884   k=         1
        273        0.106980432073637   k=         1
        274        -0.003125097038223   k=         1
        275        0.003376472376073   k=         1
        276        0.041276165610857   k=         1
        277        0.109997558326155   k=         1
        278        0.001781404440790   k=         1
        279        0.015987152265657   k=         1
        280        -0.051134930009875   k=         1
        281        -0.135513598829293   k=         1
        282        -0.001889444684394   k=         1
        283        0.016528825341814   k=         1
        284        -0.038548622271204   k=         1
        285        -0.093279714087712   k=         1
        286        0.003028128455609   k=         1
        287        0.029198859357102   k=         1
        288        -0.023796091129213   k=         1
        289        -0.077492789719553   k=         1
        290        -0.003696099360782   k=         1
        291        -0.031256295040654   k=         1
        292        0.026100355171833   k=         1
        293        0.062515120416660   k=         1
        294        0.004248267765183   k=         1
        295        -0.006544822005340   k=         1
        296        0.043344450912257   k=         1
        297        0.100014610743458   k=         1
        298        -0.002796193429376   k=         1
        299        0.005225579121379   k=         1
        300        0.027653389022974   k=         1
        301        0.141398682214754   k=         1
        302        0.006467506376086   k=         1
        303        -0.013299560219851   k=         1
        304        0.019744922898206   k=         1
        305        -0.127791539537503   k=         1
        306        -0.005125656146602   k=         1
        307        -0.013535409990686   k=         1
        308        -0.007617647311022   k=         1
        309        -0.112552815799279   k=         1
        310        0.005047372211861   k=         1
        311        0.012281159017554   k=         1
        312        -0.045371347151858   k=         1
        313        0.188267572450767   k=         1
        314        -0.005349334210422   k=         1
        315        -0.005178442456367   k=         1
        316        -0.033999233457108   k=         1
        317        0.097195452722914   k=         1
        318        -0.000343417138607   k=         1
        319        -0.014361937547836   k=         1
        320        -0.026712352947748   k=         1
        321        0.097909661981881   k=         1
        322        0.000804939737962   k=         1
        323        0.019965035860662   k=         1
        324        0.022604016052210   k=         1
        325        -0.144397270332752   k=         1
        326        0.001651551781727   k=         1
        327        0.013781980948677   k=         1
        328        0.024589256799332   k=         1
        329        -0.099286648214834   k=         1
        330        -0.004734324702255   k=         1
        331        0.005421080336784   k=         1
        332        0.047369588940432   k=         1
        333        -0.173959813397398   k=         1
        334        0.003331377190092   k=         1
        335        0.011783716119519   k=         1
        336        -0.043095873467787   k=         1
        337        0.137595652338925   k=         1
        338        -0.004437255465865   k=         1
        339        0.010494410498406   k=         1
        340        -0.042182761343668   k=         1
        341        0.145559035463684   k=         1
        342        -0.000388685555681   k=         1
        343        0.005245311207966   k=         1
        344        0.058439184242148   k=         1
        345        -0.180718507997968   k=         1
        346        0.000341816567663   k=         1
        347        0.009249408706579   k=         1
        348        0.036556461102778   k=         1
        349        -0.106981360073830   k=         1
        350        0.001828097731162   k=         1
        351        0.020190912413161   k=         1
        352        0.046708705580145   k=         1
        353        -0.115457246135993   k=         1
        354        -0.001128788307698   k=         1
        355        -0.022400064484938   k=         1
        356        -0.040356875633299   k=         1
        357        0.110665527797604   k=         1
        358        0.001017711219671   k=         1
        359        -0.008882818455943   k=         1
        360        -0.037625208500301   k=         1
        361        0.104867425171107   k=         1
        362        0.001522375160900   k=         1
        363        -0.010155842776185   k=         1
        364        -0.069632548139945   k=         1
        365        0.179085334786190   k=         1
        366        0.001750460577405   k=         1
        367        0.007381835951210   k=         1
        368        0.062376959365200   k=         1
        369        -0.110341262546468   k=         1
        370        0.000309011389127   k=         1
        371        0.002031237846180   k=         1
        372        -0.000155572153292   k=         1
        373        -0.012242918830491   k=         1
        374        0.018457387532365   k=         1
        375        0.077186093967025   k=         1
        376        0.000982147136590   k=         1
        377        0.001261974858613   k=         1
        378        0.004091095747392   k=         1
        379        0.003465056050979   k=         1
        380        0.003200155627548   k=         1
        381        0.004289628214919   k=         1
        382        -0.006031631040192   k=         1
        383        -0.002939016340464   k=         1
        384        0.002410679359473   k=         1
        385        -0.009973621205408   k=         1
        386        0.007347083246584   k=         1
        387        0.006244896046375   k=         1
        388        0.001108065920582   k=         1
        389        -0.001194815503353   k=         1
        390        -0.002104520911738   k=         1
        391        -0.002192939970518   k=         1
        392        -0.003158309125179   k=         1
        393        -0.001494146689723   k=         1
        394        -0.009227860846194   k=         1
        395        0.002248908968246   k=         1
        396        0.004305957990220   k=         1
        397        0.005783879420488   k=         1
        398        -0.011033124325504   k=         1
        399        0.001953324519221   k=         1
        400        0.019452401369622   k=         1
        401        0.061675411961138   k=         1
        402        -0.142770511033117   k=         1
        403        -0.000894272881167   k=         1
        404        -0.013742550191913   k=         1
        405        -0.061838755171902   k=         1
        406        0.098702984968600   k=         1
        407        -0.005405487005418   k=         1
        408        0.019482688764112   k=         1
        409        -0.070647932593925   k=         1
        410        0.062814774201990   k=         1
        411        0.002502015781343   k=         1
        412        0.009879154646823   k=         1
        413        -0.102925944135488   k=         1
        414        0.085397186672948   k=         1
        415        0.002022072029543   k=         1
        416        -0.008555166423872   k=         1
        417        0.036018787391555   k=         1
        418        -0.034900294032489   k=         1
        419        0.004000868229246   k=         1
        420        -0.007156016226256   k=         1
        421        0.029151367695316   k=         1
        422        -0.030589253210471   k=         1
        423        -0.003617662356683   k=         1
        424        -0.001895468583830   k=         1
        425        0.098800212796453   k=         1
        426        -0.135143665544200   k=         1
