# file_format= v0.04.05
       144       426
    188.97268778      0.00000000      0.00000000    0
      0.00000000    188.97268778      0.00000000    0
      0.00000000      0.00000000    188.97268778    0
 6
       4
     2     2     2     2
     0     1     1     1
 1.710E+00 1.625E+00 1.625E+00 1.625E+00
 0.000E+00 0.000E+00 0.000E+00 0.000E+00
 0.000E+00 0.000E+00 0.000E+00 0.000E+00
 0.000E+00 0.000E+00 0.000E+00 0.000E+00
      0.826116     -0.618641    -0.208425
 6
       4
     2     2     2     2
     0     1     1     1
 1.710E+00 1.625E+00 1.625E+00 1.625E+00
 0.000E+00 0.000E+00 0.000E+00 0.000E+00
 0.000E+00 0.000E+00 0.000E+00 0.000E+00
 0.000E+00 0.000E+00 0.000E+00 0.000E+00
      -0.902159     1.187870    0.496937
 6
       4
     2     2     2     2
     0     1     1     1
 1.710E+00 1.625E+00 1.625E+00 1.625E+00
 0.000E+00 0.000E+00 0.000E+00 0.000E+00
 0.000E+00 0.000E+00 0.000E+00 0.000E+00
 0.000E+00 0.000E+00 0.000E+00 0.000E+00
      -0.225204     -2.949628    -1.064834
 6
       4
     2     2     2     2
     0     1     1     1
 1.710E+00 1.625E+00 1.625E+00 1.625E+00
 0.000E+00 0.000E+00 0.000E+00 0.000E+00
 0.000E+00 0.000E+00 0.000E+00 0.000E+00
 0.000E+00 0.000E+00 0.000E+00 0.000E+00
      -3.583937     0.734149    0.459092
 6
       4
     2     2     2     2
     0     1     1     1
 1.710E+00 1.625E+00 1.625E+00 1.625E+00
 0.000E+00 0.000E+00 0.000E+00 0.000E+00
 0.000E+00 0.000E+00 0.000E+00 0.000E+00
 0.000E+00 0.000E+00 0.000E+00 0.000E+00
      -4.436857     -1.560923    -0.276546
 6
       4
     2     2     2     2
     0     1     1     1
 1.710E+00 1.625E+00 1.625E+00 1.625E+00
 0.000E+00 0.000E+00 0.000E+00 0.000E+00
 0.000E+00 0.000E+00 0.000E+00 0.000E+00
 0.000E+00 0.000E+00 0.000E+00 0.000E+00
      -2.865267     -3.407637    -1.007496
 6
       4
     2     2     2     2
     0     1     1     1
 1.710E+00 1.625E+00 1.625E+00 1.625E+00
 0.000E+00 0.000E+00 0.000E+00 0.000E+00
 0.000E+00 0.000E+00 0.000E+00 0.000E+00
 0.000E+00 0.000E+00 0.000E+00 0.000E+00
      3.588454     -0.104581    -0.033133
 6
       4
     2     2     2     2
     0     1     1     1
 1.710E+00 1.625E+00 1.625E+00 1.625E+00
 0.000E+00 0.000E+00 0.000E+00 0.000E+00
 0.000E+00 0.000E+00 0.000E+00 0.000E+00
 0.000E+00 0.000E+00 0.000E+00 0.000E+00
      5.789892     0.388299    0.094490
 6
       4
     2     2     2     2
     0     1     1     1
 1.710E+00 1.625E+00 1.625E+00 1.625E+00
 0.000E+00 0.000E+00 0.000E+00 0.000E+00
 0.000E+00 0.000E+00 0.000E+00 0.000E+00
 0.000E+00 0.000E+00 0.000E+00 0.000E+00
      8.552754     0.798751    0.017926
 6
       4
     2     2     2     2
     0     1     1     1
 1.710E+00 1.625E+00 1.625E+00 1.625E+00
 0.000E+00 0.000E+00 0.000E+00 0.000E+00
 0.000E+00 0.000E+00 0.000E+00 0.000E+00
 0.000E+00 0.000E+00 0.000E+00 0.000E+00
      9.834412     2.986608    -0.730466
 6
       4
     2     2     2     2
     0     1     1     1
 1.710E+00 1.625E+00 1.625E+00 1.625E+00
 0.000E+00 0.000E+00 0.000E+00 0.000E+00
 0.000E+00 0.000E+00 0.000E+00 0.000E+00
 0.000E+00 0.000E+00 0.000E+00 0.000E+00
      10.196754     -1.209035    0.786396
 6
       4
     2     2     2     2
     0     1     1     1
 1.710E+00 1.625E+00 1.625E+00 1.625E+00
 0.000E+00 0.000E+00 0.000E+00 0.000E+00
 0.000E+00 0.000E+00 0.000E+00 0.000E+00
 0.000E+00 0.000E+00 0.000E+00 0.000E+00
      12.485724     3.120363    -0.652050
 6
       4
     2     2     2     2
     0     1     1     1
 1.710E+00 1.625E+00 1.625E+00 1.625E+00
 0.000E+00 0.000E+00 0.000E+00 0.000E+00
 0.000E+00 0.000E+00 0.000E+00 0.000E+00
 0.000E+00 0.000E+00 0.000E+00 0.000E+00
      12.801592     -1.002156    0.930284
 6
       4
     2     2     2     2
     0     1     1     1
 1.710E+00 1.625E+00 1.625E+00 1.625E+00
 0.000E+00 0.000E+00 0.000E+00 0.000E+00
 0.000E+00 0.000E+00 0.000E+00 0.000E+00
 0.000E+00 0.000E+00 0.000E+00 0.000E+00
      14.075940     1.228711    0.224036
 6
       4
     2     2     2     2
     0     1     1     1
 1.710E+00 1.625E+00 1.625E+00 1.625E+00
 0.000E+00 0.000E+00 0.000E+00 0.000E+00
 0.000E+00 0.000E+00 0.000E+00 0.000E+00
 0.000E+00 0.000E+00 0.000E+00 0.000E+00
      16.848166     1.378103    0.227412
 6
       4
     2     2     2     2
     0     1     1     1
 1.710E+00 1.625E+00 1.625E+00 1.625E+00
 0.000E+00 0.000E+00 0.000E+00 0.000E+00
 0.000E+00 0.000E+00 0.000E+00 0.000E+00
 0.000E+00 0.000E+00 0.000E+00 0.000E+00
      19.138364     1.333251    0.368601
 6
       4
     2     2     2     2
     0     1     1     1
 1.710E+00 1.625E+00 1.625E+00 1.625E+00
 0.000E+00 0.000E+00 0.000E+00 0.000E+00
 0.000E+00 0.000E+00 0.000E+00 0.000E+00
 0.000E+00 0.000E+00 0.000E+00 0.000E+00
      21.884393     1.290418    0.163093
 6
       4
     2     2     2     2
     0     1     1     1
 1.710E+00 1.625E+00 1.625E+00 1.625E+00
 0.000E+00 0.000E+00 0.000E+00 0.000E+00
 0.000E+00 0.000E+00 0.000E+00 0.000E+00
 0.000E+00 0.000E+00 0.000E+00 0.000E+00
      23.265280     -0.479274    1.584172
 6
       4
     2     2     2     2
     0     1     1     1
 1.710E+00 1.625E+00 1.625E+00 1.625E+00
 0.000E+00 0.000E+00 0.000E+00 0.000E+00
 0.000E+00 0.000E+00 0.000E+00 0.000E+00
 0.000E+00 0.000E+00 0.000E+00 0.000E+00
      23.376288     2.863502    -1.417179
 6
       4
     2     2     2     2
     0     1     1     1
 1.710E+00 1.625E+00 1.625E+00 1.625E+00
 0.000E+00 0.000E+00 0.000E+00 0.000E+00
 0.000E+00 0.000E+00 0.000E+00 0.000E+00
 0.000E+00 0.000E+00 0.000E+00 0.000E+00
      25.953113     2.540890    -1.480043
 6
       4
     2     2     2     2
     0     1     1     1
 1.710E+00 1.625E+00 1.625E+00 1.625E+00
 0.000E+00 0.000E+00 0.000E+00 0.000E+00
 0.000E+00 0.000E+00 0.000E+00 0.000E+00
 0.000E+00 0.000E+00 0.000E+00 0.000E+00
      25.827187     -0.897527    1.405882
 6
       4
     2     2     2     2
     0     1     1     1
 1.710E+00 1.625E+00 1.625E+00 1.625E+00
 0.000E+00 0.000E+00 0.000E+00 0.000E+00
 0.000E+00 0.000E+00 0.000E+00 0.000E+00
 0.000E+00 0.000E+00 0.000E+00 0.000E+00
      27.322788     0.704770    -0.053479
 6
       4
     2     2     2     2
     0     1     1     1
 1.710E+00 1.625E+00 1.625E+00 1.625E+00
 0.000E+00 0.000E+00 0.000E+00 0.000E+00
 0.000E+00 0.000E+00 0.000E+00 0.000E+00
 0.000E+00 0.000E+00 0.000E+00 0.000E+00
      29.960232     0.440973    0.022629
 6
       4
     2     2     2     2
     0     1     1     1
 1.710E+00 1.625E+00 1.625E+00 1.625E+00
 0.000E+00 0.000E+00 0.000E+00 0.000E+00
 0.000E+00 0.000E+00 0.000E+00 0.000E+00
 0.000E+00 0.000E+00 0.000E+00 0.000E+00
      32.294210     0.004169    0.224927
 6
       4
     2     2     2     2
     0     1     1     1
 1.710E+00 1.625E+00 1.625E+00 1.625E+00
 0.000E+00 0.000E+00 0.000E+00 0.000E+00
 0.000E+00 0.000E+00 0.000E+00 0.000E+00
 0.000E+00 0.000E+00 0.000E+00 0.000E+00
      34.955394     -0.003112    0.175034
 6
       4
     2     2     2     2
     0     1     1     1
 1.710E+00 1.625E+00 1.625E+00 1.625E+00
 0.000E+00 0.000E+00 0.000E+00 0.000E+00
 0.000E+00 0.000E+00 0.000E+00 0.000E+00
 0.000E+00 0.000E+00 0.000E+00 0.000E+00
      36.434571     -2.240692    0.713149
 6
       4
     2     2     2     2
     0     1     1     1
 1.710E+00 1.625E+00 1.625E+00 1.625E+00
 0.000E+00 0.000E+00 0.000E+00 0.000E+00
 0.000E+00 0.000E+00 0.000E+00 0.000E+00
 0.000E+00 0.000E+00 0.000E+00 0.000E+00
      36.330209     2.158094    -0.351438
 6
       4
     2     2     2     2
     0     1     1     1
 1.710E+00 1.625E+00 1.625E+00 1.625E+00
 0.000E+00 0.000E+00 0.000E+00 0.000E+00
 0.000E+00 0.000E+00 0.000E+00 0.000E+00
 0.000E+00 0.000E+00 0.000E+00 0.000E+00
      38.997417     2.136583    -0.401355
 6
       4
     2     2     2     2
     0     1     1     1
 1.710E+00 1.625E+00 1.625E+00 1.625E+00
 0.000E+00 0.000E+00 0.000E+00 0.000E+00
 0.000E+00 0.000E+00 0.000E+00 0.000E+00
 0.000E+00 0.000E+00 0.000E+00 0.000E+00
      39.016568     -2.207300    0.607348
 6
       4
     2     2     2     2
     0     1     1     1
 1.710E+00 1.625E+00 1.625E+00 1.625E+00
 0.000E+00 0.000E+00 0.000E+00 0.000E+00
 0.000E+00 0.000E+00 0.000E+00 0.000E+00
 0.000E+00 0.000E+00 0.000E+00 0.000E+00
      40.440837     -0.034423    -0.102533
 6
       4
     2     2     2     2
     0     1     1     1
 1.710E+00 1.625E+00 1.625E+00 1.625E+00
 0.000E+00 0.000E+00 0.000E+00 0.000E+00
 0.000E+00 0.000E+00 0.000E+00 0.000E+00
 0.000E+00 0.000E+00 0.000E+00 0.000E+00
      43.200744     -0.371902    -0.242459
 6
       4
     2     2     2     2
     0     1     1     1
 1.710E+00 1.625E+00 1.625E+00 1.625E+00
 0.000E+00 0.000E+00 0.000E+00 0.000E+00
 0.000E+00 0.000E+00 0.000E+00 0.000E+00
 0.000E+00 0.000E+00 0.000E+00 0.000E+00
      45.466940     -0.569272    -0.309658
 6
       4
     2     2     2     2
     0     1     1     1
 1.710E+00 1.625E+00 1.625E+00 1.625E+00
 0.000E+00 0.000E+00 0.000E+00 0.000E+00
 0.000E+00 0.000E+00 0.000E+00 0.000E+00
 0.000E+00 0.000E+00 0.000E+00 0.000E+00
      48.317121     -0.668128    -0.343766
 6
       4
     2     2     2     2
     0     1     1     1
 1.710E+00 1.625E+00 1.625E+00 1.625E+00
 0.000E+00 0.000E+00 0.000E+00 0.000E+00
 0.000E+00 0.000E+00 0.000E+00 0.000E+00
 0.000E+00 0.000E+00 0.000E+00 0.000E+00
      49.695806     -2.429349    0.811048
 6
       4
     2     2     2     2
     0     1     1     1
 1.710E+00 1.625E+00 1.625E+00 1.625E+00
 0.000E+00 0.000E+00 0.000E+00 0.000E+00
 0.000E+00 0.000E+00 0.000E+00 0.000E+00
 0.000E+00 0.000E+00 0.000E+00 0.000E+00
      49.602242     1.674670    -1.100350
 6
       4
     2     2     2     2
     0     1     1     1
 1.710E+00 1.625E+00 1.625E+00 1.625E+00
 0.000E+00 0.000E+00 0.000E+00 0.000E+00
 0.000E+00 0.000E+00 0.000E+00 0.000E+00
 0.000E+00 0.000E+00 0.000E+00 0.000E+00
      52.141922     1.983016    -1.112599
 6
       4
     2     2     2     2
     0     1     1     1
 1.710E+00 1.625E+00 1.625E+00 1.625E+00
 0.000E+00 0.000E+00 0.000E+00 0.000E+00
 0.000E+00 0.000E+00 0.000E+00 0.000E+00
 0.000E+00 0.000E+00 0.000E+00 0.000E+00
      52.380013     -2.038207    1.157691
 6
       4
     2     2     2     2
     0     1     1     1
 1.710E+00 1.625E+00 1.625E+00 1.625E+00
 0.000E+00 0.000E+00 0.000E+00 0.000E+00
 0.000E+00 0.000E+00 0.000E+00 0.000E+00
 0.000E+00 0.000E+00 0.000E+00 0.000E+00
      53.628522     0.028027    0.116137
 6
       4
     2     2     2     2
     0     1     1     1
 1.710E+00 1.625E+00 1.625E+00 1.625E+00
 0.000E+00 0.000E+00 0.000E+00 0.000E+00
 0.000E+00 0.000E+00 0.000E+00 0.000E+00
 0.000E+00 0.000E+00 0.000E+00 0.000E+00
      56.354823     0.199816    0.118076
 1
       1
     1
     0
 1.300E+00
 0.000E+00
 0.000E+00
 0.000E+00
      -4.854757     2.416262    0.849129
 1
       1
     1
     0
 1.300E+00
 0.000E+00
 0.000E+00
 0.000E+00
      -0.366635     3.060235    1.055835
 1
       1
     1
     0
 1.300E+00
 0.000E+00
 0.000E+00
 0.000E+00
      -7.227629     -2.180179    -0.469109
 1
       1
     1
     0
 1.300E+00
 0.000E+00
 0.000E+00
 0.000E+00
      -3.479377     -5.278052    -1.749650
 1
       1
     1
     0
 1.300E+00
 0.000E+00
 0.000E+00
 0.000E+00
      1.072457     -4.468251    -1.978520
 1
       1
     1
     0
 1.300E+00
 0.000E+00
 0.000E+00
 0.000E+00
      8.616567     4.675554    -1.400493
 1
       1
     1
     0
 1.300E+00
 0.000E+00
 0.000E+00
 0.000E+00
      9.236467     -2.988452    1.375305
 1
       1
     1
     0
 1.300E+00
 0.000E+00
 0.000E+00
 0.000E+00
      13.306455     4.938814    -1.427335
 1
       1
     1
     0
 1.300E+00
 0.000E+00
 0.000E+00
 0.000E+00
      13.884002     -2.625701    1.664541
 1
       1
     1
     0
 1.300E+00
 0.000E+00
 0.000E+00
 0.000E+00
      22.526864     4.435081    -2.674030
 1
       1
     1
     0
 1.300E+00
 0.000E+00
 0.000E+00
 0.000E+00
      27.004067     3.759005    -2.674692
 1
       1
     1
     0
 1.300E+00
 0.000E+00
 0.000E+00
 0.000E+00
      22.140249     -1.651645    2.949501
 1
       1
     1
     0
 1.300E+00
 0.000E+00
 0.000E+00
 0.000E+00
      26.678483     -2.517096    2.508545
 1
       1
     1
     0
 1.300E+00
 0.000E+00
 0.000E+00
 0.000E+00
      35.322679     3.927028    -0.614630
 1
       1
     1
     0
 1.300E+00
 0.000E+00
 0.000E+00
 0.000E+00
      35.474807     -4.039490    1.378209
 1
       1
     1
     0
 1.300E+00
 0.000E+00
 0.000E+00
 0.000E+00
      39.993292     4.080302    -0.767444
 1
       1
     1
     0
 1.300E+00
 0.000E+00
 0.000E+00
 0.000E+00
      40.091104     -4.038800    1.145299
 1
       1
     1
     0
 1.300E+00
 0.000E+00
 0.000E+00
 0.000E+00
      48.502533     3.358464    -1.917278
 1
       1
     1
     0
 1.300E+00
 0.000E+00
 0.000E+00
 0.000E+00
      48.849799     -4.246224    1.722799
 1
       1
     1
     0
 1.300E+00
 0.000E+00
 0.000E+00
 0.000E+00
      53.200700     3.691943    -2.030847
 1
       1
     1
     0
 1.300E+00
 0.000E+00
 0.000E+00
 0.000E+00
      53.455465     -3.428738    2.299460
 1
       1
     1
     0
 1.300E+00
 0.000E+00
 0.000E+00
 0.000E+00
      61.826966     4.191518    -1.374377
 1
       1
     1
     0
 1.300E+00
 0.000E+00
 0.000E+00
 0.000E+00
      61.604410     -3.787451    1.099303
 6
       4
     2     2     2     2
     0     1     1     1
 1.710E+00 1.625E+00 1.625E+00 1.625E+00
 0.000E+00 0.000E+00 0.000E+00 0.000E+00
 0.000E+00 0.000E+00 0.000E+00 0.000E+00
 0.000E+00 0.000E+00 0.000E+00 0.000E+00
      69.574310     0.103376    0.138114
 1
       1
     1
     0
 1.300E+00
 0.000E+00
 0.000E+00
 0.000E+00
      66.472572     3.945206    -1.367882
 1
       1
     1
     0
 1.300E+00
 0.000E+00
 0.000E+00
 0.000E+00
      66.279206     -3.984147    0.771006
 6
       4
     2     2     2     2
     0     1     1     1
 1.710E+00 1.625E+00 1.625E+00 1.625E+00
 0.000E+00 0.000E+00 0.000E+00 0.000E+00
 0.000E+00 0.000E+00 0.000E+00 0.000E+00
 0.000E+00 0.000E+00 0.000E+00 0.000E+00
      58.685227     0.213469    0.047787
 6
       4
     2     2     2     2
     0     1     1     1
 1.710E+00 1.625E+00 1.625E+00 1.625E+00
 0.000E+00 0.000E+00 0.000E+00 0.000E+00
 0.000E+00 0.000E+00 0.000E+00 0.000E+00
 0.000E+00 0.000E+00 0.000E+00 0.000E+00
      61.396126     0.223352    -0.150243
 6
       4
     2     2     2     2
     0     1     1     1
 1.710E+00 1.625E+00 1.625E+00 1.625E+00
 0.000E+00 0.000E+00 0.000E+00 0.000E+00
 0.000E+00 0.000E+00 0.000E+00 0.000E+00
 0.000E+00 0.000E+00 0.000E+00 0.000E+00
      62.788075     -2.116648    0.629375
 6
       4
     2     2     2     2
     0     1     1     1
 1.710E+00 1.625E+00 1.625E+00 1.625E+00
 0.000E+00 0.000E+00 0.000E+00 0.000E+00
 0.000E+00 0.000E+00 0.000E+00 0.000E+00
 0.000E+00 0.000E+00 0.000E+00 0.000E+00
      62.784273     2.269748    -0.814657
 6
       4
     2     2     2     2
     0     1     1     1
 1.710E+00 1.625E+00 1.625E+00 1.625E+00
 0.000E+00 0.000E+00 0.000E+00 0.000E+00
 0.000E+00 0.000E+00 0.000E+00 0.000E+00
 0.000E+00 0.000E+00 0.000E+00 0.000E+00
      65.546593     2.224994    -0.872838
 6
       4
     2     2     2     2
     0     1     1     1
 1.710E+00 1.625E+00 1.625E+00 1.625E+00
 0.000E+00 0.000E+00 0.000E+00 0.000E+00
 0.000E+00 0.000E+00 0.000E+00 0.000E+00
 0.000E+00 0.000E+00 0.000E+00 0.000E+00
      65.345666     -2.199446    0.517847
 6
       4
     2     2     2     2
     0     1     1     1
 1.710E+00 1.625E+00 1.625E+00 1.625E+00
 0.000E+00 0.000E+00 0.000E+00 0.000E+00
 0.000E+00 0.000E+00 0.000E+00 0.000E+00
 0.000E+00 0.000E+00 0.000E+00 0.000E+00
      66.817616     0.166154    -0.072807
 6
       4
     2     2     2     2
     0     1     1     1
 1.710E+00 1.625E+00 1.625E+00 1.625E+00
 0.000E+00 0.000E+00 0.000E+00 0.000E+00
 0.000E+00 0.000E+00 0.000E+00 0.000E+00
 0.000E+00 0.000E+00 0.000E+00 0.000E+00
      80.045303     -0.236701    0.350195
 6
       4
     2     2     2     2
     0     1     1     1
 1.710E+00 1.625E+00 1.625E+00 1.625E+00
 0.000E+00 0.000E+00 0.000E+00 0.000E+00
 0.000E+00 0.000E+00 0.000E+00 0.000E+00
 0.000E+00 0.000E+00 0.000E+00 0.000E+00
      78.746258     2.107256    -0.288975
 6
       4
     2     2     2     2
     0     1     1     1
 1.710E+00 1.625E+00 1.625E+00 1.625E+00
 0.000E+00 0.000E+00 0.000E+00 0.000E+00
 0.000E+00 0.000E+00 0.000E+00 0.000E+00
 0.000E+00 0.000E+00 0.000E+00 0.000E+00
      78.374053     -2.218147    0.949631
 6
       4
     2     2     2     2
     0     1     1     1
 1.710E+00 1.625E+00 1.625E+00 1.625E+00
 0.000E+00 0.000E+00 0.000E+00 0.000E+00
 0.000E+00 0.000E+00 0.000E+00 0.000E+00
 0.000E+00 0.000E+00 0.000E+00 0.000E+00
      76.150150     2.304156    -0.386269
 6
       4
     2     2     2     2
     0     1     1     1
 1.710E+00 1.625E+00 1.625E+00 1.625E+00
 0.000E+00 0.000E+00 0.000E+00 0.000E+00
 0.000E+00 0.000E+00 0.000E+00 0.000E+00
 0.000E+00 0.000E+00 0.000E+00 0.000E+00
      74.507485     0.235407    0.127993
 6
       4
     2     2     2     2
     0     1     1     1
 1.710E+00 1.625E+00 1.625E+00 1.625E+00
 0.000E+00 0.000E+00 0.000E+00 0.000E+00
 0.000E+00 0.000E+00 0.000E+00 0.000E+00
 0.000E+00 0.000E+00 0.000E+00 0.000E+00
      75.706847     -2.024354    0.852915
 6
       4
     2     2     2     2
     0     1     1     1
 1.710E+00 1.625E+00 1.625E+00 1.625E+00
 0.000E+00 0.000E+00 0.000E+00 0.000E+00
 0.000E+00 0.000E+00 0.000E+00 0.000E+00
 0.000E+00 0.000E+00 0.000E+00 0.000E+00
      82.830460     -0.308434    0.333860
 6
       4
     2     2     2     2
     0     1     1     1
 1.710E+00 1.625E+00 1.625E+00 1.625E+00
 0.000E+00 0.000E+00 0.000E+00 0.000E+00
 0.000E+00 0.000E+00 0.000E+00 0.000E+00
 0.000E+00 0.000E+00 0.000E+00 0.000E+00
      85.164600     -0.003734    0.187941
 6
       4
     2     2     2     2
     0     1     1     1
 1.710E+00 1.625E+00 1.625E+00 1.625E+00
 0.000E+00 0.000E+00 0.000E+00 0.000E+00
 0.000E+00 0.000E+00 0.000E+00 0.000E+00
 0.000E+00 0.000E+00 0.000E+00 0.000E+00
      87.921930     0.105942    0.016407
 6
       4
     2     2     2     2
     0     1     1     1
 1.710E+00 1.625E+00 1.625E+00 1.625E+00
 0.000E+00 0.000E+00 0.000E+00 0.000E+00
 0.000E+00 0.000E+00 0.000E+00 0.000E+00
 0.000E+00 0.000E+00 0.000E+00 0.000E+00
      89.110082     2.264801    -0.968352
 6
       4
     2     2     2     2
     0     1     1     1
 1.710E+00 1.625E+00 1.625E+00 1.625E+00
 0.000E+00 0.000E+00 0.000E+00 0.000E+00
 0.000E+00 0.000E+00 0.000E+00 0.000E+00
 0.000E+00 0.000E+00 0.000E+00 0.000E+00
      89.516031     -1.956224    0.801121
 6
       4
     2     2     2     2
     0     1     1     1
 1.710E+00 1.625E+00 1.625E+00 1.625E+00
 0.000E+00 0.000E+00 0.000E+00 0.000E+00
 0.000E+00 0.000E+00 0.000E+00 0.000E+00
 0.000E+00 0.000E+00 0.000E+00 0.000E+00
      91.752977     2.325041    -1.234369
 6
       4
     2     2     2     2
     0     1     1     1
 1.710E+00 1.625E+00 1.625E+00 1.625E+00
 0.000E+00 0.000E+00 0.000E+00 0.000E+00
 0.000E+00 0.000E+00 0.000E+00 0.000E+00
 0.000E+00 0.000E+00 0.000E+00 0.000E+00
      92.132963     -1.950500    0.382670
 6
       4
     2     2     2     2
     0     1     1     1
 1.710E+00 1.625E+00 1.625E+00 1.625E+00
 0.000E+00 0.000E+00 0.000E+00 0.000E+00
 0.000E+00 0.000E+00 0.000E+00 0.000E+00
 0.000E+00 0.000E+00 0.000E+00 0.000E+00
      93.332605     0.341508    -0.459629
 6
       4
     2     2     2     2
     0     1     1     1
 1.710E+00 1.625E+00 1.625E+00 1.625E+00
 0.000E+00 0.000E+00 0.000E+00 0.000E+00
 0.000E+00 0.000E+00 0.000E+00 0.000E+00
 0.000E+00 0.000E+00 0.000E+00 0.000E+00
      96.137655     0.534643    -0.366741
 6
       4
     2     2     2     2
     0     1     1     1
 1.710E+00 1.625E+00 1.625E+00 1.625E+00
 0.000E+00 0.000E+00 0.000E+00 0.000E+00
 0.000E+00 0.000E+00 0.000E+00 0.000E+00
 0.000E+00 0.000E+00 0.000E+00 0.000E+00
      98.395967     0.279882    0.037980
 6
       4
     2     2     2     2
     0     1     1     1
 1.710E+00 1.625E+00 1.625E+00 1.625E+00
 0.000E+00 0.000E+00 0.000E+00 0.000E+00
 0.000E+00 0.000E+00 0.000E+00 0.000E+00
 0.000E+00 0.000E+00 0.000E+00 0.000E+00
      101.207662     0.219807    0.198797
 6
       4
     2     2     2     2
     0     1     1     1
 1.710E+00 1.625E+00 1.625E+00 1.625E+00
 0.000E+00 0.000E+00 0.000E+00 0.000E+00
 0.000E+00 0.000E+00 0.000E+00 0.000E+00
 0.000E+00 0.000E+00 0.000E+00 0.000E+00
      102.548819     -1.925298    0.708351
 6
       4
     2     2     2     2
     0     1     1     1
 1.710E+00 1.625E+00 1.625E+00 1.625E+00
 0.000E+00 0.000E+00 0.000E+00 0.000E+00
 0.000E+00 0.000E+00 0.000E+00 0.000E+00
 0.000E+00 0.000E+00 0.000E+00 0.000E+00
      102.649145     2.503910    -0.609680
 6
       4
     2     2     2     2
     0     1     1     1
 1.710E+00 1.625E+00 1.625E+00 1.625E+00
 0.000E+00 0.000E+00 0.000E+00 0.000E+00
 0.000E+00 0.000E+00 0.000E+00 0.000E+00
 0.000E+00 0.000E+00 0.000E+00 0.000E+00
      105.198572     2.488197    -0.752183
 6
       4
     2     2     2     2
     0     1     1     1
 1.710E+00 1.625E+00 1.625E+00 1.625E+00
 0.000E+00 0.000E+00 0.000E+00 0.000E+00
 0.000E+00 0.000E+00 0.000E+00 0.000E+00
 0.000E+00 0.000E+00 0.000E+00 0.000E+00
      105.267175     -1.872656    0.761397
 6
       4
     2     2     2     2
     0     1     1     1
 1.710E+00 1.625E+00 1.625E+00 1.625E+00
 0.000E+00 0.000E+00 0.000E+00 0.000E+00
 0.000E+00 0.000E+00 0.000E+00 0.000E+00
 0.000E+00 0.000E+00 0.000E+00 0.000E+00
      106.596404     0.217322    -0.007674
 6
       4
     2     2     2     2
     0     1     1     1
 1.710E+00 1.625E+00 1.625E+00 1.625E+00
 0.000E+00 0.000E+00 0.000E+00 0.000E+00
 0.000E+00 0.000E+00 0.000E+00 0.000E+00
 0.000E+00 0.000E+00 0.000E+00 0.000E+00
      109.326422     0.511768    0.117343
 6
       4
     2     2     2     2
     0     1     1     1
 1.710E+00 1.625E+00 1.625E+00 1.625E+00
 0.000E+00 0.000E+00 0.000E+00 0.000E+00
 0.000E+00 0.000E+00 0.000E+00 0.000E+00
 0.000E+00 0.000E+00 0.000E+00 0.000E+00
      111.621671     0.992148    0.016049
 6
       4
     2     2     2     2
     0     1     1     1
 1.710E+00 1.625E+00 1.625E+00 1.625E+00
 0.000E+00 0.000E+00 0.000E+00 0.000E+00
 0.000E+00 0.000E+00 0.000E+00 0.000E+00
 0.000E+00 0.000E+00 0.000E+00 0.000E+00
      114.332980     0.957925    0.146407
 6
       4
     2     2     2     2
     0     1     1     1
 1.710E+00 1.625E+00 1.625E+00 1.625E+00
 0.000E+00 0.000E+00 0.000E+00 0.000E+00
 0.000E+00 0.000E+00 0.000E+00 0.000E+00
 0.000E+00 0.000E+00 0.000E+00 0.000E+00
      115.578986     -1.459772    -0.338841
 6
       4
     2     2     2     2
     0     1     1     1
 1.710E+00 1.625E+00 1.625E+00 1.625E+00
 0.000E+00 0.000E+00 0.000E+00 0.000E+00
 0.000E+00 0.000E+00 0.000E+00 0.000E+00
 0.000E+00 0.000E+00 0.000E+00 0.000E+00
      115.900599     3.059750    0.618804
 6
       4
     2     2     2     2
     0     1     1     1
 1.710E+00 1.625E+00 1.625E+00 1.625E+00
 0.000E+00 0.000E+00 0.000E+00 0.000E+00
 0.000E+00 0.000E+00 0.000E+00 0.000E+00
 0.000E+00 0.000E+00 0.000E+00 0.000E+00
      118.578754     2.790957    0.674366
 6
       4
     2     2     2     2
     0     1     1     1
 1.710E+00 1.625E+00 1.625E+00 1.625E+00
 0.000E+00 0.000E+00 0.000E+00 0.000E+00
 0.000E+00 0.000E+00 0.000E+00 0.000E+00
 0.000E+00 0.000E+00 0.000E+00 0.000E+00
      118.131445     -1.654151    -0.374151
 6
       4
     2     2     2     2
     0     1     1     1
 1.710E+00 1.625E+00 1.625E+00 1.625E+00
 0.000E+00 0.000E+00 0.000E+00 0.000E+00
 0.000E+00 0.000E+00 0.000E+00 0.000E+00
 0.000E+00 0.000E+00 0.000E+00 0.000E+00
      119.700711     0.439497    0.171782
 6
       4
     2     2     2     2
     0     1     1     1
 1.710E+00 1.625E+00 1.625E+00 1.625E+00
 0.000E+00 0.000E+00 0.000E+00 0.000E+00
 0.000E+00 0.000E+00 0.000E+00 0.000E+00
 0.000E+00 0.000E+00 0.000E+00 0.000E+00
      122.385309     0.159846    0.197200
 6
       4
     2     2     2     2
     0     1     1     1
 1.710E+00 1.625E+00 1.625E+00 1.625E+00
 0.000E+00 0.000E+00 0.000E+00 0.000E+00
 0.000E+00 0.000E+00 0.000E+00 0.000E+00
 0.000E+00 0.000E+00 0.000E+00 0.000E+00
      124.704424     -0.185692    -0.025982
 6
       4
     2     2     2     2
     0     1     1     1
 1.710E+00 1.625E+00 1.625E+00 1.625E+00
 0.000E+00 0.000E+00 0.000E+00 0.000E+00
 0.000E+00 0.000E+00 0.000E+00 0.000E+00
 0.000E+00 0.000E+00 0.000E+00 0.000E+00
      127.457118     -0.317081    -0.175011
 6
       4
     2     2     2     2
     0     1     1     1
 1.710E+00 1.625E+00 1.625E+00 1.625E+00
 0.000E+00 0.000E+00 0.000E+00 0.000E+00
 0.000E+00 0.000E+00 0.000E+00 0.000E+00
 0.000E+00 0.000E+00 0.000E+00 0.000E+00
      128.823872     -2.438149    -1.173586
 6
       4
     2     2     2     2
     0     1     1     1
 1.710E+00 1.625E+00 1.625E+00 1.625E+00
 0.000E+00 0.000E+00 0.000E+00 0.000E+00
 0.000E+00 0.000E+00 0.000E+00 0.000E+00
 0.000E+00 0.000E+00 0.000E+00 0.000E+00
      129.039009     1.759941    0.539528
 6
       4
     2     2     2     2
     0     1     1     1
 1.710E+00 1.625E+00 1.625E+00 1.625E+00
 0.000E+00 0.000E+00 0.000E+00 0.000E+00
 0.000E+00 0.000E+00 0.000E+00 0.000E+00
 0.000E+00 0.000E+00 0.000E+00 0.000E+00
      131.708374     1.557977    0.550974
 6
       4
     2     2     2     2
     0     1     1     1
 1.710E+00 1.625E+00 1.625E+00 1.625E+00
 0.000E+00 0.000E+00 0.000E+00 0.000E+00
 0.000E+00 0.000E+00 0.000E+00 0.000E+00
 0.000E+00 0.000E+00 0.000E+00 0.000E+00
      131.464146     -2.572869    -1.085134
 6
       4
     2     2     2     2
     0     1     1     1
 1.710E+00 1.625E+00 1.625E+00 1.625E+00
 0.000E+00 0.000E+00 0.000E+00 0.000E+00
 0.000E+00 0.000E+00 0.000E+00 0.000E+00
 0.000E+00 0.000E+00 0.000E+00 0.000E+00
      133.005455     -0.649202    -0.117607
 6
       4
     2     2     2     2
     0     1     1     1
 1.710E+00 1.625E+00 1.625E+00 1.625E+00
 0.000E+00 0.000E+00 0.000E+00 0.000E+00
 0.000E+00 0.000E+00 0.000E+00 0.000E+00
 0.000E+00 0.000E+00 0.000E+00 0.000E+00
      135.754627     -0.940035    0.189158
 1
       1
     1
     0
 1.300E+00
 0.000E+00
 0.000E+00
 0.000E+00
      75.406069     4.044133    -0.860165
 1
       1
     1
     0
 1.300E+00
 0.000E+00
 0.000E+00
 0.000E+00
      80.080576     3.778944    -0.597686
 6
       4
     2     2     2     2
     0     1     1     1
 1.710E+00 1.625E+00 1.625E+00 1.625E+00
 0.000E+00 0.000E+00 0.000E+00 0.000E+00
 0.000E+00 0.000E+00 0.000E+00 0.000E+00
 0.000E+00 0.000E+00 0.000E+00 0.000E+00
      71.795553     0.275632    0.035461
 1
       1
     1
     0
 1.300E+00
 0.000E+00
 0.000E+00
 0.000E+00
      74.620066     -3.720064    1.365384
 1
       1
     1
     0
 1.300E+00
 0.000E+00
 0.000E+00
 0.000E+00
      79.151086     -4.274199    1.425016
 1
       1
     1
     0
 1.300E+00
 0.000E+00
 0.000E+00
 0.000E+00
      88.100035     3.976212    -1.374658
 1
       1
     1
     0
 1.300E+00
 0.000E+00
 0.000E+00
 0.000E+00
      88.603070     -3.531083    1.861569
 1
       1
     1
     0
 1.300E+00
 0.000E+00
 0.000E+00
 0.000E+00
      92.620189     4.176665    -1.884253
 1
       1
     1
     0
 1.300E+00
 0.000E+00
 0.000E+00
 0.000E+00
      93.250842     -3.653103    0.946394
 1
       1
     1
     0
 1.300E+00
 0.000E+00
 0.000E+00
 0.000E+00
      101.508111     4.134726    -1.131332
 1
       1
     1
     0
 1.300E+00
 0.000E+00
 0.000E+00
 0.000E+00
      106.163646     4.310805    -1.427703
 1
       1
     1
     0
 1.300E+00
 0.000E+00
 0.000E+00
 0.000E+00
      101.476863     -3.733944    1.309467
 1
       1
     1
     0
 1.300E+00
 0.000E+00
 0.000E+00
 0.000E+00
      106.287674     -3.670379    1.502085
 1
       1
     1
     0
 1.300E+00
 0.000E+00
 0.000E+00
 0.000E+00
      115.086493     5.002607    0.963254
 1
       1
     1
     0
 1.300E+00
 0.000E+00
 0.000E+00
 0.000E+00
      114.201474     -3.088234    -0.914765
 1
       1
     1
     0
 1.300E+00
 0.000E+00
 0.000E+00
 0.000E+00
      119.777929     4.487287    1.021127
 1
       1
     1
     0
 1.300E+00
 0.000E+00
 0.000E+00
 0.000E+00
      119.166771     -3.537917    -0.932345
 1
       1
     1
     0
 1.300E+00
 0.000E+00
 0.000E+00
 0.000E+00
      128.031942     3.453871    0.961867
 1
       1
     1
     0
 1.300E+00
 0.000E+00
 0.000E+00
 0.000E+00
      127.630398     -3.935727    -1.903181
 1
       1
     1
     0
 1.300E+00
 0.000E+00
 0.000E+00
 0.000E+00
      132.629005     3.206657    1.074149
 1
       1
     1
     0
 1.300E+00
 0.000E+00
 0.000E+00
 0.000E+00
      132.153265     -4.433556    -1.939123
 1
       1
     1
     0
 1.300E+00
 0.000E+00
 0.000E+00
 0.000E+00
      141.398040     1.782845    3.263436
 1
       1
     1
     0
 1.300E+00
 0.000E+00
 0.000E+00
 0.000E+00
      140.846280     -4.093216    -2.274529
 1
       1
     1
     0
 1.300E+00
 0.000E+00
 0.000E+00
 0.000E+00
      148.808992     -1.802052    0.597199
 1
       1
     1
     0
 1.300E+00
 0.000E+00
 0.000E+00
 0.000E+00
      146.218342     1.605606    3.041610
 1
       1
     1
     0
 1.300E+00
 0.000E+00
 0.000E+00
 0.000E+00
      145.602176     -4.193731    -2.761402
 6
       4
     2     2     2     2
     0     1     1     1
 1.710E+00 1.625E+00 1.625E+00 1.625E+00
 0.000E+00 0.000E+00 0.000E+00 0.000E+00
 0.000E+00 0.000E+00 0.000E+00 0.000E+00
 0.000E+00 0.000E+00 0.000E+00 0.000E+00
      137.974594     -1.030305    0.461070
 6
       4
     2     2     2     2
     0     1     1     1
 1.710E+00 1.625E+00 1.625E+00 1.625E+00
 0.000E+00 0.000E+00 0.000E+00 0.000E+00
 0.000E+00 0.000E+00 0.000E+00 0.000E+00
 0.000E+00 0.000E+00 0.000E+00 0.000E+00
      140.731636     -1.039877    0.472866
 6
       4
     2     2     2     2
     0     1     1     1
 1.710E+00 1.625E+00 1.625E+00 1.625E+00
 0.000E+00 0.000E+00 0.000E+00 0.000E+00
 0.000E+00 0.000E+00 0.000E+00 0.000E+00
 0.000E+00 0.000E+00 0.000E+00 0.000E+00
      142.114842     -2.799775    -1.218599
 6
       4
     2     2     2     2
     0     1     1     1
 1.710E+00 1.625E+00 1.625E+00 1.625E+00
 0.000E+00 0.000E+00 0.000E+00 0.000E+00
 0.000E+00 0.000E+00 0.000E+00 0.000E+00
 0.000E+00 0.000E+00 0.000E+00 0.000E+00
      142.200605     0.461645    1.963087
 6
       4
     2     2     2     2
     0     1     1     1
 1.710E+00 1.625E+00 1.625E+00 1.625E+00
 0.000E+00 0.000E+00 0.000E+00 0.000E+00
 0.000E+00 0.000E+00 0.000E+00 0.000E+00
 0.000E+00 0.000E+00 0.000E+00 0.000E+00
      144.927557     0.320834    1.756735
 6
       4
     2     2     2     2
     0     1     1     1
 1.710E+00 1.625E+00 1.625E+00 1.625E+00
 0.000E+00 0.000E+00 0.000E+00 0.000E+00
 0.000E+00 0.000E+00 0.000E+00 0.000E+00
 0.000E+00 0.000E+00 0.000E+00 0.000E+00
      144.623113     -2.885572    -1.451502
 6
       4
     2     2     2     2
     0     1     1     1
 1.710E+00 1.625E+00 1.625E+00 1.625E+00
 0.000E+00 0.000E+00 0.000E+00 0.000E+00
 0.000E+00 0.000E+00 0.000E+00 0.000E+00
 0.000E+00 0.000E+00 0.000E+00 0.000E+00
      146.007622     -1.328358    0.253813
# LCAO coefficients .. are not included.
         1
        1        -0.000113576325948   k=         1
        2        -0.000761304014316   k=         1
        3        -0.000004897157386   k=         1
        4        0.003195696798134   k=         1
        5        0.000587280497337   k=         1
        6        0.001628687698933   k=         1
        7        -0.002415230661939   k=         1
        8        0.003756924310191   k=         1
        9        -0.000406919500876   k=         1
        10        0.000062506743280   k=         1
        11        -0.002907934402907   k=         1
        12        0.003532418939526   k=         1
        13        -0.000222339208156   k=         1
        14        -0.000587367786432   k=         1
        15        0.000369116544128   k=         1
        16        -0.001117633056025   k=         1
        17        0.000060301183762   k=         1
        18        0.000019475966166   k=         1
        19        0.001147852797066   k=         1
        20        -0.004003825979309   k=         1
        21        0.000034364311132   k=         1
        22        -0.000185479403264   k=         1
        23        0.000493879452423   k=         1
        24        -0.000672611911075   k=         1
        25        0.000014246816038   k=         1
        26        0.001957233588184   k=         1
        27        -0.002918449728465   k=         1
        28        -0.010515400573862   k=         1
        29        -0.000268765578499   k=         1
        30        -0.000276463819055   k=         1
        31        -0.001153627288395   k=         1
        32        -0.005009058791396   k=         1
        33        -0.000127481118128   k=         1
        34        0.000287282130613   k=         1
        35        0.005389868096399   k=         1
        36        0.015555147854403   k=         1
        37        0.000079407847744   k=         1
        38        -0.000234330716044   k=         1
        39        0.002162380921541   k=         1
        40        0.006009106680184   k=         1
        41        -0.000227927380696   k=         1
        42        -0.001411447798992   k=         1
        43        0.002037096053934   k=         1
        44        0.005817198632123   k=         1
        45        -0.000637980060105   k=         1
        46        -0.000124525600835   k=         1
        47        -0.004381350462322   k=         1
        48        -0.012941257476058   k=         1
        49        0.000549487191403   k=         1
        50        0.002733515712338   k=         1
        51        -0.002572383759916   k=         1
        52        -0.011360841020392   k=         1
        53        -0.000164480843795   k=         1
        54        0.000310948603677   k=         1
        55        -0.005570059834382   k=         1
        56        -0.010717342374098   k=         1
        57        -0.000398415670624   k=         1
        58        -0.000694783808001   k=         1
        59        0.015773327738988   k=         1
        60        0.018287094973834   k=         1
        61        -0.000140429059020   k=         1
        62        -0.000830252877286   k=         1
        63        0.008286293178507   k=         1
        64        0.012006756208794   k=         1
        65        0.000245555237430   k=         1
        66        -0.001700179628900   k=         1
        67        -0.020582896009933   k=         1
        68        -0.023645744621984   k=         1
        69        -0.000784170537883   k=         1
        70        -0.004617138394940   k=         1
        71        -0.010606926671694   k=         1
        72        -0.010589840826347   k=         1
        73        0.000275466969824   k=         1
        74        -0.002685143309393   k=         1
        75        -0.009420639988920   k=         1
        76        -0.009174775222974   k=         1
        77        -0.000820417811404   k=         1
        78        0.002049405398465   k=         1
        79        0.016365671041979   k=         1
        80        0.015873191773310   k=         1
        81        0.000783768594220   k=         1
        82        0.007076501792076   k=         1
        83        0.014757423371912   k=         1
        84        0.014640741291805   k=         1
        85        0.000120803751837   k=         1
        86        -0.000690861205640   k=         1
        87        0.014517768341415   k=         1
        88        0.021846089007719   k=         1
        89        -0.000563884389669   k=         1
        90        0.002122894936680   k=         1
        91        -0.011699490876989   k=         1
        92        -0.029879475127333   k=         1
        93        0.000022693499530   k=         1
        94        -0.001150268477210   k=         1
        95        -0.014402603197845   k=         1
        96        -0.027046562146295   k=         1
        97        -0.000062468870599   k=         1
        98        0.001587451568129   k=         1
        99        0.008559555314193   k=         1
        100        0.027655196804314   k=         1
        101        -0.001173805314158   k=         1
        102        0.001869812585662   k=         1
        103        0.004306267466203   k=         1
        104        0.019903758339151   k=         1
        105        0.000155402642191   k=         1
        106        -0.001046530574466   k=         1
        107        0.002789512834867   k=         1
        108        0.023700551302967   k=         1
        109        -0.000513314903826   k=         1
        110        0.000136922749962   k=         1
        111        -0.002569234588387   k=         1
        112        -0.019357454366294   k=         1
        113        0.000483711240075   k=         1
        114        0.000045748523471   k=         1
        115        -0.003805961805011   k=         1
        116        -0.015540358556001   k=         1
        117        0.000519011322586   k=         1
        118        -0.003501289505402   k=         1
        119        -0.007606455739805   k=         1
        120        -0.030092091197091   k=         1
        121        -0.000567528935667   k=         1
        122        0.003016815038521   k=         1
        123        0.007377713295091   k=         1
        124        0.022308280392489   k=         1
        125        0.000695693093488   k=         1
        126        0.001561215412417   k=         1
        127        0.006751705469315   k=         1
        128        0.024251925354835   k=         1
        129        0.001169928978269   k=         1
        130        0.001569494048158   k=         1
        131        -0.010210272756269   k=         1
        132        -0.027737279218741   k=         1
        133        0.000001555363984   k=         1
        134        0.005851435642980   k=         1
        135        -0.009341865522086   k=         1
        136        -0.013572760376750   k=         1
        137        -0.000086088594677   k=         1
        138        0.001677821128979   k=         1
        139        -0.006578200850342   k=         1
        140        -0.015043532903290   k=         1
        141        -0.000705200268059   k=         1
        142        -0.002858515743692   k=         1
        143        0.009611968468194   k=         1
        144        0.012548976296376   k=         1
        145        0.000703117221164   k=         1
        146        -0.007243959272367   k=         1
        147        0.015377942757856   k=         1
        148        0.022782736140138   k=         1
        149        0.000167569583861   k=         1
        150        -0.000592651106043   k=         1
        151        0.013092829057008   k=         1
        152        0.024980112477491   k=         1
        153        0.000442213777556   k=         1
        154        -0.001572163598006   k=         1
        155        -0.012880937381522   k=         1
        156        -0.029837254801151   k=         1
        157        0.000649830509044   k=         1
        158        -0.000168350149958   k=         1
        159        -0.000414138547752   k=         1
        160        -0.000459609598440   k=         1
        161        0.000549353618370   k=         1
        162        -0.000089559096484   k=         1
        163        0.000840238010942   k=         1
        164        0.000409881150472   k=         1
        165        -0.000063629544511   k=         1
        166        -0.000533422561040   k=         1
        167        0.001646508893589   k=         1
        168        0.001917007958415   k=         1
        169        -0.000019573844432   k=         1
        170        -0.000617283836666   k=         1
        171        0.000716681762050   k=         1
        172        0.001743451942988   k=         1
        173        -0.000200475323391   k=         1
        174        -0.001536921772893   k=         1
        175        0.000827390755892   k=         1
        176        -0.000103059472387   k=         1
        177        -0.001980678514248   k=         1
        178        -0.001063113043987   k=         1
        179        0.000642857780826   k=         1
        180        0.001946634285115   k=         1
        181        -0.002299077330899   k=         1
        182        0.011868147416519   k=         1
        183        0.036445455301612   k=         1
        184        -0.000126614154680   k=         1
        185        -0.001578889377442   k=         1
        186        0.000046784251083   k=         1
        187        -0.000905576943755   k=         1
        188        -0.013043865233754   k=         1
        189        -0.025336775629732   k=         1
        190        -0.000941380066054   k=         1
        191        0.000878520584259   k=         1
        192        0.013248119286366   k=         1
        193        0.032994036978492   k=         1
        194        0.000259705015299   k=         1
        195        0.002365624483988   k=         1
        196        0.002895110029906   k=         1
        197        0.015188790984152   k=         1
        198        0.000890346707003   k=         1
        199        0.000856758212665   k=         1
        200        0.006624909594256   k=         1
        201        0.026354898411612   k=         1
        202        0.000395861674666   k=         1
        203        -0.000276993360206   k=         1
        204        -0.009008851626540   k=         1
        205        -0.029182483210302   k=         1
        206        0.000009113321857   k=         1
        207        -0.002068440491962   k=         1
        208        -0.003368084403829   k=         1
        209        -0.019356227655165   k=         1
        210        -0.000670288646900   k=         1
        211        0.003810292646592   k=         1
        212        -0.011108866737822   k=         1
        213        -0.031600393213407   k=         1
        214        0.000192958172779   k=         1
        215        0.001972555366056   k=         1
        216        0.014222730391780   k=         1
        217        0.041999963544682   k=         1
        218        0.000359062497574   k=         1
        219        -0.000658168555730   k=         1
        220        0.005821806047503   k=         1
        221        0.033469513958442   k=         1
        222        -0.000245554005770   k=         1
        223        -0.001449944947675   k=         1
        224        0.007148484330639   k=         1
        225        0.034423127039621   k=         1
        226        -0.000188578610485   k=         1
        227        0.001425228158137   k=         1
        228        -0.004780616982782   k=         1
        229        -0.022359867380307   k=         1
        230        0.000563290238925   k=         1
        231        0.000563213878061   k=         1
        232        -0.014751131201305   k=         1
        233        -0.045687311640461   k=         1
        234        0.000263771452129   k=         1
        235        0.000899464060674   k=         1
        236        -0.008279634583061   k=         1
        237        -0.028425985342176   k=         1
        238        0.000204059601765   k=         1
        239        -0.001481857471826   k=         1
        240        -0.020187965819458   k=         1
        241        -0.048563572251153   k=         1
        242        0.001450996858110   k=         1
        243        0.002320777647339   k=         1
        244        -0.015023533918995   k=         1
        245        -0.042224132951288   k=         1
        246        -0.000050478081447   k=         1
        247        0.000698898516948   k=         1
        248        0.023117356280697   k=         1
        249        0.053756524619631   k=         1
        250        -0.000491576483481   k=         1
        251        0.009178798069137   k=         1
        252        0.013561074996089   k=         1
        253        0.033805803784144   k=         1
        254        0.000688365629922   k=         1
        255        0.010909352219329   k=         1
        256        0.015520074118083   k=         1
        257        0.029150889660304   k=         1
        258        0.001228671062223   k=         1
        259        -0.006170188049564   k=         1
        260        -0.013235416554611   k=         1
        261        -0.038113081840602   k=         1
        262        0.000800409107648   k=         1
        263        -0.009834608264419   k=         1
        264        -0.014983223011480   k=         1
        265        -0.032423815259599   k=         1
        266        -0.001011845216789   k=         1
        267        0.007569959611851   k=         1
        268        -0.017905936147834   k=         1
        269        -0.053258341820423   k=         1
        270        0.000372586127084   k=         1
        271        -0.011727227279299   k=         1
        272        0.015091324297033   k=         1
        273        0.051934847759709   k=         1
        274        0.000956745788162   k=         1
        275        -0.004332298230630   k=         1
        276        0.014971231614177   k=         1
        277        0.048179766107958   k=         1
        278        -0.001785523685588   k=         1
        279        -0.001450701965971   k=         1
        280        -0.015757087809563   k=         1
        281        -0.065257322526823   k=         1
        282        0.000657680709595   k=         1
        283        -0.001632901434241   k=         1
        284        -0.012567413505880   k=         1
        285        -0.041447945038292   k=         1
        286        0.000423478877460   k=         1
        287        -0.002693196738645   k=         1
        288        -0.013088679058979   k=         1
        289        -0.031179444571200   k=         1
        290        -0.002643891083355   k=         1
        291        -0.001312072835921   k=         1
        292        0.016685986480594   k=         1
        293        0.030473377928787   k=         1
        294        0.002013584279795   k=         1
        295        0.001912230795918   k=         1
        296        0.025128103343053   k=         1
        297        0.051053452428525   k=         1
        298        -0.001057588005028   k=         1
        299        -0.001326845321509   k=         1
        300        0.016217448457774   k=         1
        301        0.061128817092761   k=         1
        302        -0.003017136385397   k=         1
        303        -0.001193701712321   k=         1
        304        0.001614976130197   k=         1
        305        -0.070364078266602   k=         1
        306        0.002141745309102   k=         1
        307        0.002046603636631   k=         1
        308        -0.010205622137267   k=         1
        309        -0.063388162831844   k=         1
        310        -0.000158530612870   k=         1
        311        -0.004250095763797   k=         1
        312        -0.008823185804222   k=         1
        313        0.072022261131679   k=         1
        314        -0.000545054770926   k=         1
        315        0.003365514561869   k=         1
        316        -0.018131251200305   k=         1
        317        0.044002663527987   k=         1
        318        0.002077134270970   k=         1
        319        -0.005274464356446   k=         1
        320        -0.014333542501491   k=         1
        321        0.048821882125478   k=         1
        322        -0.000658704239249   k=         1
        323        0.001652065065827   k=         1
        324        0.010351579863925   k=         1
        325        -0.049262206835661   k=         1
        326        0.000134995059422   k=         1
        327        -0.003248213046799   k=         1
        328        0.009923108581525   k=         1
        329        -0.034923066319386   k=         1
        330        0.000724219165884   k=         1
        331        0.003999467312527   k=         1
        332        0.015954146617289   k=         1
        333        -0.071196155142805   k=         1
        334        0.001529608770950   k=         1
        335        -0.001742938240595   k=         1
        336        -0.015927547690505   k=         1
        337        0.048860966035906   k=         1
        338        -0.000465972195063   k=         1
        339        0.006082286387430   k=         1
        340        -0.018537161227423   k=         1
        341        0.066123123033344   k=         1
        342        0.000040393430533   k=         1
        343        -0.004652788552479   k=         1
        344        0.016314358543142   k=         1
        345        -0.040994231098233   k=         1
        346        -0.000119710980300   k=         1
        347        -0.000090463482631   k=         1
        348        0.018736450059466   k=         1
        349        -0.038646339023136   k=         1
        350        -0.001817838623838   k=         1
        351        0.002095457533211   k=         1
        352        0.014387999584031   k=         1
        353        -0.042026512261478   k=         1
        354        0.000709069234921   k=         1
        355        -0.001399917530065   k=         1
        356        -0.006612324699510   k=         1
        357        0.021221311570841   k=         1
        358        0.000814987326878   k=         1
        359        -0.000271038837834   k=         1
        360        -0.008636369591017   k=         1
        361        0.020456650999959   k=         1
        362        -0.000381904347125   k=         1
        363        -0.009053066693432   k=         1
        364        -0.020043266057367   k=         1
        365        0.049931523895824   k=         1
        366        -0.000325818214085   k=         1
        367        0.004402214682061   k=         1
        368        0.009345257149474   k=         1
        369        -0.017515141280412   k=         1
        370        0.001230895236560   k=         1
        371        -0.001564763643208   k=         1
        372        -0.000996158925130   k=         1
        373        0.000912264469431   k=         1
        374        0.009905709866127   k=         1
        375        0.028809191336097   k=         1
        376        -0.001066802551369   k=         1
        377        0.000476980863575   k=         1
        378        -0.001831448354292   k=         1
        379        -0.002366819624739   k=         1
        380        -0.003172356049697   k=         1
        381        -0.002207389618829   k=         1
        382        -0.003056942390689   k=         1
        383        0.002484015241486   k=         1
        384        0.002989625253014   k=         1
        385        -0.001121576753962   k=         1
        386        -0.001978111679065   k=         1
        387        0.000558000215210   k=         1
        388        0.001482208459898   k=         1
        389        -0.003763825388394   k=         1
        390        -0.000780398408415   k=         1
        391        -0.000632437447752   k=         1
        392        0.001007238838132   k=         1
        393        0.001564979094497   k=         1
        394        -0.001146136015242   k=         1
        395        -0.000028653838171   k=         1
        396        0.002104299937488   k=         1
        397        -0.000142017176390   k=         1
        398        -0.002063009788171   k=         1
        399        -0.000508328224726   k=         1
        400        0.002872971125235   k=         1
        401        0.014645054050328   k=         1
        402        -0.034407376755741   k=         1
        403        -0.000330978736764   k=         1
        404        -0.000044838706306   k=         1
        405        -0.008771333902884   k=         1
        406        0.012559803919740   k=         1
        407        -0.000847144791074   k=         1
        408        0.004265837317093   k=         1
        409        -0.012476916369591   k=         1
        410        0.008478158655351   k=         1
        411        0.001436565020524   k=         1
        412        0.000206050435169   k=         1
        413        -0.018360467717822   k=         1
        414        0.015400033127565   k=         1
        415        -0.000208886984983   k=         1
        416        -0.000516480553267   k=         1
        417        0.004687994897956   k=         1
        418        -0.004048963880781   k=         1
        419        0.000325495210449   k=         1
        420        -0.001874673866542   k=         1
        421        0.003223167295158   k=         1
        422        -0.003129562817140   k=         1
        423        0.000052973506383   k=         1
        424        0.004047257890713   k=         1
        425        0.014477855680769   k=         1
        426        -0.015028367596873   k=         1
