# file_format= v0.04.05
       144       426
    188.97268778      0.00000000      0.00000000    0
      0.00000000    188.97268778      0.00000000    0
      0.00000000      0.00000000    188.97268778    0
 6
       4
     2     2     2     2
     0     1     1     1
 1.710E+00 1.625E+00 1.625E+00 1.625E+00
 0.000E+00 0.000E+00 0.000E+00 0.000E+00
 0.000E+00 0.000E+00 0.000E+00 0.000E+00
 0.000E+00 0.000E+00 0.000E+00 0.000E+00
      1.157892     -0.941683    -0.078359
 6
       4
     2     2     2     2
     0     1     1     1
 1.710E+00 1.625E+00 1.625E+00 1.625E+00
 0.000E+00 0.000E+00 0.000E+00 0.000E+00
 0.000E+00 0.000E+00 0.000E+00 0.000E+00
 0.000E+00 0.000E+00 0.000E+00 0.000E+00
      -0.716270     1.069341    0.616776
 6
       4
     2     2     2     2
     0     1     1     1
 1.710E+00 1.625E+00 1.625E+00 1.625E+00
 0.000E+00 0.000E+00 0.000E+00 0.000E+00
 0.000E+00 0.000E+00 0.000E+00 0.000E+00
 0.000E+00 0.000E+00 0.000E+00 0.000E+00
      0.322640     -3.269666    -0.676849
 6
       4
     2     2     2     2
     0     1     1     1
 1.710E+00 1.625E+00 1.625E+00 1.625E+00
 0.000E+00 0.000E+00 0.000E+00 0.000E+00
 0.000E+00 0.000E+00 0.000E+00 0.000E+00
 0.000E+00 0.000E+00 0.000E+00 0.000E+00
      -3.204796     0.502221    0.295901
 6
       4
     2     2     2     2
     0     1     1     1
 1.710E+00 1.625E+00 1.625E+00 1.625E+00
 0.000E+00 0.000E+00 0.000E+00 0.000E+00
 0.000E+00 0.000E+00 0.000E+00 0.000E+00
 0.000E+00 0.000E+00 0.000E+00 0.000E+00
      -3.895241     -1.917626    -0.414938
 6
       4
     2     2     2     2
     0     1     1     1
 1.710E+00 1.625E+00 1.625E+00 1.625E+00
 0.000E+00 0.000E+00 0.000E+00 0.000E+00
 0.000E+00 0.000E+00 0.000E+00 0.000E+00
 0.000E+00 0.000E+00 0.000E+00 0.000E+00
      -2.121756     -3.785758    -0.919522
 6
       4
     2     2     2     2
     0     1     1     1
 1.710E+00 1.625E+00 1.625E+00 1.625E+00
 0.000E+00 0.000E+00 0.000E+00 0.000E+00
 0.000E+00 0.000E+00 0.000E+00 0.000E+00
 0.000E+00 0.000E+00 0.000E+00 0.000E+00
      3.942282     -0.297881    -0.059394
 6
       4
     2     2     2     2
     0     1     1     1
 1.710E+00 1.625E+00 1.625E+00 1.625E+00
 0.000E+00 0.000E+00 0.000E+00 0.000E+00
 0.000E+00 0.000E+00 0.000E+00 0.000E+00
 0.000E+00 0.000E+00 0.000E+00 0.000E+00
      6.176713     -0.354484    -0.173545
 6
       4
     2     2     2     2
     0     1     1     1
 1.710E+00 1.625E+00 1.625E+00 1.625E+00
 0.000E+00 0.000E+00 0.000E+00 0.000E+00
 0.000E+00 0.000E+00 0.000E+00 0.000E+00
 0.000E+00 0.000E+00 0.000E+00 0.000E+00
      8.933060     0.104252    -0.092719
 6
       4
     2     2     2     2
     0     1     1     1
 1.710E+00 1.625E+00 1.625E+00 1.625E+00
 0.000E+00 0.000E+00 0.000E+00 0.000E+00
 0.000E+00 0.000E+00 0.000E+00 0.000E+00
 0.000E+00 0.000E+00 0.000E+00 0.000E+00
      9.981089     2.599356    -0.353377
 6
       4
     2     2     2     2
     0     1     1     1
 1.710E+00 1.625E+00 1.625E+00 1.625E+00
 0.000E+00 0.000E+00 0.000E+00 0.000E+00
 0.000E+00 0.000E+00 0.000E+00 0.000E+00
 0.000E+00 0.000E+00 0.000E+00 0.000E+00
      10.551776     -1.974716    0.511961
 6
       4
     2     2     2     2
     0     1     1     1
 1.710E+00 1.625E+00 1.625E+00 1.625E+00
 0.000E+00 0.000E+00 0.000E+00 0.000E+00
 0.000E+00 0.000E+00 0.000E+00 0.000E+00
 0.000E+00 0.000E+00 0.000E+00 0.000E+00
      12.567764     2.974597    -0.093192
 6
       4
     2     2     2     2
     0     1     1     1
 1.710E+00 1.625E+00 1.625E+00 1.625E+00
 0.000E+00 0.000E+00 0.000E+00 0.000E+00
 0.000E+00 0.000E+00 0.000E+00 0.000E+00
 0.000E+00 0.000E+00 0.000E+00 0.000E+00
      13.106236     -1.613958    0.782936
 6
       4
     2     2     2     2
     0     1     1     1
 1.710E+00 1.625E+00 1.625E+00 1.625E+00
 0.000E+00 0.000E+00 0.000E+00 0.000E+00
 0.000E+00 0.000E+00 0.000E+00 0.000E+00
 0.000E+00 0.000E+00 0.000E+00 0.000E+00
      14.137892     0.813104    0.307736
 6
       4
     2     2     2     2
     0     1     1     1
 1.710E+00 1.625E+00 1.625E+00 1.625E+00
 0.000E+00 0.000E+00 0.000E+00 0.000E+00
 0.000E+00 0.000E+00 0.000E+00 0.000E+00
 0.000E+00 0.000E+00 0.000E+00 0.000E+00
      16.927939     1.064490    0.193574
 6
       4
     2     2     2     2
     0     1     1     1
 1.710E+00 1.625E+00 1.625E+00 1.625E+00
 0.000E+00 0.000E+00 0.000E+00 0.000E+00
 0.000E+00 0.000E+00 0.000E+00 0.000E+00
 0.000E+00 0.000E+00 0.000E+00 0.000E+00
      19.157437     1.189103    0.230129
 6
       4
     2     2     2     2
     0     1     1     1
 1.710E+00 1.625E+00 1.625E+00 1.625E+00
 0.000E+00 0.000E+00 0.000E+00 0.000E+00
 0.000E+00 0.000E+00 0.000E+00 0.000E+00
 0.000E+00 0.000E+00 0.000E+00 0.000E+00
      21.934187     1.301719    0.272667
 6
       4
     2     2     2     2
     0     1     1     1
 1.710E+00 1.625E+00 1.625E+00 1.625E+00
 0.000E+00 0.000E+00 0.000E+00 0.000E+00
 0.000E+00 0.000E+00 0.000E+00 0.000E+00
 0.000E+00 0.000E+00 0.000E+00 0.000E+00
      23.134783     -0.673338    1.588421
 6
       4
     2     2     2     2
     0     1     1     1
 1.710E+00 1.625E+00 1.625E+00 1.625E+00
 0.000E+00 0.000E+00 0.000E+00 0.000E+00
 0.000E+00 0.000E+00 0.000E+00 0.000E+00
 0.000E+00 0.000E+00 0.000E+00 0.000E+00
      23.334333     3.171230    -0.971108
 6
       4
     2     2     2     2
     0     1     1     1
 1.710E+00 1.625E+00 1.625E+00 1.625E+00
 0.000E+00 0.000E+00 0.000E+00 0.000E+00
 0.000E+00 0.000E+00 0.000E+00 0.000E+00
 0.000E+00 0.000E+00 0.000E+00 0.000E+00
      26.063541     2.913035    -1.260789
 6
       4
     2     2     2     2
     0     1     1     1
 1.710E+00 1.625E+00 1.625E+00 1.625E+00
 0.000E+00 0.000E+00 0.000E+00 0.000E+00
 0.000E+00 0.000E+00 0.000E+00 0.000E+00
 0.000E+00 0.000E+00 0.000E+00 0.000E+00
      25.836829     -0.893394    1.421938
 6
       4
     2     2     2     2
     0     1     1     1
 1.710E+00 1.625E+00 1.625E+00 1.625E+00
 0.000E+00 0.000E+00 0.000E+00 0.000E+00
 0.000E+00 0.000E+00 0.000E+00 0.000E+00
 0.000E+00 0.000E+00 0.000E+00 0.000E+00
      27.212472     0.812497    -0.107289
 6
       4
     2     2     2     2
     0     1     1     1
 1.710E+00 1.625E+00 1.625E+00 1.625E+00
 0.000E+00 0.000E+00 0.000E+00 0.000E+00
 0.000E+00 0.000E+00 0.000E+00 0.000E+00
 0.000E+00 0.000E+00 0.000E+00 0.000E+00
      30.018233     0.523344    -0.160111
 6
       4
     2     2     2     2
     0     1     1     1
 1.710E+00 1.625E+00 1.625E+00 1.625E+00
 0.000E+00 0.000E+00 0.000E+00 0.000E+00
 0.000E+00 0.000E+00 0.000E+00 0.000E+00
 0.000E+00 0.000E+00 0.000E+00 0.000E+00
      32.281462     0.158028    -0.124522
 6
       4
     2     2     2     2
     0     1     1     1
 1.710E+00 1.625E+00 1.625E+00 1.625E+00
 0.000E+00 0.000E+00 0.000E+00 0.000E+00
 0.000E+00 0.000E+00 0.000E+00 0.000E+00
 0.000E+00 0.000E+00 0.000E+00 0.000E+00
      35.207409     -0.061429    -0.200232
 6
       4
     2     2     2     2
     0     1     1     1
 1.710E+00 1.625E+00 1.625E+00 1.625E+00
 0.000E+00 0.000E+00 0.000E+00 0.000E+00
 0.000E+00 0.000E+00 0.000E+00 0.000E+00
 0.000E+00 0.000E+00 0.000E+00 0.000E+00
      36.279077     -2.296533    0.508958
 6
       4
     2     2     2     2
     0     1     1     1
 1.710E+00 1.625E+00 1.625E+00 1.625E+00
 0.000E+00 0.000E+00 0.000E+00 0.000E+00
 0.000E+00 0.000E+00 0.000E+00 0.000E+00
 0.000E+00 0.000E+00 0.000E+00 0.000E+00
      36.743517     2.093038    -0.898971
 6
       4
     2     2     2     2
     0     1     1     1
 1.710E+00 1.625E+00 1.625E+00 1.625E+00
 0.000E+00 0.000E+00 0.000E+00 0.000E+00
 0.000E+00 0.000E+00 0.000E+00 0.000E+00
 0.000E+00 0.000E+00 0.000E+00 0.000E+00
      39.372617     1.898685    -0.939538
 6
       4
     2     2     2     2
     0     1     1     1
 1.710E+00 1.625E+00 1.625E+00 1.625E+00
 0.000E+00 0.000E+00 0.000E+00 0.000E+00
 0.000E+00 0.000E+00 0.000E+00 0.000E+00
 0.000E+00 0.000E+00 0.000E+00 0.000E+00
      39.006212     -2.460091    0.565036
 6
       4
     2     2     2     2
     0     1     1     1
 1.710E+00 1.625E+00 1.625E+00 1.625E+00
 0.000E+00 0.000E+00 0.000E+00 0.000E+00
 0.000E+00 0.000E+00 0.000E+00 0.000E+00
 0.000E+00 0.000E+00 0.000E+00 0.000E+00
      40.484603     -0.431411    -0.090599
 6
       4
     2     2     2     2
     0     1     1     1
 1.710E+00 1.625E+00 1.625E+00 1.625E+00
 0.000E+00 0.000E+00 0.000E+00 0.000E+00
 0.000E+00 0.000E+00 0.000E+00 0.000E+00
 0.000E+00 0.000E+00 0.000E+00 0.000E+00
      43.339017     -0.638761    0.032462
 6
       4
     2     2     2     2
     0     1     1     1
 1.710E+00 1.625E+00 1.625E+00 1.625E+00
 0.000E+00 0.000E+00 0.000E+00 0.000E+00
 0.000E+00 0.000E+00 0.000E+00 0.000E+00
 0.000E+00 0.000E+00 0.000E+00 0.000E+00
      45.554710     -0.417078    -0.081275
 6
       4
     2     2     2     2
     0     1     1     1
 1.710E+00 1.625E+00 1.625E+00 1.625E+00
 0.000E+00 0.000E+00 0.000E+00 0.000E+00
 0.000E+00 0.000E+00 0.000E+00 0.000E+00
 0.000E+00 0.000E+00 0.000E+00 0.000E+00
      48.331636     -0.362041    -0.358859
 6
       4
     2     2     2     2
     0     1     1     1
 1.710E+00 1.625E+00 1.625E+00 1.625E+00
 0.000E+00 0.000E+00 0.000E+00 0.000E+00
 0.000E+00 0.000E+00 0.000E+00 0.000E+00
 0.000E+00 0.000E+00 0.000E+00 0.000E+00
      49.844887     -2.463483    0.685901
 6
       4
     2     2     2     2
     0     1     1     1
 1.710E+00 1.625E+00 1.625E+00 1.625E+00
 0.000E+00 0.000E+00 0.000E+00 0.000E+00
 0.000E+00 0.000E+00 0.000E+00 0.000E+00
 0.000E+00 0.000E+00 0.000E+00 0.000E+00
      49.488188     1.601006    -1.564965
 6
       4
     2     2     2     2
     0     1     1     1
 1.710E+00 1.625E+00 1.625E+00 1.625E+00
 0.000E+00 0.000E+00 0.000E+00 0.000E+00
 0.000E+00 0.000E+00 0.000E+00 0.000E+00
 0.000E+00 0.000E+00 0.000E+00 0.000E+00
      52.253868     1.777091    -1.483076
 6
       4
     2     2     2     2
     0     1     1     1
 1.710E+00 1.625E+00 1.625E+00 1.625E+00
 0.000E+00 0.000E+00 0.000E+00 0.000E+00
 0.000E+00 0.000E+00 0.000E+00 0.000E+00
 0.000E+00 0.000E+00 0.000E+00 0.000E+00
      52.440165     -2.416185    0.681167
 6
       4
     2     2     2     2
     0     1     1     1
 1.710E+00 1.625E+00 1.625E+00 1.625E+00
 0.000E+00 0.000E+00 0.000E+00 0.000E+00
 0.000E+00 0.000E+00 0.000E+00 0.000E+00
 0.000E+00 0.000E+00 0.000E+00 0.000E+00
      53.719815     -0.227892    -0.425791
 6
       4
     2     2     2     2
     0     1     1     1
 1.710E+00 1.625E+00 1.625E+00 1.625E+00
 0.000E+00 0.000E+00 0.000E+00 0.000E+00
 0.000E+00 0.000E+00 0.000E+00 0.000E+00
 0.000E+00 0.000E+00 0.000E+00 0.000E+00
      56.462994     -0.069011    -0.295374
 1
       1
     1
     0
 1.300E+00
 0.000E+00
 0.000E+00
 0.000E+00
      -4.676979     2.125401    0.764721
 1
       1
     1
     0
 1.300E+00
 0.000E+00
 0.000E+00
 0.000E+00
      -0.068489     3.094232    1.189044
 1
       1
     1
     0
 1.300E+00
 0.000E+00
 0.000E+00
 0.000E+00
      -5.832356     -1.994572    -0.630596
 1
       1
     1
     0
 1.300E+00
 0.000E+00
 0.000E+00
 0.000E+00
      -2.939102     -5.654937    -1.530912
 1
       1
     1
     0
 1.300E+00
 0.000E+00
 0.000E+00
 0.000E+00
      1.755758     -4.842999    -1.107136
 1
       1
     1
     0
 1.300E+00
 0.000E+00
 0.000E+00
 0.000E+00
      8.555377     4.137701    -0.848147
 1
       1
     1
     0
 1.300E+00
 0.000E+00
 0.000E+00
 0.000E+00
      9.658195     -3.936492    0.875140
 1
       1
     1
     0
 1.300E+00
 0.000E+00
 0.000E+00
 0.000E+00
      13.361096     4.936949    -0.263694
 1
       1
     1
     0
 1.300E+00
 0.000E+00
 0.000E+00
 0.000E+00
      14.405871     -3.307534    1.284679
 1
       1
     1
     0
 1.300E+00
 0.000E+00
 0.000E+00
 0.000E+00
      22.344865     4.902926    -1.781581
 1
       1
     1
     0
 1.300E+00
 0.000E+00
 0.000E+00
 0.000E+00
      27.267179     4.347747    -2.378995
 1
       1
     1
     0
 1.300E+00
 0.000E+00
 0.000E+00
 0.000E+00
      21.861597     -2.028022    2.686346
 1
       1
     1
     0
 1.300E+00
 0.000E+00
 0.000E+00
 0.000E+00
      26.885791     -2.381607    2.558560
 1
       1
     1
     0
 1.300E+00
 0.000E+00
 0.000E+00
 0.000E+00
      35.698564     3.913970    -1.279738
 1
       1
     1
     0
 1.300E+00
 0.000E+00
 0.000E+00
 0.000E+00
      35.091329     -3.986024    1.055818
 1
       1
     1
     0
 1.300E+00
 0.000E+00
 0.000E+00
 0.000E+00
      40.700115     3.503187    -1.485457
 1
       1
     1
     0
 1.300E+00
 0.000E+00
 0.000E+00
 0.000E+00
      39.865247     -4.248694    1.397214
 1
       1
     1
     0
 1.300E+00
 0.000E+00
 0.000E+00
 0.000E+00
      48.392887     3.083753    -2.634482
 1
       1
     1
     0
 1.300E+00
 0.000E+00
 0.000E+00
 0.000E+00
      48.674150     -4.078237    1.486247
 1
       1
     1
     0
 1.300E+00
 0.000E+00
 0.000E+00
 0.000E+00
      53.204657     3.546568    -2.284180
 1
       1
     1
     0
 1.300E+00
 0.000E+00
 0.000E+00
 0.000E+00
      53.639727     -3.947129    1.572706
 1
       1
     1
     0
 1.300E+00
 0.000E+00
 0.000E+00
 0.000E+00
      61.641881     4.418591    -1.294886
 1
       1
     1
     0
 1.300E+00
 0.000E+00
 0.000E+00
 0.000E+00
      62.070369     -3.690470    0.989551
 6
       4
     2     2     2     2
     0     1     1     1
 1.710E+00 1.625E+00 1.625E+00 1.625E+00
 0.000E+00 0.000E+00 0.000E+00 0.000E+00
 0.000E+00 0.000E+00 0.000E+00 0.000E+00
 0.000E+00 0.000E+00 0.000E+00 0.000E+00
      69.845474     0.512284    -0.222111
 1
       1
     1
     0
 1.300E+00
 0.000E+00
 0.000E+00
 0.000E+00
      66.581731     4.564081    -1.455312
 1
       1
     1
     0
 1.300E+00
 0.000E+00
 0.000E+00
 0.000E+00
      66.768369     -3.383360    1.097045
 6
       4
     2     2     2     2
     0     1     1     1
 1.710E+00 1.625E+00 1.625E+00 1.625E+00
 0.000E+00 0.000E+00 0.000E+00 0.000E+00
 0.000E+00 0.000E+00 0.000E+00 0.000E+00
 0.000E+00 0.000E+00 0.000E+00 0.000E+00
      58.770091     0.231886    -0.264896
 6
       4
     2     2     2     2
     0     1     1     1
 1.710E+00 1.625E+00 1.625E+00 1.625E+00
 0.000E+00 0.000E+00 0.000E+00 0.000E+00
 0.000E+00 0.000E+00 0.000E+00 0.000E+00
 0.000E+00 0.000E+00 0.000E+00 0.000E+00
      61.610169     0.340986    -0.144050
 6
       4
     2     2     2     2
     0     1     1     1
 1.710E+00 1.625E+00 1.625E+00 1.625E+00
 0.000E+00 0.000E+00 0.000E+00 0.000E+00
 0.000E+00 0.000E+00 0.000E+00 0.000E+00
 0.000E+00 0.000E+00 0.000E+00 0.000E+00
      63.027676     -1.750935    0.546369
 6
       4
     2     2     2     2
     0     1     1     1
 1.710E+00 1.625E+00 1.625E+00 1.625E+00
 0.000E+00 0.000E+00 0.000E+00 0.000E+00
 0.000E+00 0.000E+00 0.000E+00 0.000E+00
 0.000E+00 0.000E+00 0.000E+00 0.000E+00
      62.891052     2.687143    -0.851887
 6
       4
     2     2     2     2
     0     1     1     1
 1.710E+00 1.625E+00 1.625E+00 1.625E+00
 0.000E+00 0.000E+00 0.000E+00 0.000E+00
 0.000E+00 0.000E+00 0.000E+00 0.000E+00
 0.000E+00 0.000E+00 0.000E+00 0.000E+00
      65.415373     2.836620    -0.965805
 6
       4
     2     2     2     2
     0     1     1     1
 1.710E+00 1.625E+00 1.625E+00 1.625E+00
 0.000E+00 0.000E+00 0.000E+00 0.000E+00
 0.000E+00 0.000E+00 0.000E+00 0.000E+00
 0.000E+00 0.000E+00 0.000E+00 0.000E+00
      65.749875     -1.598436    0.435939
 6
       4
     2     2     2     2
     0     1     1     1
 1.710E+00 1.625E+00 1.625E+00 1.625E+00
 0.000E+00 0.000E+00 0.000E+00 0.000E+00
 0.000E+00 0.000E+00 0.000E+00 0.000E+00
 0.000E+00 0.000E+00 0.000E+00 0.000E+00
      66.966190     0.513682    -0.383862
 6
       4
     2     2     2     2
     0     1     1     1
 1.710E+00 1.625E+00 1.625E+00 1.625E+00
 0.000E+00 0.000E+00 0.000E+00 0.000E+00
 0.000E+00 0.000E+00 0.000E+00 0.000E+00
 0.000E+00 0.000E+00 0.000E+00 0.000E+00
      80.104134     -0.041381    0.752137
 6
       4
     2     2     2     2
     0     1     1     1
 1.710E+00 1.625E+00 1.625E+00 1.625E+00
 0.000E+00 0.000E+00 0.000E+00 0.000E+00
 0.000E+00 0.000E+00 0.000E+00 0.000E+00
 0.000E+00 0.000E+00 0.000E+00 0.000E+00
      78.828217     2.212674    0.335300
 6
       4
     2     2     2     2
     0     1     1     1
 1.710E+00 1.625E+00 1.625E+00 1.625E+00
 0.000E+00 0.000E+00 0.000E+00 0.000E+00
 0.000E+00 0.000E+00 0.000E+00 0.000E+00
 0.000E+00 0.000E+00 0.000E+00 0.000E+00
      78.727307     -2.354568    0.983022
 6
       4
     2     2     2     2
     0     1     1     1
 1.710E+00 1.625E+00 1.625E+00 1.625E+00
 0.000E+00 0.000E+00 0.000E+00 0.000E+00
 0.000E+00 0.000E+00 0.000E+00 0.000E+00
 0.000E+00 0.000E+00 0.000E+00 0.000E+00
      76.199440     2.275990    0.081999
 6
       4
     2     2     2     2
     0     1     1     1
 1.710E+00 1.625E+00 1.625E+00 1.625E+00
 0.000E+00 0.000E+00 0.000E+00 0.000E+00
 0.000E+00 0.000E+00 0.000E+00 0.000E+00
 0.000E+00 0.000E+00 0.000E+00 0.000E+00
      74.783202     -0.000814    0.276934
 6
       4
     2     2     2     2
     0     1     1     1
 1.710E+00 1.625E+00 1.625E+00 1.625E+00
 0.000E+00 0.000E+00 0.000E+00 0.000E+00
 0.000E+00 0.000E+00 0.000E+00 0.000E+00
 0.000E+00 0.000E+00 0.000E+00 0.000E+00
      76.095855     -2.284074    0.734926
 6
       4
     2     2     2     2
     0     1     1     1
 1.710E+00 1.625E+00 1.625E+00 1.625E+00
 0.000E+00 0.000E+00 0.000E+00 0.000E+00
 0.000E+00 0.000E+00 0.000E+00 0.000E+00
 0.000E+00 0.000E+00 0.000E+00 0.000E+00
      82.874774     -0.165837    0.720082
 6
       4
     2     2     2     2
     0     1     1     1
 1.710E+00 1.625E+00 1.625E+00 1.625E+00
 0.000E+00 0.000E+00 0.000E+00 0.000E+00
 0.000E+00 0.000E+00 0.000E+00 0.000E+00
 0.000E+00 0.000E+00 0.000E+00 0.000E+00
      85.108489     0.001172    0.188026
 6
       4
     2     2     2     2
     0     1     1     1
 1.710E+00 1.625E+00 1.625E+00 1.625E+00
 0.000E+00 0.000E+00 0.000E+00 0.000E+00
 0.000E+00 0.000E+00 0.000E+00 0.000E+00
 0.000E+00 0.000E+00 0.000E+00 0.000E+00
      87.869193     -0.030103    0.105653
 6
       4
     2     2     2     2
     0     1     1     1
 1.710E+00 1.625E+00 1.625E+00 1.625E+00
 0.000E+00 0.000E+00 0.000E+00 0.000E+00
 0.000E+00 0.000E+00 0.000E+00 0.000E+00
 0.000E+00 0.000E+00 0.000E+00 0.000E+00
      89.117132     2.177017    -0.574709
 6
       4
     2     2     2     2
     0     1     1     1
 1.710E+00 1.625E+00 1.625E+00 1.625E+00
 0.000E+00 0.000E+00 0.000E+00 0.000E+00
 0.000E+00 0.000E+00 0.000E+00 0.000E+00
 0.000E+00 0.000E+00 0.000E+00 0.000E+00
      89.267443     -2.275253    0.683614
 6
       4
     2     2     2     2
     0     1     1     1
 1.710E+00 1.625E+00 1.625E+00 1.625E+00
 0.000E+00 0.000E+00 0.000E+00 0.000E+00
 0.000E+00 0.000E+00 0.000E+00 0.000E+00
 0.000E+00 0.000E+00 0.000E+00 0.000E+00
      91.810975     2.309619    -0.645719
 6
       4
     2     2     2     2
     0     1     1     1
 1.710E+00 1.625E+00 1.625E+00 1.625E+00
 0.000E+00 0.000E+00 0.000E+00 0.000E+00
 0.000E+00 0.000E+00 0.000E+00 0.000E+00
 0.000E+00 0.000E+00 0.000E+00 0.000E+00
      91.961784     -2.092889    0.625734
 6
       4
     2     2     2     2
     0     1     1     1
 1.710E+00 1.625E+00 1.625E+00 1.625E+00
 0.000E+00 0.000E+00 0.000E+00 0.000E+00
 0.000E+00 0.000E+00 0.000E+00 0.000E+00
 0.000E+00 0.000E+00 0.000E+00 0.000E+00
      93.199515     0.125654    -0.055188
 6
       4
     2     2     2     2
     0     1     1     1
 1.710E+00 1.625E+00 1.625E+00 1.625E+00
 0.000E+00 0.000E+00 0.000E+00 0.000E+00
 0.000E+00 0.000E+00 0.000E+00 0.000E+00
 0.000E+00 0.000E+00 0.000E+00 0.000E+00
      95.952937     0.342388    -0.185734
 6
       4
     2     2     2     2
     0     1     1     1
 1.710E+00 1.625E+00 1.625E+00 1.625E+00
 0.000E+00 0.000E+00 0.000E+00 0.000E+00
 0.000E+00 0.000E+00 0.000E+00 0.000E+00
 0.000E+00 0.000E+00 0.000E+00 0.000E+00
      98.183709     0.391132    -0.450649
 6
       4
     2     2     2     2
     0     1     1     1
 1.710E+00 1.625E+00 1.625E+00 1.625E+00
 0.000E+00 0.000E+00 0.000E+00 0.000E+00
 0.000E+00 0.000E+00 0.000E+00 0.000E+00
 0.000E+00 0.000E+00 0.000E+00 0.000E+00
      100.968116     0.754586    -0.255323
 6
       4
     2     2     2     2
     0     1     1     1
 1.710E+00 1.625E+00 1.625E+00 1.625E+00
 0.000E+00 0.000E+00 0.000E+00 0.000E+00
 0.000E+00 0.000E+00 0.000E+00 0.000E+00
 0.000E+00 0.000E+00 0.000E+00 0.000E+00
      102.552825     -1.270425    0.834548
 6
       4
     2     2     2     2
     0     1     1     1
 1.710E+00 1.625E+00 1.625E+00 1.625E+00
 0.000E+00 0.000E+00 0.000E+00 0.000E+00
 0.000E+00 0.000E+00 0.000E+00 0.000E+00
 0.000E+00 0.000E+00 0.000E+00 0.000E+00
      102.135842     3.019251    -0.674530
 6
       4
     2     2     2     2
     0     1     1     1
 1.710E+00 1.625E+00 1.625E+00 1.625E+00
 0.000E+00 0.000E+00 0.000E+00 0.000E+00
 0.000E+00 0.000E+00 0.000E+00 0.000E+00
 0.000E+00 0.000E+00 0.000E+00 0.000E+00
      104.870580     3.295007    -0.361261
 6
       4
     2     2     2     2
     0     1     1     1
 1.710E+00 1.625E+00 1.625E+00 1.625E+00
 0.000E+00 0.000E+00 0.000E+00 0.000E+00
 0.000E+00 0.000E+00 0.000E+00 0.000E+00
 0.000E+00 0.000E+00 0.000E+00 0.000E+00
      105.114990     -1.075422    0.983098
 6
       4
     2     2     2     2
     0     1     1     1
 1.710E+00 1.625E+00 1.625E+00 1.625E+00
 0.000E+00 0.000E+00 0.000E+00 0.000E+00
 0.000E+00 0.000E+00 0.000E+00 0.000E+00
 0.000E+00 0.000E+00 0.000E+00 0.000E+00
      106.405533     1.247956    0.330324
 6
       4
     2     2     2     2
     0     1     1     1
 1.710E+00 1.625E+00 1.625E+00 1.625E+00
 0.000E+00 0.000E+00 0.000E+00 0.000E+00
 0.000E+00 0.000E+00 0.000E+00 0.000E+00
 0.000E+00 0.000E+00 0.000E+00 0.000E+00
      109.203298     1.194328    0.275505
 6
       4
     2     2     2     2
     0     1     1     1
 1.710E+00 1.625E+00 1.625E+00 1.625E+00
 0.000E+00 0.000E+00 0.000E+00 0.000E+00
 0.000E+00 0.000E+00 0.000E+00 0.000E+00
 0.000E+00 0.000E+00 0.000E+00 0.000E+00
      111.454019     0.862174    0.022650
 6
       4
     2     2     2     2
     0     1     1     1
 1.710E+00 1.625E+00 1.625E+00 1.625E+00
 0.000E+00 0.000E+00 0.000E+00 0.000E+00
 0.000E+00 0.000E+00 0.000E+00 0.000E+00
 0.000E+00 0.000E+00 0.000E+00 0.000E+00
      114.242281     0.630898    -0.067023
 6
       4
     2     2     2     2
     0     1     1     1
 1.710E+00 1.625E+00 1.625E+00 1.625E+00
 0.000E+00 0.000E+00 0.000E+00 0.000E+00
 0.000E+00 0.000E+00 0.000E+00 0.000E+00
 0.000E+00 0.000E+00 0.000E+00 0.000E+00
      115.414478     -1.601441    -0.698649
 6
       4
     2     2     2     2
     0     1     1     1
 1.710E+00 1.625E+00 1.625E+00 1.625E+00
 0.000E+00 0.000E+00 0.000E+00 0.000E+00
 0.000E+00 0.000E+00 0.000E+00 0.000E+00
 0.000E+00 0.000E+00 0.000E+00 0.000E+00
      115.721793     2.898654    0.468223
 6
       4
     2     2     2     2
     0     1     1     1
 1.710E+00 1.625E+00 1.625E+00 1.625E+00
 0.000E+00 0.000E+00 0.000E+00 0.000E+00
 0.000E+00 0.000E+00 0.000E+00 0.000E+00
 0.000E+00 0.000E+00 0.000E+00 0.000E+00
      118.304561     2.690008    0.341475
 6
       4
     2     2     2     2
     0     1     1     1
 1.710E+00 1.625E+00 1.625E+00 1.625E+00
 0.000E+00 0.000E+00 0.000E+00 0.000E+00
 0.000E+00 0.000E+00 0.000E+00 0.000E+00
 0.000E+00 0.000E+00 0.000E+00 0.000E+00
      118.048611     -1.804839    -0.820103
 6
       4
     2     2     2     2
     0     1     1     1
 1.710E+00 1.625E+00 1.625E+00 1.625E+00
 0.000E+00 0.000E+00 0.000E+00 0.000E+00
 0.000E+00 0.000E+00 0.000E+00 0.000E+00
 0.000E+00 0.000E+00 0.000E+00 0.000E+00
      119.547328     0.350556    -0.150519
 6
       4
     2     2     2     2
     0     1     1     1
 1.710E+00 1.625E+00 1.625E+00 1.625E+00
 0.000E+00 0.000E+00 0.000E+00 0.000E+00
 0.000E+00 0.000E+00 0.000E+00 0.000E+00
 0.000E+00 0.000E+00 0.000E+00 0.000E+00
      122.312551     0.253828    -0.034363
 6
       4
     2     2     2     2
     0     1     1     1
 1.710E+00 1.625E+00 1.625E+00 1.625E+00
 0.000E+00 0.000E+00 0.000E+00 0.000E+00
 0.000E+00 0.000E+00 0.000E+00 0.000E+00
 0.000E+00 0.000E+00 0.000E+00 0.000E+00
      124.658706     0.395138    -0.229150
 6
       4
     2     2     2     2
     0     1     1     1
 1.710E+00 1.625E+00 1.625E+00 1.625E+00
 0.000E+00 0.000E+00 0.000E+00 0.000E+00
 0.000E+00 0.000E+00 0.000E+00 0.000E+00
 0.000E+00 0.000E+00 0.000E+00 0.000E+00
      127.300639     0.184146    -0.052429
 6
       4
     2     2     2     2
     0     1     1     1
 1.710E+00 1.625E+00 1.625E+00 1.625E+00
 0.000E+00 0.000E+00 0.000E+00 0.000E+00
 0.000E+00 0.000E+00 0.000E+00 0.000E+00
 0.000E+00 0.000E+00 0.000E+00 0.000E+00
      128.454506     -2.188932    -0.658980
 6
       4
     2     2     2     2
     0     1     1     1
 1.710E+00 1.625E+00 1.625E+00 1.625E+00
 0.000E+00 0.000E+00 0.000E+00 0.000E+00
 0.000E+00 0.000E+00 0.000E+00 0.000E+00
 0.000E+00 0.000E+00 0.000E+00 0.000E+00
      128.854782     2.184510    0.842325
 6
       4
     2     2     2     2
     0     1     1     1
 1.710E+00 1.625E+00 1.625E+00 1.625E+00
 0.000E+00 0.000E+00 0.000E+00 0.000E+00
 0.000E+00 0.000E+00 0.000E+00 0.000E+00
 0.000E+00 0.000E+00 0.000E+00 0.000E+00
      131.479711     1.876394    1.039115
 6
       4
     2     2     2     2
     0     1     1     1
 1.710E+00 1.625E+00 1.625E+00 1.625E+00
 0.000E+00 0.000E+00 0.000E+00 0.000E+00
 0.000E+00 0.000E+00 0.000E+00 0.000E+00
 0.000E+00 0.000E+00 0.000E+00 0.000E+00
      131.120085     -2.424396    -0.562042
 6
       4
     2     2     2     2
     0     1     1     1
 1.710E+00 1.625E+00 1.625E+00 1.625E+00
 0.000E+00 0.000E+00 0.000E+00 0.000E+00
 0.000E+00 0.000E+00 0.000E+00 0.000E+00
 0.000E+00 0.000E+00 0.000E+00 0.000E+00
      132.632898     -0.404348    0.261362
 6
       4
     2     2     2     2
     0     1     1     1
 1.710E+00 1.625E+00 1.625E+00 1.625E+00
 0.000E+00 0.000E+00 0.000E+00 0.000E+00
 0.000E+00 0.000E+00 0.000E+00 0.000E+00
 0.000E+00 0.000E+00 0.000E+00 0.000E+00
      135.394302     -0.701780    0.185856
 1
       1
     1
     0
 1.300E+00
 0.000E+00
 0.000E+00
 0.000E+00
      75.217400     4.192958    -0.216910
 1
       1
     1
     0
 1.300E+00
 0.000E+00
 0.000E+00
 0.000E+00
      80.051686     3.976206    0.108954
 6
       4
     2     2     2     2
     0     1     1     1
 1.710E+00 1.625E+00 1.625E+00 1.625E+00
 0.000E+00 0.000E+00 0.000E+00 0.000E+00
 0.000E+00 0.000E+00 0.000E+00 0.000E+00
 0.000E+00 0.000E+00 0.000E+00 0.000E+00
      71.970713     0.077798    -0.008872
 1
       1
     1
     0
 1.300E+00
 0.000E+00
 0.000E+00
 0.000E+00
      74.923514     -4.080024    0.712971
 1
       1
     1
     0
 1.300E+00
 0.000E+00
 0.000E+00
 0.000E+00
      79.649687     -4.312752    1.369428
 1
       1
     1
     0
 1.300E+00
 0.000E+00
 0.000E+00
 0.000E+00
      87.918349     4.000792    -0.918567
 1
       1
     1
     0
 1.300E+00
 0.000E+00
 0.000E+00
 0.000E+00
      88.217253     -4.012572    1.319753
 1
       1
     1
     0
 1.300E+00
 0.000E+00
 0.000E+00
 0.000E+00
      92.914306     4.157994    -0.945239
 1
       1
     1
     0
 1.300E+00
 0.000E+00
 0.000E+00
 0.000E+00
      93.144341     -3.761010    1.322362
 1
       1
     1
     0
 1.300E+00
 0.000E+00
 0.000E+00
 0.000E+00
      100.905370     4.729918    -1.232489
 1
       1
     1
     0
 1.300E+00
 0.000E+00
 0.000E+00
 0.000E+00
      105.557206     5.293856    -0.841858
 1
       1
     1
     0
 1.300E+00
 0.000E+00
 0.000E+00
 0.000E+00
      101.469158     -2.973943    1.498243
 1
       1
     1
     0
 1.300E+00
 0.000E+00
 0.000E+00
 0.000E+00
      106.325461     -2.662669    1.729555
 1
       1
     1
     0
 1.300E+00
 0.000E+00
 0.000E+00
 0.000E+00
      114.753369     4.793753    0.749497
 1
       1
     1
     0
 1.300E+00
 0.000E+00
 0.000E+00
 0.000E+00
      114.133569     -3.224661    -1.276965
 1
       1
     1
     0
 1.300E+00
 0.000E+00
 0.000E+00
 0.000E+00
      119.513485     4.455672    0.700159
 1
       1
     1
     0
 1.300E+00
 0.000E+00
 0.000E+00
 0.000E+00
      119.009621     -3.534778    -1.610349
 1
       1
     1
     0
 1.300E+00
 0.000E+00
 0.000E+00
 0.000E+00
      127.876879     4.071653    1.325465
 1
       1
     1
     0
 1.300E+00
 0.000E+00
 0.000E+00
 0.000E+00
      127.141180     -3.757395    -1.363186
 1
       1
     1
     0
 1.300E+00
 0.000E+00
 0.000E+00
 0.000E+00
      132.646039     3.573190    1.665750
 1
       1
     1
     0
 1.300E+00
 0.000E+00
 0.000E+00
 0.000E+00
      132.017435     -4.280583    -1.177399
 1
       1
     1
     0
 1.300E+00
 0.000E+00
 0.000E+00
 0.000E+00
      140.746642     2.097698    2.786501
 1
       1
     1
     0
 1.300E+00
 0.000E+00
 0.000E+00
 0.000E+00
      140.596689     -4.681919    -2.348482
 1
       1
     1
     0
 1.300E+00
 0.000E+00
 0.000E+00
 0.000E+00
      147.882157     -1.158933    -0.119659
 1
       1
     1
     0
 1.300E+00
 0.000E+00
 0.000E+00
 0.000E+00
      145.496905     2.020922    2.831072
 1
       1
     1
     0
 1.300E+00
 0.000E+00
 0.000E+00
 0.000E+00
      145.438097     -4.597622    -2.363875
 6
       4
     2     2     2     2
     0     1     1     1
 1.710E+00 1.625E+00 1.625E+00 1.625E+00
 0.000E+00 0.000E+00 0.000E+00 0.000E+00
 0.000E+00 0.000E+00 0.000E+00 0.000E+00
 0.000E+00 0.000E+00 0.000E+00 0.000E+00
      137.554032     -1.197198    0.154975
 6
       4
     2     2     2     2
     0     1     1     1
 1.710E+00 1.625E+00 1.625E+00 1.625E+00
 0.000E+00 0.000E+00 0.000E+00 0.000E+00
 0.000E+00 0.000E+00 0.000E+00 0.000E+00
 0.000E+00 0.000E+00 0.000E+00 0.000E+00
      140.381020     -1.430279    0.369646
 6
       4
     2     2     2     2
     0     1     1     1
 1.710E+00 1.625E+00 1.625E+00 1.625E+00
 0.000E+00 0.000E+00 0.000E+00 0.000E+00
 0.000E+00 0.000E+00 0.000E+00 0.000E+00
 0.000E+00 0.000E+00 0.000E+00 0.000E+00
      141.564684     -3.251221    -1.028313
 6
       4
     2     2     2     2
     0     1     1     1
 1.710E+00 1.625E+00 1.625E+00 1.625E+00
 0.000E+00 0.000E+00 0.000E+00 0.000E+00
 0.000E+00 0.000E+00 0.000E+00 0.000E+00
 0.000E+00 0.000E+00 0.000E+00 0.000E+00
      141.731760     0.488473    1.839988
 6
       4
     2     2     2     2
     0     1     1     1
 1.710E+00 1.625E+00 1.625E+00 1.625E+00
 0.000E+00 0.000E+00 0.000E+00 0.000E+00
 0.000E+00 0.000E+00 0.000E+00 0.000E+00
 0.000E+00 0.000E+00 0.000E+00 0.000E+00
      144.214435     0.536055    1.817280
 6
       4
     2     2     2     2
     0     1     1     1
 1.710E+00 1.625E+00 1.625E+00 1.625E+00
 0.000E+00 0.000E+00 0.000E+00 0.000E+00
 0.000E+00 0.000E+00 0.000E+00 0.000E+00
 0.000E+00 0.000E+00 0.000E+00 0.000E+00
      144.307270     -3.118367    -1.023474
 6
       4
     2     2     2     2
     0     1     1     1
 1.710E+00 1.625E+00 1.625E+00 1.625E+00
 0.000E+00 0.000E+00 0.000E+00 0.000E+00
 0.000E+00 0.000E+00 0.000E+00 0.000E+00
 0.000E+00 0.000E+00 0.000E+00 0.000E+00
      145.444274     -1.299606    0.174734
# LCAO coefficients .. are not included.
         1
        1        0.000494461381035   k=         1
        2        -0.002077617114041   k=         1
        3        0.004413247610787   k=         1
        4        -0.030688907728002   k=         1
        5        -0.002058552875993   k=         1
        6        -0.002804371960930   k=         1
        7        0.013245787205780   k=         1
        8        -0.032995912112080   k=         1
        9        0.001500038950656   k=         1
        10        0.003079240143896   k=         1
        11        0.012112721497796   k=         1
        12        -0.025639459732228   k=         1
        13        0.000226760294111   k=         1
        14        0.000429984398485   k=         1
        15        -0.002227286502930   k=         1
        16        0.005881783055014   k=         1
        17        0.000581238832275   k=         1
        18        -0.003159016466098   k=         1
        19        -0.011016654037201   k=         1
        20        0.039643725177805   k=         1
        21        -0.000839291835721   k=         1
        22        -0.001662741483577   k=         1
        23        -0.005743363287917   k=         1
        24        0.014622284151748   k=         1
        25        0.001218838896614   k=         1
        26        0.002976955357381   k=         1
        27        0.008017493563773   k=         1
        28        0.059012190357403   k=         1
        29        0.000868657533718   k=         1
        30        0.003560825526607   k=         1
        31        0.000505523990257   k=         1
        32        0.035441347003413   k=         1
        33        0.000717252390444   k=         1
        34        0.006002167244177   k=         1
        35        -0.013785064378661   k=         1
        36        -0.082955565638332   k=         1
        37        0.001234480988958   k=         1
        38        0.010297634208894   k=         1
        39        -0.006184992850931   k=         1
        40        -0.039147635431274   k=         1
        41        0.001567086067346   k=         1
        42        0.013884975378568   k=         1
        43        -0.009553281920163   k=         1
        44        -0.037383984737110   k=         1
        45        0.001385758914738   k=         1
        46        -0.008635439173702   k=         1
        47        0.005006696195371   k=         1
        48        0.053412587976193   k=         1
        49        -0.001089614075442   k=         1
        50        -0.014795109761432   k=         1
        51        0.004522060226540   k=         1
        52        0.052149989734798   k=         1
        53        -0.000002635218098   k=         1
        54        0.010164110615661   k=         1
        55        0.018513460974349   k=         1
        56        0.074195807353752   k=         1
        57        0.003550561896967   k=         1
        58        -0.007389735531894   k=         1
        59        -0.034322409586776   k=         1
        60        -0.064216363922509   k=         1
        61        0.001961118875629   k=         1
        62        0.011521019287573   k=         1
        63        -0.020979580348279   k=         1
        64        -0.063134106268814   k=         1
        65        0.001102077435493   k=         1
        66        -0.010626436877844   k=         1
        67        0.044930667924745   k=         1
        68        0.074735753611820   k=         1
        69        0.001187778737593   k=         1
        70        0.008846131967325   k=         1
        71        0.029538570440845   k=         1
        72        0.040830214781021   k=         1
        73        -0.001671951302459   k=         1
        74        0.015994927360381   k=         1
        75        0.031525844422673   k=         1
        76        0.045483243662479   k=         1
        77        0.003850074899770   k=         1
        78        -0.015027802929557   k=         1
        79        -0.034991220919004   k=         1
        80        -0.049254972095324   k=         1
        81        -0.000750932729136   k=         1
        82        -0.014777705187234   k=         1
        83        -0.042837358171633   k=         1
        84        -0.042912044728859   k=         1
        85        0.001546879934699   k=         1
        86        -0.007006798208070   k=         1
        87        -0.044933526738119   k=         1
        88        -0.070661561677623   k=         1
        89        0.001743519247779   k=         1
        90        0.000576029078909   k=         1
        91        0.033139975031721   k=         1
        92        0.087689381328848   k=         1
        93        -0.000795730992482   k=         1
        94        0.004091924687678   k=         1
        95        0.038100511657950   k=         1
        96        0.071599931446579   k=         1
        97        0.000737654714883   k=         1
        98        -0.007585978836555   k=         1
        99        -0.039894819152072   k=         1
        100        -0.123413342696433   k=         1
        101        0.000376152255031   k=         1
        102        -0.003152451418825   k=         1
        103        -0.019016638133250   k=         1
        104        -0.065621995274254   k=         1
        105        -0.002629632078789   k=         1
        106        -0.006712454564882   k=         1
        107        -0.011943698524554   k=         1
        108        -0.061714012589099   k=         1
        109        0.000943355389528   k=         1
        110        0.006573681166067   k=         1
        111        0.020527038854884   k=         1
        112        0.077042973058562   k=         1
        113        -0.002719737154676   k=         1
        114        -0.005245077490184   k=         1
        115        0.040555597801538   k=         1
        116        0.104691578354793   k=         1
        117        -0.000721502510145   k=         1
        118        -0.016060645951183   k=         1
        119        0.043665471806578   k=         1
        120        0.107454028508823   k=         1
        121        0.001993080569316   k=         1
        122        0.011202403779402   k=         1
        123        -0.076468137874867   k=         1
        124        -0.146082310318309   k=         1
        125        -0.008093071215384   k=         1
        126        -0.021766039869923   k=         1
        127        -0.048776378119974   k=         1
        128        -0.104649496376825   k=         1
        129        0.001854274828644   k=         1
        130        0.034332547792008   k=         1
        131        0.108531789423070   k=         1
        132        0.191094885066200   k=         1
        133        0.003210290396429   k=         1
        134        -0.008931354558434   k=         1
        135        0.061443189781315   k=         1
        136        0.103802098045085   k=         1
        137        -0.000822783897615   k=         1
        138        -0.018990940859618   k=         1
        139        0.060972909132898   k=         1
        140        0.097341915244225   k=         1
        141        -0.003463377279003   k=         1
        142        0.030530742666349   k=         1
        143        -0.089112472259320   k=         1
        144        -0.175711259817421   k=         1
        145        -0.003089456394483   k=         1
        146        0.008555895532872   k=         1
        147        -0.056297944947342   k=         1
        148        -0.096825916078298   k=         1
        149        0.002862993918986   k=         1
        150        0.004531550328179   k=         1
        151        -0.091931773164766   k=         1
        152        -0.194575204666682   k=         1
        153        -0.002002999205860   k=         1
        154        -0.005130993065964   k=         1
        155        0.069673929886622   k=         1
        156        0.179562686291663   k=         1
        157        -0.002284233640091   k=         1
        158        0.001630486002695   k=         1
        159        -0.000278652668472   k=         1
        160        0.002141693787349   k=         1
        161        -0.000364848824185   k=         1
        162        -0.000849598381836   k=         1
        163        -0.003587447455530   k=         1
        164        -0.004115548796749   k=         1
        165        -0.004759593345409   k=         1
        166        -0.002464704259770   k=         1
        167        -0.003865040981866   k=         1
        168        -0.007205875975678   k=         1
        169        0.000090369357351   k=         1
        170        0.002972867077755   k=         1
        171        -0.000430606038347   k=         1
        172        0.000286812805394   k=         1
        173        0.003722647516906   k=         1
        174        0.009142105137766   k=         1
        175        0.003807887679907   k=         1
        176        0.002293806448132   k=         1
        177        0.005588745485294   k=         1
        178        0.007961441022472   k=         1
        179        0.004184455001453   k=         1
        180        -0.002375852224981   k=         1
        181        0.010535230387251   k=         1
        182        -0.027792914099612   k=         1
        183        -0.127631030918668   k=         1
        184        -0.002037596202810   k=         1
        185        0.006025291568766   k=         1
        186        -0.002367154938620   k=         1
        187        -0.021778510103355   k=         1
        188        0.082949018146596   k=         1
        189        0.191405064554957   k=         1
        190        -0.000902867279868   k=         1
        191        0.015729017086346   k=         1
        192        -0.067599033225921   k=         1
        193        -0.190324547876170   k=         1
        194        -0.002672939763587   k=         1
        195        -0.011589045736533   k=         1
        196        -0.041578924470261   k=         1
        197        -0.177931713806952   k=         1
        198        -0.002299201703858   k=         1
        199        -0.006326886162712   k=         1
        200        -0.023312813684305   k=         1
        201        -0.099015879903894   k=         1
        202        -0.000814761401354   k=         1
        203        0.008954208367035   k=         1
        204        0.024620640848647   k=         1
        205        0.100766541285999   k=         1
        206        0.000340646611725   k=         1
        207        0.012666734090931   k=         1
        208        0.045665657040456   k=         1
        209        0.114836411618909   k=         1
        210        -0.007659945399264   k=         1
        211        -0.002997024049487   k=         1
        212        0.068406718317392   k=         1
        213        0.205834157657421   k=         1
        214        -0.001654590092969   k=         1
        215        -0.004183063301811   k=         1
        216        -0.028038132021112   k=         1
        217        -0.160604277309773   k=         1
        218        -0.000951338907721   k=         1
        219        0.011895201507039   k=         1
        220        -0.015937350940376   k=         1
        221        -0.088993460572942   k=         1
        222        0.002437606195108   k=         1
        223        0.017886883319110   k=         1
        224        -0.007805604573309   k=         1
        225        -0.100644933101675   k=         1
        226        0.000399935580972   k=         1
        227        -0.019459481846313   k=         1
        228        0.008188826856285   k=         1
        229        0.114634986255948   k=         1
        230        -0.000594051722769   k=         1
        231        -0.013010634570259   k=         1
        232        0.028964992173767   k=         1
        233        0.157827270833734   k=         1
        234        -0.002159138258404   k=         1
        235        -0.015863202630924   k=         1
        236        0.004359500874107   k=         1
        237        0.096843164226896   k=         1
        238        0.004865567711038   k=         1
        239        0.021707990777391   k=         1
        240        0.027462149449506   k=         1
        241        0.109695075048587   k=         1
        242        -0.008431517736837   k=         1
        243        0.023824981941758   k=         1
        244        0.027944038445779   k=         1
        245        0.134747708634707   k=         1
        246        -0.001488333794478   k=         1
        247        -0.008629374137457   k=         1
        248        -0.027383379287524   k=         1
        249        -0.102789995256860   k=         1
        250        0.002424990074384   k=         1
        251        -0.000526119462420   k=         1
        252        -0.020191880095809   k=         1
        253        -0.084996773083084   k=         1
        254        0.001418956223800   k=         1
        255        0.004047743550205   k=         1
        256        -0.032544074841308   k=         1
        257        -0.090027011663255   k=         1
        258        -0.001846043856976   k=         1
        259        -0.004047646700870   k=         1
        260        0.015101835432811   k=         1
        261        0.063842672976577   k=         1
        262        -0.001212787412554   k=         1
        263        -0.006189633520991   k=         1
        264        0.016704245409673   k=         1
        265        0.052700220913043   k=         1
        266        0.001649795634397   k=         1
        267        0.006726562558333   k=         1
        268        0.033610645527825   k=         1
        269        0.113808500682053   k=         1
        270        -0.002312946982829   k=         1
        271        -0.010269298921215   k=         1
        272        -0.020103661970399   k=         1
        273        -0.059745882191414   k=         1
        274        0.005720766199959   k=         1
        275        -0.000308930151168   k=         1
        276        -0.025827873358729   k=         1
        277        -0.087541337731794   k=         1
        278        -0.001603538195508   k=         1
        279        -0.010375837038280   k=         1
        280        0.019267518533843   k=         1
        281        0.059154354047362   k=         1
        282        0.000548583575334   k=         1
        283        -0.006950974079067   k=         1
        284        0.022222054220365   k=         1
        285        0.043173039915851   k=         1
        286        -0.001240646673901   k=         1
        287        -0.011560587254471   k=         1
        288        0.012952255390045   k=         1
        289        0.057709340640265   k=         1
        290        0.000816237311308   k=         1
        291        0.008966061285688   k=         1
        292        -0.013307876673617   k=         1
        293        -0.041380478630861   k=         1
        294        0.000219118285758   k=         1
        295        0.002796424639197   k=         1
        296        -0.010088373502080   k=         1
        297        -0.024618376526644   k=         1
        298        -0.001282525203590   k=         1
        299        -0.000488714878150   k=         1
        300        -0.018762435799380   k=         1
        301        -0.071571795334681   k=         1
        302        0.000449176372140   k=         1
        303        0.004773450195245   k=         1
        304        0.001604144004649   k=         1
        305        0.036832241830511   k=         1
        306        -0.002083586007143   k=         1
        307        0.006273631346340   k=         1
        308        0.011535895905529   k=         1
        309        0.052541406313900   k=         1
        310        0.000343916501457   k=         1
        311        -0.001106296417003   k=         1
        312        0.003823714038016   k=         1
        313        -0.034617455392002   k=         1
        314        0.000667471659843   k=         1
        315        -0.003414711492777   k=         1
        316        0.012508822835032   k=         1
        317        -0.025527184005413   k=         1
        318        -0.003020572423188   k=         1
        319        0.003993050910044   k=         1
        320        0.010851620471594   k=         1
        321        -0.027978068639965   k=         1
        322        0.000826927910821   k=         1
        323        -0.000411211285870   k=         1
        324        -0.004492857278367   k=         1
        325        0.015411341591049   k=         1
        326        -0.000120836809175   k=         1
        327        0.002199134080145   k=         1
        328        -0.009171246790801   k=         1
        329        0.020593970389966   k=         1
        330        0.000267177440631   k=         1
        331        -0.002702134000152   k=         1
        332        -0.008787430267474   k=         1
        333        0.039916853975059   k=         1
        334        -0.001826286424211   k=         1
        335        -0.000015227347756   k=         1
        336        0.004765588206234   k=         1
        337        -0.019042180322701   k=         1
        338        0.001982003083059   k=         1
        339        -0.001860319679681   k=         1
        340        0.007179802585950   k=         1
        341        -0.030461089202074   k=         1
        342        -0.000526104503948   k=         1
        343        -0.000154097482282   k=         1
        344        -0.004059076404613   k=         1
        345        0.013910442186592   k=         1
        346        0.000163297326039   k=         1
        347        -0.002416865209271   k=         1
        348        -0.005811629086772   k=         1
        349        0.018306657501866   k=         1
        350        0.000386759057357   k=         1
        351        -0.004235602211723   k=         1
        352        -0.006902206285765   k=         1
        353        0.016576125650570   k=         1
        354        -0.000275964265614   k=         1
        355        0.001754789762989   k=         1
        356        0.001924091170337   k=         1
        357        -0.006342293687859   k=         1
        358        -0.000035494347630   k=         1
        359        0.001045386898336   k=         1
        360        0.002177016886825   k=         1
        361        -0.005739238661186   k=         1
        362        -0.000179587146085   k=         1
        363        -0.000411581178494   k=         1
        364        0.007676925048542   k=         1
        365        -0.019919096044111   k=         1
        366        -0.000292941632985   k=         1
        367        0.000594190507829   k=         1
        368        -0.001789460106610   k=         1
        369        0.004172556239938   k=         1
        370        0.000257128419369   k=         1
        371        0.007145064217732   k=         1
        372        0.000181948384922   k=         1
        373        0.007090945917227   k=         1
        374        -0.041557431519287   k=         1
        375        -0.141399432466134   k=         1
        376        0.006236931711320   k=         1
        377        -0.000479605737516   k=         1
        378        -0.002040818106186   k=         1
        379        -0.001657366993689   k=         1
        380        -0.001674853111745   k=         1
        381        -0.003075706102644   k=         1
        382        0.000529491723168   k=         1
        383        0.001851429258523   k=         1
        384        -0.001357156550600   k=         1
        385        0.003749777414082   k=         1
        386        0.001348608877859   k=         1
        387        -0.001498297354466   k=         1
        388        -0.002001076950123   k=         1
        389        0.002791077868328   k=         1
        390        0.000213208998534   k=         1
        391        0.000286298630516   k=         1
        392        0.000997580226546   k=         1
        393        0.000638870937076   k=         1
        394        0.000168189842512   k=         1
        395        0.000033295836420   k=         1
        396        0.000049602390820   k=         1
        397        -0.000338066046697   k=         1
        398        0.000215992139711   k=         1
        399        -0.000140442488457   k=         1
        400        -0.001675151361110   k=         1
        401        -0.004292615337222   k=         1
        402        0.012043398146055   k=         1
        403        -0.000075430506154   k=         1
        404        0.000852160833524   k=         1
        405        0.001350574063843   k=         1
        406        -0.002763721516905   k=         1
        407        0.000212793621072   k=         1
        408        -0.000426103528565   k=         1
        409        0.005040959647543   k=         1
        410        -0.004867622404591   k=         1
        411        -0.000264624557563   k=         1
        412        0.000583088343261   k=         1
        413        0.002490257548908   k=         1
        414        -0.002795733870901   k=         1
        415        0.000042937779035   k=         1
        416        -0.000016413225152   k=         1
        417        -0.000603732899679   k=         1
        418        0.000768344420025   k=         1
        419        -0.000134849938282   k=         1
        420        0.000363402383392   k=         1
        421        -0.000628941898877   k=         1
        422        0.000633452785639   k=         1
        423        -0.000138634845732   k=         1
        424        0.000909091760502   k=         1
        425        -0.003214417085605   k=         1
        426        0.004274507274524   k=         1
