# file_format= v0.04.05
       144       426
    188.97268778      0.00000000      0.00000000    0
      0.00000000    188.97268778      0.00000000    0
      0.00000000      0.00000000    188.97268778    0
 6
       4
     2     2     2     2
     0     1     1     1
 1.710E+00 1.625E+00 1.625E+00 1.625E+00
 0.000E+00 0.000E+00 0.000E+00 0.000E+00
 0.000E+00 0.000E+00 0.000E+00 0.000E+00
 0.000E+00 0.000E+00 0.000E+00 0.000E+00
      1.116577     -0.913146    -0.091555
 6
       4
     2     2     2     2
     0     1     1     1
 1.710E+00 1.625E+00 1.625E+00 1.625E+00
 0.000E+00 0.000E+00 0.000E+00 0.000E+00
 0.000E+00 0.000E+00 0.000E+00 0.000E+00
 0.000E+00 0.000E+00 0.000E+00 0.000E+00
      -0.647105     1.046377    0.626104
 6
       4
     2     2     2     2
     0     1     1     1
 1.710E+00 1.625E+00 1.625E+00 1.625E+00
 0.000E+00 0.000E+00 0.000E+00 0.000E+00
 0.000E+00 0.000E+00 0.000E+00 0.000E+00
 0.000E+00 0.000E+00 0.000E+00 0.000E+00
      0.392893     -3.301457    -0.676556
 6
       4
     2     2     2     2
     0     1     1     1
 1.710E+00 1.625E+00 1.625E+00 1.625E+00
 0.000E+00 0.000E+00 0.000E+00 0.000E+00
 0.000E+00 0.000E+00 0.000E+00 0.000E+00
 0.000E+00 0.000E+00 0.000E+00 0.000E+00
      -3.231670     0.531302    0.286363
 6
       4
     2     2     2     2
     0     1     1     1
 1.710E+00 1.625E+00 1.625E+00 1.625E+00
 0.000E+00 0.000E+00 0.000E+00 0.000E+00
 0.000E+00 0.000E+00 0.000E+00 0.000E+00
 0.000E+00 0.000E+00 0.000E+00 0.000E+00
      -3.840520     -2.009172    -0.414993
 6
       4
     2     2     2     2
     0     1     1     1
 1.710E+00 1.625E+00 1.625E+00 1.625E+00
 0.000E+00 0.000E+00 0.000E+00 0.000E+00
 0.000E+00 0.000E+00 0.000E+00 0.000E+00
 0.000E+00 0.000E+00 0.000E+00 0.000E+00
      -2.110299     -3.825497    -0.896386
 6
       4
     2     2     2     2
     0     1     1     1
 1.710E+00 1.625E+00 1.625E+00 1.625E+00
 0.000E+00 0.000E+00 0.000E+00 0.000E+00
 0.000E+00 0.000E+00 0.000E+00 0.000E+00
 0.000E+00 0.000E+00 0.000E+00 0.000E+00
      3.956816     -0.352135    -0.055150
 6
       4
     2     2     2     2
     0     1     1     1
 1.710E+00 1.625E+00 1.625E+00 1.625E+00
 0.000E+00 0.000E+00 0.000E+00 0.000E+00
 0.000E+00 0.000E+00 0.000E+00 0.000E+00
 0.000E+00 0.000E+00 0.000E+00 0.000E+00
      6.238947     -0.405993    -0.171243
 6
       4
     2     2     2     2
     0     1     1     1
 1.710E+00 1.625E+00 1.625E+00 1.625E+00
 0.000E+00 0.000E+00 0.000E+00 0.000E+00
 0.000E+00 0.000E+00 0.000E+00 0.000E+00
 0.000E+00 0.000E+00 0.000E+00 0.000E+00
      8.948727     0.070823    -0.092691
 6
       4
     2     2     2     2
     0     1     1     1
 1.710E+00 1.625E+00 1.625E+00 1.625E+00
 0.000E+00 0.000E+00 0.000E+00 0.000E+00
 0.000E+00 0.000E+00 0.000E+00 0.000E+00
 0.000E+00 0.000E+00 0.000E+00 0.000E+00
      10.021143     2.578750    -0.307400
 6
       4
     2     2     2     2
     0     1     1     1
 1.710E+00 1.625E+00 1.625E+00 1.625E+00
 0.000E+00 0.000E+00 0.000E+00 0.000E+00
 0.000E+00 0.000E+00 0.000E+00 0.000E+00
 0.000E+00 0.000E+00 0.000E+00 0.000E+00
      10.570220     -2.009068    0.501238
 6
       4
     2     2     2     2
     0     1     1     1
 1.710E+00 1.625E+00 1.625E+00 1.625E+00
 0.000E+00 0.000E+00 0.000E+00 0.000E+00
 0.000E+00 0.000E+00 0.000E+00 0.000E+00
 0.000E+00 0.000E+00 0.000E+00 0.000E+00
      12.556313     2.963926    -0.102731
 6
       4
     2     2     2     2
     0     1     1     1
 1.710E+00 1.625E+00 1.625E+00 1.625E+00
 0.000E+00 0.000E+00 0.000E+00 0.000E+00
 0.000E+00 0.000E+00 0.000E+00 0.000E+00
 0.000E+00 0.000E+00 0.000E+00 0.000E+00
      13.123081     -1.634707    0.769929
 6
       4
     2     2     2     2
     0     1     1     1
 1.710E+00 1.625E+00 1.625E+00 1.625E+00
 0.000E+00 0.000E+00 0.000E+00 0.000E+00
 0.000E+00 0.000E+00 0.000E+00 0.000E+00
 0.000E+00 0.000E+00 0.000E+00 0.000E+00
      14.225241     0.818886    0.315297
 6
       4
     2     2     2     2
     0     1     1     1
 1.710E+00 1.625E+00 1.625E+00 1.625E+00
 0.000E+00 0.000E+00 0.000E+00 0.000E+00
 0.000E+00 0.000E+00 0.000E+00 0.000E+00
 0.000E+00 0.000E+00 0.000E+00 0.000E+00
      16.943253     0.996394    0.200668
 6
       4
     2     2     2     2
     0     1     1     1
 1.710E+00 1.625E+00 1.625E+00 1.625E+00
 0.000E+00 0.000E+00 0.000E+00 0.000E+00
 0.000E+00 0.000E+00 0.000E+00 0.000E+00
 0.000E+00 0.000E+00 0.000E+00 0.000E+00
      19.220252     1.210226    0.191507
 6
       4
     2     2     2     2
     0     1     1     1
 1.710E+00 1.625E+00 1.625E+00 1.625E+00
 0.000E+00 0.000E+00 0.000E+00 0.000E+00
 0.000E+00 0.000E+00 0.000E+00 0.000E+00
 0.000E+00 0.000E+00 0.000E+00 0.000E+00
      21.953278     1.282746    0.286346
 6
       4
     2     2     2     2
     0     1     1     1
 1.710E+00 1.625E+00 1.625E+00 1.625E+00
 0.000E+00 0.000E+00 0.000E+00 0.000E+00
 0.000E+00 0.000E+00 0.000E+00 0.000E+00
 0.000E+00 0.000E+00 0.000E+00 0.000E+00
      23.119407     -0.698507    1.637538
 6
       4
     2     2     2     2
     0     1     1     1
 1.710E+00 1.625E+00 1.625E+00 1.625E+00
 0.000E+00 0.000E+00 0.000E+00 0.000E+00
 0.000E+00 0.000E+00 0.000E+00 0.000E+00
 0.000E+00 0.000E+00 0.000E+00 0.000E+00
      23.345204     3.152101    -0.945330
 6
       4
     2     2     2     2
     0     1     1     1
 1.710E+00 1.625E+00 1.625E+00 1.625E+00
 0.000E+00 0.000E+00 0.000E+00 0.000E+00
 0.000E+00 0.000E+00 0.000E+00 0.000E+00
 0.000E+00 0.000E+00 0.000E+00 0.000E+00
      26.108757     2.949913    -1.246269
 6
       4
     2     2     2     2
     0     1     1     1
 1.710E+00 1.625E+00 1.625E+00 1.625E+00
 0.000E+00 0.000E+00 0.000E+00 0.000E+00
 0.000E+00 0.000E+00 0.000E+00 0.000E+00
 0.000E+00 0.000E+00 0.000E+00 0.000E+00
      25.865422     -0.932372    1.389873
 6
       4
     2     2     2     2
     0     1     1     1
 1.710E+00 1.625E+00 1.625E+00 1.625E+00
 0.000E+00 0.000E+00 0.000E+00 0.000E+00
 0.000E+00 0.000E+00 0.000E+00 0.000E+00
 0.000E+00 0.000E+00 0.000E+00 0.000E+00
      27.181957     0.854186    -0.096202
 6
       4
     2     2     2     2
     0     1     1     1
 1.710E+00 1.625E+00 1.625E+00 1.625E+00
 0.000E+00 0.000E+00 0.000E+00 0.000E+00
 0.000E+00 0.000E+00 0.000E+00 0.000E+00
 0.000E+00 0.000E+00 0.000E+00 0.000E+00
      29.979280     0.533914    -0.135877
 6
       4
     2     2     2     2
     0     1     1     1
 1.710E+00 1.625E+00 1.625E+00 1.625E+00
 0.000E+00 0.000E+00 0.000E+00 0.000E+00
 0.000E+00 0.000E+00 0.000E+00 0.000E+00
 0.000E+00 0.000E+00 0.000E+00 0.000E+00
      32.298890     0.166453    -0.166687
 6
       4
     2     2     2     2
     0     1     1     1
 1.710E+00 1.625E+00 1.625E+00 1.625E+00
 0.000E+00 0.000E+00 0.000E+00 0.000E+00
 0.000E+00 0.000E+00 0.000E+00 0.000E+00
 0.000E+00 0.000E+00 0.000E+00 0.000E+00
      35.194225     -0.009851    -0.212762
 6
       4
     2     2     2     2
     0     1     1     1
 1.710E+00 1.625E+00 1.625E+00 1.625E+00
 0.000E+00 0.000E+00 0.000E+00 0.000E+00
 0.000E+00 0.000E+00 0.000E+00 0.000E+00
 0.000E+00 0.000E+00 0.000E+00 0.000E+00
      36.199941     -2.269997    0.507063
 6
       4
     2     2     2     2
     0     1     1     1
 1.710E+00 1.625E+00 1.625E+00 1.625E+00
 0.000E+00 0.000E+00 0.000E+00 0.000E+00
 0.000E+00 0.000E+00 0.000E+00 0.000E+00
 0.000E+00 0.000E+00 0.000E+00 0.000E+00
      36.768856     2.091704    -0.939045
 6
       4
     2     2     2     2
     0     1     1     1
 1.710E+00 1.625E+00 1.625E+00 1.625E+00
 0.000E+00 0.000E+00 0.000E+00 0.000E+00
 0.000E+00 0.000E+00 0.000E+00 0.000E+00
 0.000E+00 0.000E+00 0.000E+00 0.000E+00
      39.366073     1.884939    -0.977298
 6
       4
     2     2     2     2
     0     1     1     1
 1.710E+00 1.625E+00 1.625E+00 1.625E+00
 0.000E+00 0.000E+00 0.000E+00 0.000E+00
 0.000E+00 0.000E+00 0.000E+00 0.000E+00
 0.000E+00 0.000E+00 0.000E+00 0.000E+00
      39.028482     -2.526154    0.556022
 6
       4
     2     2     2     2
     0     1     1     1
 1.710E+00 1.625E+00 1.625E+00 1.625E+00
 0.000E+00 0.000E+00 0.000E+00 0.000E+00
 0.000E+00 0.000E+00 0.000E+00 0.000E+00
 0.000E+00 0.000E+00 0.000E+00 0.000E+00
      40.460334     -0.444494    -0.103650
 6
       4
     2     2     2     2
     0     1     1     1
 1.710E+00 1.625E+00 1.625E+00 1.625E+00
 0.000E+00 0.000E+00 0.000E+00 0.000E+00
 0.000E+00 0.000E+00 0.000E+00 0.000E+00
 0.000E+00 0.000E+00 0.000E+00 0.000E+00
      43.279334     -0.655994    0.062414
 6
       4
     2     2     2     2
     0     1     1     1
 1.710E+00 1.625E+00 1.625E+00 1.625E+00
 0.000E+00 0.000E+00 0.000E+00 0.000E+00
 0.000E+00 0.000E+00 0.000E+00 0.000E+00
 0.000E+00 0.000E+00 0.000E+00 0.000E+00
      45.548283     -0.437451    -0.068266
 6
       4
     2     2     2     2
     0     1     1     1
 1.710E+00 1.625E+00 1.625E+00 1.625E+00
 0.000E+00 0.000E+00 0.000E+00 0.000E+00
 0.000E+00 0.000E+00 0.000E+00 0.000E+00
 0.000E+00 0.000E+00 0.000E+00 0.000E+00
      48.356138     -0.349524    -0.349879
 6
       4
     2     2     2     2
     0     1     1     1
 1.710E+00 1.625E+00 1.625E+00 1.625E+00
 0.000E+00 0.000E+00 0.000E+00 0.000E+00
 0.000E+00 0.000E+00 0.000E+00 0.000E+00
 0.000E+00 0.000E+00 0.000E+00 0.000E+00
      49.834444     -2.469305    0.680504
 6
       4
     2     2     2     2
     0     1     1     1
 1.710E+00 1.625E+00 1.625E+00 1.625E+00
 0.000E+00 0.000E+00 0.000E+00 0.000E+00
 0.000E+00 0.000E+00 0.000E+00 0.000E+00
 0.000E+00 0.000E+00 0.000E+00 0.000E+00
      49.473639     1.696643    -1.587234
 6
       4
     2     2     2     2
     0     1     1     1
 1.710E+00 1.625E+00 1.625E+00 1.625E+00
 0.000E+00 0.000E+00 0.000E+00 0.000E+00
 0.000E+00 0.000E+00 0.000E+00 0.000E+00
 0.000E+00 0.000E+00 0.000E+00 0.000E+00
      52.315310     1.713371    -1.546590
 6
       4
     2     2     2     2
     0     1     1     1
 1.710E+00 1.625E+00 1.625E+00 1.625E+00
 0.000E+00 0.000E+00 0.000E+00 0.000E+00
 0.000E+00 0.000E+00 0.000E+00 0.000E+00
 0.000E+00 0.000E+00 0.000E+00 0.000E+00
      52.500511     -2.419352    0.688595
 6
       4
     2     2     2     2
     0     1     1     1
 1.710E+00 1.625E+00 1.625E+00 1.625E+00
 0.000E+00 0.000E+00 0.000E+00 0.000E+00
 0.000E+00 0.000E+00 0.000E+00 0.000E+00
 0.000E+00 0.000E+00 0.000E+00 0.000E+00
      53.756712     -0.254824    -0.428448
 6
       4
     2     2     2     2
     0     1     1     1
 1.710E+00 1.625E+00 1.625E+00 1.625E+00
 0.000E+00 0.000E+00 0.000E+00 0.000E+00
 0.000E+00 0.000E+00 0.000E+00 0.000E+00
 0.000E+00 0.000E+00 0.000E+00 0.000E+00
      56.517299     -0.099564    -0.369689
 1
       1
     1
     0
 1.300E+00
 0.000E+00
 0.000E+00
 0.000E+00
      -4.300079     2.012896    0.678121
 1
       1
     1
     0
 1.300E+00
 0.000E+00
 0.000E+00
 0.000E+00
      -0.483239     2.865609    1.103899
 1
       1
     1
     0
 1.300E+00
 0.000E+00
 0.000E+00
 0.000E+00
      -5.939509     -1.544458    -0.620962
 1
       1
     1
     0
 1.300E+00
 0.000E+00
 0.000E+00
 0.000E+00
      -2.808036     -5.514778    -1.493683
 1
       1
     1
     0
 1.300E+00
 0.000E+00
 0.000E+00
 0.000E+00
      1.664176     -4.726277    -1.033735
 1
       1
     1
     0
 1.300E+00
 0.000E+00
 0.000E+00
 0.000E+00
      8.582126     3.854695    -0.656470
 1
       1
     1
     0
 1.300E+00
 0.000E+00
 0.000E+00
 0.000E+00
      9.860494     -3.730835    0.768162
 1
       1
     1
     0
 1.300E+00
 0.000E+00
 0.000E+00
 0.000E+00
      13.385649     4.704225    -0.124609
 1
       1
     1
     0
 1.300E+00
 0.000E+00
 0.000E+00
 0.000E+00
      14.280699     -3.073972    1.111985
 1
       1
     1
     0
 1.300E+00
 0.000E+00
 0.000E+00
 0.000E+00
      22.404748     4.636184    -1.688882
 1
       1
     1
     0
 1.300E+00
 0.000E+00
 0.000E+00
 0.000E+00
      27.215038     4.116247    -2.191508
 1
       1
     1
     0
 1.300E+00
 0.000E+00
 0.000E+00
 0.000E+00
      21.977309     -1.898608    2.532055
 1
       1
     1
     0
 1.300E+00
 0.000E+00
 0.000E+00
 0.000E+00
      26.844196     -2.229017    2.360270
 1
       1
     1
     0
 1.300E+00
 0.000E+00
 0.000E+00
 0.000E+00
      35.808081     3.677240    -1.375887
 1
       1
     1
     0
 1.300E+00
 0.000E+00
 0.000E+00
 0.000E+00
      35.197615     -3.820843    0.965440
 1
       1
     1
     0
 1.300E+00
 0.000E+00
 0.000E+00
 0.000E+00
      40.634487     3.268493    -1.454363
 1
       1
     1
     0
 1.300E+00
 0.000E+00
 0.000E+00
 0.000E+00
      39.648031     -4.187689    1.291923
 1
       1
     1
     0
 1.300E+00
 0.000E+00
 0.000E+00
 0.000E+00
      48.577098     3.126281    -2.517752
 1
       1
     1
     0
 1.300E+00
 0.000E+00
 0.000E+00
 0.000E+00
      48.759825     -3.967497    1.254576
 1
       1
     1
     0
 1.300E+00
 0.000E+00
 0.000E+00
 0.000E+00
      53.020514     3.422163    -2.300135
 1
       1
     1
     0
 1.300E+00
 0.000E+00
 0.000E+00
 0.000E+00
      53.486918     -3.886951    1.383072
 1
       1
     1
     0
 1.300E+00
 0.000E+00
 0.000E+00
 0.000E+00
      61.853870     4.349822    -1.366703
 1
       1
     1
     0
 1.300E+00
 0.000E+00
 0.000E+00
 0.000E+00
      62.334273     -3.489011    1.009340
 6
       4
     2     2     2     2
     0     1     1     1
 1.710E+00 1.625E+00 1.625E+00 1.625E+00
 0.000E+00 0.000E+00 0.000E+00 0.000E+00
 0.000E+00 0.000E+00 0.000E+00 0.000E+00
 0.000E+00 0.000E+00 0.000E+00 0.000E+00
      69.803320     0.540515    -0.236021
 1
       1
     1
     0
 1.300E+00
 0.000E+00
 0.000E+00
 0.000E+00
      66.510333     4.376826    -1.542245
 1
       1
     1
     0
 1.300E+00
 0.000E+00
 0.000E+00
 0.000E+00
      66.592058     -3.223519    1.109774
 6
       4
     2     2     2     2
     0     1     1     1
 1.710E+00 1.625E+00 1.625E+00 1.625E+00
 0.000E+00 0.000E+00 0.000E+00 0.000E+00
 0.000E+00 0.000E+00 0.000E+00 0.000E+00
 0.000E+00 0.000E+00 0.000E+00 0.000E+00
      58.802116     0.239655    -0.259990
 6
       4
     2     2     2     2
     0     1     1     1
 1.710E+00 1.625E+00 1.625E+00 1.625E+00
 0.000E+00 0.000E+00 0.000E+00 0.000E+00
 0.000E+00 0.000E+00 0.000E+00 0.000E+00
 0.000E+00 0.000E+00 0.000E+00 0.000E+00
      61.629704     0.381243    -0.165275
 6
       4
     2     2     2     2
     0     1     1     1
 1.710E+00 1.625E+00 1.625E+00 1.625E+00
 0.000E+00 0.000E+00 0.000E+00 0.000E+00
 0.000E+00 0.000E+00 0.000E+00 0.000E+00
 0.000E+00 0.000E+00 0.000E+00 0.000E+00
      62.990047     -1.793579    0.558425
 6
       4
     2     2     2     2
     0     1     1     1
 1.710E+00 1.625E+00 1.625E+00 1.625E+00
 0.000E+00 0.000E+00 0.000E+00 0.000E+00
 0.000E+00 0.000E+00 0.000E+00 0.000E+00
 0.000E+00 0.000E+00 0.000E+00 0.000E+00
      62.851727     2.727627    -0.857544
 6
       4
     2     2     2     2
     0     1     1     1
 1.710E+00 1.625E+00 1.625E+00 1.625E+00
 0.000E+00 0.000E+00 0.000E+00 0.000E+00
 0.000E+00 0.000E+00 0.000E+00 0.000E+00
 0.000E+00 0.000E+00 0.000E+00 0.000E+00
      65.469321     2.902254    -0.974879
 6
       4
     2     2     2     2
     0     1     1     1
 1.710E+00 1.625E+00 1.625E+00 1.625E+00
 0.000E+00 0.000E+00 0.000E+00 0.000E+00
 0.000E+00 0.000E+00 0.000E+00 0.000E+00
 0.000E+00 0.000E+00 0.000E+00 0.000E+00
      65.813434     -1.644307    0.415063
 6
       4
     2     2     2     2
     0     1     1     1
 1.710E+00 1.625E+00 1.625E+00 1.625E+00
 0.000E+00 0.000E+00 0.000E+00 0.000E+00
 0.000E+00 0.000E+00 0.000E+00 0.000E+00
 0.000E+00 0.000E+00 0.000E+00 0.000E+00
      66.900395     0.579738    -0.359180
 6
       4
     2     2     2     2
     0     1     1     1
 1.710E+00 1.625E+00 1.625E+00 1.625E+00
 0.000E+00 0.000E+00 0.000E+00 0.000E+00
 0.000E+00 0.000E+00 0.000E+00 0.000E+00
 0.000E+00 0.000E+00 0.000E+00 0.000E+00
      80.083473     -0.010855    0.765675
 6
       4
     2     2     2     2
     0     1     1     1
 1.710E+00 1.625E+00 1.625E+00 1.625E+00
 0.000E+00 0.000E+00 0.000E+00 0.000E+00
 0.000E+00 0.000E+00 0.000E+00 0.000E+00
 0.000E+00 0.000E+00 0.000E+00 0.000E+00
      78.805387     2.233777    0.398154
 6
       4
     2     2     2     2
     0     1     1     1
 1.710E+00 1.625E+00 1.625E+00 1.625E+00
 0.000E+00 0.000E+00 0.000E+00 0.000E+00
 0.000E+00 0.000E+00 0.000E+00 0.000E+00
 0.000E+00 0.000E+00 0.000E+00 0.000E+00
      78.741021     -2.350333    0.977997
 6
       4
     2     2     2     2
     0     1     1     1
 1.710E+00 1.625E+00 1.625E+00 1.625E+00
 0.000E+00 0.000E+00 0.000E+00 0.000E+00
 0.000E+00 0.000E+00 0.000E+00 0.000E+00
 0.000E+00 0.000E+00 0.000E+00 0.000E+00
      76.180044     2.298028    0.097396
 6
       4
     2     2     2     2
     0     1     1     1
 1.710E+00 1.625E+00 1.625E+00 1.625E+00
 0.000E+00 0.000E+00 0.000E+00 0.000E+00
 0.000E+00 0.000E+00 0.000E+00 0.000E+00
 0.000E+00 0.000E+00 0.000E+00 0.000E+00
      74.837855     0.022531    0.273859
 6
       4
     2     2     2     2
     0     1     1     1
 1.710E+00 1.625E+00 1.625E+00 1.625E+00
 0.000E+00 0.000E+00 0.000E+00 0.000E+00
 0.000E+00 0.000E+00 0.000E+00 0.000E+00
 0.000E+00 0.000E+00 0.000E+00 0.000E+00
      76.075982     -2.343561    0.726004
 6
       4
     2     2     2     2
     0     1     1     1
 1.710E+00 1.625E+00 1.625E+00 1.625E+00
 0.000E+00 0.000E+00 0.000E+00 0.000E+00
 0.000E+00 0.000E+00 0.000E+00 0.000E+00
 0.000E+00 0.000E+00 0.000E+00 0.000E+00
      82.858318     -0.143315    0.684398
 6
       4
     2     2     2     2
     0     1     1     1
 1.710E+00 1.625E+00 1.625E+00 1.625E+00
 0.000E+00 0.000E+00 0.000E+00 0.000E+00
 0.000E+00 0.000E+00 0.000E+00 0.000E+00
 0.000E+00 0.000E+00 0.000E+00 0.000E+00
      85.107873     -0.021541    0.196129
 6
       4
     2     2     2     2
     0     1     1     1
 1.710E+00 1.625E+00 1.625E+00 1.625E+00
 0.000E+00 0.000E+00 0.000E+00 0.000E+00
 0.000E+00 0.000E+00 0.000E+00 0.000E+00
 0.000E+00 0.000E+00 0.000E+00 0.000E+00
      87.898231     -0.062300    0.121205
 6
       4
     2     2     2     2
     0     1     1     1
 1.710E+00 1.625E+00 1.625E+00 1.625E+00
 0.000E+00 0.000E+00 0.000E+00 0.000E+00
 0.000E+00 0.000E+00 0.000E+00 0.000E+00
 0.000E+00 0.000E+00 0.000E+00 0.000E+00
      89.117149     2.194119    -0.534326
 6
       4
     2     2     2     2
     0     1     1     1
 1.710E+00 1.625E+00 1.625E+00 1.625E+00
 0.000E+00 0.000E+00 0.000E+00 0.000E+00
 0.000E+00 0.000E+00 0.000E+00 0.000E+00
 0.000E+00 0.000E+00 0.000E+00 0.000E+00
      89.238625     -2.305687    0.736504
 6
       4
     2     2     2     2
     0     1     1     1
 1.710E+00 1.625E+00 1.625E+00 1.625E+00
 0.000E+00 0.000E+00 0.000E+00 0.000E+00
 0.000E+00 0.000E+00 0.000E+00 0.000E+00
 0.000E+00 0.000E+00 0.000E+00 0.000E+00
      91.873347     2.357101    -0.613728
 6
       4
     2     2     2     2
     0     1     1     1
 1.710E+00 1.625E+00 1.625E+00 1.625E+00
 0.000E+00 0.000E+00 0.000E+00 0.000E+00
 0.000E+00 0.000E+00 0.000E+00 0.000E+00
 0.000E+00 0.000E+00 0.000E+00 0.000E+00
      91.995028     -2.118840    0.602532
 6
       4
     2     2     2     2
     0     1     1     1
 1.710E+00 1.625E+00 1.625E+00 1.625E+00
 0.000E+00 0.000E+00 0.000E+00 0.000E+00
 0.000E+00 0.000E+00 0.000E+00 0.000E+00
 0.000E+00 0.000E+00 0.000E+00 0.000E+00
      93.186965     0.120661    -0.025409
 6
       4
     2     2     2     2
     0     1     1     1
 1.710E+00 1.625E+00 1.625E+00 1.625E+00
 0.000E+00 0.000E+00 0.000E+00 0.000E+00
 0.000E+00 0.000E+00 0.000E+00 0.000E+00
 0.000E+00 0.000E+00 0.000E+00 0.000E+00
      95.933274     0.300194    -0.207690
 6
       4
     2     2     2     2
     0     1     1     1
 1.710E+00 1.625E+00 1.625E+00 1.625E+00
 0.000E+00 0.000E+00 0.000E+00 0.000E+00
 0.000E+00 0.000E+00 0.000E+00 0.000E+00
 0.000E+00 0.000E+00 0.000E+00 0.000E+00
      98.206597     0.421222    -0.438930
 6
       4
     2     2     2     2
     0     1     1     1
 1.710E+00 1.625E+00 1.625E+00 1.625E+00
 0.000E+00 0.000E+00 0.000E+00 0.000E+00
 0.000E+00 0.000E+00 0.000E+00 0.000E+00
 0.000E+00 0.000E+00 0.000E+00 0.000E+00
      100.977858     0.796370    -0.204151
 6
       4
     2     2     2     2
     0     1     1     1
 1.710E+00 1.625E+00 1.625E+00 1.625E+00
 0.000E+00 0.000E+00 0.000E+00 0.000E+00
 0.000E+00 0.000E+00 0.000E+00 0.000E+00
 0.000E+00 0.000E+00 0.000E+00 0.000E+00
      102.556378     -1.256010    0.822567
 6
       4
     2     2     2     2
     0     1     1     1
 1.710E+00 1.625E+00 1.625E+00 1.625E+00
 0.000E+00 0.000E+00 0.000E+00 0.000E+00
 0.000E+00 0.000E+00 0.000E+00 0.000E+00
 0.000E+00 0.000E+00 0.000E+00 0.000E+00
      102.046496     3.085280    -0.678175
 6
       4
     2     2     2     2
     0     1     1     1
 1.710E+00 1.625E+00 1.625E+00 1.625E+00
 0.000E+00 0.000E+00 0.000E+00 0.000E+00
 0.000E+00 0.000E+00 0.000E+00 0.000E+00
 0.000E+00 0.000E+00 0.000E+00 0.000E+00
      104.914252     3.374595    -0.389361
 6
       4
     2     2     2     2
     0     1     1     1
 1.710E+00 1.625E+00 1.625E+00 1.625E+00
 0.000E+00 0.000E+00 0.000E+00 0.000E+00
 0.000E+00 0.000E+00 0.000E+00 0.000E+00
 0.000E+00 0.000E+00 0.000E+00 0.000E+00
      105.098008     -1.033712    0.997044
 6
       4
     2     2     2     2
     0     1     1     1
 1.710E+00 1.625E+00 1.625E+00 1.625E+00
 0.000E+00 0.000E+00 0.000E+00 0.000E+00
 0.000E+00 0.000E+00 0.000E+00 0.000E+00
 0.000E+00 0.000E+00 0.000E+00 0.000E+00
      106.376705     1.274263    0.323442
 6
       4
     2     2     2     2
     0     1     1     1
 1.710E+00 1.625E+00 1.625E+00 1.625E+00
 0.000E+00 0.000E+00 0.000E+00 0.000E+00
 0.000E+00 0.000E+00 0.000E+00 0.000E+00
 0.000E+00 0.000E+00 0.000E+00 0.000E+00
      109.180302     1.225555    0.282172
 6
       4
     2     2     2     2
     0     1     1     1
 1.710E+00 1.625E+00 1.625E+00 1.625E+00
 0.000E+00 0.000E+00 0.000E+00 0.000E+00
 0.000E+00 0.000E+00 0.000E+00 0.000E+00
 0.000E+00 0.000E+00 0.000E+00 0.000E+00
      111.458841     0.841410    0.020228
 6
       4
     2     2     2     2
     0     1     1     1
 1.710E+00 1.625E+00 1.625E+00 1.625E+00
 0.000E+00 0.000E+00 0.000E+00 0.000E+00
 0.000E+00 0.000E+00 0.000E+00 0.000E+00
 0.000E+00 0.000E+00 0.000E+00 0.000E+00
      114.248871     0.588778    -0.076216
 6
       4
     2     2     2     2
     0     1     1     1
 1.710E+00 1.625E+00 1.625E+00 1.625E+00
 0.000E+00 0.000E+00 0.000E+00 0.000E+00
 0.000E+00 0.000E+00 0.000E+00 0.000E+00
 0.000E+00 0.000E+00 0.000E+00 0.000E+00
      115.367838     -1.618788    -0.705064
 6
       4
     2     2     2     2
     0     1     1     1
 1.710E+00 1.625E+00 1.625E+00 1.625E+00
 0.000E+00 0.000E+00 0.000E+00 0.000E+00
 0.000E+00 0.000E+00 0.000E+00 0.000E+00
 0.000E+00 0.000E+00 0.000E+00 0.000E+00
      115.679204     2.918385    0.483889
 6
       4
     2     2     2     2
     0     1     1     1
 1.710E+00 1.625E+00 1.625E+00 1.625E+00
 0.000E+00 0.000E+00 0.000E+00 0.000E+00
 0.000E+00 0.000E+00 0.000E+00 0.000E+00
 0.000E+00 0.000E+00 0.000E+00 0.000E+00
      118.251480     2.745617    0.342670
 6
       4
     2     2     2     2
     0     1     1     1
 1.710E+00 1.625E+00 1.625E+00 1.625E+00
 0.000E+00 0.000E+00 0.000E+00 0.000E+00
 0.000E+00 0.000E+00 0.000E+00 0.000E+00
 0.000E+00 0.000E+00 0.000E+00 0.000E+00
      118.001908     -1.820129    -0.858442
 6
       4
     2     2     2     2
     0     1     1     1
 1.710E+00 1.625E+00 1.625E+00 1.625E+00
 0.000E+00 0.000E+00 0.000E+00 0.000E+00
 0.000E+00 0.000E+00 0.000E+00 0.000E+00
 0.000E+00 0.000E+00 0.000E+00 0.000E+00
      119.546817     0.332520    -0.221740
 6
       4
     2     2     2     2
     0     1     1     1
 1.710E+00 1.625E+00 1.625E+00 1.625E+00
 0.000E+00 0.000E+00 0.000E+00 0.000E+00
 0.000E+00 0.000E+00 0.000E+00 0.000E+00
 0.000E+00 0.000E+00 0.000E+00 0.000E+00
      122.288502     0.270856    -0.092906
 6
       4
     2     2     2     2
     0     1     1     1
 1.710E+00 1.625E+00 1.625E+00 1.625E+00
 0.000E+00 0.000E+00 0.000E+00 0.000E+00
 0.000E+00 0.000E+00 0.000E+00 0.000E+00
 0.000E+00 0.000E+00 0.000E+00 0.000E+00
      124.608524     0.434841    -0.212675
 6
       4
     2     2     2     2
     0     1     1     1
 1.710E+00 1.625E+00 1.625E+00 1.625E+00
 0.000E+00 0.000E+00 0.000E+00 0.000E+00
 0.000E+00 0.000E+00 0.000E+00 0.000E+00
 0.000E+00 0.000E+00 0.000E+00 0.000E+00
      127.300163     0.215417    -0.019460
 6
       4
     2     2     2     2
     0     1     1     1
 1.710E+00 1.625E+00 1.625E+00 1.625E+00
 0.000E+00 0.000E+00 0.000E+00 0.000E+00
 0.000E+00 0.000E+00 0.000E+00 0.000E+00
 0.000E+00 0.000E+00 0.000E+00 0.000E+00
      128.415857     -2.186301    -0.628600
 6
       4
     2     2     2     2
     0     1     1     1
 1.710E+00 1.625E+00 1.625E+00 1.625E+00
 0.000E+00 0.000E+00 0.000E+00 0.000E+00
 0.000E+00 0.000E+00 0.000E+00 0.000E+00
 0.000E+00 0.000E+00 0.000E+00 0.000E+00
      128.821483     2.214901    0.857068
 6
       4
     2     2     2     2
     0     1     1     1
 1.710E+00 1.625E+00 1.625E+00 1.625E+00
 0.000E+00 0.000E+00 0.000E+00 0.000E+00
 0.000E+00 0.000E+00 0.000E+00 0.000E+00
 0.000E+00 0.000E+00 0.000E+00 0.000E+00
      131.470261     1.931546    1.063235
 6
       4
     2     2     2     2
     0     1     1     1
 1.710E+00 1.625E+00 1.625E+00 1.625E+00
 0.000E+00 0.000E+00 0.000E+00 0.000E+00
 0.000E+00 0.000E+00 0.000E+00 0.000E+00
 0.000E+00 0.000E+00 0.000E+00 0.000E+00
      131.082073     -2.465781    -0.532570
 6
       4
     2     2     2     2
     0     1     1     1
 1.710E+00 1.625E+00 1.625E+00 1.625E+00
 0.000E+00 0.000E+00 0.000E+00 0.000E+00
 0.000E+00 0.000E+00 0.000E+00 0.000E+00
 0.000E+00 0.000E+00 0.000E+00 0.000E+00
      132.565724     -0.365658    0.266459
 6
       4
     2     2     2     2
     0     1     1     1
 1.710E+00 1.625E+00 1.625E+00 1.625E+00
 0.000E+00 0.000E+00 0.000E+00 0.000E+00
 0.000E+00 0.000E+00 0.000E+00 0.000E+00
 0.000E+00 0.000E+00 0.000E+00 0.000E+00
      135.322645     -0.677164    0.196821
 1
       1
     1
     0
 1.300E+00
 0.000E+00
 0.000E+00
 0.000E+00
      75.174916     3.866438    -0.164701
 1
       1
     1
     0
 1.300E+00
 0.000E+00
 0.000E+00
 0.000E+00
      79.983675     3.741773    0.160596
 6
       4
     2     2     2     2
     0     1     1     1
 1.710E+00 1.625E+00 1.625E+00 1.625E+00
 0.000E+00 0.000E+00 0.000E+00 0.000E+00
 0.000E+00 0.000E+00 0.000E+00 0.000E+00
 0.000E+00 0.000E+00 0.000E+00 0.000E+00
      72.019859     0.059360    -0.000042
 1
       1
     1
     0
 1.300E+00
 0.000E+00
 0.000E+00
 0.000E+00
      75.092163     -3.961926    0.713358
 1
       1
     1
     0
 1.300E+00
 0.000E+00
 0.000E+00
 0.000E+00
      79.480668     -4.229583    1.420955
 1
       1
     1
     0
 1.300E+00
 0.000E+00
 0.000E+00
 0.000E+00
      88.110821     3.717289    -0.892652
 1
       1
     1
     0
 1.300E+00
 0.000E+00
 0.000E+00
 0.000E+00
      88.347489     -3.897050    1.253109
 1
       1
     1
     0
 1.300E+00
 0.000E+00
 0.000E+00
 0.000E+00
      92.845991     3.945406    -0.886183
 1
       1
     1
     0
 1.300E+00
 0.000E+00
 0.000E+00
 0.000E+00
      93.015511     -3.594956    1.203937
 1
       1
     1
     0
 1.300E+00
 0.000E+00
 0.000E+00
 0.000E+00
      101.121250     4.647938    -1.150091
 1
       1
     1
     0
 1.300E+00
 0.000E+00
 0.000E+00
 0.000E+00
      105.363146     5.179414    -0.881635
 1
       1
     1
     0
 1.300E+00
 0.000E+00
 0.000E+00
 0.000E+00
      101.580363     -2.840651    1.338115
 1
       1
     1
     0
 1.300E+00
 0.000E+00
 0.000E+00
 0.000E+00
      106.245008     -2.422457    1.704933
 1
       1
     1
     0
 1.300E+00
 0.000E+00
 0.000E+00
 0.000E+00
      114.805109     4.576935    0.760208
 1
       1
     1
     0
 1.300E+00
 0.000E+00
 0.000E+00
 0.000E+00
      114.075993     -3.079297    -1.077384
 1
       1
     1
     0
 1.300E+00
 0.000E+00
 0.000E+00
 0.000E+00
      119.238739     4.314428    0.717298
 1
       1
     1
     0
 1.300E+00
 0.000E+00
 0.000E+00
 0.000E+00
      118.991525     -3.411141    -1.475587
 1
       1
     1
     0
 1.300E+00
 0.000E+00
 0.000E+00
 0.000E+00
      127.903233     3.776376    1.371300
 1
       1
     1
     0
 1.300E+00
 0.000E+00
 0.000E+00
 0.000E+00
      127.420023     -3.633202    -1.333999
 1
       1
     1
     0
 1.300E+00
 0.000E+00
 0.000E+00
 0.000E+00
      132.728355     3.229009    1.654967
 1
       1
     1
     0
 1.300E+00
 0.000E+00
 0.000E+00
 0.000E+00
      131.919025     -4.107367    -1.083782
 1
       1
     1
     0
 1.300E+00
 0.000E+00
 0.000E+00
 0.000E+00
      140.705337     1.884019    2.707968
 1
       1
     1
     0
 1.300E+00
 0.000E+00
 0.000E+00
 0.000E+00
      140.502573     -4.409566    -2.086649
 1
       1
     1
     0
 1.300E+00
 0.000E+00
 0.000E+00
 0.000E+00
      147.281695     -1.100654    -0.050386
 1
       1
     1
     0
 1.300E+00
 0.000E+00
 0.000E+00
 0.000E+00
      145.452534     1.825211    2.785783
 1
       1
     1
     0
 1.300E+00
 0.000E+00
 0.000E+00
 0.000E+00
      145.539475     -4.303065    -1.988562
 6
       4
     2     2     2     2
     0     1     1     1
 1.710E+00 1.625E+00 1.625E+00 1.625E+00
 0.000E+00 0.000E+00 0.000E+00 0.000E+00
 0.000E+00 0.000E+00 0.000E+00 0.000E+00
 0.000E+00 0.000E+00 0.000E+00 0.000E+00
      137.557359     -1.192485    0.160313
 6
       4
     2     2     2     2
     0     1     1     1
 1.710E+00 1.625E+00 1.625E+00 1.625E+00
 0.000E+00 0.000E+00 0.000E+00 0.000E+00
 0.000E+00 0.000E+00 0.000E+00 0.000E+00
 0.000E+00 0.000E+00 0.000E+00 0.000E+00
      140.341147     -1.457633    0.373376
 6
       4
     2     2     2     2
     0     1     1     1
 1.710E+00 1.625E+00 1.625E+00 1.625E+00
 0.000E+00 0.000E+00 0.000E+00 0.000E+00
 0.000E+00 0.000E+00 0.000E+00 0.000E+00
 0.000E+00 0.000E+00 0.000E+00 0.000E+00
      141.639366     -3.283597    -1.042386
 6
       4
     2     2     2     2
     0     1     1     1
 1.710E+00 1.625E+00 1.625E+00 1.625E+00
 0.000E+00 0.000E+00 0.000E+00 0.000E+00
 0.000E+00 0.000E+00 0.000E+00 0.000E+00
 0.000E+00 0.000E+00 0.000E+00 0.000E+00
      141.703171     0.506511    1.792706
 6
       4
     2     2     2     2
     0     1     1     1
 1.710E+00 1.625E+00 1.625E+00 1.625E+00
 0.000E+00 0.000E+00 0.000E+00 0.000E+00
 0.000E+00 0.000E+00 0.000E+00 0.000E+00
 0.000E+00 0.000E+00 0.000E+00 0.000E+00
      144.197235     0.572436    1.842462
 6
       4
     2     2     2     2
     0     1     1     1
 1.710E+00 1.625E+00 1.625E+00 1.625E+00
 0.000E+00 0.000E+00 0.000E+00 0.000E+00
 0.000E+00 0.000E+00 0.000E+00 0.000E+00
 0.000E+00 0.000E+00 0.000E+00 0.000E+00
      144.247303     -3.158656    -1.014462
 6
       4
     2     2     2     2
     0     1     1     1
 1.710E+00 1.625E+00 1.625E+00 1.625E+00
 0.000E+00 0.000E+00 0.000E+00 0.000E+00
 0.000E+00 0.000E+00 0.000E+00 0.000E+00
 0.000E+00 0.000E+00 0.000E+00 0.000E+00
      145.504766     -1.336454    0.146484
# LCAO coefficients .. are not included.
         1
        1        -0.000974572023110   k=         1
        2        0.003659303933207   k=         1
        3        -0.003680899249119   k=         1
        4        0.037621527945047   k=         1
        5        0.003293432677103   k=         1
        6        0.005133919985829   k=         1
        7        -0.016798077642594   k=         1
        8        0.040801599796864   k=         1
        9        -0.002846429109842   k=         1
        10        -0.004395086762439   k=         1
        11        -0.019247080803044   k=         1
        12        0.041903488562283   k=         1
        13        -0.000119681446323   k=         1
        14        -0.000755613060311   k=         1
        15        0.004092691660532   k=         1
        16        -0.011896276119160   k=         1
        17        -0.001412087545896   k=         1
        18        0.006620792454422   k=         1
        19        0.014226090064510   k=         1
        20        -0.051447261967517   k=         1
        21        0.001366060877547   k=         1
        22        0.002200710554896   k=         1
        23        0.006533295837553   k=         1
        24        -0.013109789990194   k=         1
        25        -0.002743572517810   k=         1
        26        -0.004936791498129   k=         1
        27        -0.016619943545163   k=         1
        28        -0.101419988002211   k=         1
        29        -0.000625150927903   k=         1
        30        -0.004168388874522   k=         1
        31        -0.003546420684393   k=         1
        32        -0.051546687638566   k=         1
        33        -0.001571151472778   k=         1
        34        -0.011517412694333   k=         1
        35        0.025538158485589   k=         1
        36        0.135821154940306   k=         1
        37        -0.001377158530606   k=         1
        38        -0.013544917905533   k=         1
        39        0.004174238701219   k=         1
        40        0.060746763226401   k=         1
        41        -0.002349729847083   k=         1
        42        -0.020065889897313   k=         1
        43        0.010596710156607   k=         1
        44        0.060157469620515   k=         1
        45        -0.000924947411953   k=         1
        46        0.011605004932769   k=         1
        47        -0.001908213198398   k=         1
        48        -0.085967854865303   k=         1
        49        0.001695480149928   k=         1
        50        0.022615237722485   k=         1
        51        -0.003481127845491   k=         1
        52        -0.090804325101228   k=         1
        53        -0.001388947688717   k=         1
        54        -0.013878958744711   k=         1
        55        -0.034651497129395   k=         1
        56        -0.121860593502367   k=         1
        57        -0.004877952161690   k=         1
        58        0.011069968081396   k=         1
        59        0.049877449961838   k=         1
        60        0.096021042579677   k=         1
        61        -0.003700334851885   k=         1
        62        -0.017868356228584   k=         1
        63        0.037185721566543   k=         1
        64        0.110714405895997   k=         1
        65        -0.000967857445441   k=         1
        66        0.016189612730637   k=         1
        67        -0.055764469100904   k=         1
        68        -0.093303271134441   k=         1
        69        -0.002985661071422   k=         1
        70        -0.012243472525274   k=         1
        71        -0.044042555519989   k=         1
        72        -0.060297935924854   k=         1
        73        0.002372454898756   k=         1
        74        -0.022614233163090   k=         1
        75        -0.051674479632698   k=         1
        76        -0.072035450946391   k=         1
        77        -0.004407282480824   k=         1
        78        0.019388956661432   k=         1
        79        0.040645470008040   k=         1
        80        0.056446748207009   k=         1
        81        -0.000518867495933   k=         1
        82        0.018816271376932   k=         1
        83        0.051272164062326   k=         1
        84        0.054237974079563   k=         1
        85        -0.001236972869262   k=         1
        86        0.009743798961754   k=         1
        87        0.058064540936738   k=         1
        88        0.095051073688989   k=         1
        89        -0.004026401996562   k=         1
        90        -0.002286122773999   k=         1
        91        -0.040072651781552   k=         1
        92        -0.098551335909662   k=         1
        93        0.002942769805429   k=         1
        94        -0.005784477794027   k=         1
        95        -0.050986084091249   k=         1
        96        -0.094189816099554   k=         1
        97        -0.000513205993372   k=         1
        98        0.006730008368649   k=         1
        99        0.041501418694414   k=         1
        100        0.117832353588884   k=         1
        101        0.000179687872013   k=         1
        102        0.005764502935655   k=         1
        103        0.020650115272404   k=         1
        104        0.078197762403004   k=         1
        105        0.003434597892697   k=         1
        106        0.005642676660599   k=         1
        107        0.014166739205408   k=         1
        108        0.065496751376459   k=         1
        109        -0.000845882559126   k=         1
        110        -0.006315098017936   k=         1
        111        -0.018620140636049   k=         1
        112        -0.070693255424406   k=         1
        113        0.003071299991087   k=         1
        114        0.001772444586154   k=         1
        115        -0.039127599363781   k=         1
        116        -0.106518689200485   k=         1
        117        0.000056954793122   k=         1
        118        0.017148725917093   k=         1
        119        -0.044877421977700   k=         1
        120        -0.111469256438435   k=         1
        121        0.000362667687102   k=         1
        122        -0.011803287949255   k=         1
        123        0.067301915355588   k=         1
        124        0.130667891656394   k=         1
        125        0.006416697143041   k=         1
        126        0.020745084958469   k=         1
        127        0.049571923751422   k=         1
        128        0.109385855152423   k=         1
        129        -0.000940523090266   k=         1
        130        -0.028006075452975   k=         1
        131        -0.091427357792148   k=         1
        132        -0.155982634012481   k=         1
        133        -0.003458506401878   k=         1
        134        0.011199517463647   k=         1
        135        -0.049272061469403   k=         1
        136        -0.100800892316501   k=         1
        137        0.000026716674717   k=         1
        138        0.013989934250822   k=         1
        139        -0.052260259210621   k=         1
        140        -0.091930504257122   k=         1
        141        -0.000386506960459   k=         1
        142        -0.021109595639157   k=         1
        143        0.070831468481150   k=         1
        144        0.142377577812012   k=         1
        145        0.003832289449879   k=         1
        146        -0.007989185115206   k=         1
        147        0.041554826595462   k=         1
        148        0.083381432222313   k=         1
        149        -0.000660178384460   k=         1
        150        -0.000182434639686   k=         1
        151        0.084808687274315   k=         1
        152        0.155635171951147   k=         1
        153        0.004978585896964   k=         1
        154        0.005092460514601   k=         1
        155        -0.059098643192409   k=         1
        156        -0.152027636238761   k=         1
        157        0.002681693962792   k=         1
        158        -0.001929847029937   k=         1
        159        0.000513179685082   k=         1
        160        -0.002647997261023   k=         1
        161        0.000193833505147   k=         1
        162        -0.001857771173032   k=         1
        163        0.006205522592711   k=         1
        164        0.007396465274873   k=         1
        165        0.003301682264793   k=         1
        166        0.003279620456447   k=         1
        167        0.004615005971167   k=         1
        168        0.007436359018311   k=         1
        169        0.000019893486235   k=         1
        170        -0.003233976263898   k=         1
        171        0.000468286503143   k=         1
        172        -0.000319388687857   k=         1
        173        -0.004303694791607   k=         1
        174        -0.004161299077795   k=         1
        175        -0.005418565041826   k=         1
        176        -0.003670955917861   k=         1
        177        -0.001303151432273   k=         1
        178        -0.003861561734976   k=         1
        179        -0.006431979468639   k=         1
        180        0.002569500225390   k=         1
        181        -0.014410769973593   k=         1
        182        0.024765545723440   k=         1
        183        0.137029321703144   k=         1
        184        -0.002659129214325   k=         1
        185        -0.003678850471829   k=         1
        186        0.000012060854940   k=         1
        187        0.026104689876144   k=         1
        188        -0.071370475449341   k=         1
        189        -0.152938803001244   k=         1
        190        -0.000188895657879   k=         1
        191        -0.018211402635092   k=         1
        192        0.053838398170076   k=         1
        193        0.165218868483082   k=         1
        194        0.001669643183240   k=         1
        195        0.017133574312699   k=         1
        196        0.039238856275298   k=         1
        197        0.147517143277795   k=         1
        198        0.002070629795728   k=         1
        199        0.007029703425187   k=         1
        200        0.026918974220226   k=         1
        201        0.088511021783629   k=         1
        202        0.000537311227511   k=         1
        203        -0.010197812052236   k=         1
        204        -0.033037398636937   k=         1
        205        -0.095792490419326   k=         1
        206        0.001416372806794   k=         1
        207        -0.016152302222650   k=         1
        208        -0.045570360218495   k=         1
        209        -0.101110691941524   k=         1
        210        0.003623855488563   k=         1
        211        0.006043009646674   k=         1
        212        -0.046939335061686   k=         1
        213        -0.171388602716711   k=         1
        214        0.001681484485081   k=         1
        215        0.009040257380150   k=         1
        216        0.022916241191016   k=         1
        217        0.158824268907269   k=         1
        218        0.001884557649668   k=         1
        219        -0.014766897843875   k=         1
        220        0.019461813904314   k=         1
        221        0.093210879812244   k=         1
        222        -0.002885781161583   k=         1
        223        -0.021645969291148   k=         1
        224        0.010036395803553   k=         1
        225        0.094459495617042   k=         1
        226        0.001143203079386   k=         1
        227        0.021760891339972   k=         1
        228        -0.008812631533067   k=         1
        229        -0.109934317233314   k=         1
        230        0.000534132053536   k=         1
        231        0.010978415426817   k=         1
        232        -0.023555320991072   k=         1
        233        -0.156735107416326   k=         1
        234        0.001940239859062   k=         1
        235        0.020828150898213   k=         1
        236        -0.007044528476974   k=         1
        237        -0.096188036701351   k=         1
        238        -0.002566102688387   k=         1
        239        -0.025077336382978   k=         1
        240        -0.025919110991564   k=         1
        241        -0.110256150463137   k=         1
        242        0.007134665330991   k=         1
        243        -0.021057432492221   k=         1
        244        -0.024592227148811   k=         1
        245        -0.135863445199608   k=         1
        246        0.000902769001168   k=         1
        247        0.005037196664416   k=         1
        248        0.027171165232824   k=         1
        249        0.105669827770558   k=         1
        250        -0.002082668604724   k=         1
        251        -0.002148783657231   k=         1
        252        0.022241043364151   k=         1
        253        0.083556412602137   k=         1
        254        0.000059866738144   k=         1
        255        -0.005155765514903   k=         1
        256        0.031948486107675   k=         1
        257        0.089372741349240   k=         1
        258        0.002219850430399   k=         1
        259        0.004795053294635   k=         1
        260        -0.017745034121200   k=         1
        261        -0.066887068876903   k=         1
        262        0.002173684740637   k=         1
        263        0.005723753139203   k=         1
        264        -0.018804162759722   k=         1
        265        -0.061484474958347   k=         1
        266        -0.002534963231776   k=         1
        267        -0.010751725752647   k=         1
        268        -0.029238813207987   k=         1
        269        -0.111186566985271   k=         1
        270        0.001486477043613   k=         1
        271        0.012812130867145   k=         1
        272        0.023513198252836   k=         1
        273        0.074037752650353   k=         1
        274        -0.005477418704805   k=         1
        275        -0.002856025551294   k=         1
        276        0.025401204339197   k=         1
        277        0.096170945845585   k=         1
        278        0.000691235816512   k=         1
        279        0.013939416615973   k=         1
        280        -0.021853078693294   k=         1
        281        -0.072377728668673   k=         1
        282        -0.000527288682237   k=         1
        283        0.008024311615261   k=         1
        284        -0.021993671325615   k=         1
        285        -0.047597832540902   k=         1
        286        0.001911954857947   k=         1
        287        0.012376267348451   k=         1
        288        -0.016994794285899   k=         1
        289        -0.067710818436738   k=         1
        290        -0.002188402545888   k=         1
        291        -0.011515809692671   k=         1
        292        0.021635983620989   k=         1
        293        0.059298778333417   k=         1
        294        0.000247286284830   k=         1
        295        -0.002818184419252   k=         1
        296        0.014871513924137   k=         1
        297        0.030647669267034   k=         1
        298        0.001190857658194   k=         1
        299        0.001380630102787   k=         1
        300        0.020826027251771   k=         1
        301        0.081884751497715   k=         1
        302        -0.001058212590147   k=         1
        303        -0.007032426519401   k=         1
        304        0.002519590461888   k=         1
        305        -0.062929300946046   k=         1
        306        0.003025419676685   k=         1
        307        -0.007410098926352   k=         1
        308        -0.011759745138461   k=         1
        309        -0.069029066247370   k=         1
        310        -0.000304342783095   k=         1
        311        0.001525404516946   k=         1
        312        -0.010846297105845   k=         1
        313        0.065665795629034   k=         1
        314        -0.000836873695304   k=         1
        315        0.006274215522823   k=         1
        316        -0.016974223956729   k=         1
        317        0.041373886940610   k=         1
        318        0.003579107026222   k=         1
        319        -0.003521906871191   k=         1
        320        -0.014947988830284   k=         1
        321        0.040538132279002   k=         1
        322        -0.000924971444232   k=         1
        323        -0.000480888417838   k=         1
        324        0.009869274968515   k=         1
        325        -0.031542851887278   k=         1
        326        0.000515336260235   k=         1
        327        -0.004457180630061   k=         1
        328        0.017884602906016   k=         1
        329        -0.046945149155486   k=         1
        330        -0.000291789109618   k=         1
        331        0.004493559154287   k=         1
        332        0.016775465718645   k=         1
        333        -0.071520574113989   k=         1
        334        0.003489201806630   k=         1
        335        -0.000585186715236   k=         1
        336        -0.010719936470717   k=         1
        337        0.042633194324179   k=         1
        338        -0.003286740420728   k=         1
        339        0.001962132037023   k=         1
        340        -0.014270666541532   k=         1
        341        0.058687867478170   k=         1
        342        0.000927501302488   k=         1
        343        0.001748248937492   k=         1
        344        0.009791366012470   k=         1
        345        -0.036338282865674   k=         1
        346        -0.000359992529632   k=         1
        347        0.005470689123272   k=         1
        348        0.012985412544996   k=         1
        349        -0.035282924163501   k=         1
        350        -0.000165405781117   k=         1
        351        0.007639467902643   k=         1
        352        0.015719043234327   k=         1
        353        -0.033866936380933   k=         1
        354        0.000377690149250   k=         1
        355        -0.004035458553057   k=         1
        356        -0.006988155612209   k=         1
        357        0.019097471502056   k=         1
        358        0.000119093723803   k=         1
        359        -0.002765187999566   k=         1
        360        -0.006682836160534   k=         1
        361        0.016922337451185   k=         1
        362        0.000123394550696   k=         1
        363        0.001383812982108   k=         1
        364        -0.015389484124817   k=         1
        365        0.044717881563887   k=         1
        366        0.000886339839681   k=         1
        367        -0.001154413488129   k=         1
        368        0.007193221995345   k=         1
        369        -0.016176251939179   k=         1
        370        -0.002811730942128   k=         1
        371        -0.006081219048868   k=         1
        372        0.001173691702426   k=         1
        373        -0.005210648859825   k=         1
        374        0.032388465281491   k=         1
        375        0.137931131526533   k=         1
        376        -0.004402551929035   k=         1
        377        -0.002910352745472   k=         1
        378        0.001982352274221   k=         1
        379        0.000709077836674   k=         1
        380        0.000698261911388   k=         1
        381        0.003437738896740   k=         1
        382        -0.000972889965064   k=         1
        383        -0.000919875120059   k=         1
        384        0.002119429488646   k=         1
        385        -0.003572450896857   k=         1
        386        -0.001619751980466   k=         1
        387        0.001422545559881   k=         1
        388        0.001778339711850   k=         1
        389        -0.003490457674413   k=         1
        390        0.000107952266946   k=         1
        391        -0.000880269949209   k=         1
        392        -0.002248068810387   k=         1
        393        -0.000546307772359   k=         1
        394        -0.000504496325705   k=         1
        395        0.000450054273013   k=         1
        396        -0.000420617036010   k=         1
        397        0.001248651630864   k=         1
        398        -0.000726818723527   k=         1
        399        0.000330781052685   k=         1
        400        0.004120180982573   k=         1
        401        0.010477233387353   k=         1
        402        -0.031712558443137   k=         1
        403        0.000467986817322   k=         1
        404        -0.002514053243769   k=         1
        405        -0.006520552141376   k=         1
        406        0.012446496712232   k=         1
        407        -0.000816051707638   k=         1
        408        0.000753827147703   k=         1
        409        -0.016412973730005   k=         1
        410        0.015186080374001   k=         1
        411        0.000522653545621   k=         1
        412        -0.001898406157432   k=         1
        413        -0.008341950026097   k=         1
        414        0.008740615272787   k=         1
        415        -0.000087372628578   k=         1
        416        0.000234204710249   k=         1
        417        0.003488619546160   k=         1
        418        -0.004082046712184   k=         1
        419        0.000412046094477   k=         1
        420        -0.000557424936877   k=         1
        421        0.003110971935601   k=         1
        422        -0.002912184966881   k=         1
        423        0.000380782557246   k=         1
        424        -0.004414751939050   k=         1
        425        0.012183746091632   k=         1
        426        -0.017344808864248   k=         1
