# file_format= v0.04.05
       144       426
    188.97268778      0.00000000      0.00000000    0
      0.00000000    188.97268778      0.00000000    0
      0.00000000      0.00000000    188.97268778    0
 6
       4
     2     2     2     2
     0     1     1     1
 1.710E+00 1.625E+00 1.625E+00 1.625E+00
 0.000E+00 0.000E+00 0.000E+00 0.000E+00
 0.000E+00 0.000E+00 0.000E+00 0.000E+00
 0.000E+00 0.000E+00 0.000E+00 0.000E+00
      1.403035     -0.783879    -0.015560
 6
       4
     2     2     2     2
     0     1     1     1
 1.710E+00 1.625E+00 1.625E+00 1.625E+00
 0.000E+00 0.000E+00 0.000E+00 0.000E+00
 0.000E+00 0.000E+00 0.000E+00 0.000E+00
 0.000E+00 0.000E+00 0.000E+00 0.000E+00
      -0.497057     1.034674    0.547658
 6
       4
     2     2     2     2
     0     1     1     1
 1.710E+00 1.625E+00 1.625E+00 1.625E+00
 0.000E+00 0.000E+00 0.000E+00 0.000E+00
 0.000E+00 0.000E+00 0.000E+00 0.000E+00
 0.000E+00 0.000E+00 0.000E+00 0.000E+00
      0.512116     -3.367824    -0.683089
 6
       4
     2     2     2     2
     0     1     1     1
 1.710E+00 1.625E+00 1.625E+00 1.625E+00
 0.000E+00 0.000E+00 0.000E+00 0.000E+00
 0.000E+00 0.000E+00 0.000E+00 0.000E+00
 0.000E+00 0.000E+00 0.000E+00 0.000E+00
      -3.130193     0.437046    0.300323
 6
       4
     2     2     2     2
     0     1     1     1
 1.710E+00 1.625E+00 1.625E+00 1.625E+00
 0.000E+00 0.000E+00 0.000E+00 0.000E+00
 0.000E+00 0.000E+00 0.000E+00 0.000E+00
 0.000E+00 0.000E+00 0.000E+00 0.000E+00
      -4.070823     -2.004132    -0.467078
 6
       4
     2     2     2     2
     0     1     1     1
 1.710E+00 1.625E+00 1.625E+00 1.625E+00
 0.000E+00 0.000E+00 0.000E+00 0.000E+00
 0.000E+00 0.000E+00 0.000E+00 0.000E+00
 0.000E+00 0.000E+00 0.000E+00 0.000E+00
      -2.120754     -3.970261    -0.855301
 6
       4
     2     2     2     2
     0     1     1     1
 1.710E+00 1.625E+00 1.625E+00 1.625E+00
 0.000E+00 0.000E+00 0.000E+00 0.000E+00
 0.000E+00 0.000E+00 0.000E+00 0.000E+00
 0.000E+00 0.000E+00 0.000E+00 0.000E+00
      4.002370     -0.512719    -0.045699
 6
       4
     2     2     2     2
     0     1     1     1
 1.710E+00 1.625E+00 1.625E+00 1.625E+00
 0.000E+00 0.000E+00 0.000E+00 0.000E+00
 0.000E+00 0.000E+00 0.000E+00 0.000E+00
 0.000E+00 0.000E+00 0.000E+00 0.000E+00
      6.279958     -0.414313    -0.165119
 6
       4
     2     2     2     2
     0     1     1     1
 1.710E+00 1.625E+00 1.625E+00 1.625E+00
 0.000E+00 0.000E+00 0.000E+00 0.000E+00
 0.000E+00 0.000E+00 0.000E+00 0.000E+00
 0.000E+00 0.000E+00 0.000E+00 0.000E+00
      8.951131     -0.078356    -0.024935
 6
       4
     2     2     2     2
     0     1     1     1
 1.710E+00 1.625E+00 1.625E+00 1.625E+00
 0.000E+00 0.000E+00 0.000E+00 0.000E+00
 0.000E+00 0.000E+00 0.000E+00 0.000E+00
 0.000E+00 0.000E+00 0.000E+00 0.000E+00
      10.006683     2.422211    -0.175283
 6
       4
     2     2     2     2
     0     1     1     1
 1.710E+00 1.625E+00 1.625E+00 1.625E+00
 0.000E+00 0.000E+00 0.000E+00 0.000E+00
 0.000E+00 0.000E+00 0.000E+00 0.000E+00
 0.000E+00 0.000E+00 0.000E+00 0.000E+00
      10.626417     -2.047567    0.459950
 6
       4
     2     2     2     2
     0     1     1     1
 1.710E+00 1.625E+00 1.625E+00 1.625E+00
 0.000E+00 0.000E+00 0.000E+00 0.000E+00
 0.000E+00 0.000E+00 0.000E+00 0.000E+00
 0.000E+00 0.000E+00 0.000E+00 0.000E+00
      12.673353     2.820397    -0.068795
 6
       4
     2     2     2     2
     0     1     1     1
 1.710E+00 1.625E+00 1.625E+00 1.625E+00
 0.000E+00 0.000E+00 0.000E+00 0.000E+00
 0.000E+00 0.000E+00 0.000E+00 0.000E+00
 0.000E+00 0.000E+00 0.000E+00 0.000E+00
      13.270824     -1.600927    0.636800
 6
       4
     2     2     2     2
     0     1     1     1
 1.710E+00 1.625E+00 1.625E+00 1.625E+00
 0.000E+00 0.000E+00 0.000E+00 0.000E+00
 0.000E+00 0.000E+00 0.000E+00 0.000E+00
 0.000E+00 0.000E+00 0.000E+00 0.000E+00
      14.364300     0.756678    0.303414
 6
       4
     2     2     2     2
     0     1     1     1
 1.710E+00 1.625E+00 1.625E+00 1.625E+00
 0.000E+00 0.000E+00 0.000E+00 0.000E+00
 0.000E+00 0.000E+00 0.000E+00 0.000E+00
 0.000E+00 0.000E+00 0.000E+00 0.000E+00
      17.048363     0.920055    0.271665
 6
       4
     2     2     2     2
     0     1     1     1
 1.710E+00 1.625E+00 1.625E+00 1.625E+00
 0.000E+00 0.000E+00 0.000E+00 0.000E+00
 0.000E+00 0.000E+00 0.000E+00 0.000E+00
 0.000E+00 0.000E+00 0.000E+00 0.000E+00
      19.306958     1.299198    0.129845
 6
       4
     2     2     2     2
     0     1     1     1
 1.710E+00 1.625E+00 1.625E+00 1.625E+00
 0.000E+00 0.000E+00 0.000E+00 0.000E+00
 0.000E+00 0.000E+00 0.000E+00 0.000E+00
 0.000E+00 0.000E+00 0.000E+00 0.000E+00
      21.964962     1.233934    0.310378
 6
       4
     2     2     2     2
     0     1     1     1
 1.710E+00 1.625E+00 1.625E+00 1.625E+00
 0.000E+00 0.000E+00 0.000E+00 0.000E+00
 0.000E+00 0.000E+00 0.000E+00 0.000E+00
 0.000E+00 0.000E+00 0.000E+00 0.000E+00
      23.295652     -0.769385    1.625448
 6
       4
     2     2     2     2
     0     1     1     1
 1.710E+00 1.625E+00 1.625E+00 1.625E+00
 0.000E+00 0.000E+00 0.000E+00 0.000E+00
 0.000E+00 0.000E+00 0.000E+00 0.000E+00
 0.000E+00 0.000E+00 0.000E+00 0.000E+00
      23.461319     3.113065    -0.962317
 6
       4
     2     2     2     2
     0     1     1     1
 1.710E+00 1.625E+00 1.625E+00 1.625E+00
 0.000E+00 0.000E+00 0.000E+00 0.000E+00
 0.000E+00 0.000E+00 0.000E+00 0.000E+00
 0.000E+00 0.000E+00 0.000E+00 0.000E+00
      26.016744     2.938955    -1.091362
 6
       4
     2     2     2     2
     0     1     1     1
 1.710E+00 1.625E+00 1.625E+00 1.625E+00
 0.000E+00 0.000E+00 0.000E+00 0.000E+00
 0.000E+00 0.000E+00 0.000E+00 0.000E+00
 0.000E+00 0.000E+00 0.000E+00 0.000E+00
      25.802115     -0.956315    1.345424
 6
       4
     2     2     2     2
     0     1     1     1
 1.710E+00 1.625E+00 1.625E+00 1.625E+00
 0.000E+00 0.000E+00 0.000E+00 0.000E+00
 0.000E+00 0.000E+00 0.000E+00 0.000E+00
 0.000E+00 0.000E+00 0.000E+00 0.000E+00
      27.372645     0.870298    0.037063
 6
       4
     2     2     2     2
     0     1     1     1
 1.710E+00 1.625E+00 1.625E+00 1.625E+00
 0.000E+00 0.000E+00 0.000E+00 0.000E+00
 0.000E+00 0.000E+00 0.000E+00 0.000E+00
 0.000E+00 0.000E+00 0.000E+00 0.000E+00
      29.982521     0.543185    -0.114799
 6
       4
     2     2     2     2
     0     1     1     1
 1.710E+00 1.625E+00 1.625E+00 1.625E+00
 0.000E+00 0.000E+00 0.000E+00 0.000E+00
 0.000E+00 0.000E+00 0.000E+00 0.000E+00
 0.000E+00 0.000E+00 0.000E+00 0.000E+00
      32.360647     0.336840    -0.309953
 6
       4
     2     2     2     2
     0     1     1     1
 1.710E+00 1.625E+00 1.625E+00 1.625E+00
 0.000E+00 0.000E+00 0.000E+00 0.000E+00
 0.000E+00 0.000E+00 0.000E+00 0.000E+00
 0.000E+00 0.000E+00 0.000E+00 0.000E+00
      34.974956     0.075740    -0.242922
 6
       4
     2     2     2     2
     0     1     1     1
 1.710E+00 1.625E+00 1.625E+00 1.625E+00
 0.000E+00 0.000E+00 0.000E+00 0.000E+00
 0.000E+00 0.000E+00 0.000E+00 0.000E+00
 0.000E+00 0.000E+00 0.000E+00 0.000E+00
      36.239515     -2.226849    0.469950
 6
       4
     2     2     2     2
     0     1     1     1
 1.710E+00 1.625E+00 1.625E+00 1.625E+00
 0.000E+00 0.000E+00 0.000E+00 0.000E+00
 0.000E+00 0.000E+00 0.000E+00 0.000E+00
 0.000E+00 0.000E+00 0.000E+00 0.000E+00
      36.721394     2.071676    -1.074978
 6
       4
     2     2     2     2
     0     1     1     1
 1.710E+00 1.625E+00 1.625E+00 1.625E+00
 0.000E+00 0.000E+00 0.000E+00 0.000E+00
 0.000E+00 0.000E+00 0.000E+00 0.000E+00
 0.000E+00 0.000E+00 0.000E+00 0.000E+00
      39.328741     1.731110    -0.990613
 6
       4
     2     2     2     2
     0     1     1     1
 1.710E+00 1.625E+00 1.625E+00 1.625E+00
 0.000E+00 0.000E+00 0.000E+00 0.000E+00
 0.000E+00 0.000E+00 0.000E+00 0.000E+00
 0.000E+00 0.000E+00 0.000E+00 0.000E+00
      38.823493     -2.569606    0.542777
 6
       4
     2     2     2     2
     0     1     1     1
 1.710E+00 1.625E+00 1.625E+00 1.625E+00
 0.000E+00 0.000E+00 0.000E+00 0.000E+00
 0.000E+00 0.000E+00 0.000E+00 0.000E+00
 0.000E+00 0.000E+00 0.000E+00 0.000E+00
      40.547333     -0.612031    -0.088645
 6
       4
     2     2     2     2
     0     1     1     1
 1.710E+00 1.625E+00 1.625E+00 1.625E+00
 0.000E+00 0.000E+00 0.000E+00 0.000E+00
 0.000E+00 0.000E+00 0.000E+00 0.000E+00
 0.000E+00 0.000E+00 0.000E+00 0.000E+00
      43.225976     -0.608214    0.057962
 6
       4
     2     2     2     2
     0     1     1     1
 1.710E+00 1.625E+00 1.625E+00 1.625E+00
 0.000E+00 0.000E+00 0.000E+00 0.000E+00
 0.000E+00 0.000E+00 0.000E+00 0.000E+00
 0.000E+00 0.000E+00 0.000E+00 0.000E+00
      45.524338     -0.523913    -0.078641
 6
       4
     2     2     2     2
     0     1     1     1
 1.710E+00 1.625E+00 1.625E+00 1.625E+00
 0.000E+00 0.000E+00 0.000E+00 0.000E+00
 0.000E+00 0.000E+00 0.000E+00 0.000E+00
 0.000E+00 0.000E+00 0.000E+00 0.000E+00
      48.289521     -0.327017    -0.310004
 6
       4
     2     2     2     2
     0     1     1     1
 1.710E+00 1.625E+00 1.625E+00 1.625E+00
 0.000E+00 0.000E+00 0.000E+00 0.000E+00
 0.000E+00 0.000E+00 0.000E+00 0.000E+00
 0.000E+00 0.000E+00 0.000E+00 0.000E+00
      49.857833     -2.355988    0.578128
 6
       4
     2     2     2     2
     0     1     1     1
 1.710E+00 1.625E+00 1.625E+00 1.625E+00
 0.000E+00 0.000E+00 0.000E+00 0.000E+00
 0.000E+00 0.000E+00 0.000E+00 0.000E+00
 0.000E+00 0.000E+00 0.000E+00 0.000E+00
      49.735243     1.694933    -1.469302
 6
       4
     2     2     2     2
     0     1     1     1
 1.710E+00 1.625E+00 1.625E+00 1.625E+00
 0.000E+00 0.000E+00 0.000E+00 0.000E+00
 0.000E+00 0.000E+00 0.000E+00 0.000E+00
 0.000E+00 0.000E+00 0.000E+00 0.000E+00
      52.328965     1.585261    -1.687333
 6
       4
     2     2     2     2
     0     1     1     1
 1.710E+00 1.625E+00 1.625E+00 1.625E+00
 0.000E+00 0.000E+00 0.000E+00 0.000E+00
 0.000E+00 0.000E+00 0.000E+00 0.000E+00
 0.000E+00 0.000E+00 0.000E+00 0.000E+00
      52.480896     -2.330257    0.579656
 6
       4
     2     2     2     2
     0     1     1     1
 1.710E+00 1.625E+00 1.625E+00 1.625E+00
 0.000E+00 0.000E+00 0.000E+00 0.000E+00
 0.000E+00 0.000E+00 0.000E+00 0.000E+00
 0.000E+00 0.000E+00 0.000E+00 0.000E+00
      53.861885     -0.283909    -0.489579
 6
       4
     2     2     2     2
     0     1     1     1
 1.710E+00 1.625E+00 1.625E+00 1.625E+00
 0.000E+00 0.000E+00 0.000E+00 0.000E+00
 0.000E+00 0.000E+00 0.000E+00 0.000E+00
 0.000E+00 0.000E+00 0.000E+00 0.000E+00
      56.626590     -0.138965    -0.558097
 1
       1
     1
     0
 1.300E+00
 0.000E+00
 0.000E+00
 0.000E+00
      -4.566343     1.926615    0.582979
 1
       1
     1
     0
 1.300E+00
 0.000E+00
 0.000E+00
 0.000E+00
      0.410301     2.760425    1.155012
 1
       1
     1
     0
 1.300E+00
 0.000E+00
 0.000E+00
 0.000E+00
      -5.785508     -2.678154    -0.668867
 1
       1
     1
     0
 1.300E+00
 0.000E+00
 0.000E+00
 0.000E+00
      -2.833177     -5.977706    -1.356026
 1
       1
     1
     0
 1.300E+00
 0.000E+00
 0.000E+00
 0.000E+00
      2.025268     -4.681866    -1.076190
 1
       1
     1
     0
 1.300E+00
 0.000E+00
 0.000E+00
 0.000E+00
      8.933220     4.078167    -0.308494
 1
       1
     1
     0
 1.300E+00
 0.000E+00
 0.000E+00
 0.000E+00
      9.862918     -4.041874    0.641804
 1
       1
     1
     0
 1.300E+00
 0.000E+00
 0.000E+00
 0.000E+00
      13.276459     4.797912    -0.318477
 1
       1
     1
     0
 1.300E+00
 0.000E+00
 0.000E+00
 0.000E+00
      14.509949     -3.299027    1.047787
 1
       1
     1
     0
 1.300E+00
 0.000E+00
 0.000E+00
 0.000E+00
      22.512950     4.651086    -1.996403
 1
       1
     1
     0
 1.300E+00
 0.000E+00
 0.000E+00
 0.000E+00
      27.025177     4.564166    -2.182350
 1
       1
     1
     0
 1.300E+00
 0.000E+00
 0.000E+00
 0.000E+00
      22.288519     -2.254392    2.798722
 1
       1
     1
     0
 1.300E+00
 0.000E+00
 0.000E+00
 0.000E+00
      26.764552     -2.691701    2.139283
 1
       1
     1
     0
 1.300E+00
 0.000E+00
 0.000E+00
 0.000E+00
      36.022378     3.942577    -1.926912
 1
       1
     1
     0
 1.300E+00
 0.000E+00
 0.000E+00
 0.000E+00
      34.944186     -3.799056    1.027984
 1
       1
     1
     0
 1.300E+00
 0.000E+00
 0.000E+00
 0.000E+00
      40.448013     3.273034    -1.651173
 1
       1
     1
     0
 1.300E+00
 0.000E+00
 0.000E+00
 0.000E+00
      39.668699     -4.389304    0.958671
 1
       1
     1
     0
 1.300E+00
 0.000E+00
 0.000E+00
 0.000E+00
      48.702623     3.330168    -2.142057
 1
       1
     1
     0
 1.300E+00
 0.000E+00
 0.000E+00
 0.000E+00
      48.981754     -3.999316    1.391371
 1
       1
     1
     0
 1.300E+00
 0.000E+00
 0.000E+00
 0.000E+00
      53.383771     2.838495    -2.655577
 1
       1
     1
     0
 1.300E+00
 0.000E+00
 0.000E+00
 0.000E+00
      53.572161     -4.017444    1.348361
 1
       1
     1
     0
 1.300E+00
 0.000E+00
 0.000E+00
 0.000E+00
      61.735953     4.272565    -1.408235
 1
       1
     1
     0
 1.300E+00
 0.000E+00
 0.000E+00
 0.000E+00
      61.910885     -3.285088    1.147595
 6
       4
     2     2     2     2
     0     1     1     1
 1.710E+00 1.625E+00 1.625E+00 1.625E+00
 0.000E+00 0.000E+00 0.000E+00 0.000E+00
 0.000E+00 0.000E+00 0.000E+00 0.000E+00
 0.000E+00 0.000E+00 0.000E+00 0.000E+00
      69.780182     0.592764    -0.274109
 1
       1
     1
     0
 1.300E+00
 0.000E+00
 0.000E+00
 0.000E+00
      66.462610     4.696629    -1.610999
 1
       1
     1
     0
 1.300E+00
 0.000E+00
 0.000E+00
 0.000E+00
      67.021387     -3.185573    0.744446
 6
       4
     2     2     2     2
     0     1     1     1
 1.710E+00 1.625E+00 1.625E+00 1.625E+00
 0.000E+00 0.000E+00 0.000E+00 0.000E+00
 0.000E+00 0.000E+00 0.000E+00 0.000E+00
 0.000E+00 0.000E+00 0.000E+00 0.000E+00
      58.925426     0.241887    -0.244177
 6
       4
     2     2     2     2
     0     1     1     1
 1.710E+00 1.625E+00 1.625E+00 1.625E+00
 0.000E+00 0.000E+00 0.000E+00 0.000E+00
 0.000E+00 0.000E+00 0.000E+00 0.000E+00
 0.000E+00 0.000E+00 0.000E+00 0.000E+00
      61.572878     0.460386    -0.205360
 6
       4
     2     2     2     2
     0     1     1     1
 1.710E+00 1.625E+00 1.625E+00 1.625E+00
 0.000E+00 0.000E+00 0.000E+00 0.000E+00
 0.000E+00 0.000E+00 0.000E+00 0.000E+00
 0.000E+00 0.000E+00 0.000E+00 0.000E+00
      63.131044     -1.708084    0.481464
 6
       4
     2     2     2     2
     0     1     1     1
 1.710E+00 1.625E+00 1.625E+00 1.625E+00
 0.000E+00 0.000E+00 0.000E+00 0.000E+00
 0.000E+00 0.000E+00 0.000E+00 0.000E+00
 0.000E+00 0.000E+00 0.000E+00 0.000E+00
      62.861229     2.736251    -0.896104
 6
       4
     2     2     2     2
     0     1     1     1
 1.710E+00 1.625E+00 1.625E+00 1.625E+00
 0.000E+00 0.000E+00 0.000E+00 0.000E+00
 0.000E+00 0.000E+00 0.000E+00 0.000E+00
 0.000E+00 0.000E+00 0.000E+00 0.000E+00
      65.561503     2.787576    -0.966687
 6
       4
     2     2     2     2
     0     1     1     1
 1.710E+00 1.625E+00 1.625E+00 1.625E+00
 0.000E+00 0.000E+00 0.000E+00 0.000E+00
 0.000E+00 0.000E+00 0.000E+00 0.000E+00
 0.000E+00 0.000E+00 0.000E+00 0.000E+00
      65.640296     -1.616846    0.409997
 6
       4
     2     2     2     2
     0     1     1     1
 1.710E+00 1.625E+00 1.625E+00 1.625E+00
 0.000E+00 0.000E+00 0.000E+00 0.000E+00
 0.000E+00 0.000E+00 0.000E+00 0.000E+00
 0.000E+00 0.000E+00 0.000E+00 0.000E+00
      67.039989     0.735026    -0.238228
 6
       4
     2     2     2     2
     0     1     1     1
 1.710E+00 1.625E+00 1.625E+00 1.625E+00
 0.000E+00 0.000E+00 0.000E+00 0.000E+00
 0.000E+00 0.000E+00 0.000E+00 0.000E+00
 0.000E+00 0.000E+00 0.000E+00 0.000E+00
      80.137982     -0.079138    0.784781
 6
       4
     2     2     2     2
     0     1     1     1
 1.710E+00 1.625E+00 1.625E+00 1.625E+00
 0.000E+00 0.000E+00 0.000E+00 0.000E+00
 0.000E+00 0.000E+00 0.000E+00 0.000E+00
 0.000E+00 0.000E+00 0.000E+00 0.000E+00
      78.772304     2.316128    0.493084
 6
       4
     2     2     2     2
     0     1     1     1
 1.710E+00 1.625E+00 1.625E+00 1.625E+00
 0.000E+00 0.000E+00 0.000E+00 0.000E+00
 0.000E+00 0.000E+00 0.000E+00 0.000E+00
 0.000E+00 0.000E+00 0.000E+00 0.000E+00
      78.704619     -2.340148    1.003564
 6
       4
     2     2     2     2
     0     1     1     1
 1.710E+00 1.625E+00 1.625E+00 1.625E+00
 0.000E+00 0.000E+00 0.000E+00 0.000E+00
 0.000E+00 0.000E+00 0.000E+00 0.000E+00
 0.000E+00 0.000E+00 0.000E+00 0.000E+00
      76.147072     2.261361    0.205268
 6
       4
     2     2     2     2
     0     1     1     1
 1.710E+00 1.625E+00 1.625E+00 1.625E+00
 0.000E+00 0.000E+00 0.000E+00 0.000E+00
 0.000E+00 0.000E+00 0.000E+00 0.000E+00
 0.000E+00 0.000E+00 0.000E+00 0.000E+00
      74.722542     -0.057193    0.260215
 6
       4
     2     2     2     2
     0     1     1     1
 1.710E+00 1.625E+00 1.625E+00 1.625E+00
 0.000E+00 0.000E+00 0.000E+00 0.000E+00
 0.000E+00 0.000E+00 0.000E+00 0.000E+00
 0.000E+00 0.000E+00 0.000E+00 0.000E+00
      76.092680     -2.335512    0.676399
 6
       4
     2     2     2     2
     0     1     1     1
 1.710E+00 1.625E+00 1.625E+00 1.625E+00
 0.000E+00 0.000E+00 0.000E+00 0.000E+00
 0.000E+00 0.000E+00 0.000E+00 0.000E+00
 0.000E+00 0.000E+00 0.000E+00 0.000E+00
      82.816990     -0.025657    0.554451
 6
       4
     2     2     2     2
     0     1     1     1
 1.710E+00 1.625E+00 1.625E+00 1.625E+00
 0.000E+00 0.000E+00 0.000E+00 0.000E+00
 0.000E+00 0.000E+00 0.000E+00 0.000E+00
 0.000E+00 0.000E+00 0.000E+00 0.000E+00
      85.148101     -0.143716    0.311964
 6
       4
     2     2     2     2
     0     1     1     1
 1.710E+00 1.625E+00 1.625E+00 1.625E+00
 0.000E+00 0.000E+00 0.000E+00 0.000E+00
 0.000E+00 0.000E+00 0.000E+00 0.000E+00
 0.000E+00 0.000E+00 0.000E+00 0.000E+00
      87.845349     -0.119121    0.162807
 6
       4
     2     2     2     2
     0     1     1     1
 1.710E+00 1.625E+00 1.625E+00 1.625E+00
 0.000E+00 0.000E+00 0.000E+00 0.000E+00
 0.000E+00 0.000E+00 0.000E+00 0.000E+00
 0.000E+00 0.000E+00 0.000E+00 0.000E+00
      89.254340     2.221925    -0.424826
 6
       4
     2     2     2     2
     0     1     1     1
 1.710E+00 1.625E+00 1.625E+00 1.625E+00
 0.000E+00 0.000E+00 0.000E+00 0.000E+00
 0.000E+00 0.000E+00 0.000E+00 0.000E+00
 0.000E+00 0.000E+00 0.000E+00 0.000E+00
      89.357923     -2.240325    0.797493
 6
       4
     2     2     2     2
     0     1     1     1
 1.710E+00 1.625E+00 1.625E+00 1.625E+00
 0.000E+00 0.000E+00 0.000E+00 0.000E+00
 0.000E+00 0.000E+00 0.000E+00 0.000E+00
 0.000E+00 0.000E+00 0.000E+00 0.000E+00
      91.780699     2.353414    -0.464283
 6
       4
     2     2     2     2
     0     1     1     1
 1.710E+00 1.625E+00 1.625E+00 1.625E+00
 0.000E+00 0.000E+00 0.000E+00 0.000E+00
 0.000E+00 0.000E+00 0.000E+00 0.000E+00
 0.000E+00 0.000E+00 0.000E+00 0.000E+00
      91.935239     -2.191882    0.614573
 6
       4
     2     2     2     2
     0     1     1     1
 1.710E+00 1.625E+00 1.625E+00 1.625E+00
 0.000E+00 0.000E+00 0.000E+00 0.000E+00
 0.000E+00 0.000E+00 0.000E+00 0.000E+00
 0.000E+00 0.000E+00 0.000E+00 0.000E+00
      93.304743     0.105275    -0.022803
 6
       4
     2     2     2     2
     0     1     1     1
 1.710E+00 1.625E+00 1.625E+00 1.625E+00
 0.000E+00 0.000E+00 0.000E+00 0.000E+00
 0.000E+00 0.000E+00 0.000E+00 0.000E+00
 0.000E+00 0.000E+00 0.000E+00 0.000E+00
      95.980260     0.132351    -0.255393
 6
       4
     2     2     2     2
     0     1     1     1
 1.710E+00 1.625E+00 1.625E+00 1.625E+00
 0.000E+00 0.000E+00 0.000E+00 0.000E+00
 0.000E+00 0.000E+00 0.000E+00 0.000E+00
 0.000E+00 0.000E+00 0.000E+00 0.000E+00
      98.264723     0.526366    -0.303292
 6
       4
     2     2     2     2
     0     1     1     1
 1.710E+00 1.625E+00 1.625E+00 1.625E+00
 0.000E+00 0.000E+00 0.000E+00 0.000E+00
 0.000E+00 0.000E+00 0.000E+00 0.000E+00
 0.000E+00 0.000E+00 0.000E+00 0.000E+00
      100.906458     0.906653    -0.063782
 6
       4
     2     2     2     2
     0     1     1     1
 1.710E+00 1.625E+00 1.625E+00 1.625E+00
 0.000E+00 0.000E+00 0.000E+00 0.000E+00
 0.000E+00 0.000E+00 0.000E+00 0.000E+00
 0.000E+00 0.000E+00 0.000E+00 0.000E+00
      102.491056     -1.196310    0.730749
 6
       4
     2     2     2     2
     0     1     1     1
 1.710E+00 1.625E+00 1.625E+00 1.625E+00
 0.000E+00 0.000E+00 0.000E+00 0.000E+00
 0.000E+00 0.000E+00 0.000E+00 0.000E+00
 0.000E+00 0.000E+00 0.000E+00 0.000E+00
      102.179690     3.232860    -0.618757
 6
       4
     2     2     2     2
     0     1     1     1
 1.710E+00 1.625E+00 1.625E+00 1.625E+00
 0.000E+00 0.000E+00 0.000E+00 0.000E+00
 0.000E+00 0.000E+00 0.000E+00 0.000E+00
 0.000E+00 0.000E+00 0.000E+00 0.000E+00
      104.822615     3.469501    -0.486988
 6
       4
     2     2     2     2
     0     1     1     1
 1.710E+00 1.625E+00 1.625E+00 1.625E+00
 0.000E+00 0.000E+00 0.000E+00 0.000E+00
 0.000E+00 0.000E+00 0.000E+00 0.000E+00
 0.000E+00 0.000E+00 0.000E+00 0.000E+00
      105.072852     -0.872296    1.047341
 6
       4
     2     2     2     2
     0     1     1     1
 1.710E+00 1.625E+00 1.625E+00 1.625E+00
 0.000E+00 0.000E+00 0.000E+00 0.000E+00
 0.000E+00 0.000E+00 0.000E+00 0.000E+00
 0.000E+00 0.000E+00 0.000E+00 0.000E+00
      106.362604     1.470171    0.252197
 6
       4
     2     2     2     2
     0     1     1     1
 1.710E+00 1.625E+00 1.625E+00 1.625E+00
 0.000E+00 0.000E+00 0.000E+00 0.000E+00
 0.000E+00 0.000E+00 0.000E+00 0.000E+00
 0.000E+00 0.000E+00 0.000E+00 0.000E+00
      109.095370     1.321829    0.256181
 6
       4
     2     2     2     2
     0     1     1     1
 1.710E+00 1.625E+00 1.625E+00 1.625E+00
 0.000E+00 0.000E+00 0.000E+00 0.000E+00
 0.000E+00 0.000E+00 0.000E+00 0.000E+00
 0.000E+00 0.000E+00 0.000E+00 0.000E+00
      111.382111     0.818703    0.080888
 6
       4
     2     2     2     2
     0     1     1     1
 1.710E+00 1.625E+00 1.625E+00 1.625E+00
 0.000E+00 0.000E+00 0.000E+00 0.000E+00
 0.000E+00 0.000E+00 0.000E+00 0.000E+00
 0.000E+00 0.000E+00 0.000E+00 0.000E+00
      114.012513     0.656644    -0.067081
 6
       4
     2     2     2     2
     0     1     1     1
 1.710E+00 1.625E+00 1.625E+00 1.625E+00
 0.000E+00 0.000E+00 0.000E+00 0.000E+00
 0.000E+00 0.000E+00 0.000E+00 0.000E+00
 0.000E+00 0.000E+00 0.000E+00 0.000E+00
      115.286188     -1.682317    -0.724383
 6
       4
     2     2     2     2
     0     1     1     1
 1.710E+00 1.625E+00 1.625E+00 1.625E+00
 0.000E+00 0.000E+00 0.000E+00 0.000E+00
 0.000E+00 0.000E+00 0.000E+00 0.000E+00
 0.000E+00 0.000E+00 0.000E+00 0.000E+00
      115.564218     2.801364    0.430582
 6
       4
     2     2     2     2
     0     1     1     1
 1.710E+00 1.625E+00 1.625E+00 1.625E+00
 0.000E+00 0.000E+00 0.000E+00 0.000E+00
 0.000E+00 0.000E+00 0.000E+00 0.000E+00
 0.000E+00 0.000E+00 0.000E+00 0.000E+00
      118.192562     2.731281    0.345226
 6
       4
     2     2     2     2
     0     1     1     1
 1.710E+00 1.625E+00 1.625E+00 1.625E+00
 0.000E+00 0.000E+00 0.000E+00 0.000E+00
 0.000E+00 0.000E+00 0.000E+00 0.000E+00
 0.000E+00 0.000E+00 0.000E+00 0.000E+00
      118.005602     -1.750661    -0.895719
 6
       4
     2     2     2     2
     0     1     1     1
 1.710E+00 1.625E+00 1.625E+00 1.625E+00
 0.000E+00 0.000E+00 0.000E+00 0.000E+00
 0.000E+00 0.000E+00 0.000E+00 0.000E+00
 0.000E+00 0.000E+00 0.000E+00 0.000E+00
      119.452566     0.390442    -0.392957
 6
       4
     2     2     2     2
     0     1     1     1
 1.710E+00 1.625E+00 1.625E+00 1.625E+00
 0.000E+00 0.000E+00 0.000E+00 0.000E+00
 0.000E+00 0.000E+00 0.000E+00 0.000E+00
 0.000E+00 0.000E+00 0.000E+00 0.000E+00
      122.137985     0.327353    -0.356752
 6
       4
     2     2     2     2
     0     1     1     1
 1.710E+00 1.625E+00 1.625E+00 1.625E+00
 0.000E+00 0.000E+00 0.000E+00 0.000E+00
 0.000E+00 0.000E+00 0.000E+00 0.000E+00
 0.000E+00 0.000E+00 0.000E+00 0.000E+00
      124.485080     0.502387    -0.103219
 6
       4
     2     2     2     2
     0     1     1     1
 1.710E+00 1.625E+00 1.625E+00 1.625E+00
 0.000E+00 0.000E+00 0.000E+00 0.000E+00
 0.000E+00 0.000E+00 0.000E+00 0.000E+00
 0.000E+00 0.000E+00 0.000E+00 0.000E+00
      127.212051     0.236123    0.068555
 6
       4
     2     2     2     2
     0     1     1     1
 1.710E+00 1.625E+00 1.625E+00 1.625E+00
 0.000E+00 0.000E+00 0.000E+00 0.000E+00
 0.000E+00 0.000E+00 0.000E+00 0.000E+00
 0.000E+00 0.000E+00 0.000E+00 0.000E+00
      128.381285     -2.126091    -0.596957
 6
       4
     2     2     2     2
     0     1     1     1
 1.710E+00 1.625E+00 1.625E+00 1.625E+00
 0.000E+00 0.000E+00 0.000E+00 0.000E+00
 0.000E+00 0.000E+00 0.000E+00 0.000E+00
 0.000E+00 0.000E+00 0.000E+00 0.000E+00
      128.775162     2.258848    0.949557
 6
       4
     2     2     2     2
     0     1     1     1
 1.710E+00 1.625E+00 1.625E+00 1.625E+00
 0.000E+00 0.000E+00 0.000E+00 0.000E+00
 0.000E+00 0.000E+00 0.000E+00 0.000E+00
 0.000E+00 0.000E+00 0.000E+00 0.000E+00
      131.409022     1.945874    1.057143
 6
       4
     2     2     2     2
     0     1     1     1
 1.710E+00 1.625E+00 1.625E+00 1.625E+00
 0.000E+00 0.000E+00 0.000E+00 0.000E+00
 0.000E+00 0.000E+00 0.000E+00 0.000E+00
 0.000E+00 0.000E+00 0.000E+00 0.000E+00
      130.949040     -2.419817    -0.430648
 6
       4
     2     2     2     2
     0     1     1     1
 1.710E+00 1.625E+00 1.625E+00 1.625E+00
 0.000E+00 0.000E+00 0.000E+00 0.000E+00
 0.000E+00 0.000E+00 0.000E+00 0.000E+00
 0.000E+00 0.000E+00 0.000E+00 0.000E+00
      132.556555     -0.347471    0.258539
 6
       4
     2     2     2     2
     0     1     1     1
 1.710E+00 1.625E+00 1.625E+00 1.625E+00
 0.000E+00 0.000E+00 0.000E+00 0.000E+00
 0.000E+00 0.000E+00 0.000E+00 0.000E+00
 0.000E+00 0.000E+00 0.000E+00 0.000E+00
      135.235975     -0.668012    0.264756
 1
       1
     1
     0
 1.300E+00
 0.000E+00
 0.000E+00
 0.000E+00
      75.170964     4.193995    -0.185906
 1
       1
     1
     0
 1.300E+00
 0.000E+00
 0.000E+00
 0.000E+00
      79.714563     4.135484    0.469321
 6
       4
     2     2     2     2
     0     1     1     1
 1.710E+00 1.625E+00 1.625E+00 1.625E+00
 0.000E+00 0.000E+00 0.000E+00 0.000E+00
 0.000E+00 0.000E+00 0.000E+00 0.000E+00
 0.000E+00 0.000E+00 0.000E+00 0.000E+00
      71.993490     0.133537    -0.013139
 1
       1
     1
     0
 1.300E+00
 0.000E+00
 0.000E+00
 0.000E+00
      74.926290     -4.170448    0.905842
 1
       1
     1
     0
 1.300E+00
 0.000E+00
 0.000E+00
 0.000E+00
      79.671770     -3.853888    1.219281
 1
       1
     1
     0
 1.300E+00
 0.000E+00
 0.000E+00
 0.000E+00
      88.045573     3.946322    -0.981550
 1
       1
     1
     0
 1.300E+00
 0.000E+00
 0.000E+00
 0.000E+00
      88.373986     -4.083065    1.294442
 1
       1
     1
     0
 1.300E+00
 0.000E+00
 0.000E+00
 0.000E+00
      92.707481     4.138679    -1.107034
 1
       1
     1
     0
 1.300E+00
 0.000E+00
 0.000E+00
 0.000E+00
      93.058511     -4.013665    0.767682
 1
       1
     1
     0
 1.300E+00
 0.000E+00
 0.000E+00
 0.000E+00
      100.906271     4.827154    -1.339784
 1
       1
     1
     0
 1.300E+00
 0.000E+00
 0.000E+00
 0.000E+00
      105.827550     5.146514    -0.967455
 1
       1
     1
     0
 1.300E+00
 0.000E+00
 0.000E+00
 0.000E+00
      101.638754     -3.028316    1.106047
 1
       1
     1
     0
 1.300E+00
 0.000E+00
 0.000E+00
 0.000E+00
      106.199450     -2.461308    1.692108
 1
       1
     1
     0
 1.300E+00
 0.000E+00
 0.000E+00
 0.000E+00
      114.551867     4.521574    1.123709
 1
       1
     1
     0
 1.300E+00
 0.000E+00
 0.000E+00
 0.000E+00
      114.389037     -3.409948    -0.984345
 1
       1
     1
     0
 1.300E+00
 0.000E+00
 0.000E+00
 0.000E+00
      119.481527     4.379850    0.816930
 1
       1
     1
     0
 1.300E+00
 0.000E+00
 0.000E+00
 0.000E+00
      118.763131     -3.535626    -1.179374
 1
       1
     1
     0
 1.300E+00
 0.000E+00
 0.000E+00
 0.000E+00
      127.937156     4.121063    1.599642
 1
       1
     1
     0
 1.300E+00
 0.000E+00
 0.000E+00
 0.000E+00
      127.024939     -3.650457    -1.092371
 1
       1
     1
     0
 1.300E+00
 0.000E+00
 0.000E+00
 0.000E+00
      132.455842     3.649373    1.864011
 1
       1
     1
     0
 1.300E+00
 0.000E+00
 0.000E+00
 0.000E+00
      131.799561     -4.228215    -0.882821
 1
       1
     1
     0
 1.300E+00
 0.000E+00
 0.000E+00
 0.000E+00
      140.337715     1.865384    2.973754
 1
       1
     1
     0
 1.300E+00
 0.000E+00
 0.000E+00
 0.000E+00
      140.779059     -4.937642    -1.943636
 1
       1
     1
     0
 1.300E+00
 0.000E+00
 0.000E+00
 0.000E+00
      147.705745     -1.250819    0.211020
 1
       1
     1
     0
 1.300E+00
 0.000E+00
 0.000E+00
 0.000E+00
      145.045138     1.842456    2.765261
 1
       1
     1
     0
 1.300E+00
 0.000E+00
 0.000E+00
 0.000E+00
      144.978765     -4.793343    -2.067668
 6
       4
     2     2     2     2
     0     1     1     1
 1.710E+00 1.625E+00 1.625E+00 1.625E+00
 0.000E+00 0.000E+00 0.000E+00 0.000E+00
 0.000E+00 0.000E+00 0.000E+00 0.000E+00
 0.000E+00 0.000E+00 0.000E+00 0.000E+00
      137.472581     -1.145066    0.240061
 6
       4
     2     2     2     2
     0     1     1     1
 1.710E+00 1.625E+00 1.625E+00 1.625E+00
 0.000E+00 0.000E+00 0.000E+00 0.000E+00
 0.000E+00 0.000E+00 0.000E+00 0.000E+00
 0.000E+00 0.000E+00 0.000E+00 0.000E+00
      140.159234     -1.364205    0.323595
 6
       4
     2     2     2     2
     0     1     1     1
 1.710E+00 1.625E+00 1.625E+00 1.625E+00
 0.000E+00 0.000E+00 0.000E+00 0.000E+00
 0.000E+00 0.000E+00 0.000E+00 0.000E+00
 0.000E+00 0.000E+00 0.000E+00 0.000E+00
      141.576334     -3.301007    -0.995780
 6
       4
     2     2     2     2
     0     1     1     1
 1.710E+00 1.625E+00 1.625E+00 1.625E+00
 0.000E+00 0.000E+00 0.000E+00 0.000E+00
 0.000E+00 0.000E+00 0.000E+00 0.000E+00
 0.000E+00 0.000E+00 0.000E+00 0.000E+00
      141.460755     0.456246    1.684770
 6
       4
     2     2     2     2
     0     1     1     1
 1.710E+00 1.625E+00 1.625E+00 1.625E+00
 0.000E+00 0.000E+00 0.000E+00 0.000E+00
 0.000E+00 0.000E+00 0.000E+00 0.000E+00
 0.000E+00 0.000E+00 0.000E+00 0.000E+00
      144.288142     0.487546    1.702445
 6
       4
     2     2     2     2
     0     1     1     1
 1.710E+00 1.625E+00 1.625E+00 1.625E+00
 0.000E+00 0.000E+00 0.000E+00 0.000E+00
 0.000E+00 0.000E+00 0.000E+00 0.000E+00
 0.000E+00 0.000E+00 0.000E+00 0.000E+00
      144.294370     -3.311367    -1.072391
 6
       4
     2     2     2     2
     0     1     1     1
 1.710E+00 1.625E+00 1.625E+00 1.625E+00
 0.000E+00 0.000E+00 0.000E+00 0.000E+00
 0.000E+00 0.000E+00 0.000E+00 0.000E+00
 0.000E+00 0.000E+00 0.000E+00 0.000E+00
      145.621807     -1.171738    0.344393
# LCAO coefficients .. are not included.
         1
        1        -0.000530756293491   k=         1
        2        -0.004284535194950   k=         1
        3        0.000726065708864   k=         1
        4        -0.039309611683541   k=         1
        5        -0.002336435723373   k=         1
        6        -0.003874899051235   k=         1
        7        0.026726887049158   k=         1
        8        -0.057567450583713   k=         1
        9        0.004453528269673   k=         1
        10        0.004814850404848   k=         1
        11        0.029522474140196   k=         1
        12        -0.054141087971775   k=         1
        13        0.000459360654171   k=         1
        14        -0.001460524322204   k=         1
        15        -0.006204890892775   k=         1
        16        0.015785374838716   k=         1
        17        -0.001157635422962   k=         1
        18        -0.003837240700179   k=         1
        19        -0.015573253406952   k=         1
        20        0.069682542825558   k=         1
        21        -0.001425174260719   k=         1
        22        -0.002923833653888   k=         1
        23        -0.004122689820728   k=         1
        24        0.009329313444248   k=         1
        25        0.001328180961092   k=         1
        26        0.008483695787490   k=         1
        27        0.011398614349136   k=         1
        28        0.097474768819270   k=         1
        29        -0.001118401841933   k=         1
        30        -0.000423051119813   k=         1
        31        0.002324265728056   k=         1
        32        0.054465307439375   k=         1
        33        0.001291793456962   k=         1
        34        0.014771979124788   k=         1
        35        -0.016429495803863   k=         1
        36        -0.126222463767156   k=         1
        37        -0.000050523561464   k=         1
        38        0.002034298764631   k=         1
        39        -0.001820076792597   k=         1
        40        -0.056618580039631   k=         1
        41        0.002725744398823   k=         1
        42        0.014328678218719   k=         1
        43        -0.004809033678257   k=         1
        44        -0.049144495599792   k=         1
        45        0.005070288663175   k=         1
        46        0.006792753566154   k=         1
        47        0.002051783064459   k=         1
        48        0.100693481378778   k=         1
        49        -0.007452486487211   k=         1
        50        -0.023969762171099   k=         1
        51        0.000508373173324   k=         1
        52        0.114106429092236   k=         1
        53        0.001562485903327   k=         1
        54        0.006357628766006   k=         1
        55        0.031063155177710   k=         1
        56        0.088102844427725   k=         1
        57        0.002474813957274   k=         1
        58        -0.002640124539114   k=         1
        59        -0.110055146638664   k=         1
        60        -0.166995922107967   k=         1
        61        0.005086721241235   k=         1
        62        0.015098993200127   k=         1
        63        -0.048687307366452   k=         1
        64        -0.102375918768206   k=         1
        65        -0.000320651003439   k=         1
        66        -0.019810405381835   k=         1
        67        0.137484972807168   k=         1
        68        0.203706449839763   k=         1
        69        0.002608283150161   k=         1
        70        0.021169286077854   k=         1
        71        0.062681173879874   k=         1
        72        0.088050454215669   k=         1
        73        -0.002400725136155   k=         1
        74        0.013882437155897   k=         1
        75        0.074537208508428   k=         1
        76        0.095428242458002   k=         1
        77        0.005344090720825   k=         1
        78        -0.017114410080050   k=         1
        79        -0.089218816098433   k=         1
        80        -0.132627861182004   k=         1
        81        0.000946794331864   k=         1
        82        -0.037796320720125   k=         1
        83        -0.077352295633321   k=         1
        84        -0.128970506010824   k=         1
        85        -0.002447312095903   k=         1
        86        -0.025512461226289   k=         1
        87        -0.101116299112320   k=         1
        88        -0.179863203058906   k=         1
        89        0.005032668855565   k=         1
        90        0.022903167108109   k=         1
        91        0.081155986755597   k=         1
        92        0.187904325512841   k=         1
        93        -0.006913027827923   k=         1
        94        0.012824949792533   k=         1
        95        0.102001747283247   k=         1
        96        0.193938615659149   k=         1
        97        -0.001580998238740   k=         1
        98        -0.003348984637613   k=         1
        99        -0.068285841337403   k=         1
        100        -0.172465276917139   k=         1
        101        0.000970504947997   k=         1
        102        -0.013933170861715   k=         1
        103        -0.047299404077867   k=         1
        104        -0.167444820756551   k=         1
        105        -0.006065737618677   k=         1
        106        -0.000292459440011   k=         1
        107        -0.053214655909258   k=         1
        108        -0.140075143561493   k=         1
        109        0.002775804968453   k=         1
        110        0.006021852208936   k=         1
        111        0.035916490451536   k=         1
        112        0.102479851795806   k=         1
        113        0.000564984356075   k=         1
        114        0.008623770628341   k=         1
        115        0.025212731850912   k=         1
        116        0.100500939060410   k=         1
        117        -0.001924160513839   k=         1
        118        -0.018160491283921   k=         1
        119        0.079419079617460   k=         1
        120        0.213875765545659   k=         1
        121        -0.005233753421754   k=         1
        122        0.007828160007158   k=         1
        123        -0.040361193976563   k=         1
        124        -0.101098568022066   k=         1
        125        0.002394638021799   k=         1
        126        -0.013858019681702   k=         1
        127        -0.064563078327630   k=         1
        128        -0.169483814159676   k=         1
        129        -0.001208224887113   k=         1
        130        0.011204703729627   k=         1
        131        0.044345127569081   k=         1
        132        0.096883794364081   k=         1
        133        0.000522385577610   k=         1
        134        -0.001696787851828   k=         1
        135        0.048248229553156   k=         1
        136        0.096279913956752   k=         1
        137        0.000034239171928   k=         1
        138        0.015242057708667   k=         1
        139        0.046826031833558   k=         1
        140        0.089934926865617   k=         1
        141        0.000971837973272   k=         1
        142        -0.007654839498480   k=         1
        143        -0.034602972436973   k=         1
        144        -0.050163829216782   k=         1
        145        -0.002529693047980   k=         1
        146        0.000361094471311   k=         1
        147        -0.027939063003467   k=         1
        148        -0.052011861457188   k=         1
        149        -0.003312965053031   k=         1
        150        0.004745266192671   k=         1
        151        -0.071350695149489   k=         1
        152        -0.116898062721516   k=         1
        153        -0.003797920117783   k=         1
        154        -0.010269928924420   k=         1
        155        0.029730160404724   k=         1
        156        0.065534348613889   k=         1
        157        -0.003914697904317   k=         1
        158        0.003854544745854   k=         1
        159        -0.000262168256337   k=         1
        160        0.005177578165445   k=         1
        161        -0.001014400009944   k=         1
        162        0.005461624583360   k=         1
        163        -0.006335785321746   k=         1
        164        -0.006352683831223   k=         1
        165        -0.000372600982996   k=         1
        166        -0.003785479223799   k=         1
        167        -0.006484657993162   k=         1
        168        -0.007884907684177   k=         1
        169        -0.000315120996471   k=         1
        170        0.003000535370156   k=         1
        171        -0.001831429035503   k=         1
        172        0.001272445326247   k=         1
        173        0.006977703666168   k=         1
        174        0.001436919223117   k=         1
        175        0.000441955427723   k=         1
        176        -0.001667765608551   k=         1
        177        -0.001959140692668   k=         1
        178        0.001297085178991   k=         1
        179        0.000161971598369   k=         1
        180        0.000548408393437   k=         1
        181        0.002284880514498   k=         1
        182        -0.008091750160752   k=         1
        183        -0.046187705937062   k=         1
        184        -0.000169121230289   k=         1
        185        0.003812043099722   k=         1
        186        0.004867875296351   k=         1
        187        -0.018299819378799   k=         1
        188        0.051465136333471   k=         1
        189        0.087335855993950   k=         1
        190        -0.000527407389461   k=         1
        191        0.006341648892823   k=         1
        192        -0.023131943778051   k=         1
        193        -0.061575123179738   k=         1
        194        0.003063148451165   k=         1
        195        -0.008398569511145   k=         1
        196        -0.009681254735638   k=         1
        197        -0.049114388076862   k=         1
        198        -0.001683788988570   k=         1
        199        0.000714783029916   k=         1
        200        -0.021851046619502   k=         1
        201        -0.076334040025340   k=         1
        202        -0.000867246016960   k=         1
        203        0.000475996767098   k=         1
        204        0.013461443698690   k=         1
        205        0.037479345425941   k=         1
        206        -0.000737502362300   k=         1
        207        0.004745330019499   k=         1
        208        0.009191092090348   k=         1
        209        0.033584762920087   k=         1
        210        0.001992948214114   k=         1
        211        -0.000274899454501   k=         1
        212        0.025181726550010   k=         1
        213        0.080847799686882   k=         1
        214        -0.000823225718909   k=         1
        215        -0.006596966108064   k=         1
        216        -0.007217935681412   k=         1
        217        -0.054817000208510   k=         1
        218        -0.000495195378959   k=         1
        219        0.006801688763435   k=         1
        220        -0.002740084543958   k=         1
        221        -0.040429062704140   k=         1
        222        0.000804693787358   k=         1
        223        0.008066726772015   k=         1
        224        -0.000753230497333   k=         1
        225        -0.042821678286615   k=         1
        226        0.000382737149318   k=         1
        227        -0.009117533838726   k=         1
        228        0.002117580034295   k=         1
        229        0.034339393531652   k=         1
        230        -0.000201796311213   k=         1
        231        -0.005685437855259   k=         1
        232        0.007743399246300   k=         1
        233        0.056324889637227   k=         1
        234        -0.002449777429866   k=         1
        235        -0.006319237186066   k=         1
        236        0.004399927455222   k=         1
        237        0.038208551438058   k=         1
        238        -0.000481912841183   k=         1
        239        0.011466186874045   k=         1
        240        0.016287767810735   k=         1
        241        0.060494667449250   k=         1
        242        -0.000870953330914   k=         1
        243        0.003583176169372   k=         1
        244        0.008405225499039   k=         1
        245        0.051730638790940   k=         1
        246        0.002180617147668   k=         1
        247        0.001552548627555   k=         1
        248        -0.021267226600880   k=         1
        249        -0.075070348734065   k=         1
        250        0.000131174923651   k=         1
        251        0.001806715722663   k=         1
        252        -0.012024335214263   k=         1
        253        -0.040028072487533   k=         1
        254        -0.001352550750194   k=         1
        255        0.000034886048549   k=         1
        256        -0.012211530264098   k=         1
        257        -0.039221080966655   k=         1
        258        0.001619380063789   k=         1
        259        0.001823171100613   k=         1
        260        0.012045023501984   k=         1
        261        0.045130364446851   k=         1
        262        0.000648139879314   k=         1
        263        0.005704381616749   k=         1
        264        0.009971308576928   k=         1
        265        0.058165151703275   k=         1
        266        0.000363124749797   k=         1
        267        0.009278675582687   k=         1
        268        0.016150551589531   k=         1
        269        0.069281759790247   k=         1
        270        0.001488429304434   k=         1
        271        -0.005452039969329   k=         1
        272        -0.020004300144723   k=         1
        273        -0.072909835181619   k=         1
        274        0.000630156951882   k=         1
        275        0.007273133387371   k=         1
        276        -0.014523786096863   k=         1
        277        -0.066873382992412   k=         1
        278        0.001261083763653   k=         1
        279        -0.013587051486935   k=         1
        280        0.019580959263774   k=         1
        281        0.083488431898016   k=         1
        282        0.000659927019119   k=         1
        283        -0.007820337606803   k=         1
        284        0.014526653063901   k=         1
        285        0.042698470567713   k=         1
        286        -0.000945561833424   k=         1
        287        -0.007971759609537   k=         1
        288        0.022884465034270   k=         1
        289        0.059944655348783   k=         1
        290        0.003831258350248   k=         1
        291        0.010036432035058   k=         1
        292        -0.027558318427712   k=         1
        293        -0.052560076542980   k=         1
        294        -0.004929432222485   k=         1
        295        0.002097412381818   k=         1
        296        -0.028969707060606   k=         1
        297        -0.053988945422649   k=         1
        298        0.000647147822513   k=         1
        299        -0.001330108311161   k=         1
        300        -0.021062951307042   k=         1
        301        -0.082786748677187   k=         1
        302        0.000642065268441   k=         1
        303        0.002865568890035   k=         1
        304        -0.013412932762726   k=         1
        305        0.098130335119935   k=         1
        306        -0.002021479701878   k=         1
        307        0.007847941046432   k=         1
        308        0.008755690717504   k=         1
        309        0.083739740108290   k=         1
        310        -0.000494311051022   k=         1
        311        -0.006563867659804   k=         1
        312        0.021055380711122   k=         1
        313        -0.099416595581335   k=         1
        314        0.003203144907409   k=         1
        315        -0.012344993354711   k=         1
        316        0.022592533291010   k=         1
        317        -0.076718023099606   k=         1
        318        -0.001336202918064   k=         1
        319        0.000877370088355   k=         1
        320        0.022834561154619   k=         1
        321        -0.051859237715115   k=         1
        322        0.000421363278473   k=         1
        323        0.000133205996210   k=         1
        324        -0.020591416700209   k=         1
        325        0.068005763717218   k=         1
        326        -0.001419838880831   k=         1
        327        0.005455553887876   k=         1
        328        -0.010989233225290   k=         1
        329        0.064490054395032   k=         1
        330        -0.000262441590474   k=         1
        331        -0.000505141541385   k=         1
        332        -0.028181762479300   k=         1
        333        0.096764413171725   k=         1
        334        0.000618539384494   k=         1
        335        0.004891875642596   k=         1
        336        0.027830745423452   k=         1
        337        -0.083800698345434   k=         1
        338        -0.000654804299670   k=         1
        339        0.009937439796383   k=         1
        340        0.030083672317145   k=         1
        341        -0.096378798086578   k=         1
        342        0.000471450506268   k=         1
        343        -0.008939530029461   k=         1
        344        -0.027620759550828   k=         1
        345        0.080322582404706   k=         1
        346        -0.001859785646237   k=         1
        347        -0.005931378214071   k=         1
        348        -0.018878163086299   k=         1
        349        0.063386840535917   k=         1
        350        -0.000978728810637   k=         1
        351        -0.007506506860864   k=         1
        352        -0.025648000221480   k=         1
        353        0.068468918121965   k=         1
        354        0.000721481934719   k=         1
        355        0.005649342976572   k=         1
        356        0.017122581924774   k=         1
        357        -0.045349417018224   k=         1
        358        -0.000185799215502   k=         1
        359        0.004189100726819   k=         1
        360        0.012071219493641   k=         1
        361        -0.043963335358490   k=         1
        362        0.001049811343115   k=         1
        363        0.000057146810505   k=         1
        364        0.032894129765913   k=         1
        365        -0.094915861675184   k=         1
        366        -0.001205901908836   k=         1
        367        -0.000318820425767   k=         1
        368        -0.018231475079134   k=         1
        369        0.041260963523569   k=         1
        370        0.000158594381249   k=         1
        371        0.002635713435349   k=         1
        372        -0.000942635157413   k=         1
        373        0.003014429050214   k=         1
        374        -0.016872286980496   k=         1
        375        -0.058012502423779   k=         1
        376        0.002631207946478   k=         1
        377        0.001157879501746   k=         1
        378        0.000667777031157   k=         1
        379        -0.000245143683559   k=         1
        380        -0.000804496898376   k=         1
        381        -0.001501793320707   k=         1
        382        0.004361126552606   k=         1
        383        -0.001846478547340   k=         1
        384        -0.004878147332754   k=         1
        385        0.003328490881914   k=         1
        386        0.000928857835214   k=         1
        387        0.000326551005069   k=         1
        388        -0.001982025683299   k=         1
        389        0.001805718088189   k=         1
        390        0.000086446579561   k=         1
        391        -0.000350839863711   k=         1
        392        0.001823874727776   k=         1
        393        0.001680257363116   k=         1
        394        0.001656848105199   k=         1
        395        -0.000661763366959   k=         1
        396        -0.000275228084953   k=         1
        397        -0.001579984497453   k=         1
        398        0.001891675337581   k=         1
        399        -0.000279169664376   k=         1
        400        -0.007735935115999   k=         1
        401        -0.026161500163398   k=         1
        402        0.075583052403022   k=         1
        403        -0.000616238616920   k=         1
        404        0.003959420198728   k=         1
        405        0.013982224524352   k=         1
        406        -0.027933064099180   k=         1
        407        0.002902778819852   k=         1
        408        -0.006514936150697   k=         1
        409        0.020747127565123   k=         1
        410        -0.021181109617292   k=         1
        411        -0.000287641782760   k=         1
        412        0.000988558103518   k=         1
        413        0.040598625272672   k=         1
        414        -0.043898833231463   k=         1
        415        0.000008740619377   k=         1
        416        0.000393532065075   k=         1
        417        -0.004722948810163   k=         1
        418        0.004665344308699   k=         1
        419        -0.000809170518306   k=         1
        420        0.003123474843334   k=         1
        421        -0.010217959136375   k=         1
        422        0.013887365826517   k=         1
        423        -0.000351002022268   k=         1
        424        0.001818547619073   k=         1
        425        -0.026795660898506   k=         1
        426        0.037404662272934   k=         1
