# file_format= v0.04.05
       144       426
    188.97268778      0.00000000      0.00000000    0
      0.00000000    188.97268778      0.00000000    0
      0.00000000      0.00000000    188.97268778    0
 6
       4
     2     2     2     2
     0     1     1     1
 1.710E+00 1.625E+00 1.625E+00 1.625E+00
 0.000E+00 0.000E+00 0.000E+00 0.000E+00
 0.000E+00 0.000E+00 0.000E+00 0.000E+00
 0.000E+00 0.000E+00 0.000E+00 0.000E+00
      1.083660     -0.763646    -0.114098
 6
       4
     2     2     2     2
     0     1     1     1
 1.710E+00 1.625E+00 1.625E+00 1.625E+00
 0.000E+00 0.000E+00 0.000E+00 0.000E+00
 0.000E+00 0.000E+00 0.000E+00 0.000E+00
 0.000E+00 0.000E+00 0.000E+00 0.000E+00
      -0.800955     1.137579    0.542820
 6
       4
     2     2     2     2
     0     1     1     1
 1.710E+00 1.625E+00 1.625E+00 1.625E+00
 0.000E+00 0.000E+00 0.000E+00 0.000E+00
 0.000E+00 0.000E+00 0.000E+00 0.000E+00
 0.000E+00 0.000E+00 0.000E+00 0.000E+00
      0.075924     -3.106866    -0.797274
 6
       4
     2     2     2     2
     0     1     1     1
 1.710E+00 1.625E+00 1.625E+00 1.625E+00
 0.000E+00 0.000E+00 0.000E+00 0.000E+00
 0.000E+00 0.000E+00 0.000E+00 0.000E+00
 0.000E+00 0.000E+00 0.000E+00 0.000E+00
      -3.267266     0.526852    0.409230
 6
       4
     2     2     2     2
     0     1     1     1
 1.710E+00 1.625E+00 1.625E+00 1.625E+00
 0.000E+00 0.000E+00 0.000E+00 0.000E+00
 0.000E+00 0.000E+00 0.000E+00 0.000E+00
 0.000E+00 0.000E+00 0.000E+00 0.000E+00
      -4.215202     -1.687402    -0.364751
 6
       4
     2     2     2     2
     0     1     1     1
 1.710E+00 1.625E+00 1.625E+00 1.625E+00
 0.000E+00 0.000E+00 0.000E+00 0.000E+00
 0.000E+00 0.000E+00 0.000E+00 0.000E+00
 0.000E+00 0.000E+00 0.000E+00 0.000E+00
      -2.387742     -3.663461    -1.008530
 6
       4
     2     2     2     2
     0     1     1     1
 1.710E+00 1.625E+00 1.625E+00 1.625E+00
 0.000E+00 0.000E+00 0.000E+00 0.000E+00
 0.000E+00 0.000E+00 0.000E+00 0.000E+00
 0.000E+00 0.000E+00 0.000E+00 0.000E+00
      3.829622     -0.269949    0.002285
 6
       4
     2     2     2     2
     0     1     1     1
 1.710E+00 1.625E+00 1.625E+00 1.625E+00
 0.000E+00 0.000E+00 0.000E+00 0.000E+00
 0.000E+00 0.000E+00 0.000E+00 0.000E+00
 0.000E+00 0.000E+00 0.000E+00 0.000E+00
      5.963423     0.161925    -0.131489
 6
       4
     2     2     2     2
     0     1     1     1
 1.710E+00 1.625E+00 1.625E+00 1.625E+00
 0.000E+00 0.000E+00 0.000E+00 0.000E+00
 0.000E+00 0.000E+00 0.000E+00 0.000E+00
 0.000E+00 0.000E+00 0.000E+00 0.000E+00
      8.700692     0.317453    -0.000680
 6
       4
     2     2     2     2
     0     1     1     1
 1.710E+00 1.625E+00 1.625E+00 1.625E+00
 0.000E+00 0.000E+00 0.000E+00 0.000E+00
 0.000E+00 0.000E+00 0.000E+00 0.000E+00
 0.000E+00 0.000E+00 0.000E+00 0.000E+00
      9.814813     2.639883    -0.527887
 6
       4
     2     2     2     2
     0     1     1     1
 1.710E+00 1.625E+00 1.625E+00 1.625E+00
 0.000E+00 0.000E+00 0.000E+00 0.000E+00
 0.000E+00 0.000E+00 0.000E+00 0.000E+00
 0.000E+00 0.000E+00 0.000E+00 0.000E+00
      10.247655     -1.696345    0.660883
 6
       4
     2     2     2     2
     0     1     1     1
 1.710E+00 1.625E+00 1.625E+00 1.625E+00
 0.000E+00 0.000E+00 0.000E+00 0.000E+00
 0.000E+00 0.000E+00 0.000E+00 0.000E+00
 0.000E+00 0.000E+00 0.000E+00 0.000E+00
      12.439758     2.991875    -0.441909
 6
       4
     2     2     2     2
     0     1     1     1
 1.710E+00 1.625E+00 1.625E+00 1.625E+00
 0.000E+00 0.000E+00 0.000E+00 0.000E+00
 0.000E+00 0.000E+00 0.000E+00 0.000E+00
 0.000E+00 0.000E+00 0.000E+00 0.000E+00
      12.869754     -1.404087    0.736640
 6
       4
     2     2     2     2
     0     1     1     1
 1.710E+00 1.625E+00 1.625E+00 1.625E+00
 0.000E+00 0.000E+00 0.000E+00 0.000E+00
 0.000E+00 0.000E+00 0.000E+00 0.000E+00
 0.000E+00 0.000E+00 0.000E+00 0.000E+00
      14.029534     0.946084    0.317648
 6
       4
     2     2     2     2
     0     1     1     1
 1.710E+00 1.625E+00 1.625E+00 1.625E+00
 0.000E+00 0.000E+00 0.000E+00 0.000E+00
 0.000E+00 0.000E+00 0.000E+00 0.000E+00
 0.000E+00 0.000E+00 0.000E+00 0.000E+00
      16.835459     1.309656    0.453066
 6
       4
     2     2     2     2
     0     1     1     1
 1.710E+00 1.625E+00 1.625E+00 1.625E+00
 0.000E+00 0.000E+00 0.000E+00 0.000E+00
 0.000E+00 0.000E+00 0.000E+00 0.000E+00
 0.000E+00 0.000E+00 0.000E+00 0.000E+00
      19.020145     1.486500    0.323780
 6
       4
     2     2     2     2
     0     1     1     1
 1.710E+00 1.625E+00 1.625E+00 1.625E+00
 0.000E+00 0.000E+00 0.000E+00 0.000E+00
 0.000E+00 0.000E+00 0.000E+00 0.000E+00
 0.000E+00 0.000E+00 0.000E+00 0.000E+00
      21.828508     1.312696    0.213467
 6
       4
     2     2     2     2
     0     1     1     1
 1.710E+00 1.625E+00 1.625E+00 1.625E+00
 0.000E+00 0.000E+00 0.000E+00 0.000E+00
 0.000E+00 0.000E+00 0.000E+00 0.000E+00
 0.000E+00 0.000E+00 0.000E+00 0.000E+00
      23.154642     -0.611355    1.492296
 6
       4
     2     2     2     2
     0     1     1     1
 1.710E+00 1.625E+00 1.625E+00 1.625E+00
 0.000E+00 0.000E+00 0.000E+00 0.000E+00
 0.000E+00 0.000E+00 0.000E+00 0.000E+00
 0.000E+00 0.000E+00 0.000E+00 0.000E+00
      23.314553     2.977724    -1.189957
 6
       4
     2     2     2     2
     0     1     1     1
 1.710E+00 1.625E+00 1.625E+00 1.625E+00
 0.000E+00 0.000E+00 0.000E+00 0.000E+00
 0.000E+00 0.000E+00 0.000E+00 0.000E+00
 0.000E+00 0.000E+00 0.000E+00 0.000E+00
      26.040929     2.756770    -1.331100
 6
       4
     2     2     2     2
     0     1     1     1
 1.710E+00 1.625E+00 1.625E+00 1.625E+00
 0.000E+00 0.000E+00 0.000E+00 0.000E+00
 0.000E+00 0.000E+00 0.000E+00 0.000E+00
 0.000E+00 0.000E+00 0.000E+00 0.000E+00
      25.871093     -0.819117    1.434266
 6
       4
     2     2     2     2
     0     1     1     1
 1.710E+00 1.625E+00 1.625E+00 1.625E+00
 0.000E+00 0.000E+00 0.000E+00 0.000E+00
 0.000E+00 0.000E+00 0.000E+00 0.000E+00
 0.000E+00 0.000E+00 0.000E+00 0.000E+00
      27.350033     0.877275    0.014666
 6
       4
     2     2     2     2
     0     1     1     1
 1.710E+00 1.625E+00 1.625E+00 1.625E+00
 0.000E+00 0.000E+00 0.000E+00 0.000E+00
 0.000E+00 0.000E+00 0.000E+00 0.000E+00
 0.000E+00 0.000E+00 0.000E+00 0.000E+00
      30.114842     0.472660    -0.215019
 6
       4
     2     2     2     2
     0     1     1     1
 1.710E+00 1.625E+00 1.625E+00 1.625E+00
 0.000E+00 0.000E+00 0.000E+00 0.000E+00
 0.000E+00 0.000E+00 0.000E+00 0.000E+00
 0.000E+00 0.000E+00 0.000E+00 0.000E+00
      32.317672     0.156976    -0.139891
 6
       4
     2     2     2     2
     0     1     1     1
 1.710E+00 1.625E+00 1.625E+00 1.625E+00
 0.000E+00 0.000E+00 0.000E+00 0.000E+00
 0.000E+00 0.000E+00 0.000E+00 0.000E+00
 0.000E+00 0.000E+00 0.000E+00 0.000E+00
      35.180851     -0.127853    0.014332
 6
       4
     2     2     2     2
     0     1     1     1
 1.710E+00 1.625E+00 1.625E+00 1.625E+00
 0.000E+00 0.000E+00 0.000E+00 0.000E+00
 0.000E+00 0.000E+00 0.000E+00 0.000E+00
 0.000E+00 0.000E+00 0.000E+00 0.000E+00
      36.534280     -2.326674    0.643960
 6
       4
     2     2     2     2
     0     1     1     1
 1.710E+00 1.625E+00 1.625E+00 1.625E+00
 0.000E+00 0.000E+00 0.000E+00 0.000E+00
 0.000E+00 0.000E+00 0.000E+00 0.000E+00
 0.000E+00 0.000E+00 0.000E+00 0.000E+00
      36.538952     2.030027    -0.638752
 6
       4
     2     2     2     2
     0     1     1     1
 1.710E+00 1.625E+00 1.625E+00 1.625E+00
 0.000E+00 0.000E+00 0.000E+00 0.000E+00
 0.000E+00 0.000E+00 0.000E+00 0.000E+00
 0.000E+00 0.000E+00 0.000E+00 0.000E+00
      39.204125     1.959614    -0.596407
 6
       4
     2     2     2     2
     0     1     1     1
 1.710E+00 1.625E+00 1.625E+00 1.625E+00
 0.000E+00 0.000E+00 0.000E+00 0.000E+00
 0.000E+00 0.000E+00 0.000E+00 0.000E+00
 0.000E+00 0.000E+00 0.000E+00 0.000E+00
      39.142975     -2.419203    0.666584
 6
       4
     2     2     2     2
     0     1     1     1
 1.710E+00 1.625E+00 1.625E+00 1.625E+00
 0.000E+00 0.000E+00 0.000E+00 0.000E+00
 0.000E+00 0.000E+00 0.000E+00 0.000E+00
 0.000E+00 0.000E+00 0.000E+00 0.000E+00
      40.528874     -0.242450    0.002712
 6
       4
     2     2     2     2
     0     1     1     1
 1.710E+00 1.625E+00 1.625E+00 1.625E+00
 0.000E+00 0.000E+00 0.000E+00 0.000E+00
 0.000E+00 0.000E+00 0.000E+00 0.000E+00
 0.000E+00 0.000E+00 0.000E+00 0.000E+00
      43.333734     -0.231936    -0.252660
 6
       4
     2     2     2     2
     0     1     1     1
 1.710E+00 1.625E+00 1.625E+00 1.625E+00
 0.000E+00 0.000E+00 0.000E+00 0.000E+00
 0.000E+00 0.000E+00 0.000E+00 0.000E+00
 0.000E+00 0.000E+00 0.000E+00 0.000E+00
      45.492133     -0.615467    -0.319349
 6
       4
     2     2     2     2
     0     1     1     1
 1.710E+00 1.625E+00 1.625E+00 1.625E+00
 0.000E+00 0.000E+00 0.000E+00 0.000E+00
 0.000E+00 0.000E+00 0.000E+00 0.000E+00
 0.000E+00 0.000E+00 0.000E+00 0.000E+00
      48.242747     -0.598714    -0.329617
 6
       4
     2     2     2     2
     0     1     1     1
 1.710E+00 1.625E+00 1.625E+00 1.625E+00
 0.000E+00 0.000E+00 0.000E+00 0.000E+00
 0.000E+00 0.000E+00 0.000E+00 0.000E+00
 0.000E+00 0.000E+00 0.000E+00 0.000E+00
      49.752035     -2.430734    0.871774
 6
       4
     2     2     2     2
     0     1     1     1
 1.710E+00 1.625E+00 1.625E+00 1.625E+00
 0.000E+00 0.000E+00 0.000E+00 0.000E+00
 0.000E+00 0.000E+00 0.000E+00 0.000E+00
 0.000E+00 0.000E+00 0.000E+00 0.000E+00
      49.540567     1.554114    -1.415809
 6
       4
     2     2     2     2
     0     1     1     1
 1.710E+00 1.625E+00 1.625E+00 1.625E+00
 0.000E+00 0.000E+00 0.000E+00 0.000E+00
 0.000E+00 0.000E+00 0.000E+00 0.000E+00
 0.000E+00 0.000E+00 0.000E+00 0.000E+00
      52.087700     1.881234    -1.339459
 6
       4
     2     2     2     2
     0     1     1     1
 1.710E+00 1.625E+00 1.625E+00 1.625E+00
 0.000E+00 0.000E+00 0.000E+00 0.000E+00
 0.000E+00 0.000E+00 0.000E+00 0.000E+00
 0.000E+00 0.000E+00 0.000E+00 0.000E+00
      52.450031     -2.276094    0.768474
 6
       4
     2     2     2     2
     0     1     1     1
 1.710E+00 1.625E+00 1.625E+00 1.625E+00
 0.000E+00 0.000E+00 0.000E+00 0.000E+00
 0.000E+00 0.000E+00 0.000E+00 0.000E+00
 0.000E+00 0.000E+00 0.000E+00 0.000E+00
      53.685246     -0.086158    -0.083246
 6
       4
     2     2     2     2
     0     1     1     1
 1.710E+00 1.625E+00 1.625E+00 1.625E+00
 0.000E+00 0.000E+00 0.000E+00 0.000E+00
 0.000E+00 0.000E+00 0.000E+00 0.000E+00
 0.000E+00 0.000E+00 0.000E+00 0.000E+00
      56.390011     0.194840    -0.064018
 1
       1
     1
     0
 1.300E+00
 0.000E+00
 0.000E+00
 0.000E+00
      -4.805881     1.951752    0.903419
 1
       1
     1
     0
 1.300E+00
 0.000E+00
 0.000E+00
 0.000E+00
      0.024963     2.993014    0.969414
 1
       1
     1
     0
 1.300E+00
 0.000E+00
 0.000E+00
 0.000E+00
      -5.812667     -2.139916    -0.703751
 1
       1
     1
     0
 1.300E+00
 0.000E+00
 0.000E+00
 0.000E+00
      -3.046803     -5.500272    -1.739349
 1
       1
     1
     0
 1.300E+00
 0.000E+00
 0.000E+00
 0.000E+00
      1.538437     -4.661066    -1.275180
 1
       1
     1
     0
 1.300E+00
 0.000E+00
 0.000E+00
 0.000E+00
      8.726430     4.397536    -1.094414
 1
       1
     1
     0
 1.300E+00
 0.000E+00
 0.000E+00
 0.000E+00
      9.416796     -3.617553    1.124837
 1
       1
     1
     0
 1.300E+00
 0.000E+00
 0.000E+00
 0.000E+00
      13.196883     4.945498    -0.768604
 1
       1
     1
     0
 1.300E+00
 0.000E+00
 0.000E+00
 0.000E+00
      14.029375     -3.163101    1.162164
 1
       1
     1
     0
 1.300E+00
 0.000E+00
 0.000E+00
 0.000E+00
      22.345352     4.556407    -2.300757
 1
       1
     1
     0
 1.300E+00
 0.000E+00
 0.000E+00
 0.000E+00
      27.006917     4.077258    -2.631058
 1
       1
     1
     0
 1.300E+00
 0.000E+00
 0.000E+00
 0.000E+00
      22.099399     -2.130696    2.546874
 1
       1
     1
     0
 1.300E+00
 0.000E+00
 0.000E+00
 0.000E+00
      26.858600     -2.341626    2.548656
 1
       1
     1
     0
 1.300E+00
 0.000E+00
 0.000E+00
 0.000E+00
      35.587908     3.804024    -1.170201
 1
       1
     1
     0
 1.300E+00
 0.000E+00
 0.000E+00
 0.000E+00
      35.351809     -4.075103    0.988395
 1
       1
     1
     0
 1.300E+00
 0.000E+00
 0.000E+00
 0.000E+00
      40.272606     3.751206    -1.193761
 1
       1
     1
     0
 1.300E+00
 0.000E+00
 0.000E+00
 0.000E+00
      40.308469     -4.133715    1.228845
 1
       1
     1
     0
 1.300E+00
 0.000E+00
 0.000E+00
 0.000E+00
      48.156471     2.878472    -2.414766
 1
       1
     1
     0
 1.300E+00
 0.000E+00
 0.000E+00
 0.000E+00
      48.864283     -4.212691    1.713517
 1
       1
     1
     0
 1.300E+00
 0.000E+00
 0.000E+00
 0.000E+00
      53.272228     3.581424    -2.011725
 1
       1
     1
     0
 1.300E+00
 0.000E+00
 0.000E+00
 0.000E+00
      53.590668     -3.899845    1.473363
 1
       1
     1
     0
 1.300E+00
 0.000E+00
 0.000E+00
 0.000E+00
      61.624029     4.247072    -1.423903
 1
       1
     1
     0
 1.300E+00
 0.000E+00
 0.000E+00
 0.000E+00
      61.720252     -3.626469    0.990787
 6
       4
     2     2     2     2
     0     1     1     1
 1.710E+00 1.625E+00 1.625E+00 1.625E+00
 0.000E+00 0.000E+00 0.000E+00 0.000E+00
 0.000E+00 0.000E+00 0.000E+00 0.000E+00
 0.000E+00 0.000E+00 0.000E+00 0.000E+00
      69.796024     0.368151    -0.280811
 1
       1
     1
     0
 1.300E+00
 0.000E+00
 0.000E+00
 0.000E+00
      66.380214     4.264335    -1.599560
 1
       1
     1
     0
 1.300E+00
 0.000E+00
 0.000E+00
 0.000E+00
      66.789857     -3.383292    1.079980
 6
       4
     2     2     2     2
     0     1     1     1
 1.710E+00 1.625E+00 1.625E+00 1.625E+00
 0.000E+00 0.000E+00 0.000E+00 0.000E+00
 0.000E+00 0.000E+00 0.000E+00 0.000E+00
 0.000E+00 0.000E+00 0.000E+00 0.000E+00
      58.635523     0.147582    -0.077135
 6
       4
     2     2     2     2
     0     1     1     1
 1.710E+00 1.625E+00 1.625E+00 1.625E+00
 0.000E+00 0.000E+00 0.000E+00 0.000E+00
 0.000E+00 0.000E+00 0.000E+00 0.000E+00
 0.000E+00 0.000E+00 0.000E+00 0.000E+00
      61.433626     0.343174    -0.224224
 6
       4
     2     2     2     2
     0     1     1     1
 1.710E+00 1.625E+00 1.625E+00 1.625E+00
 0.000E+00 0.000E+00 0.000E+00 0.000E+00
 0.000E+00 0.000E+00 0.000E+00 0.000E+00
 0.000E+00 0.000E+00 0.000E+00 0.000E+00
      62.975818     -1.938437    0.541344
 6
       4
     2     2     2     2
     0     1     1     1
 1.710E+00 1.625E+00 1.625E+00 1.625E+00
 0.000E+00 0.000E+00 0.000E+00 0.000E+00
 0.000E+00 0.000E+00 0.000E+00 0.000E+00
 0.000E+00 0.000E+00 0.000E+00 0.000E+00
      62.778799     2.502757    -0.825438
 6
       4
     2     2     2     2
     0     1     1     1
 1.710E+00 1.625E+00 1.625E+00 1.625E+00
 0.000E+00 0.000E+00 0.000E+00 0.000E+00
 0.000E+00 0.000E+00 0.000E+00 0.000E+00
 0.000E+00 0.000E+00 0.000E+00 0.000E+00
      65.486922     2.526155    -0.881145
 6
       4
     2     2     2     2
     0     1     1     1
 1.710E+00 1.625E+00 1.625E+00 1.625E+00
 0.000E+00 0.000E+00 0.000E+00 0.000E+00
 0.000E+00 0.000E+00 0.000E+00 0.000E+00
 0.000E+00 0.000E+00 0.000E+00 0.000E+00
      65.471250     -1.881107    0.486839
 6
       4
     2     2     2     2
     0     1     1     1
 1.710E+00 1.625E+00 1.625E+00 1.625E+00
 0.000E+00 0.000E+00 0.000E+00 0.000E+00
 0.000E+00 0.000E+00 0.000E+00 0.000E+00
 0.000E+00 0.000E+00 0.000E+00 0.000E+00
      66.919769     0.423391    -0.176389
 6
       4
     2     2     2     2
     0     1     1     1
 1.710E+00 1.625E+00 1.625E+00 1.625E+00
 0.000E+00 0.000E+00 0.000E+00 0.000E+00
 0.000E+00 0.000E+00 0.000E+00 0.000E+00
 0.000E+00 0.000E+00 0.000E+00 0.000E+00
      80.071470     -0.181495    0.604724
 6
       4
     2     2     2     2
     0     1     1     1
 1.710E+00 1.625E+00 1.625E+00 1.625E+00
 0.000E+00 0.000E+00 0.000E+00 0.000E+00
 0.000E+00 0.000E+00 0.000E+00 0.000E+00
 0.000E+00 0.000E+00 0.000E+00 0.000E+00
      78.894781     2.138212    0.083841
 6
       4
     2     2     2     2
     0     1     1     1
 1.710E+00 1.625E+00 1.625E+00 1.625E+00
 0.000E+00 0.000E+00 0.000E+00 0.000E+00
 0.000E+00 0.000E+00 0.000E+00 0.000E+00
 0.000E+00 0.000E+00 0.000E+00 0.000E+00
      78.584242     -2.375890    0.954799
 6
       4
     2     2     2     2
     0     1     1     1
 1.710E+00 1.625E+00 1.625E+00 1.625E+00
 0.000E+00 0.000E+00 0.000E+00 0.000E+00
 0.000E+00 0.000E+00 0.000E+00 0.000E+00
 0.000E+00 0.000E+00 0.000E+00 0.000E+00
      76.282813     2.274945    -0.094910
 6
       4
     2     2     2     2
     0     1     1     1
 1.710E+00 1.625E+00 1.625E+00 1.625E+00
 0.000E+00 0.000E+00 0.000E+00 0.000E+00
 0.000E+00 0.000E+00 0.000E+00 0.000E+00
 0.000E+00 0.000E+00 0.000E+00 0.000E+00
      74.756717     0.042111    0.253516
 6
       4
     2     2     2     2
     0     1     1     1
 1.710E+00 1.625E+00 1.625E+00 1.625E+00
 0.000E+00 0.000E+00 0.000E+00 0.000E+00
 0.000E+00 0.000E+00 0.000E+00 0.000E+00
 0.000E+00 0.000E+00 0.000E+00 0.000E+00
      75.963663     -2.222191    0.809349
 6
       4
     2     2     2     2
     0     1     1     1
 1.710E+00 1.625E+00 1.625E+00 1.625E+00
 0.000E+00 0.000E+00 0.000E+00 0.000E+00
 0.000E+00 0.000E+00 0.000E+00 0.000E+00
 0.000E+00 0.000E+00 0.000E+00 0.000E+00
      82.884049     -0.184093    0.615348
 6
       4
     2     2     2     2
     0     1     1     1
 1.710E+00 1.625E+00 1.625E+00 1.625E+00
 0.000E+00 0.000E+00 0.000E+00 0.000E+00
 0.000E+00 0.000E+00 0.000E+00 0.000E+00
 0.000E+00 0.000E+00 0.000E+00 0.000E+00
      85.078656     -0.138806    0.421396
 6
       4
     2     2     2     2
     0     1     1     1
 1.710E+00 1.625E+00 1.625E+00 1.625E+00
 0.000E+00 0.000E+00 0.000E+00 0.000E+00
 0.000E+00 0.000E+00 0.000E+00 0.000E+00
 0.000E+00 0.000E+00 0.000E+00 0.000E+00
      87.831883     0.074234    0.004220
 6
       4
     2     2     2     2
     0     1     1     1
 1.710E+00 1.625E+00 1.625E+00 1.625E+00
 0.000E+00 0.000E+00 0.000E+00 0.000E+00
 0.000E+00 0.000E+00 0.000E+00 0.000E+00
 0.000E+00 0.000E+00 0.000E+00 0.000E+00
      89.068000     2.312994    -0.816415
 6
       4
     2     2     2     2
     0     1     1     1
 1.710E+00 1.625E+00 1.625E+00 1.625E+00
 0.000E+00 0.000E+00 0.000E+00 0.000E+00
 0.000E+00 0.000E+00 0.000E+00 0.000E+00
 0.000E+00 0.000E+00 0.000E+00 0.000E+00
      89.299757     -2.091929    0.587204
 6
       4
     2     2     2     2
     0     1     1     1
 1.710E+00 1.625E+00 1.625E+00 1.625E+00
 0.000E+00 0.000E+00 0.000E+00 0.000E+00
 0.000E+00 0.000E+00 0.000E+00 0.000E+00
 0.000E+00 0.000E+00 0.000E+00 0.000E+00
      91.756706     2.348068    -0.967028
 6
       4
     2     2     2     2
     0     1     1     1
 1.710E+00 1.625E+00 1.625E+00 1.625E+00
 0.000E+00 0.000E+00 0.000E+00 0.000E+00
 0.000E+00 0.000E+00 0.000E+00 0.000E+00
 0.000E+00 0.000E+00 0.000E+00 0.000E+00
      91.929804     -1.958223    0.557921
 6
       4
     2     2     2     2
     0     1     1     1
 1.710E+00 1.625E+00 1.625E+00 1.625E+00
 0.000E+00 0.000E+00 0.000E+00 0.000E+00
 0.000E+00 0.000E+00 0.000E+00 0.000E+00
 0.000E+00 0.000E+00 0.000E+00 0.000E+00
      93.221271     0.257124    -0.102769
 6
       4
     2     2     2     2
     0     1     1     1
 1.710E+00 1.625E+00 1.625E+00 1.625E+00
 0.000E+00 0.000E+00 0.000E+00 0.000E+00
 0.000E+00 0.000E+00 0.000E+00 0.000E+00
 0.000E+00 0.000E+00 0.000E+00 0.000E+00
      96.060296     0.278861    -0.241807
 6
       4
     2     2     2     2
     0     1     1     1
 1.710E+00 1.625E+00 1.625E+00 1.625E+00
 0.000E+00 0.000E+00 0.000E+00 0.000E+00
 0.000E+00 0.000E+00 0.000E+00 0.000E+00
 0.000E+00 0.000E+00 0.000E+00 0.000E+00
      98.264092     0.395703    -0.235329
 6
       4
     2     2     2     2
     0     1     1     1
 1.710E+00 1.625E+00 1.625E+00 1.625E+00
 0.000E+00 0.000E+00 0.000E+00 0.000E+00
 0.000E+00 0.000E+00 0.000E+00 0.000E+00
 0.000E+00 0.000E+00 0.000E+00 0.000E+00
      101.077839     0.508805    -0.082007
 6
       4
     2     2     2     2
     0     1     1     1
 1.710E+00 1.625E+00 1.625E+00 1.625E+00
 0.000E+00 0.000E+00 0.000E+00 0.000E+00
 0.000E+00 0.000E+00 0.000E+00 0.000E+00
 0.000E+00 0.000E+00 0.000E+00 0.000E+00
      102.484506     -1.633802    0.722335
 6
       4
     2     2     2     2
     0     1     1     1
 1.710E+00 1.625E+00 1.625E+00 1.625E+00
 0.000E+00 0.000E+00 0.000E+00 0.000E+00
 0.000E+00 0.000E+00 0.000E+00 0.000E+00
 0.000E+00 0.000E+00 0.000E+00 0.000E+00
      102.416506     2.734726    -0.780200
 6
       4
     2     2     2     2
     0     1     1     1
 1.710E+00 1.625E+00 1.625E+00 1.625E+00
 0.000E+00 0.000E+00 0.000E+00 0.000E+00
 0.000E+00 0.000E+00 0.000E+00 0.000E+00
 0.000E+00 0.000E+00 0.000E+00 0.000E+00
      104.950583     3.016120    -0.416019
 6
       4
     2     2     2     2
     0     1     1     1
 1.710E+00 1.625E+00 1.625E+00 1.625E+00
 0.000E+00 0.000E+00 0.000E+00 0.000E+00
 0.000E+00 0.000E+00 0.000E+00 0.000E+00
 0.000E+00 0.000E+00 0.000E+00 0.000E+00
      105.141793     -1.444939    0.968568
 6
       4
     2     2     2     2
     0     1     1     1
 1.710E+00 1.625E+00 1.625E+00 1.625E+00
 0.000E+00 0.000E+00 0.000E+00 0.000E+00
 0.000E+00 0.000E+00 0.000E+00 0.000E+00
 0.000E+00 0.000E+00 0.000E+00 0.000E+00
      106.444404     0.847631    0.325545
 6
       4
     2     2     2     2
     0     1     1     1
 1.710E+00 1.625E+00 1.625E+00 1.625E+00
 0.000E+00 0.000E+00 0.000E+00 0.000E+00
 0.000E+00 0.000E+00 0.000E+00 0.000E+00
 0.000E+00 0.000E+00 0.000E+00 0.000E+00
      109.250642     0.989831    0.230280
 6
       4
     2     2     2     2
     0     1     1     1
 1.710E+00 1.625E+00 1.625E+00 1.625E+00
 0.000E+00 0.000E+00 0.000E+00 0.000E+00
 0.000E+00 0.000E+00 0.000E+00 0.000E+00
 0.000E+00 0.000E+00 0.000E+00 0.000E+00
      111.469947     1.013965    0.121844
 6
       4
     2     2     2     2
     0     1     1     1
 1.710E+00 1.625E+00 1.625E+00 1.625E+00
 0.000E+00 0.000E+00 0.000E+00 0.000E+00
 0.000E+00 0.000E+00 0.000E+00 0.000E+00
 0.000E+00 0.000E+00 0.000E+00 0.000E+00
      114.335378     0.813826    -0.172800
 6
       4
     2     2     2     2
     0     1     1     1
 1.710E+00 1.625E+00 1.625E+00 1.625E+00
 0.000E+00 0.000E+00 0.000E+00 0.000E+00
 0.000E+00 0.000E+00 0.000E+00 0.000E+00
 0.000E+00 0.000E+00 0.000E+00 0.000E+00
      115.507422     -1.483176    -0.737976
 6
       4
     2     2     2     2
     0     1     1     1
 1.710E+00 1.625E+00 1.625E+00 1.625E+00
 0.000E+00 0.000E+00 0.000E+00 0.000E+00
 0.000E+00 0.000E+00 0.000E+00 0.000E+00
 0.000E+00 0.000E+00 0.000E+00 0.000E+00
      115.893357     2.915653    0.403691
 6
       4
     2     2     2     2
     0     1     1     1
 1.710E+00 1.625E+00 1.625E+00 1.625E+00
 0.000E+00 0.000E+00 0.000E+00 0.000E+00
 0.000E+00 0.000E+00 0.000E+00 0.000E+00
 0.000E+00 0.000E+00 0.000E+00 0.000E+00
      118.497218     2.706704    0.556972
 6
       4
     2     2     2     2
     0     1     1     1
 1.710E+00 1.625E+00 1.625E+00 1.625E+00
 0.000E+00 0.000E+00 0.000E+00 0.000E+00
 0.000E+00 0.000E+00 0.000E+00 0.000E+00
 0.000E+00 0.000E+00 0.000E+00 0.000E+00
      118.164691     -1.769696    -0.513567
 6
       4
     2     2     2     2
     0     1     1     1
 1.710E+00 1.625E+00 1.625E+00 1.625E+00
 0.000E+00 0.000E+00 0.000E+00 0.000E+00
 0.000E+00 0.000E+00 0.000E+00 0.000E+00
 0.000E+00 0.000E+00 0.000E+00 0.000E+00
      119.723358     0.408731    0.064948
 6
       4
     2     2     2     2
     0     1     1     1
 1.710E+00 1.625E+00 1.625E+00 1.625E+00
 0.000E+00 0.000E+00 0.000E+00 0.000E+00
 0.000E+00 0.000E+00 0.000E+00 0.000E+00
 0.000E+00 0.000E+00 0.000E+00 0.000E+00
      122.521327     0.136232    0.039282
 6
       4
     2     2     2     2
     0     1     1     1
 1.710E+00 1.625E+00 1.625E+00 1.625E+00
 0.000E+00 0.000E+00 0.000E+00 0.000E+00
 0.000E+00 0.000E+00 0.000E+00 0.000E+00
 0.000E+00 0.000E+00 0.000E+00 0.000E+00
      124.754430     0.110033    -0.034019
 6
       4
     2     2     2     2
     0     1     1     1
 1.710E+00 1.625E+00 1.625E+00 1.625E+00
 0.000E+00 0.000E+00 0.000E+00 0.000E+00
 0.000E+00 0.000E+00 0.000E+00 0.000E+00
 0.000E+00 0.000E+00 0.000E+00 0.000E+00
      127.475354     -0.007068    -0.146618
 6
       4
     2     2     2     2
     0     1     1     1
 1.710E+00 1.625E+00 1.625E+00 1.625E+00
 0.000E+00 0.000E+00 0.000E+00 0.000E+00
 0.000E+00 0.000E+00 0.000E+00 0.000E+00
 0.000E+00 0.000E+00 0.000E+00 0.000E+00
      128.680625     -2.304988    -0.943287
 6
       4
     2     2     2     2
     0     1     1     1
 1.710E+00 1.625E+00 1.625E+00 1.625E+00
 0.000E+00 0.000E+00 0.000E+00 0.000E+00
 0.000E+00 0.000E+00 0.000E+00 0.000E+00
 0.000E+00 0.000E+00 0.000E+00 0.000E+00
      128.983244     2.062933    0.652536
 6
       4
     2     2     2     2
     0     1     1     1
 1.710E+00 1.625E+00 1.625E+00 1.625E+00
 0.000E+00 0.000E+00 0.000E+00 0.000E+00
 0.000E+00 0.000E+00 0.000E+00 0.000E+00
 0.000E+00 0.000E+00 0.000E+00 0.000E+00
      131.618495     1.811686    0.814360
 6
       4
     2     2     2     2
     0     1     1     1
 1.710E+00 1.625E+00 1.625E+00 1.625E+00
 0.000E+00 0.000E+00 0.000E+00 0.000E+00
 0.000E+00 0.000E+00 0.000E+00 0.000E+00
 0.000E+00 0.000E+00 0.000E+00 0.000E+00
      131.274979     -2.539727    -0.828063
 6
       4
     2     2     2     2
     0     1     1     1
 1.710E+00 1.625E+00 1.625E+00 1.625E+00
 0.000E+00 0.000E+00 0.000E+00 0.000E+00
 0.000E+00 0.000E+00 0.000E+00 0.000E+00
 0.000E+00 0.000E+00 0.000E+00 0.000E+00
      132.748789     -0.483783    0.052856
 6
       4
     2     2     2     2
     0     1     1     1
 1.710E+00 1.625E+00 1.625E+00 1.625E+00
 0.000E+00 0.000E+00 0.000E+00 0.000E+00
 0.000E+00 0.000E+00 0.000E+00 0.000E+00
 0.000E+00 0.000E+00 0.000E+00 0.000E+00
      135.440309     -0.814200    0.315199
 1
       1
     1
     0
 1.300E+00
 0.000E+00
 0.000E+00
 0.000E+00
      75.362076     4.105543    -0.454292
 1
       1
     1
     0
 1.300E+00
 0.000E+00
 0.000E+00
 0.000E+00
      79.996725     3.934806    -0.322879
 6
       4
     2     2     2     2
     0     1     1     1
 1.710E+00 1.625E+00 1.625E+00 1.625E+00
 0.000E+00 0.000E+00 0.000E+00 0.000E+00
 0.000E+00 0.000E+00 0.000E+00 0.000E+00
 0.000E+00 0.000E+00 0.000E+00 0.000E+00
      71.955554     0.300846    -0.005061
 1
       1
     1
     0
 1.300E+00
 0.000E+00
 0.000E+00
 0.000E+00
      74.773071     -3.944098    1.000102
 1
       1
     1
     0
 1.300E+00
 0.000E+00
 0.000E+00
 0.000E+00
      79.744014     -4.158104    1.528046
 1
       1
     1
     0
 1.300E+00
 0.000E+00
 0.000E+00
 0.000E+00
      87.850011     3.970084    -1.357978
 1
       1
     1
     0
 1.300E+00
 0.000E+00
 0.000E+00
 0.000E+00
      88.296270     -3.883090    1.115311
 1
       1
     1
     0
 1.300E+00
 0.000E+00
 0.000E+00
 0.000E+00
      92.799031     4.109268    -1.638009
 1
       1
     1
     0
 1.300E+00
 0.000E+00
 0.000E+00
 0.000E+00
      93.154411     -3.590786    1.177452
 1
       1
     1
     0
 1.300E+00
 0.000E+00
 0.000E+00
 0.000E+00
      101.176827     4.343851    -1.459991
 1
       1
     1
     0
 1.300E+00
 0.000E+00
 0.000E+00
 0.000E+00
      106.180948     4.715985    -0.828246
 1
       1
     1
     0
 1.300E+00
 0.000E+00
 0.000E+00
 0.000E+00
      101.509345     -3.475648    1.199694
 1
       1
     1
     0
 1.300E+00
 0.000E+00
 0.000E+00
 0.000E+00
      106.251441     -3.159337    1.604324
 1
       1
     1
     0
 1.300E+00
 0.000E+00
 0.000E+00
 0.000E+00
      114.931252     4.787967    0.765655
 1
       1
     1
     0
 1.300E+00
 0.000E+00
 0.000E+00
 0.000E+00
      114.414318     -3.282373    -1.200802
 1
       1
     1
     0
 1.300E+00
 0.000E+00
 0.000E+00
 0.000E+00
      119.692077     4.356829    1.158213
 1
       1
     1
     0
 1.300E+00
 0.000E+00
 0.000E+00
 0.000E+00
      118.970270     -3.721934    -0.913647
 1
       1
     1
     0
 1.300E+00
 0.000E+00
 0.000E+00
 0.000E+00
      128.164119     3.895492    1.380912
 1
       1
     1
     0
 1.300E+00
 0.000E+00
 0.000E+00
 0.000E+00
      127.389509     -3.848242    -1.699423
 1
       1
     1
     0
 1.300E+00
 0.000E+00
 0.000E+00
 0.000E+00
      132.764633     3.389505    1.561758
 1
       1
     1
     0
 1.300E+00
 0.000E+00
 0.000E+00
 0.000E+00
      132.396567     -4.325908    -1.355842
 1
       1
     1
     0
 1.300E+00
 0.000E+00
 0.000E+00
 0.000E+00
      140.963171     1.792651    3.148327
 1
       1
     1
     0
 1.300E+00
 0.000E+00
 0.000E+00
 0.000E+00
      140.944151     -4.623364    -2.300331
 1
       1
     1
     0
 1.300E+00
 0.000E+00
 0.000E+00
 0.000E+00
      147.733558     -1.329097    0.183211
 1
       1
     1
     0
 1.300E+00
 0.000E+00
 0.000E+00
 0.000E+00
      145.340952     1.846376    3.120830
 1
       1
     1
     0
 1.300E+00
 0.000E+00
 0.000E+00
 0.000E+00
      145.344521     -4.639746    -2.339462
 6
       4
     2     2     2     2
     0     1     1     1
 1.710E+00 1.625E+00 1.625E+00 1.625E+00
 0.000E+00 0.000E+00 0.000E+00 0.000E+00
 0.000E+00 0.000E+00 0.000E+00 0.000E+00
 0.000E+00 0.000E+00 0.000E+00 0.000E+00
      137.585720     -1.082208    0.402198
 6
       4
     2     2     2     2
     0     1     1     1
 1.710E+00 1.625E+00 1.625E+00 1.625E+00
 0.000E+00 0.000E+00 0.000E+00 0.000E+00
 0.000E+00 0.000E+00 0.000E+00 0.000E+00
 0.000E+00 0.000E+00 0.000E+00 0.000E+00
      140.448893     -1.230981    0.395344
 6
       4
     2     2     2     2
     0     1     1     1
 1.710E+00 1.625E+00 1.625E+00 1.625E+00
 0.000E+00 0.000E+00 0.000E+00 0.000E+00
 0.000E+00 0.000E+00 0.000E+00 0.000E+00
 0.000E+00 0.000E+00 0.000E+00 0.000E+00
      141.798536     -3.071394    -1.144641
 6
       4
     2     2     2     2
     0     1     1     1
 1.710E+00 1.625E+00 1.625E+00 1.625E+00
 0.000E+00 0.000E+00 0.000E+00 0.000E+00
 0.000E+00 0.000E+00 0.000E+00 0.000E+00
 0.000E+00 0.000E+00 0.000E+00 0.000E+00
      141.833320     0.410454    1.865976
 6
       4
     2     2     2     2
     0     1     1     1
 1.710E+00 1.625E+00 1.625E+00 1.625E+00
 0.000E+00 0.000E+00 0.000E+00 0.000E+00
 0.000E+00 0.000E+00 0.000E+00 0.000E+00
 0.000E+00 0.000E+00 0.000E+00 0.000E+00
      144.523898     0.394962    1.687045
 6
       4
     2     2     2     2
     0     1     1     1
 1.710E+00 1.625E+00 1.625E+00 1.625E+00
 0.000E+00 0.000E+00 0.000E+00 0.000E+00
 0.000E+00 0.000E+00 0.000E+00 0.000E+00
 0.000E+00 0.000E+00 0.000E+00 0.000E+00
      144.469720     -3.015910    -1.211409
 6
       4
     2     2     2     2
     0     1     1     1
 1.710E+00 1.625E+00 1.625E+00 1.625E+00
 0.000E+00 0.000E+00 0.000E+00 0.000E+00
 0.000E+00 0.000E+00 0.000E+00 0.000E+00
 0.000E+00 0.000E+00 0.000E+00 0.000E+00
      145.737717     -1.240220    0.230473
# LCAO coefficients .. are not included.
         1
        1        -0.000000310862311   k=         1
        2        0.000388313305911   k=         1
        3        -0.002619394288718   k=         1
        4        0.016269880538276   k=         1
        5        0.000615278270878   k=         1
        6        0.003187650600238   k=         1
        7        -0.006006741240687   k=         1
        8        0.016140321872057   k=         1
        9        -0.000789528546240   k=         1
        10        -0.000679529917419   k=         1
        11        -0.004941595571362   k=         1
        12        0.008771064902262   k=         1
        13        -0.000241609877855   k=         1
        14        -0.001031655750094   k=         1
        15        0.001240252007832   k=         1
        16        -0.003496896557476   k=         1
        17        -0.000176724298961   k=         1
        18        0.002088034744077   k=         1
        19        0.006230892611774   k=         1
        20        -0.018424601055418   k=         1
        21        0.000302104971159   k=         1
        22        0.000056426397764   k=         1
        23        0.003915679173029   k=         1
        24        -0.008289564062489   k=         1
        25        -0.000910388896046   k=         1
        26        0.000302063142060   k=         1
        27        -0.003538765317312   k=         1
        28        -0.019807527134470   k=         1
        29        0.000930745433196   k=         1
        30        0.000154221948324   k=         1
        31        0.000012177590084   k=         1
        32        -0.016297084060864   k=         1
        33        -0.000286629909417   k=         1
        34        -0.001650170158650   k=         1
        35        0.005999721846557   k=         1
        36        0.023734854187957   k=         1
        37        -0.000003830017542   k=         1
        38        0.000362149012971   k=         1
        39        0.004309472844623   k=         1
        40        0.013841738817368   k=         1
        41        0.000556482502868   k=         1
        42        -0.000943874632464   k=         1
        43        0.004646266906511   k=         1
        44        0.014442459349576   k=         1
        45        0.000028866750570   k=         1
        46        -0.000019657999078   k=         1
        47        -0.002837119527431   k=         1
        48        -0.015503638721112   k=         1
        49        0.000303539212334   k=         1
        50        0.001028740775812   k=         1
        51        -0.002350514458272   k=         1
        52        -0.015399835220716   k=         1
        53        -0.000264414726402   k=         1
        54        0.004618571004568   k=         1
        55        -0.007134318432449   k=         1
        56        -0.024182094769283   k=         1
        57        0.000704735973055   k=         1
        58        -0.002412867898714   k=         1
        59        0.008045296385764   k=         1
        60        0.015592646265830   k=         1
        61        0.000099250742778   k=         1
        62        0.002812332583745   k=         1
        63        0.007597435428339   k=         1
        64        0.018750510801721   k=         1
        65        0.000280522479393   k=         1
        66        -0.003120334303085   k=         1
        67        -0.009694275586857   k=         1
        68        -0.015134352804161   k=         1
        69        -0.000359805014347   k=         1
        70        0.001411617749777   k=         1
        71        -0.009241155822158   k=         1
        72        -0.011274218544359   k=         1
        73        0.000366289751389   k=         1
        74        -0.000728139056339   k=         1
        75        -0.009081067933307   k=         1
        76        -0.010778842099996   k=         1
        77        -0.000030996021046   k=         1
        78        0.000173040095407   k=         1
        79        0.007590312298416   k=         1
        80        0.007919800314550   k=         1
        81        0.000290603634667   k=         1
        82        -0.000890734850640   k=         1
        83        0.006091856234812   k=         1
        84        0.007678833068136   k=         1
        85        0.000365574341619   k=         1
        86        0.003768292260775   k=         1
        87        0.011944336680704   k=         1
        88        0.016063232513090   k=         1
        89        0.000584997676762   k=         1
        90        -0.001955778858386   k=         1
        91        -0.004476389368897   k=         1
        92        -0.006645645771814   k=         1
        93        -0.000118520322630   k=         1
        94        -0.000102574689353   k=         1
        95        -0.009220115961981   k=         1
        96        -0.012448299108030   k=         1
        97        0.000228566516319   k=         1
        98        -0.000587259899594   k=         1
        99        0.001820884777465   k=         1
        100        0.002555439109029   k=         1
        101        -0.000198716903552   k=         1
        102        0.000715255441836   k=         1
        103        0.000695622770749   k=         1
        104        0.007188393181948   k=         1
        105        0.000235147756572   k=         1
        106        -0.001083054321541   k=         1
        107        0.001547554755903   k=         1
        108        0.008040018792344   k=         1
        109        0.000273470991634   k=         1
        110        0.000772890878069   k=         1
        111        0.000333079822160   k=         1
        112        0.002965932785033   k=         1
        113        -0.000266605755612   k=         1
        114        -0.001049986971391   k=         1
        115        -0.000262105761376   k=         1
        116        0.002129113714781   k=         1
        117        0.000117401796033   k=         1
        118        -0.000197848934884   k=         1
        119        -0.001738773388183   k=         1
        120        -0.008163016217113   k=         1
        121        -0.000602645197425   k=         1
        122        -0.002412052806634   k=         1
        123        -0.009154342280897   k=         1
        124        -0.012598138558400   k=         1
        125        0.000315147148020   k=         1
        126        0.000463292509741   k=         1
        127        -0.001573569961815   k=         1
        128        0.001493277359950   k=         1
        129        -0.000763426043428   k=         1
        130        -0.002053705400945   k=         1
        131        0.016411739805710   k=         1
        132        0.025414249584593   k=         1
        133        0.000365851054739   k=         1
        134        0.001167999522241   k=         1
        135        0.003203273355319   k=         1
        136        0.007081654745537   k=         1
        137        0.000066662189291   k=         1
        138        -0.001765051106075   k=         1
        139        0.002738882491377   k=         1
        140        0.005878332865118   k=         1
        141        0.000660244860333   k=         1
        142        0.004135104729427   k=         1
        143        -0.011200306684318   k=         1
        144        -0.019076169184834   k=         1
        145        0.000102374844124   k=         1
        146        -0.001488984454744   k=         1
        147        -0.012110403400133   k=         1
        148        -0.026921299502310   k=         1
        149        -0.000477510175742   k=         1
        150        0.002374846917095   k=         1
        151        -0.008143827737025   k=         1
        152        -0.019248549157740   k=         1
        153        0.000726279763649   k=         1
        154        -0.001124581411681   k=         1
        155        0.011453510119522   k=         1
        156        0.041875921706095   k=         1
        157        0.001408244789134   k=         1
        158        -0.000477042899363   k=         1
        159        -0.000432446746384   k=         1
        160        -0.000756396965650   k=         1
        161        0.000899079075061   k=         1
        162        -0.000608303389804   k=         1
        163        0.000179854884431   k=         1
        164        -0.000394696495205   k=         1
        165        -0.000595644380525   k=         1
        166        -0.000965632585600   k=         1
        167        0.000043665121251   k=         1
        168        -0.000214287733797   k=         1
        169        -0.000946585700306   k=         1
        170        0.000053029923799   k=         1
        171        -0.000082958591083   k=         1
        172        0.000303991311419   k=         1
        173        -0.000327816062380   k=         1
        174        0.000284091242876   k=         1
        175        0.000393019283181   k=         1
        176        0.000024008197273   k=         1
        177        -0.000734305743694   k=         1
        178        -0.002111431877981   k=         1
        179        0.001823689714487   k=         1
        180        0.003218354537459   k=         1
        181        0.001311036897926   k=         1
        182        -0.012728441796037   k=         1
        183        -0.064731251559579   k=         1
        184        0.001016304868944   k=         1
        185        -0.001885647600989   k=         1
        186        -0.000048460911435   k=         1
        187        0.001599933271955   k=         1
        188        0.008405993753328   k=         1
        189        0.025742333161092   k=         1
        190        0.001508661233105   k=         1
        191        -0.001563947308799   k=         1
        192        -0.016225068593983   k=         1
        193        -0.061250520411695   k=         1
        194        -0.000633960002112   k=         1
        195        0.001706313700690   k=         1
        196        -0.009482521244790   k=         1
        197        -0.025662616359965   k=         1
        198        -0.000356943074650   k=         1
        199        0.001188125003062   k=         1
        200        -0.010188234876510   k=         1
        201        -0.031009051640491   k=         1
        202        -0.000302524786400   k=         1
        203        -0.000613340113458   k=         1
        204        0.021179445340618   k=         1
        205        0.049483047273757   k=         1
        206        0.000463704420946   k=         1
        207        -0.000108936877213   k=         1
        208        0.012675561310611   k=         1
        209        0.027673599687774   k=         1
        210        0.001379881261285   k=         1
        211        0.002426198002833   k=         1
        212        0.014098160934560   k=         1
        213        0.055968446103019   k=         1
        214        0.000440689594863   k=         1
        215        0.007227727082282   k=         1
        216        -0.016835759219809   k=         1
        217        -0.085790160730318   k=         1
        218        -0.000021747061083   k=         1
        219        0.000051070609820   k=         1
        220        -0.013050667851894   k=         1
        221        -0.055428861711784   k=         1
        222        0.001844829911094   k=         1
        223        0.003503990199169   k=         1
        224        -0.016716049637439   k=         1
        225        -0.069856795264211   k=         1
        226        0.000026500685506   k=         1
        227        -0.000188926193484   k=         1
        228        0.009784432776184   k=         1
        229        0.051667059962345   k=         1
        230        0.000471164116093   k=         1
        231        -0.010578203129622   k=         1
        232        0.018864499970379   k=         1
        233        0.093902708815557   k=         1
        234        0.000158480119059   k=         1
        235        -0.001415241639560   k=         1
        236        0.007092545946716   k=         1
        237        0.044697977412361   k=         1
        238        0.000975363085978   k=         1
        239        -0.000275726500563   k=         1
        240        0.022292878961812   k=         1
        241        0.090282626234216   k=         1
        242        0.002894146206962   k=         1
        243        0.017458968038264   k=         1
        244        0.017207252851892   k=         1
        245        0.076007318409953   k=         1
        246        0.001334616924156   k=         1
        247        -0.021249162211984   k=         1
        248        -0.032725691023197   k=         1
        249        -0.112152159561856   k=         1
        250        -0.000327735334388   k=         1
        251        0.000355696486868   k=         1
        252        -0.022093932099963   k=         1
        253        -0.064541070573232   k=         1
        254        -0.000502678962960   k=         1
        255        0.008423177958091   k=         1
        256        -0.023938219244915   k=         1
        257        -0.068812621395877   k=         1
        258        -0.000715482471307   k=         1
        259        -0.003549907150849   k=         1
        260        0.030999065740899   k=         1
        261        0.074221795324338   k=         1
        262        0.000940304214493   k=         1
        263        -0.009860439195592   k=         1
        264        0.021304812388875   k=         1
        265        0.066814513803102   k=         1
        266        0.003337760631238   k=         1
        267        0.001728616919269   k=         1
        268        0.038709443551028   k=         1
        269        0.107224389370727   k=         1
        270        0.003189686500442   k=         1
        271        -0.004680674731497   k=         1
        272        -0.035151976385172   k=         1
        273        -0.097038868442343   k=         1
        274        -0.002315256319675   k=         1
        275        0.000746283750176   k=         1
        276        -0.032376636457877   k=         1
        277        -0.088428042745784   k=         1
        278        0.002679859509096   k=         1
        279        -0.008454614560944   k=         1
        280        0.043157924988438   k=         1
        281        0.124852819260431   k=         1
        282        -0.000675693923005   k=         1
        283        -0.011927849608785   k=         1
        284        0.025610607292653   k=         1
        285        0.079287898200098   k=         1
        286        -0.003464866829924   k=         1
        287        -0.018255847064798   k=         1
        288        0.023728654503554   k=         1
        289        0.068686889999592   k=         1
        290        0.000094432612785   k=         1
        291        0.021397659024826   k=         1
        292        -0.029642920653339   k=         1
        293        -0.068483478774605   k=         1
        294        -0.003074656844372   k=         1
        295        0.007767041156276   k=         1
        296        -0.030248972054168   k=         1
        297        -0.077956516880910   k=         1
        298        0.001788431191604   k=         1
        299        0.000546643102835   k=         1
        300        -0.032967530180346   k=         1
        301        -0.132836212154008   k=         1
        302        -0.004561089693281   k=         1
        303        0.007416750878376   k=         1
        304        -0.005776442187293   k=         1
        305        0.089956796782050   k=         1
        306        0.006523084030510   k=         1
        307        0.016893105788841   k=         1
        308        0.016512259821652   k=         1
        309        0.102735403322640   k=         1
        310        0.000057771024698   k=         1
        311        -0.010453876516223   k=         1
        312        0.022833612660796   k=         1
        313        -0.110263334640184   k=         1
        314        0.003933657591707   k=         1
        315        0.007597314832937   k=         1
        316        0.018878910198924   k=         1
        317        -0.059389441159014   k=         1
        318        -0.002418025481475   k=         1
        319        0.018771678987069   k=         1
        320        0.025070895569228   k=         1
        321        -0.072085202958046   k=         1
        322        0.001375317700212   k=         1
        323        -0.015477225634663   k=         1
        324        -0.015225854256329   k=         1
        325        0.059439162275119   k=         1
        326        0.001509970949387   k=         1
        327        -0.014794599898074   k=         1
        328        -0.019418500071286   k=         1
        329        0.078656080218592   k=         1
        330        -0.000805367639815   k=         1
        331        -0.000385766023544   k=         1
        332        -0.025152868683984   k=         1
        333        0.112074403215357   k=         1
        334        0.002330765376975   k=         1
        335        -0.005752473877778   k=         1
        336        0.025152033679079   k=         1
        337        -0.083645265236441   k=         1
        338        -0.001540976892261   k=         1
        339        -0.005359699474655   k=         1
        340        0.022953956063736   k=         1
        341        -0.090056308608094   k=         1
        342        0.000205351028015   k=         1
        343        0.002261274283692   k=         1
        344        -0.027526123458405   k=         1
        345        0.086282148614283   k=         1
        346        0.000272414360476   k=         1
        347        -0.004144531693202   k=         1
        348        -0.027766634267787   k=         1
        349        0.064042793690253   k=         1
        350        0.000524389476266   k=         1
        351        -0.007300121670011   k=         1
        352        -0.029935677775927   k=         1
        353        0.065591796036925   k=         1
        354        -0.000873416021141   k=         1
        355        0.006533103457740   k=         1
        356        0.018409784291466   k=         1
        357        -0.044346841478148   k=         1
        358        -0.000668672843900   k=         1
        359        0.003896797619931   k=         1
        360        0.014368201383731   k=         1
        361        -0.041011860610231   k=         1
        362        0.001489186955951   k=         1
        363        0.013948605335253   k=         1
        364        0.033229305968984   k=         1
        365        -0.094870664203985   k=         1
        366        0.000238845741142   k=         1
        367        -0.005123055589428   k=         1
        368        -0.014565992968818   k=         1
        369        0.031675402674699   k=         1
        370        -0.000597667270437   k=         1
        371        -0.001177459319913   k=         1
        372        -0.000930936782512   k=         1
        373        0.008004850480665   k=         1
        374        -0.011407241952481   k=         1
        375        -0.047255205623693   k=         1
        376        -0.001251510209645   k=         1
        377        -0.000851331246073   k=         1
        378        -0.004933884798024   k=         1
        379        -0.003367371595775   k=         1
        380        0.000013487057000   k=         1
        381        -0.002283494768832   k=         1
        382        0.006606159834001   k=         1
        383        0.001701243459331   k=         1
        384        0.000351112767000   k=         1
        385        0.004818640429964   k=         1
        386        -0.002708458338280   k=         1
        387        -0.005897356773342   k=         1
        388        -0.006868051079716   k=         1
        389        -0.000524569853241   k=         1
        390        -0.000283909067852   k=         1
        391        0.001927511241383   k=         1
        392        0.001801047765465   k=         1
        393        -0.001843543760291   k=         1
        394        0.001344842085592   k=         1
        395        -0.000462837144743   k=         1
        396        -0.000391601999752   k=         1
        397        -0.001415897441759   k=         1
        398        0.002084703222577   k=         1
        399        0.000148454121025   k=         1
        400        -0.003679551979564   k=         1
        401        -0.025028335985272   k=         1
        402        0.065417724584540   k=         1
        403        0.000313706423694   k=         1
        404        0.000319881277246   k=         1
        405        0.014564065255298   k=         1
        406        -0.022596924534590   k=         1
        407        0.001846760257651   k=         1
        408        -0.005652309714209   k=         1
        409        0.023068488650611   k=         1
        410        -0.022050416266568   k=         1
        411        -0.001663034041035   k=         1
        412        0.000801911008743   k=         1
        413        0.026442190358952   k=         1
        414        -0.024257701757485   k=         1
        415        0.000196084034742   k=         1
        416        -0.000243041029853   k=         1
        417        -0.007245546040261   k=         1
        418        0.006759004073625   k=         1
        419        -0.000675059777928   k=         1
        420        0.001835755557542   k=         1
        421        -0.005148292209879   k=         1
        422        0.006028013864037   k=         1
        423        -0.000114193398757   k=         1
        424        -0.000319130994176   k=         1
        425        -0.022065135477271   k=         1
        426        0.026430081571418   k=         1
