# file_format= v0.04.05
       144       426
    188.97268778      0.00000000      0.00000000    0
      0.00000000    188.97268778      0.00000000    0
      0.00000000      0.00000000    188.97268778    0
 6
       4
     2     2     2     2
     0     1     1     1
 1.710E+00 1.625E+00 1.625E+00 1.625E+00
 0.000E+00 0.000E+00 0.000E+00 0.000E+00
 0.000E+00 0.000E+00 0.000E+00 0.000E+00
 0.000E+00 0.000E+00 0.000E+00 0.000E+00
      1.175997     -0.780485    -0.054762
 6
       4
     2     2     2     2
     0     1     1     1
 1.710E+00 1.625E+00 1.625E+00 1.625E+00
 0.000E+00 0.000E+00 0.000E+00 0.000E+00
 0.000E+00 0.000E+00 0.000E+00 0.000E+00
 0.000E+00 0.000E+00 0.000E+00 0.000E+00
      -0.580938     0.979311    0.592405
 6
       4
     2     2     2     2
     0     1     1     1
 1.710E+00 1.625E+00 1.625E+00 1.625E+00
 0.000E+00 0.000E+00 0.000E+00 0.000E+00
 0.000E+00 0.000E+00 0.000E+00 0.000E+00
 0.000E+00 0.000E+00 0.000E+00 0.000E+00
      0.499882     -3.347848    -0.680194
 6
       4
     2     2     2     2
     0     1     1     1
 1.710E+00 1.625E+00 1.625E+00 1.625E+00
 0.000E+00 0.000E+00 0.000E+00 0.000E+00
 0.000E+00 0.000E+00 0.000E+00 0.000E+00
 0.000E+00 0.000E+00 0.000E+00 0.000E+00
      -3.132383     0.518204    0.297524
 6
       4
     2     2     2     2
     0     1     1     1
 1.710E+00 1.625E+00 1.625E+00 1.625E+00
 0.000E+00 0.000E+00 0.000E+00 0.000E+00
 0.000E+00 0.000E+00 0.000E+00 0.000E+00
 0.000E+00 0.000E+00 0.000E+00 0.000E+00
      -3.937635     -1.960980    -0.412618
 6
       4
     2     2     2     2
     0     1     1     1
 1.710E+00 1.625E+00 1.625E+00 1.625E+00
 0.000E+00 0.000E+00 0.000E+00 0.000E+00
 0.000E+00 0.000E+00 0.000E+00 0.000E+00
 0.000E+00 0.000E+00 0.000E+00 0.000E+00
      -2.194924     -3.896299    -0.879153
 6
       4
     2     2     2     2
     0     1     1     1
 1.710E+00 1.625E+00 1.625E+00 1.625E+00
 0.000E+00 0.000E+00 0.000E+00 0.000E+00
 0.000E+00 0.000E+00 0.000E+00 0.000E+00
 0.000E+00 0.000E+00 0.000E+00 0.000E+00
      4.026458     -0.436432    -0.057157
 6
       4
     2     2     2     2
     0     1     1     1
 1.710E+00 1.625E+00 1.625E+00 1.625E+00
 0.000E+00 0.000E+00 0.000E+00 0.000E+00
 0.000E+00 0.000E+00 0.000E+00 0.000E+00
 0.000E+00 0.000E+00 0.000E+00 0.000E+00
      6.226651     -0.426700    -0.167568
 6
       4
     2     2     2     2
     0     1     1     1
 1.710E+00 1.625E+00 1.625E+00 1.625E+00
 0.000E+00 0.000E+00 0.000E+00 0.000E+00
 0.000E+00 0.000E+00 0.000E+00 0.000E+00
 0.000E+00 0.000E+00 0.000E+00 0.000E+00
      8.962685     -0.005127    -0.072543
 6
       4
     2     2     2     2
     0     1     1     1
 1.710E+00 1.625E+00 1.625E+00 1.625E+00
 0.000E+00 0.000E+00 0.000E+00 0.000E+00
 0.000E+00 0.000E+00 0.000E+00 0.000E+00
 0.000E+00 0.000E+00 0.000E+00 0.000E+00
      10.015470     2.498218    -0.254499
 6
       4
     2     2     2     2
     0     1     1     1
 1.710E+00 1.625E+00 1.625E+00 1.625E+00
 0.000E+00 0.000E+00 0.000E+00 0.000E+00
 0.000E+00 0.000E+00 0.000E+00 0.000E+00
 0.000E+00 0.000E+00 0.000E+00 0.000E+00
      10.584493     -2.001071    0.483534
 6
       4
     2     2     2     2
     0     1     1     1
 1.710E+00 1.625E+00 1.625E+00 1.625E+00
 0.000E+00 0.000E+00 0.000E+00 0.000E+00
 0.000E+00 0.000E+00 0.000E+00 0.000E+00
 0.000E+00 0.000E+00 0.000E+00 0.000E+00
      12.577585     2.911718    -0.100875
 6
       4
     2     2     2     2
     0     1     1     1
 1.710E+00 1.625E+00 1.625E+00 1.625E+00
 0.000E+00 0.000E+00 0.000E+00 0.000E+00
 0.000E+00 0.000E+00 0.000E+00 0.000E+00
 0.000E+00 0.000E+00 0.000E+00 0.000E+00
      13.158521     -1.599632    0.722756
 6
       4
     2     2     2     2
     0     1     1     1
 1.710E+00 1.625E+00 1.625E+00 1.625E+00
 0.000E+00 0.000E+00 0.000E+00 0.000E+00
 0.000E+00 0.000E+00 0.000E+00 0.000E+00
 0.000E+00 0.000E+00 0.000E+00 0.000E+00
      14.325595     0.809519    0.319468
 6
       4
     2     2     2     2
     0     1     1     1
 1.710E+00 1.625E+00 1.625E+00 1.625E+00
 0.000E+00 0.000E+00 0.000E+00 0.000E+00
 0.000E+00 0.000E+00 0.000E+00 0.000E+00
 0.000E+00 0.000E+00 0.000E+00 0.000E+00
      17.031437     0.943548    0.223549
 6
       4
     2     2     2     2
     0     1     1     1
 1.710E+00 1.625E+00 1.625E+00 1.625E+00
 0.000E+00 0.000E+00 0.000E+00 0.000E+00
 0.000E+00 0.000E+00 0.000E+00 0.000E+00
 0.000E+00 0.000E+00 0.000E+00 0.000E+00
      19.204242     1.244029    0.152187
 6
       4
     2     2     2     2
     0     1     1     1
 1.710E+00 1.625E+00 1.625E+00 1.625E+00
 0.000E+00 0.000E+00 0.000E+00 0.000E+00
 0.000E+00 0.000E+00 0.000E+00 0.000E+00
 0.000E+00 0.000E+00 0.000E+00 0.000E+00
      21.958213     1.256073    0.299408
 6
       4
     2     2     2     2
     0     1     1     1
 1.710E+00 1.625E+00 1.625E+00 1.625E+00
 0.000E+00 0.000E+00 0.000E+00 0.000E+00
 0.000E+00 0.000E+00 0.000E+00 0.000E+00
 0.000E+00 0.000E+00 0.000E+00 0.000E+00
      23.204820     -0.719528    1.650534
 6
       4
     2     2     2     2
     0     1     1     1
 1.710E+00 1.625E+00 1.625E+00 1.625E+00
 0.000E+00 0.000E+00 0.000E+00 0.000E+00
 0.000E+00 0.000E+00 0.000E+00 0.000E+00
 0.000E+00 0.000E+00 0.000E+00 0.000E+00
      23.426217     3.128846    -0.936272
 6
       4
     2     2     2     2
     0     1     1     1
 1.710E+00 1.625E+00 1.625E+00 1.625E+00
 0.000E+00 0.000E+00 0.000E+00 0.000E+00
 0.000E+00 0.000E+00 0.000E+00 0.000E+00
 0.000E+00 0.000E+00 0.000E+00 0.000E+00
      26.056235     2.946164    -1.183764
 6
       4
     2     2     2     2
     0     1     1     1
 1.710E+00 1.625E+00 1.625E+00 1.625E+00
 0.000E+00 0.000E+00 0.000E+00 0.000E+00
 0.000E+00 0.000E+00 0.000E+00 0.000E+00
 0.000E+00 0.000E+00 0.000E+00 0.000E+00
      25.801584     -0.941218    1.356528
 6
       4
     2     2     2     2
     0     1     1     1
 1.710E+00 1.625E+00 1.625E+00 1.625E+00
 0.000E+00 0.000E+00 0.000E+00 0.000E+00
 0.000E+00 0.000E+00 0.000E+00 0.000E+00
 0.000E+00 0.000E+00 0.000E+00 0.000E+00
      27.228846     0.876385    -0.052655
 6
       4
     2     2     2     2
     0     1     1     1
 1.710E+00 1.625E+00 1.625E+00 1.625E+00
 0.000E+00 0.000E+00 0.000E+00 0.000E+00
 0.000E+00 0.000E+00 0.000E+00 0.000E+00
 0.000E+00 0.000E+00 0.000E+00 0.000E+00
      30.104012     0.518478    -0.122284
 6
       4
     2     2     2     2
     0     1     1     1
 1.710E+00 1.625E+00 1.625E+00 1.625E+00
 0.000E+00 0.000E+00 0.000E+00 0.000E+00
 0.000E+00 0.000E+00 0.000E+00 0.000E+00
 0.000E+00 0.000E+00 0.000E+00 0.000E+00
      32.190337     0.236061    -0.224615
 6
       4
     2     2     2     2
     0     1     1     1
 1.710E+00 1.625E+00 1.625E+00 1.625E+00
 0.000E+00 0.000E+00 0.000E+00 0.000E+00
 0.000E+00 0.000E+00 0.000E+00 0.000E+00
 0.000E+00 0.000E+00 0.000E+00 0.000E+00
      35.101859     0.035446    -0.219996
 6
       4
     2     2     2     2
     0     1     1     1
 1.710E+00 1.625E+00 1.625E+00 1.625E+00
 0.000E+00 0.000E+00 0.000E+00 0.000E+00
 0.000E+00 0.000E+00 0.000E+00 0.000E+00
 0.000E+00 0.000E+00 0.000E+00 0.000E+00
      36.202531     -2.232076    0.489745
 6
       4
     2     2     2     2
     0     1     1     1
 1.710E+00 1.625E+00 1.625E+00 1.625E+00
 0.000E+00 0.000E+00 0.000E+00 0.000E+00
 0.000E+00 0.000E+00 0.000E+00 0.000E+00
 0.000E+00 0.000E+00 0.000E+00 0.000E+00
      36.788063     2.072861    -0.985806
 6
       4
     2     2     2     2
     0     1     1     1
 1.710E+00 1.625E+00 1.625E+00 1.625E+00
 0.000E+00 0.000E+00 0.000E+00 0.000E+00
 0.000E+00 0.000E+00 0.000E+00 0.000E+00
 0.000E+00 0.000E+00 0.000E+00 0.000E+00
      39.336935     1.829814    -0.996080
 6
       4
     2     2     2     2
     0     1     1     1
 1.710E+00 1.625E+00 1.625E+00 1.625E+00
 0.000E+00 0.000E+00 0.000E+00 0.000E+00
 0.000E+00 0.000E+00 0.000E+00 0.000E+00
 0.000E+00 0.000E+00 0.000E+00 0.000E+00
      38.963366     -2.558213    0.548873
 6
       4
     2     2     2     2
     0     1     1     1
 1.710E+00 1.625E+00 1.625E+00 1.625E+00
 0.000E+00 0.000E+00 0.000E+00 0.000E+00
 0.000E+00 0.000E+00 0.000E+00 0.000E+00
 0.000E+00 0.000E+00 0.000E+00 0.000E+00
      40.492693     -0.512401    -0.102918
 6
       4
     2     2     2     2
     0     1     1     1
 1.710E+00 1.625E+00 1.625E+00 1.625E+00
 0.000E+00 0.000E+00 0.000E+00 0.000E+00
 0.000E+00 0.000E+00 0.000E+00 0.000E+00
 0.000E+00 0.000E+00 0.000E+00 0.000E+00
      43.280489     -0.639602    0.074079
 6
       4
     2     2     2     2
     0     1     1     1
 1.710E+00 1.625E+00 1.625E+00 1.625E+00
 0.000E+00 0.000E+00 0.000E+00 0.000E+00
 0.000E+00 0.000E+00 0.000E+00 0.000E+00
 0.000E+00 0.000E+00 0.000E+00 0.000E+00
      45.478873     -0.481578    -0.059942
 6
       4
     2     2     2     2
     0     1     1     1
 1.710E+00 1.625E+00 1.625E+00 1.625E+00
 0.000E+00 0.000E+00 0.000E+00 0.000E+00
 0.000E+00 0.000E+00 0.000E+00 0.000E+00
 0.000E+00 0.000E+00 0.000E+00 0.000E+00
      48.343639     -0.337760    -0.335683
 6
       4
     2     2     2     2
     0     1     1     1
 1.710E+00 1.625E+00 1.625E+00 1.625E+00
 0.000E+00 0.000E+00 0.000E+00 0.000E+00
 0.000E+00 0.000E+00 0.000E+00 0.000E+00
 0.000E+00 0.000E+00 0.000E+00 0.000E+00
      49.844643     -2.421657    0.644015
 6
       4
     2     2     2     2
     0     1     1     1
 1.710E+00 1.625E+00 1.625E+00 1.625E+00
 0.000E+00 0.000E+00 0.000E+00 0.000E+00
 0.000E+00 0.000E+00 0.000E+00 0.000E+00
 0.000E+00 0.000E+00 0.000E+00 0.000E+00
      49.558151     1.737359    -1.567930
 6
       4
     2     2     2     2
     0     1     1     1
 1.710E+00 1.625E+00 1.625E+00 1.625E+00
 0.000E+00 0.000E+00 0.000E+00 0.000E+00
 0.000E+00 0.000E+00 0.000E+00 0.000E+00
 0.000E+00 0.000E+00 0.000E+00 0.000E+00
      52.325258     1.623129    -1.605165
 6
       4
     2     2     2     2
     0     1     1     1
 1.710E+00 1.625E+00 1.625E+00 1.625E+00
 0.000E+00 0.000E+00 0.000E+00 0.000E+00
 0.000E+00 0.000E+00 0.000E+00 0.000E+00
 0.000E+00 0.000E+00 0.000E+00 0.000E+00
      52.500186     -2.383940    0.661476
 6
       4
     2     2     2     2
     0     1     1     1
 1.710E+00 1.625E+00 1.625E+00 1.625E+00
 0.000E+00 0.000E+00 0.000E+00 0.000E+00
 0.000E+00 0.000E+00 0.000E+00 0.000E+00
 0.000E+00 0.000E+00 0.000E+00 0.000E+00
      53.800826     -0.258420    -0.443128
 6
       4
     2     2     2     2
     0     1     1     1
 1.710E+00 1.625E+00 1.625E+00 1.625E+00
 0.000E+00 0.000E+00 0.000E+00 0.000E+00
 0.000E+00 0.000E+00 0.000E+00 0.000E+00
 0.000E+00 0.000E+00 0.000E+00 0.000E+00
      56.676983     -0.111265    -0.452064
 1
       1
     1
     0
 1.300E+00
 0.000E+00
 0.000E+00
 0.000E+00
      -4.662323     2.083531    0.596987
 1
       1
     1
     0
 1.300E+00
 0.000E+00
 0.000E+00
 0.000E+00
      -0.156214     3.051775    1.180363
 1
       1
     1
     0
 1.300E+00
 0.000E+00
 0.000E+00
 0.000E+00
      -5.815647     -2.455247    -0.831209
 1
       1
     1
     0
 1.300E+00
 0.000E+00
 0.000E+00
 0.000E+00
      -2.642890     -5.926468    -1.558090
 1
       1
     1
     0
 1.300E+00
 0.000E+00
 0.000E+00
 0.000E+00
      1.956528     -4.810590    -1.054705
 1
       1
     1
     0
 1.300E+00
 0.000E+00
 0.000E+00
 0.000E+00
      8.660193     4.110211    -0.466872
 1
       1
     1
     0
 1.300E+00
 0.000E+00
 0.000E+00
 0.000E+00
      9.767474     -4.039437    0.711353
 1
       1
     1
     0
 1.300E+00
 0.000E+00
 0.000E+00
 0.000E+00
      13.509341     4.813047    -0.107614
 1
       1
     1
     0
 1.300E+00
 0.000E+00
 0.000E+00
 0.000E+00
      14.532392     -3.286585    1.072988
 1
       1
     1
     0
 1.300E+00
 0.000E+00
 0.000E+00
 0.000E+00
      22.319051     4.722660    -1.859267
 1
       1
     1
     0
 1.300E+00
 0.000E+00
 0.000E+00
 0.000E+00
      27.301525     4.412106    -2.318163
 1
       1
     1
     0
 1.300E+00
 0.000E+00
 0.000E+00
 0.000E+00
      22.013547     -2.196092    2.717216
 1
       1
     1
     0
 1.300E+00
 0.000E+00
 0.000E+00
 0.000E+00
      26.967184     -2.483472    2.337754
 1
       1
     1
     0
 1.300E+00
 0.000E+00
 0.000E+00
 0.000E+00
      35.830960     3.933021    -1.678782
 1
       1
     1
     0
 1.300E+00
 0.000E+00
 0.000E+00
 0.000E+00
      35.029747     -3.944387    1.006676
 1
       1
     1
     0
 1.300E+00
 0.000E+00
 0.000E+00
 0.000E+00
      40.635524     3.400004    -1.573329
 1
       1
     1
     0
 1.300E+00
 0.000E+00
 0.000E+00
 0.000E+00
      39.728535     -4.421719    1.198392
 1
       1
     1
     0
 1.300E+00
 0.000E+00
 0.000E+00
 0.000E+00
      48.590948     3.389978    -2.411468
 1
       1
     1
     0
 1.300E+00
 0.000E+00
 0.000E+00
 0.000E+00
      48.818278     -4.163809    1.269769
 1
       1
     1
     0
 1.300E+00
 0.000E+00
 0.000E+00
 0.000E+00
      53.212031     3.315980    -2.468213
 1
       1
     1
     0
 1.300E+00
 0.000E+00
 0.000E+00
 0.000E+00
      53.607943     -4.110386    1.337794
 1
       1
     1
     0
 1.300E+00
 0.000E+00
 0.000E+00
 0.000E+00
      61.703923     4.413780    -1.465740
 1
       1
     1
     0
 1.300E+00
 0.000E+00
 0.000E+00
 0.000E+00
      62.189333     -3.656661    1.213136
 6
       4
     2     2     2     2
     0     1     1     1
 1.710E+00 1.625E+00 1.625E+00 1.625E+00
 0.000E+00 0.000E+00 0.000E+00 0.000E+00
 0.000E+00 0.000E+00 0.000E+00 0.000E+00
 0.000E+00 0.000E+00 0.000E+00 0.000E+00
      69.808872     0.562169    -0.254724
 1
       1
     1
     0
 1.300E+00
 0.000E+00
 0.000E+00
 0.000E+00
      66.531464     4.669059    -1.731960
 1
       1
     1
     0
 1.300E+00
 0.000E+00
 0.000E+00
 0.000E+00
      66.930850     -3.334233    1.103458
 6
       4
     2     2     2     2
     0     1     1     1
 1.710E+00 1.625E+00 1.625E+00 1.625E+00
 0.000E+00 0.000E+00 0.000E+00 0.000E+00
 0.000E+00 0.000E+00 0.000E+00 0.000E+00
 0.000E+00 0.000E+00 0.000E+00 0.000E+00
      58.764066     0.231261    -0.255124
 6
       4
     2     2     2     2
     0     1     1     1
 1.710E+00 1.625E+00 1.625E+00 1.625E+00
 0.000E+00 0.000E+00 0.000E+00 0.000E+00
 0.000E+00 0.000E+00 0.000E+00 0.000E+00
 0.000E+00 0.000E+00 0.000E+00 0.000E+00
      61.601237     0.406985    -0.184039
 6
       4
     2     2     2     2
     0     1     1     1
 1.710E+00 1.625E+00 1.625E+00 1.625E+00
 0.000E+00 0.000E+00 0.000E+00 0.000E+00
 0.000E+00 0.000E+00 0.000E+00 0.000E+00
 0.000E+00 0.000E+00 0.000E+00 0.000E+00
      63.015466     -1.756451    0.526181
 6
       4
     2     2     2     2
     0     1     1     1
 1.710E+00 1.625E+00 1.625E+00 1.625E+00
 0.000E+00 0.000E+00 0.000E+00 0.000E+00
 0.000E+00 0.000E+00 0.000E+00 0.000E+00
 0.000E+00 0.000E+00 0.000E+00 0.000E+00
      62.848280     2.759593    -0.867318
 6
       4
     2     2     2     2
     0     1     1     1
 1.710E+00 1.625E+00 1.625E+00 1.625E+00
 0.000E+00 0.000E+00 0.000E+00 0.000E+00
 0.000E+00 0.000E+00 0.000E+00 0.000E+00
 0.000E+00 0.000E+00 0.000E+00 0.000E+00
      65.532464     2.867960    -0.968126
 6
       4
     2     2     2     2
     0     1     1     1
 1.710E+00 1.625E+00 1.625E+00 1.625E+00
 0.000E+00 0.000E+00 0.000E+00 0.000E+00
 0.000E+00 0.000E+00 0.000E+00 0.000E+00
 0.000E+00 0.000E+00 0.000E+00 0.000E+00
      65.772495     -1.657275    0.397141
 6
       4
     2     2     2     2
     0     1     1     1
 1.710E+00 1.625E+00 1.625E+00 1.625E+00
 0.000E+00 0.000E+00 0.000E+00 0.000E+00
 0.000E+00 0.000E+00 0.000E+00 0.000E+00
 0.000E+00 0.000E+00 0.000E+00 0.000E+00
      66.908457     0.657825    -0.305618
 6
       4
     2     2     2     2
     0     1     1     1
 1.710E+00 1.625E+00 1.625E+00 1.625E+00
 0.000E+00 0.000E+00 0.000E+00 0.000E+00
 0.000E+00 0.000E+00 0.000E+00 0.000E+00
 0.000E+00 0.000E+00 0.000E+00 0.000E+00
      80.102134     -0.064151    0.786942
 6
       4
     2     2     2     2
     0     1     1     1
 1.710E+00 1.625E+00 1.625E+00 1.625E+00
 0.000E+00 0.000E+00 0.000E+00 0.000E+00
 0.000E+00 0.000E+00 0.000E+00 0.000E+00
 0.000E+00 0.000E+00 0.000E+00 0.000E+00
      78.784018     2.263332    0.454165
 6
       4
     2     2     2     2
     0     1     1     1
 1.710E+00 1.625E+00 1.625E+00 1.625E+00
 0.000E+00 0.000E+00 0.000E+00 0.000E+00
 0.000E+00 0.000E+00 0.000E+00 0.000E+00
 0.000E+00 0.000E+00 0.000E+00 0.000E+00
      78.693980     -2.340244    0.980579
 6
       4
     2     2     2     2
     0     1     1     1
 1.710E+00 1.625E+00 1.625E+00 1.625E+00
 0.000E+00 0.000E+00 0.000E+00 0.000E+00
 0.000E+00 0.000E+00 0.000E+00 0.000E+00
 0.000E+00 0.000E+00 0.000E+00 0.000E+00
      76.169960     2.281597    0.137033
 6
       4
     2     2     2     2
     0     1     1     1
 1.710E+00 1.625E+00 1.625E+00 1.625E+00
 0.000E+00 0.000E+00 0.000E+00 0.000E+00
 0.000E+00 0.000E+00 0.000E+00 0.000E+00
 0.000E+00 0.000E+00 0.000E+00 0.000E+00
      74.838491     0.010643    0.269826
 6
       4
     2     2     2     2
     0     1     1     1
 1.710E+00 1.625E+00 1.625E+00 1.625E+00
 0.000E+00 0.000E+00 0.000E+00 0.000E+00
 0.000E+00 0.000E+00 0.000E+00 0.000E+00
 0.000E+00 0.000E+00 0.000E+00 0.000E+00
      76.090493     -2.346195    0.701525
 6
       4
     2     2     2     2
     0     1     1     1
 1.710E+00 1.625E+00 1.625E+00 1.625E+00
 0.000E+00 0.000E+00 0.000E+00 0.000E+00
 0.000E+00 0.000E+00 0.000E+00 0.000E+00
 0.000E+00 0.000E+00 0.000E+00 0.000E+00
      82.924461     -0.087780    0.611956
 6
       4
     2     2     2     2
     0     1     1     1
 1.710E+00 1.625E+00 1.625E+00 1.625E+00
 0.000E+00 0.000E+00 0.000E+00 0.000E+00
 0.000E+00 0.000E+00 0.000E+00 0.000E+00
 0.000E+00 0.000E+00 0.000E+00 0.000E+00
      85.026019     -0.070339    0.250290
 6
       4
     2     2     2     2
     0     1     1     1
 1.710E+00 1.625E+00 1.625E+00 1.625E+00
 0.000E+00 0.000E+00 0.000E+00 0.000E+00
 0.000E+00 0.000E+00 0.000E+00 0.000E+00
 0.000E+00 0.000E+00 0.000E+00 0.000E+00
      87.890585     -0.110706    0.133097
 6
       4
     2     2     2     2
     0     1     1     1
 1.710E+00 1.625E+00 1.625E+00 1.625E+00
 0.000E+00 0.000E+00 0.000E+00 0.000E+00
 0.000E+00 0.000E+00 0.000E+00 0.000E+00
 0.000E+00 0.000E+00 0.000E+00 0.000E+00
      89.209746     2.200720    -0.481755
 6
       4
     2     2     2     2
     0     1     1     1
 1.710E+00 1.625E+00 1.625E+00 1.625E+00
 0.000E+00 0.000E+00 0.000E+00 0.000E+00
 0.000E+00 0.000E+00 0.000E+00 0.000E+00
 0.000E+00 0.000E+00 0.000E+00 0.000E+00
      89.279944     -2.273886    0.774334
 6
       4
     2     2     2     2
     0     1     1     1
 1.710E+00 1.625E+00 1.625E+00 1.625E+00
 0.000E+00 0.000E+00 0.000E+00 0.000E+00
 0.000E+00 0.000E+00 0.000E+00 0.000E+00
 0.000E+00 0.000E+00 0.000E+00 0.000E+00
      91.841923     2.362091    -0.551605
 6
       4
     2     2     2     2
     0     1     1     1
 1.710E+00 1.625E+00 1.625E+00 1.625E+00
 0.000E+00 0.000E+00 0.000E+00 0.000E+00
 0.000E+00 0.000E+00 0.000E+00 0.000E+00
 0.000E+00 0.000E+00 0.000E+00 0.000E+00
      91.951561     -2.156914    0.596798
 6
       4
     2     2     2     2
     0     1     1     1
 1.710E+00 1.625E+00 1.625E+00 1.625E+00
 0.000E+00 0.000E+00 0.000E+00 0.000E+00
 0.000E+00 0.000E+00 0.000E+00 0.000E+00
 0.000E+00 0.000E+00 0.000E+00 0.000E+00
      93.219301     0.133496    -0.014923
 6
       4
     2     2     2     2
     0     1     1     1
 1.710E+00 1.625E+00 1.625E+00 1.625E+00
 0.000E+00 0.000E+00 0.000E+00 0.000E+00
 0.000E+00 0.000E+00 0.000E+00 0.000E+00
 0.000E+00 0.000E+00 0.000E+00 0.000E+00
      96.011048     0.235188    -0.237484
 6
       4
     2     2     2     2
     0     1     1     1
 1.710E+00 1.625E+00 1.625E+00 1.625E+00
 0.000E+00 0.000E+00 0.000E+00 0.000E+00
 0.000E+00 0.000E+00 0.000E+00 0.000E+00
 0.000E+00 0.000E+00 0.000E+00 0.000E+00
      98.169413     0.456889    -0.393700
 6
       4
     2     2     2     2
     0     1     1     1
 1.710E+00 1.625E+00 1.625E+00 1.625E+00
 0.000E+00 0.000E+00 0.000E+00 0.000E+00
 0.000E+00 0.000E+00 0.000E+00 0.000E+00
 0.000E+00 0.000E+00 0.000E+00 0.000E+00
      100.957088     0.837640    -0.136132
 6
       4
     2     2     2     2
     0     1     1     1
 1.710E+00 1.625E+00 1.625E+00 1.625E+00
 0.000E+00 0.000E+00 0.000E+00 0.000E+00
 0.000E+00 0.000E+00 0.000E+00 0.000E+00
 0.000E+00 0.000E+00 0.000E+00 0.000E+00
      102.534259     -1.223376    0.784386
 6
       4
     2     2     2     2
     0     1     1     1
 1.710E+00 1.625E+00 1.625E+00 1.625E+00
 0.000E+00 0.000E+00 0.000E+00 0.000E+00
 0.000E+00 0.000E+00 0.000E+00 0.000E+00
 0.000E+00 0.000E+00 0.000E+00 0.000E+00
      102.045908     3.131675    -0.656965
 6
       4
     2     2     2     2
     0     1     1     1
 1.710E+00 1.625E+00 1.625E+00 1.625E+00
 0.000E+00 0.000E+00 0.000E+00 0.000E+00
 0.000E+00 0.000E+00 0.000E+00 0.000E+00
 0.000E+00 0.000E+00 0.000E+00 0.000E+00
      104.890925     3.415115    -0.424100
 6
       4
     2     2     2     2
     0     1     1     1
 1.710E+00 1.625E+00 1.625E+00 1.625E+00
 0.000E+00 0.000E+00 0.000E+00 0.000E+00
 0.000E+00 0.000E+00 0.000E+00 0.000E+00
 0.000E+00 0.000E+00 0.000E+00 0.000E+00
      105.078202     -0.967186    1.019222
 6
       4
     2     2     2     2
     0     1     1     1
 1.710E+00 1.625E+00 1.625E+00 1.625E+00
 0.000E+00 0.000E+00 0.000E+00 0.000E+00
 0.000E+00 0.000E+00 0.000E+00 0.000E+00
 0.000E+00 0.000E+00 0.000E+00 0.000E+00
      106.360357     1.369363    0.286586
 6
       4
     2     2     2     2
     0     1     1     1
 1.710E+00 1.625E+00 1.625E+00 1.625E+00
 0.000E+00 0.000E+00 0.000E+00 0.000E+00
 0.000E+00 0.000E+00 0.000E+00 0.000E+00
 0.000E+00 0.000E+00 0.000E+00 0.000E+00
      109.260132     1.241941    0.270150
 6
       4
     2     2     2     2
     0     1     1     1
 1.710E+00 1.625E+00 1.625E+00 1.625E+00
 0.000E+00 0.000E+00 0.000E+00 0.000E+00
 0.000E+00 0.000E+00 0.000E+00 0.000E+00
 0.000E+00 0.000E+00 0.000E+00 0.000E+00
      111.344940     0.836852    0.043798
 6
       4
     2     2     2     2
     0     1     1     1
 1.710E+00 1.625E+00 1.625E+00 1.625E+00
 0.000E+00 0.000E+00 0.000E+00 0.000E+00
 0.000E+00 0.000E+00 0.000E+00 0.000E+00
 0.000E+00 0.000E+00 0.000E+00 0.000E+00
      114.171751     0.637006    -0.061490
 6
       4
     2     2     2     2
     0     1     1     1
 1.710E+00 1.625E+00 1.625E+00 1.625E+00
 0.000E+00 0.000E+00 0.000E+00 0.000E+00
 0.000E+00 0.000E+00 0.000E+00 0.000E+00
 0.000E+00 0.000E+00 0.000E+00 0.000E+00
      115.321829     -1.656186    -0.721700
 6
       4
     2     2     2     2
     0     1     1     1
 1.710E+00 1.625E+00 1.625E+00 1.625E+00
 0.000E+00 0.000E+00 0.000E+00 0.000E+00
 0.000E+00 0.000E+00 0.000E+00 0.000E+00
 0.000E+00 0.000E+00 0.000E+00 0.000E+00
      115.638237     2.860813    0.464194
 6
       4
     2     2     2     2
     0     1     1     1
 1.710E+00 1.625E+00 1.625E+00 1.625E+00
 0.000E+00 0.000E+00 0.000E+00 0.000E+00
 0.000E+00 0.000E+00 0.000E+00 0.000E+00
 0.000E+00 0.000E+00 0.000E+00 0.000E+00
      118.196136     2.763416    0.348974
 6
       4
     2     2     2     2
     0     1     1     1
 1.710E+00 1.625E+00 1.625E+00 1.625E+00
 0.000E+00 0.000E+00 0.000E+00 0.000E+00
 0.000E+00 0.000E+00 0.000E+00 0.000E+00
 0.000E+00 0.000E+00 0.000E+00 0.000E+00
      117.997834     -1.790891    -0.890354
 6
       4
     2     2     2     2
     0     1     1     1
 1.710E+00 1.625E+00 1.625E+00 1.625E+00
 0.000E+00 0.000E+00 0.000E+00 0.000E+00
 0.000E+00 0.000E+00 0.000E+00 0.000E+00
 0.000E+00 0.000E+00 0.000E+00 0.000E+00
      119.530838     0.329742    -0.300482
 6
       4
     2     2     2     2
     0     1     1     1
 1.710E+00 1.625E+00 1.625E+00 1.625E+00
 0.000E+00 0.000E+00 0.000E+00 0.000E+00
 0.000E+00 0.000E+00 0.000E+00 0.000E+00
 0.000E+00 0.000E+00 0.000E+00 0.000E+00
      122.337002     0.299108    -0.195290
 6
       4
     2     2     2     2
     0     1     1     1
 1.710E+00 1.625E+00 1.625E+00 1.625E+00
 0.000E+00 0.000E+00 0.000E+00 0.000E+00
 0.000E+00 0.000E+00 0.000E+00 0.000E+00
 0.000E+00 0.000E+00 0.000E+00 0.000E+00
      124.431134     0.469620    -0.170725
 6
       4
     2     2     2     2
     0     1     1     1
 1.710E+00 1.625E+00 1.625E+00 1.625E+00
 0.000E+00 0.000E+00 0.000E+00 0.000E+00
 0.000E+00 0.000E+00 0.000E+00 0.000E+00
 0.000E+00 0.000E+00 0.000E+00 0.000E+00
      127.289038     0.216918    0.015261
 6
       4
     2     2     2     2
     0     1     1     1
 1.710E+00 1.625E+00 1.625E+00 1.625E+00
 0.000E+00 0.000E+00 0.000E+00 0.000E+00
 0.000E+00 0.000E+00 0.000E+00 0.000E+00
 0.000E+00 0.000E+00 0.000E+00 0.000E+00
      128.428970     -2.151111    -0.598168
 6
       4
     2     2     2     2
     0     1     1     1
 1.710E+00 1.625E+00 1.625E+00 1.625E+00
 0.000E+00 0.000E+00 0.000E+00 0.000E+00
 0.000E+00 0.000E+00 0.000E+00 0.000E+00
 0.000E+00 0.000E+00 0.000E+00 0.000E+00
      128.812169     2.226624    0.879940
 6
       4
     2     2     2     2
     0     1     1     1
 1.710E+00 1.625E+00 1.625E+00 1.625E+00
 0.000E+00 0.000E+00 0.000E+00 0.000E+00
 0.000E+00 0.000E+00 0.000E+00 0.000E+00
 0.000E+00 0.000E+00 0.000E+00 0.000E+00
      131.433001     1.954946    1.066265
 6
       4
     2     2     2     2
     0     1     1     1
 1.710E+00 1.625E+00 1.625E+00 1.625E+00
 0.000E+00 0.000E+00 0.000E+00 0.000E+00
 0.000E+00 0.000E+00 0.000E+00 0.000E+00
 0.000E+00 0.000E+00 0.000E+00 0.000E+00
      130.992228     -2.462098    -0.485709
 6
       4
     2     2     2     2
     0     1     1     1
 1.710E+00 1.625E+00 1.625E+00 1.625E+00
 0.000E+00 0.000E+00 0.000E+00 0.000E+00
 0.000E+00 0.000E+00 0.000E+00 0.000E+00
 0.000E+00 0.000E+00 0.000E+00 0.000E+00
      132.531654     -0.350882    0.259675
 6
       4
     2     2     2     2
     0     1     1     1
 1.710E+00 1.625E+00 1.625E+00 1.625E+00
 0.000E+00 0.000E+00 0.000E+00 0.000E+00
 0.000E+00 0.000E+00 0.000E+00 0.000E+00
 0.000E+00 0.000E+00 0.000E+00 0.000E+00
      135.329165     -0.673801    0.219698
 1
       1
     1
     0
 1.300E+00
 0.000E+00
 0.000E+00
 0.000E+00
      74.957196     4.113140    -0.225550
 1
       1
     1
     0
 1.300E+00
 0.000E+00
 0.000E+00
 0.000E+00
      79.923988     4.053576    0.212643
 6
       4
     2     2     2     2
     0     1     1     1
 1.710E+00 1.625E+00 1.625E+00 1.625E+00
 0.000E+00 0.000E+00 0.000E+00 0.000E+00
 0.000E+00 0.000E+00 0.000E+00 0.000E+00
 0.000E+00 0.000E+00 0.000E+00 0.000E+00
      72.004250     0.078446    -0.001514
 1
       1
     1
     0
 1.300E+00
 0.000E+00
 0.000E+00
 0.000E+00
      75.011885     -4.238561    0.804143
 1
       1
     1
     0
 1.300E+00
 0.000E+00
 0.000E+00
 0.000E+00
      79.747181     -4.096198    1.428062
 1
       1
     1
     0
 1.300E+00
 0.000E+00
 0.000E+00
 0.000E+00
      87.959169     3.977369    -1.009138
 1
       1
     1
     0
 1.300E+00
 0.000E+00
 0.000E+00
 0.000E+00
      88.346434     -4.144158    1.297444
 1
       1
     1
     0
 1.300E+00
 0.000E+00
 0.000E+00
 0.000E+00
      92.882583     4.209384    -1.025048
 1
       1
     1
     0
 1.300E+00
 0.000E+00
 0.000E+00
 0.000E+00
      93.155108     -3.902522    1.105297
 1
       1
     1
     0
 1.300E+00
 0.000E+00
 0.000E+00
 0.000E+00
      101.065231     4.973264    -1.276414
 1
       1
     1
     0
 1.300E+00
 0.000E+00
 0.000E+00
 0.000E+00
      105.686044     5.321177    -0.940018
 1
       1
     1
     0
 1.300E+00
 0.000E+00
 0.000E+00
 0.000E+00
      101.607673     -3.068320    1.257928
 1
       1
     1
     0
 1.300E+00
 0.000E+00
 0.000E+00
 0.000E+00
      106.283277     -2.523550    1.786530
 1
       1
     1
     0
 1.300E+00
 0.000E+00
 0.000E+00
 0.000E+00
      114.564270     4.684814    0.925565
 1
       1
     1
     0
 1.300E+00
 0.000E+00
 0.000E+00
 0.000E+00
      114.125778     -3.336723    -0.975516
 1
       1
     1
     0
 1.300E+00
 0.000E+00
 0.000E+00
 0.000E+00
      119.429507     4.510492    0.801336
 1
       1
     1
     0
 1.300E+00
 0.000E+00
 0.000E+00
 0.000E+00
      118.933246     -3.608566    -1.316192
 1
       1
     1
     0
 1.300E+00
 0.000E+00
 0.000E+00
 0.000E+00
      127.794332     4.052153    1.585548
 1
       1
     1
     0
 1.300E+00
 0.000E+00
 0.000E+00
 0.000E+00
      127.289715     -3.826720    -1.374664
 1
       1
     1
     0
 1.300E+00
 0.000E+00
 0.000E+00
 0.000E+00
      132.870376     3.388148    1.835026
 1
       1
     1
     0
 1.300E+00
 0.000E+00
 0.000E+00
 0.000E+00
      131.973939     -4.252634    -1.057704
 1
       1
     1
     0
 1.300E+00
 0.000E+00
 0.000E+00
 0.000E+00
      140.264564     1.839858    2.840162
 1
       1
     1
     0
 1.300E+00
 0.000E+00
 0.000E+00
 0.000E+00
      140.372883     -4.636857    -2.084710
 1
       1
     1
     0
 1.300E+00
 0.000E+00
 0.000E+00
 0.000E+00
      147.845753     -0.967491    -0.023331
 1
       1
     1
     0
 1.300E+00
 0.000E+00
 0.000E+00
 0.000E+00
      145.417627     1.906815    2.930642
 1
       1
     1
     0
 1.300E+00
 0.000E+00
 0.000E+00
 0.000E+00
      145.562377     -4.588198    -2.035732
 6
       4
     2     2     2     2
     0     1     1     1
 1.710E+00 1.625E+00 1.625E+00 1.625E+00
 0.000E+00 0.000E+00 0.000E+00 0.000E+00
 0.000E+00 0.000E+00 0.000E+00 0.000E+00
 0.000E+00 0.000E+00 0.000E+00 0.000E+00
      137.488471     -1.160549    0.187674
 6
       4
     2     2     2     2
     0     1     1     1
 1.710E+00 1.625E+00 1.625E+00 1.625E+00
 0.000E+00 0.000E+00 0.000E+00 0.000E+00
 0.000E+00 0.000E+00 0.000E+00 0.000E+00
 0.000E+00 0.000E+00 0.000E+00 0.000E+00
      140.248945     -1.454086    0.360265
 6
       4
     2     2     2     2
     0     1     1     1
 1.710E+00 1.625E+00 1.625E+00 1.625E+00
 0.000E+00 0.000E+00 0.000E+00 0.000E+00
 0.000E+00 0.000E+00 0.000E+00 0.000E+00
 0.000E+00 0.000E+00 0.000E+00 0.000E+00
      141.663107     -3.280164    -1.020121
 6
       4
     2     2     2     2
     0     1     1     1
 1.710E+00 1.625E+00 1.625E+00 1.625E+00
 0.000E+00 0.000E+00 0.000E+00 0.000E+00
 0.000E+00 0.000E+00 0.000E+00 0.000E+00
 0.000E+00 0.000E+00 0.000E+00 0.000E+00
      141.617052     0.509313    1.738799
 6
       4
     2     2     2     2
     0     1     1     1
 1.710E+00 1.625E+00 1.625E+00 1.625E+00
 0.000E+00 0.000E+00 0.000E+00 0.000E+00
 0.000E+00 0.000E+00 0.000E+00 0.000E+00
 0.000E+00 0.000E+00 0.000E+00 0.000E+00
      144.247286     0.548119    1.800304
 6
       4
     2     2     2     2
     0     1     1     1
 1.710E+00 1.625E+00 1.625E+00 1.625E+00
 0.000E+00 0.000E+00 0.000E+00 0.000E+00
 0.000E+00 0.000E+00 0.000E+00 0.000E+00
 0.000E+00 0.000E+00 0.000E+00 0.000E+00
      144.217319     -3.240485    -1.042611
 6
       4
     2     2     2     2
     0     1     1     1
 1.710E+00 1.625E+00 1.625E+00 1.625E+00
 0.000E+00 0.000E+00 0.000E+00 0.000E+00
 0.000E+00 0.000E+00 0.000E+00 0.000E+00
 0.000E+00 0.000E+00 0.000E+00 0.000E+00
      145.529597     -1.283593    0.218670
# LCAO coefficients .. are not included.
         1
        1        -0.000155263383141   k=         1
        2        0.000830636738784   k=         1
        3        -0.000014925803621   k=         1
        4        0.005647905847272   k=         1
        5        0.000601547254401   k=         1
        6        0.000800789598627   k=         1
        7        -0.002927170213128   k=         1
        8        0.006571141370441   k=         1
        9        -0.000704873978855   k=         1
        10        -0.001068202907531   k=         1
        11        -0.004243834924264   k=         1
        12        0.008353216673716   k=         1
        13        -0.000021092313558   k=         1
        14        0.000172149617349   k=         1
        15        0.000806389030332   k=         1
        16        -0.002515286237761   k=         1
        17        -0.000206299850044   k=         1
        18        0.000940560336436   k=         1
        19        0.002263151032529   k=         1
        20        -0.008569509342648   k=         1
        21        0.000289839353023   k=         1
        22        0.000711380108299   k=         1
        23        0.000674986565822   k=         1
        24        -0.000955157390323   k=         1
        25        -0.000335009403411   k=         1
        26        -0.001457093074964   k=         1
        27        -0.003779313867983   k=         1
        28        -0.019738634678772   k=         1
        29        -0.000104503786776   k=         1
        30        -0.000406064627623   k=         1
        31        -0.001215253374322   k=         1
        32        -0.008380896159620   k=         1
        33        -0.000368608595113   k=         1
        34        -0.003277927669221   k=         1
        35        0.006184609929108   k=         1
        36        0.031110188587435   k=         1
        37        -0.000111530408344   k=         1
        38        -0.001973055077863   k=         1
        39        -0.000263913238116   k=         1
        40        0.012188488277958   k=         1
        41        -0.000773643248436   k=         1
        42        -0.003703338710390   k=         1
        43        0.000986738987021   k=         1
        44        0.011297599246435   k=         1
        45        -0.000537783445017   k=         1
        46        0.000825344616401   k=         1
        47        0.001026723218429   k=         1
        48        -0.022346050087426   k=         1
        49        0.001097231264302   k=         1
        50        0.005804252185432   k=         1
        51        0.000549259741805   k=         1
        52        -0.025989437668488   k=         1
        53        -0.000703556580929   k=         1
        54        -0.002951058328852   k=         1
        55        -0.009353187335030   k=         1
        56        -0.025542981992273   k=         1
        57        -0.001051672593681   k=         1
        58        0.002379937229721   k=         1
        59        0.019179941833537   k=         1
        60        0.030197184220412   k=         1
        61        -0.001301359245605   k=         1
        62        -0.005129299565518   k=         1
        63        0.011381457105393   k=         1
        64        0.025165601673989   k=         1
        65        -0.000033970265981   k=         1
        66        0.005767825534624   k=         1
        67        -0.026256779267962   k=         1
        68        -0.040079997913931   k=         1
        69        -0.000842034205104   k=         1
        70        -0.004830481461880   k=         1
        71        -0.013047758706816   k=         1
        72        -0.019475255262161   k=         1
        73        0.000346409952804   k=         1
        74        -0.005264407540650   k=         1
        75        -0.017576251672197   k=         1
        76        -0.024610456937027   k=         1
        77        -0.001537259662623   k=         1
        78        0.005355126681468   k=         1
        79        0.017046650403697   k=         1
        80        0.023307173014294   k=         1
        81        -0.000539044062026   k=         1
        82        0.008134383849945   k=         1
        83        0.019411803599267   k=         1
        84        0.023937445599472   k=         1
        85        0.000075593351923   k=         1
        86        0.005361937574671   k=         1
        87        0.022849407183564   k=         1
        88        0.039625325606414   k=         1
        89        -0.001720814815678   k=         1
        90        -0.002883361642875   k=         1
        91        -0.016332611419241   k=         1
        92        -0.043344239438923   k=         1
        93        0.001654398125138   k=         1
        94        -0.000778202849962   k=         1
        95        -0.015907849410207   k=         1
        96        -0.032165342067695   k=         1
        97        0.000237809523727   k=         1
        98        0.001952593247467   k=         1
        99        0.026880693313674   k=         1
        100        0.076137244883689   k=         1
        101        0.000643106250994   k=         1
        102        0.003965638304145   k=         1
        103        0.011038554922678   k=         1
        104        0.040390150381982   k=         1
        105        0.001754960261474   k=         1
        106        0.003578382003324   k=         1
        107        0.010201819611834   k=         1
        108        0.031918841207243   k=         1
        109        -0.000695883877951   k=         1
        110        -0.004730146424177   k=         1
        111        -0.012584633925761   k=         1
        112        -0.045256416198541   k=         1
        113        0.000968436985794   k=         1
        114        -0.001544261025630   k=         1
        115        -0.020926534850947   k=         1
        116        -0.065694069824642   k=         1
        117        0.000415227577426   k=         1
        118        0.009983220317232   k=         1
        119        -0.027335130279482   k=         1
        120        -0.068273112060174   k=         1
        121        0.001940087987317   k=         1
        122        -0.007044594386614   k=         1
        123        0.035679726921835   k=         1
        124        0.072199109278015   k=         1
        125        0.001733865551122   k=         1
        126        0.010570553505025   k=         1
        127        0.028393261156089   k=         1
        128        0.063823791301147   k=         1
        129        0.000256308138105   k=         1
        130        -0.014327569504801   k=         1
        131        -0.054460871951457   k=         1
        132        -0.095331374636473   k=         1
        133        -0.001577063557326   k=         1
        134        0.005318083055388   k=         1
        135        -0.024708060361772   k=         1
        136        -0.058348634474249   k=         1
        137        0.000090115684676   k=         1
        138        0.001447340754071   k=         1
        139        -0.030064055916861   k=         1
        140        -0.059610341188856   k=         1
        141        -0.001203554203242   k=         1
        142        -0.004356745795685   k=         1
        143        0.037866311180351   k=         1
        144        0.068312594798696   k=         1
        145        0.003281053078916   k=         1
        146        -0.002435785014021   k=         1
        147        0.024932218104825   k=         1
        148        0.053890113105233   k=         1
        149        0.001235461126578   k=         1
        150        -0.000025787948900   k=         1
        151        0.054363884412282   k=         1
        152        0.090197448256271   k=         1
        153        0.004053986930555   k=         1
        154        0.005332956901249   k=         1
        155        -0.030727554405236   k=         1
        156        -0.087051075692939   k=         1
        157        0.000577845528922   k=         1
        158        -0.000638044533981   k=         1
        159        0.000206933508299   k=         1
        160        -0.000685430483766   k=         1
        161        -0.000067598630595   k=         1
        162        -0.001582162390350   k=         1
        163        0.002460937204608   k=         1
        164        0.002456437187375   k=         1
        165        -0.000129476906953   k=         1
        166        0.001214858755317   k=         1
        167        0.001788393443413   k=         1
        168        0.003110754178039   k=         1
        169        0.000267468646438   k=         1
        170        -0.002224827698530   k=         1
        171        0.000157770982103   k=         1
        172        -0.001011348162459   k=         1
        173        -0.002995614405592   k=         1
        174        -0.001480180788279   k=         1
        175        -0.003833564561226   k=         1
        176        -0.001879166253132   k=         1
        177        0.001155931389700   k=         1
        178        -0.000269141258970   k=         1
        179        -0.007450010854637   k=         1
        180        0.000263358738494   k=         1
        181        -0.011399447265291   k=         1
        182        0.018041747022308   k=         1
        183        0.117067538488750   k=         1
        184        -0.005700714485443   k=         1
        185        -0.001351411958270   k=         1
        186        -0.000892097189829   k=         1
        187        0.016323105069379   k=         1
        188        -0.033716565797493   k=         1
        189        -0.070990963477227   k=         1
        190        -0.000295154737615   k=         1
        191        -0.011928124619565   k=         1
        192        0.036501668141831   k=         1
        193        0.128404516580259   k=         1
        194        0.000069883799904   k=         1
        195        0.011331490445581   k=         1
        196        0.023481163319573   k=         1
        197        0.071098454140532   k=         1
        198        0.001596093183400   k=         1
        199        0.004926917527454   k=         1
        200        0.027420167166342   k=         1
        201        0.074286358695581   k=         1
        202        0.001079292929267   k=         1
        203        -0.006009671662071   k=         1
        204        -0.029850829504919   k=         1
        205        -0.070277494900694   k=         1
        206        0.001744089770816   k=         1
        207        -0.011153942250804   k=         1
        208        -0.039313977100278   k=         1
        209        -0.086423091482845   k=         1
        210        -0.000247334166535   k=         1
        211        0.005747903589082   k=         1
        212        -0.028797767745457   k=         1
        213        -0.123675301006315   k=         1
        214        0.001876795184994   k=         1
        215        0.012399844233387   k=         1
        216        0.015455519624872   k=         1
        217        0.148254962401395   k=         1
        218        0.001360573851572   k=         1
        219        -0.016296649551135   k=         1
        220        0.017450324161341   k=         1
        221        0.086106314121368   k=         1
        222        -0.001376943042214   k=         1
        223        -0.017999448053036   k=         1
        224        0.008717069094801   k=         1
        225        0.073623151191869   k=         1
        226        0.001634940050099   k=         1
        227        0.020187534691530   k=         1
        228        -0.008329900238638   k=         1
        229        -0.083628459553768   k=         1
        230        0.000103149177843   k=         1
        231        0.010259014721880   k=         1
        232        -0.016521055335790   k=         1
        233        -0.140066612536237   k=         1
        234        0.002606861316008   k=         1
        235        0.020006690322529   k=         1
        236        -0.011119261356637   k=         1
        237        -0.089375000962074   k=         1
        238        0.000865440022380   k=         1
        239        -0.020414173656392   k=         1
        240        -0.016025925262669   k=         1
        241        -0.077077089608521   k=         1
        242        0.003422288318293   k=         1
        243        -0.011376373273389   k=         1
        244        -0.013313693462859   k=         1
        245        -0.100630884371582   k=         1
        246        -0.000584756581563   k=         1
        247        -0.000938925332939   k=         1
        248        0.023775083004247   k=         1
        249        0.093746456386539   k=         1
        250        -0.001177402004525   k=         1
        251        -0.002258006993742   k=         1
        252        0.021855353719093   k=         1
        253        0.072494010085454   k=         1
        254        0.001638349452609   k=         1
        255        -0.002923333448666   k=         1
        256        0.021910757334986   k=         1
        257        0.062781331285068   k=         1
        258        0.000837570931697   k=         1
        259        0.001987095538024   k=         1
        260        -0.012637437133740   k=         1
        261        -0.040653971981025   k=         1
        262        0.001360004827200   k=         1
        263        -0.000063373279410   k=         1
        264        -0.015919635960260   k=         1
        265        -0.058771319310827   k=         1
        266        -0.001926378945301   k=         1
        267        -0.011350258889123   k=         1
        268        -0.023755544642172   k=         1
        269        -0.101830534468573   k=         1
        270        -0.000010885062784   k=         1
        271        0.006882655961453   k=         1
        272        0.011642192169749   k=         1
        273        0.041221127281445   k=         1
        274        -0.002766325322736   k=         1
        275        -0.004525407064971   k=         1
        276        0.016040515326430   k=         1
        277        0.069782098327750   k=         1
        278        -0.000305030225670   k=         1
        279        0.006922610560272   k=         1
        280        -0.009385950736215   k=         1
        281        -0.032913013732918   k=         1
        282        0.000100805167982   k=         1
        283        0.006013685582381   k=         1
        284        -0.009273681413082   k=         1
        285        -0.025561451711194   k=         1
        286        0.000562937938967   k=         1
        287        0.005834333675998   k=         1
        288        -0.013587002624442   k=         1
        289        -0.047987628633097   k=         1
        290        0.000086709330007   k=         1
        291        0.000224851183059   k=         1
        292        0.002684236601564   k=         1
        293        0.012142560974073   k=         1
        294        -0.000749456098776   k=         1
        295        -0.003614797081048   k=         1
        296        0.003104686170586   k=         1
        297        0.013201049995744   k=         1
        298        -0.000009193073769   k=         1
        299        0.000358943355513   k=         1
        300        0.015554608942207   k=         1
        301        0.041934526136562   k=         1
        302        0.000152441664529   k=         1
        303        -0.001306385196959   k=         1
        304        -0.007396428215929   k=         1
        305        0.004257773435485   k=         1
        306        0.000841992459668   k=         1
        307        -0.003292236397976   k=         1
        308        -0.009673616631038   k=         1
        309        -0.017054956432846   k=         1
        310        -0.000189338971053   k=         1
        311        0.000140862767466   k=         1
        312        0.008097267020309   k=         1
        313        -0.019662488115348   k=         1
        314        -0.000862533194587   k=         1
        315        0.001081713236340   k=         1
        316        -0.001940030188224   k=         1
        317        -0.002571002278082   k=         1
        318        0.001062771523357   k=         1
        319        -0.002640426910118   k=         1
        320        -0.002638341329343   k=         1
        321        -0.001587112748111   k=         1
        322        -0.000581602777766   k=         1
        323        0.001217646201426   k=         1
        324        -0.003527218713271   k=         1
        325        0.016035282526419   k=         1
        326        -0.000067732642154   k=         1
        327        0.000369277901025   k=         1
        328        -0.004229829873680   k=         1
        329        0.019099535264487   k=         1
        330        0.000117402226309   k=         1
        331        -0.000458073750723   k=         1
        332        -0.004546383852519   k=         1
        333        0.013261704078067   k=         1
        334        -0.000998796885445   k=         1
        335        0.000443054442212   k=         1
        336        0.007621200133708   k=         1
        337        -0.026103562339839   k=         1
        338        0.000407034309484   k=         1
        339        0.000234604144668   k=         1
        340        0.004798933878332   k=         1
        341        -0.015998660688825   k=         1
        342        -0.000243163319788   k=         1
        343        -0.004498437784734   k=         1
        344        -0.012751156304222   k=         1
        345        0.043885518349750   k=         1
        346        -0.000052486329495   k=         1
        347        -0.002899298378553   k=         1
        348        -0.007375014579513   k=         1
        349        0.019412977866234   k=         1
        350        -0.000611189323930   k=         1
        351        -0.003894391802132   k=         1
        352        -0.009099291563403   k=         1
        353        0.020202752748468   k=         1
        354        0.000360512814958   k=         1
        355        0.004675884471928   k=         1
        356        0.010733163084113   k=         1
        357        -0.027939850242325   k=         1
        358        -0.000345158674001   k=         1
        359        0.002208977758621   k=         1
        360        0.008945608262812   k=         1
        361        -0.025944770686003   k=         1
        362        0.000213281178112   k=         1
        363        -0.001270313074402   k=         1
        364        0.013915271561831   k=         1
        365        -0.040705004976510   k=         1
        366        -0.001192529143447   k=         1
        367        -0.000244883236331   k=         1
        368        -0.015864425635291   k=         1
        369        0.029574378768618   k=         1
        370        -0.005100814421492   k=         1
        371        -0.005015371611629   k=         1
        372        0.002558559083995   k=         1
        373        -0.003316428703205   k=         1
        374        0.021537673974672   k=         1
        375        0.107824278283612   k=         1
        376        -0.003613462021788   k=         1
        377        -0.005669116015952   k=         1
        378        0.001639746612495   k=         1
        379        -0.000798124336119   k=         1
        380        -0.000178463053781   k=         1
        381        0.003314635961605   k=         1
        382        0.000645080093365   k=         1
        383        -0.001325318989090   k=         1
        384        -0.000530564971199   k=         1
        385        -0.001121281091378   k=         1
        386        -0.000694670784184   k=         1
        387        0.000858796252910   k=         1
        388        0.001834199851443   k=         1
        389        -0.000922228350089   k=         1
        390        -0.000447440924116   k=         1
        391        0.000565653640891   k=         1
        392        0.001821992975366   k=         1
        393        0.000312087895863   k=         1
        394        0.000683990980571   k=         1
        395        -0.001061741922549   k=         1
        396        0.001545900036713   k=         1
        397        -0.001753681407246   k=         1
        398        0.000787710558883   k=         1
        399        -0.000097090578325   k=         1
        400        -0.004510283057686   k=         1
        401        -0.012925383899304   k=         1
        402        0.033404229921520   k=         1
        403        -0.001376628654891   k=         1
        404        0.004073613654171   k=         1
        405        0.017997994133714   k=         1
        406        -0.029520655585822   k=         1
        407        0.001499031303542   k=         1
        408        -0.001141002554905   k=         1
        409        0.019608050129776   k=         1
        410        -0.019749940194883   k=         1
        411        0.000552402201661   k=         1
        412        0.001875720634251   k=         1
        413        0.018199881815722   k=         1
        414        -0.021190949602194   k=         1
        415        -0.000235070275373   k=         1
        416        -0.000515513939498   k=         1
        417        -0.008181256153845   k=         1
        418        0.009904062400550   k=         1
        419        -0.000713977929700   k=         1
        420        0.000668624787899   k=         1
        421        -0.008905473872987   k=         1
        422        0.010966103410403   k=         1
        423        -0.000299146474812   k=         1
        424        0.007539451501964   k=         1
        425        -0.023581629285547   k=         1
        426        0.032958564607210   k=         1
