# file_format= v0.04.05
       144       426
    188.97268778      0.00000000      0.00000000    0
      0.00000000    188.97268778      0.00000000    0
      0.00000000      0.00000000    188.97268778    0
 6
       4
     2     2     2     2
     0     1     1     1
 1.710E+00 1.625E+00 1.625E+00 1.625E+00
 0.000E+00 0.000E+00 0.000E+00 0.000E+00
 0.000E+00 0.000E+00 0.000E+00 0.000E+00
 0.000E+00 0.000E+00 0.000E+00 0.000E+00
      1.257305     -0.729018    -0.029510
 6
       4
     2     2     2     2
     0     1     1     1
 1.710E+00 1.625E+00 1.625E+00 1.625E+00
 0.000E+00 0.000E+00 0.000E+00 0.000E+00
 0.000E+00 0.000E+00 0.000E+00 0.000E+00
 0.000E+00 0.000E+00 0.000E+00 0.000E+00
      -0.552286     0.989153    0.574964
 6
       4
     2     2     2     2
     0     1     1     1
 1.710E+00 1.625E+00 1.625E+00 1.625E+00
 0.000E+00 0.000E+00 0.000E+00 0.000E+00
 0.000E+00 0.000E+00 0.000E+00 0.000E+00
 0.000E+00 0.000E+00 0.000E+00 0.000E+00
      0.541886     -3.375164    -0.684260
 6
       4
     2     2     2     2
     0     1     1     1
 1.710E+00 1.625E+00 1.625E+00 1.625E+00
 0.000E+00 0.000E+00 0.000E+00 0.000E+00
 0.000E+00 0.000E+00 0.000E+00 0.000E+00
 0.000E+00 0.000E+00 0.000E+00 0.000E+00
      -3.101970     0.508351    0.307551
 6
       4
     2     2     2     2
     0     1     1     1
 1.710E+00 1.625E+00 1.625E+00 1.625E+00
 0.000E+00 0.000E+00 0.000E+00 0.000E+00
 0.000E+00 0.000E+00 0.000E+00 0.000E+00
 0.000E+00 0.000E+00 0.000E+00 0.000E+00
      -4.005552     -1.929714    -0.420755
 6
       4
     2     2     2     2
     0     1     1     1
 1.710E+00 1.625E+00 1.625E+00 1.625E+00
 0.000E+00 0.000E+00 0.000E+00 0.000E+00
 0.000E+00 0.000E+00 0.000E+00 0.000E+00
 0.000E+00 0.000E+00 0.000E+00 0.000E+00
      -2.220197     -3.964615    -0.879624
 6
       4
     2     2     2     2
     0     1     1     1
 1.710E+00 1.625E+00 1.625E+00 1.625E+00
 0.000E+00 0.000E+00 0.000E+00 0.000E+00
 0.000E+00 0.000E+00 0.000E+00 0.000E+00
 0.000E+00 0.000E+00 0.000E+00 0.000E+00
      4.034741     -0.479875    -0.056153
 6
       4
     2     2     2     2
     0     1     1     1
 1.710E+00 1.625E+00 1.625E+00 1.625E+00
 0.000E+00 0.000E+00 0.000E+00 0.000E+00
 0.000E+00 0.000E+00 0.000E+00 0.000E+00
 0.000E+00 0.000E+00 0.000E+00 0.000E+00
      6.235776     -0.425714    -0.166851
 6
       4
     2     2     2     2
     0     1     1     1
 1.710E+00 1.625E+00 1.625E+00 1.625E+00
 0.000E+00 0.000E+00 0.000E+00 0.000E+00
 0.000E+00 0.000E+00 0.000E+00 0.000E+00
 0.000E+00 0.000E+00 0.000E+00 0.000E+00
      8.964858     -0.051028    -0.054726
 6
       4
     2     2     2     2
     0     1     1     1
 1.710E+00 1.625E+00 1.625E+00 1.625E+00
 0.000E+00 0.000E+00 0.000E+00 0.000E+00
 0.000E+00 0.000E+00 0.000E+00 0.000E+00
 0.000E+00 0.000E+00 0.000E+00 0.000E+00
      9.997323     2.460004    -0.224409
 6
       4
     2     2     2     2
     0     1     1     1
 1.710E+00 1.625E+00 1.625E+00 1.625E+00
 0.000E+00 0.000E+00 0.000E+00 0.000E+00
 0.000E+00 0.000E+00 0.000E+00 0.000E+00
 0.000E+00 0.000E+00 0.000E+00 0.000E+00
      10.586525     -2.028360    0.476500
 6
       4
     2     2     2     2
     0     1     1     1
 1.710E+00 1.625E+00 1.625E+00 1.625E+00
 0.000E+00 0.000E+00 0.000E+00 0.000E+00
 0.000E+00 0.000E+00 0.000E+00 0.000E+00
 0.000E+00 0.000E+00 0.000E+00 0.000E+00
      12.618553     2.889198    -0.091650
 6
       4
     2     2     2     2
     0     1     1     1
 1.710E+00 1.625E+00 1.625E+00 1.625E+00
 0.000E+00 0.000E+00 0.000E+00 0.000E+00
 0.000E+00 0.000E+00 0.000E+00 0.000E+00
 0.000E+00 0.000E+00 0.000E+00 0.000E+00
      13.212339     -1.601057    0.692112
 6
       4
     2     2     2     2
     0     1     1     1
 1.710E+00 1.625E+00 1.625E+00 1.625E+00
 0.000E+00 0.000E+00 0.000E+00 0.000E+00
 0.000E+00 0.000E+00 0.000E+00 0.000E+00
 0.000E+00 0.000E+00 0.000E+00 0.000E+00
      14.360440     0.790786    0.317752
 6
       4
     2     2     2     2
     0     1     1     1
 1.710E+00 1.625E+00 1.625E+00 1.625E+00
 0.000E+00 0.000E+00 0.000E+00 0.000E+00
 0.000E+00 0.000E+00 0.000E+00 0.000E+00
 0.000E+00 0.000E+00 0.000E+00 0.000E+00
      17.049595     0.923139    0.241736
 6
       4
     2     2     2     2
     0     1     1     1
 1.710E+00 1.625E+00 1.625E+00 1.625E+00
 0.000E+00 0.000E+00 0.000E+00 0.000E+00
 0.000E+00 0.000E+00 0.000E+00 0.000E+00
 0.000E+00 0.000E+00 0.000E+00 0.000E+00
      19.228627     1.268783    0.135333
 6
       4
     2     2     2     2
     0     1     1     1
 1.710E+00 1.625E+00 1.625E+00 1.625E+00
 0.000E+00 0.000E+00 0.000E+00 0.000E+00
 0.000E+00 0.000E+00 0.000E+00 0.000E+00
 0.000E+00 0.000E+00 0.000E+00 0.000E+00
      21.959627     1.241881    0.306136
 6
       4
     2     2     2     2
     0     1     1     1
 1.710E+00 1.625E+00 1.625E+00 1.625E+00
 0.000E+00 0.000E+00 0.000E+00 0.000E+00
 0.000E+00 0.000E+00 0.000E+00 0.000E+00
 0.000E+00 0.000E+00 0.000E+00 0.000E+00
      23.252028     -0.754675    1.657673
 6
       4
     2     2     2     2
     0     1     1     1
 1.710E+00 1.625E+00 1.625E+00 1.625E+00
 0.000E+00 0.000E+00 0.000E+00 0.000E+00
 0.000E+00 0.000E+00 0.000E+00 0.000E+00
 0.000E+00 0.000E+00 0.000E+00 0.000E+00
      23.460735     3.135594    -0.951022
 6
       4
     2     2     2     2
     0     1     1     1
 1.710E+00 1.625E+00 1.625E+00 1.625E+00
 0.000E+00 0.000E+00 0.000E+00 0.000E+00
 0.000E+00 0.000E+00 0.000E+00 0.000E+00
 0.000E+00 0.000E+00 0.000E+00 0.000E+00
      26.035894     2.960345    -1.159237
 6
       4
     2     2     2     2
     0     1     1     1
 1.710E+00 1.625E+00 1.625E+00 1.625E+00
 0.000E+00 0.000E+00 0.000E+00 0.000E+00
 0.000E+00 0.000E+00 0.000E+00 0.000E+00
 0.000E+00 0.000E+00 0.000E+00 0.000E+00
      25.777142     -0.958656    1.356838
 6
       4
     2     2     2     2
     0     1     1     1
 1.710E+00 1.625E+00 1.625E+00 1.625E+00
 0.000E+00 0.000E+00 0.000E+00 0.000E+00
 0.000E+00 0.000E+00 0.000E+00 0.000E+00
 0.000E+00 0.000E+00 0.000E+00 0.000E+00
      27.281487     0.878273    -0.018191
 6
       4
     2     2     2     2
     0     1     1     1
 1.710E+00 1.625E+00 1.625E+00 1.625E+00
 0.000E+00 0.000E+00 0.000E+00 0.000E+00
 0.000E+00 0.000E+00 0.000E+00 0.000E+00
 0.000E+00 0.000E+00 0.000E+00 0.000E+00
      30.063741     0.525009    -0.115167
 6
       4
     2     2     2     2
     0     1     1     1
 1.710E+00 1.625E+00 1.625E+00 1.625E+00
 0.000E+00 0.000E+00 0.000E+00 0.000E+00
 0.000E+00 0.000E+00 0.000E+00 0.000E+00
 0.000E+00 0.000E+00 0.000E+00 0.000E+00
      32.249406     0.273895    -0.263039
 6
       4
     2     2     2     2
     0     1     1     1
 1.710E+00 1.625E+00 1.625E+00 1.625E+00
 0.000E+00 0.000E+00 0.000E+00 0.000E+00
 0.000E+00 0.000E+00 0.000E+00 0.000E+00
 0.000E+00 0.000E+00 0.000E+00 0.000E+00
      35.039044     0.051898    -0.224027
 6
       4
     2     2     2     2
     0     1     1     1
 1.710E+00 1.625E+00 1.625E+00 1.625E+00
 0.000E+00 0.000E+00 0.000E+00 0.000E+00
 0.000E+00 0.000E+00 0.000E+00 0.000E+00
 0.000E+00 0.000E+00 0.000E+00 0.000E+00
      36.212702     -2.234832    0.483267
 6
       4
     2     2     2     2
     0     1     1     1
 1.710E+00 1.625E+00 1.625E+00 1.625E+00
 0.000E+00 0.000E+00 0.000E+00 0.000E+00
 0.000E+00 0.000E+00 0.000E+00 0.000E+00
 0.000E+00 0.000E+00 0.000E+00 0.000E+00
      36.763854     2.092240    -1.026735
 6
       4
     2     2     2     2
     0     1     1     1
 1.710E+00 1.625E+00 1.625E+00 1.625E+00
 0.000E+00 0.000E+00 0.000E+00 0.000E+00
 0.000E+00 0.000E+00 0.000E+00 0.000E+00
 0.000E+00 0.000E+00 0.000E+00 0.000E+00
      39.331394     1.799609    -1.001598
 6
       4
     2     2     2     2
     0     1     1     1
 1.710E+00 1.625E+00 1.625E+00 1.625E+00
 0.000E+00 0.000E+00 0.000E+00 0.000E+00
 0.000E+00 0.000E+00 0.000E+00 0.000E+00
 0.000E+00 0.000E+00 0.000E+00 0.000E+00
      38.906453     -2.575700    0.550131
 6
       4
     2     2     2     2
     0     1     1     1
 1.710E+00 1.625E+00 1.625E+00 1.625E+00
 0.000E+00 0.000E+00 0.000E+00 0.000E+00
 0.000E+00 0.000E+00 0.000E+00 0.000E+00
 0.000E+00 0.000E+00 0.000E+00 0.000E+00
      40.521931     -0.564302    -0.096353
 6
       4
     2     2     2     2
     0     1     1     1
 1.710E+00 1.625E+00 1.625E+00 1.625E+00
 0.000E+00 0.000E+00 0.000E+00 0.000E+00
 0.000E+00 0.000E+00 0.000E+00 0.000E+00
 0.000E+00 0.000E+00 0.000E+00 0.000E+00
      43.263878     -0.624190    0.072770
 6
       4
     2     2     2     2
     0     1     1     1
 1.710E+00 1.625E+00 1.625E+00 1.625E+00
 0.000E+00 0.000E+00 0.000E+00 0.000E+00
 0.000E+00 0.000E+00 0.000E+00 0.000E+00
 0.000E+00 0.000E+00 0.000E+00 0.000E+00
      45.472665     -0.505322    -0.062110
 6
       4
     2     2     2     2
     0     1     1     1
 1.710E+00 1.625E+00 1.625E+00 1.625E+00
 0.000E+00 0.000E+00 0.000E+00 0.000E+00
 0.000E+00 0.000E+00 0.000E+00 0.000E+00
 0.000E+00 0.000E+00 0.000E+00 0.000E+00
      48.323175     -0.329474    -0.327480
 6
       4
     2     2     2     2
     0     1     1     1
 1.710E+00 1.625E+00 1.625E+00 1.625E+00
 0.000E+00 0.000E+00 0.000E+00 0.000E+00
 0.000E+00 0.000E+00 0.000E+00 0.000E+00
 0.000E+00 0.000E+00 0.000E+00 0.000E+00
      49.850505     -2.397493    0.619080
 6
       4
     2     2     2     2
     0     1     1     1
 1.710E+00 1.625E+00 1.625E+00 1.625E+00
 0.000E+00 0.000E+00 0.000E+00 0.000E+00
 0.000E+00 0.000E+00 0.000E+00 0.000E+00
 0.000E+00 0.000E+00 0.000E+00 0.000E+00
      49.625939     1.739767    -1.541242
 6
       4
     2     2     2     2
     0     1     1     1
 1.710E+00 1.625E+00 1.625E+00 1.625E+00
 0.000E+00 0.000E+00 0.000E+00 0.000E+00
 0.000E+00 0.000E+00 0.000E+00 0.000E+00
 0.000E+00 0.000E+00 0.000E+00 0.000E+00
      52.317240     1.584966    -1.635658
 6
       4
     2     2     2     2
     0     1     1     1
 1.710E+00 1.625E+00 1.625E+00 1.625E+00
 0.000E+00 0.000E+00 0.000E+00 0.000E+00
 0.000E+00 0.000E+00 0.000E+00 0.000E+00
 0.000E+00 0.000E+00 0.000E+00 0.000E+00
      52.499443     -2.379225    0.641681
 6
       4
     2     2     2     2
     0     1     1     1
 1.710E+00 1.625E+00 1.625E+00 1.625E+00
 0.000E+00 0.000E+00 0.000E+00 0.000E+00
 0.000E+00 0.000E+00 0.000E+00 0.000E+00
 0.000E+00 0.000E+00 0.000E+00 0.000E+00
      53.825111     -0.261634    -0.456958
 6
       4
     2     2     2     2
     0     1     1     1
 1.710E+00 1.625E+00 1.625E+00 1.625E+00
 0.000E+00 0.000E+00 0.000E+00 0.000E+00
 0.000E+00 0.000E+00 0.000E+00 0.000E+00
 0.000E+00 0.000E+00 0.000E+00 0.000E+00
      56.656638     -0.128475    -0.503510
 1
       1
     1
     0
 1.300E+00
 0.000E+00
 0.000E+00
 0.000E+00
      -4.629056     1.843091    0.515812
 1
       1
     1
     0
 1.300E+00
 0.000E+00
 0.000E+00
 0.000E+00
      0.159124     2.826410    1.141971
 1
       1
     1
     0
 1.300E+00
 0.000E+00
 0.000E+00
 0.000E+00
      -5.833297     -2.994928    -0.910444
 1
       1
     1
     0
 1.300E+00
 0.000E+00
 0.000E+00
 0.000E+00
      -2.550941     -5.760595    -1.431511
 1
       1
     1
     0
 1.300E+00
 0.000E+00
 0.000E+00
 0.000E+00
      1.988991     -4.702914    -1.045602
 1
       1
     1
     0
 1.300E+00
 0.000E+00
 0.000E+00
 0.000E+00
      8.829095     4.170327    -0.370692
 1
       1
     1
     0
 1.300E+00
 0.000E+00
 0.000E+00
 0.000E+00
      9.849889     -3.846110    0.646471
 1
       1
     1
     0
 1.300E+00
 0.000E+00
 0.000E+00
 0.000E+00
      13.398299     4.700763    -0.162726
 1
       1
     1
     0
 1.300E+00
 0.000E+00
 0.000E+00
 0.000E+00
      14.415229     -3.127476    1.015809
 1
       1
     1
     0
 1.300E+00
 0.000E+00
 0.000E+00
 0.000E+00
      22.444882     4.596879    -1.864714
 1
       1
     1
     0
 1.300E+00
 0.000E+00
 0.000E+00
 0.000E+00
      27.020544     4.302804    -2.141432
 1
       1
     1
     0
 1.300E+00
 0.000E+00
 0.000E+00
 0.000E+00
      22.269750     -2.115374    2.661630
 1
       1
     1
     0
 1.300E+00
 0.000E+00
 0.000E+00
 0.000E+00
      26.804590     -2.421691    2.167884
 1
       1
     1
     0
 1.300E+00
 0.000E+00
 0.000E+00
 0.000E+00
      36.049517     3.744265    -1.722687
 1
       1
     1
     0
 1.300E+00
 0.000E+00
 0.000E+00
 0.000E+00
      35.073341     -3.759595    0.972239
 1
       1
     1
     0
 1.300E+00
 0.000E+00
 0.000E+00
 0.000E+00
      40.508420     3.358653    -1.604701
 1
       1
     1
     0
 1.300E+00
 0.000E+00
 0.000E+00
 0.000E+00
      39.729267     -4.345986    1.063536
 1
       1
     1
     0
 1.300E+00
 0.000E+00
 0.000E+00
 0.000E+00
      48.668447     3.346818    -2.258238
 1
       1
     1
     0
 1.300E+00
 0.000E+00
 0.000E+00
 0.000E+00
      48.947074     -4.097240    1.285021
 1
       1
     1
     0
 1.300E+00
 0.000E+00
 0.000E+00
 0.000E+00
      53.393790     3.210072    -2.581810
 1
       1
     1
     0
 1.300E+00
 0.000E+00
 0.000E+00
 0.000E+00
      53.502669     -3.923292    1.233470
 1
       1
     1
     0
 1.300E+00
 0.000E+00
 0.000E+00
 0.000E+00
      61.640120     4.357727    -1.460293
 1
       1
     1
     0
 1.300E+00
 0.000E+00
 0.000E+00
 0.000E+00
      62.137172     -3.397790    1.187814
 6
       4
     2     2     2     2
     0     1     1     1
 1.710E+00 1.625E+00 1.625E+00 1.625E+00
 0.000E+00 0.000E+00 0.000E+00 0.000E+00
 0.000E+00 0.000E+00 0.000E+00 0.000E+00
 0.000E+00 0.000E+00 0.000E+00 0.000E+00
      69.832295     0.569809    -0.262751
 1
       1
     1
     0
 1.300E+00
 0.000E+00
 0.000E+00
 0.000E+00
      66.329771     4.471944    -1.633746
 1
       1
     1
     0
 1.300E+00
 0.000E+00
 0.000E+00
 0.000E+00
      66.963425     -3.101645    0.917110
 6
       4
     2     2     2     2
     0     1     1     1
 1.710E+00 1.625E+00 1.625E+00 1.625E+00
 0.000E+00 0.000E+00 0.000E+00 0.000E+00
 0.000E+00 0.000E+00 0.000E+00 0.000E+00
 0.000E+00 0.000E+00 0.000E+00 0.000E+00
      58.847543     0.240485    -0.245404
 6
       4
     2     2     2     2
     0     1     1     1
 1.710E+00 1.625E+00 1.625E+00 1.625E+00
 0.000E+00 0.000E+00 0.000E+00 0.000E+00
 0.000E+00 0.000E+00 0.000E+00 0.000E+00
 0.000E+00 0.000E+00 0.000E+00 0.000E+00
      61.579433     0.417762    -0.191403
 6
       4
     2     2     2     2
     0     1     1     1
 1.710E+00 1.625E+00 1.625E+00 1.625E+00
 0.000E+00 0.000E+00 0.000E+00 0.000E+00
 0.000E+00 0.000E+00 0.000E+00 0.000E+00
 0.000E+00 0.000E+00 0.000E+00 0.000E+00
      63.049948     -1.745243    0.508582
 6
       4
     2     2     2     2
     0     1     1     1
 1.710E+00 1.625E+00 1.625E+00 1.625E+00
 0.000E+00 0.000E+00 0.000E+00 0.000E+00
 0.000E+00 0.000E+00 0.000E+00 0.000E+00
 0.000E+00 0.000E+00 0.000E+00 0.000E+00
      62.855731     2.770253    -0.879025
 6
       4
     2     2     2     2
     0     1     1     1
 1.710E+00 1.625E+00 1.625E+00 1.625E+00
 0.000E+00 0.000E+00 0.000E+00 0.000E+00
 0.000E+00 0.000E+00 0.000E+00 0.000E+00
 0.000E+00 0.000E+00 0.000E+00 0.000E+00
      65.569654     2.853885    -0.974919
 6
       4
     2     2     2     2
     0     1     1     1
 1.710E+00 1.625E+00 1.625E+00 1.625E+00
 0.000E+00 0.000E+00 0.000E+00 0.000E+00
 0.000E+00 0.000E+00 0.000E+00 0.000E+00
 0.000E+00 0.000E+00 0.000E+00 0.000E+00
      65.725362     -1.667744    0.403513
 6
       4
     2     2     2     2
     0     1     1     1
 1.710E+00 1.625E+00 1.625E+00 1.625E+00
 0.000E+00 0.000E+00 0.000E+00 0.000E+00
 0.000E+00 0.000E+00 0.000E+00 0.000E+00
 0.000E+00 0.000E+00 0.000E+00 0.000E+00
      66.948957     0.695113    -0.272238
 6
       4
     2     2     2     2
     0     1     1     1
 1.710E+00 1.625E+00 1.625E+00 1.625E+00
 0.000E+00 0.000E+00 0.000E+00 0.000E+00
 0.000E+00 0.000E+00 0.000E+00 0.000E+00
 0.000E+00 0.000E+00 0.000E+00 0.000E+00
      80.119448     -0.094012    0.793953
 6
       4
     2     2     2     2
     0     1     1     1
 1.710E+00 1.625E+00 1.625E+00 1.625E+00
 0.000E+00 0.000E+00 0.000E+00 0.000E+00
 0.000E+00 0.000E+00 0.000E+00 0.000E+00
 0.000E+00 0.000E+00 0.000E+00 0.000E+00
      78.786779     2.298287    0.474136
 6
       4
     2     2     2     2
     0     1     1     1
 1.710E+00 1.625E+00 1.625E+00 1.625E+00
 0.000E+00 0.000E+00 0.000E+00 0.000E+00
 0.000E+00 0.000E+00 0.000E+00 0.000E+00
 0.000E+00 0.000E+00 0.000E+00 0.000E+00
      78.666360     -2.326077    0.984914
 6
       4
     2     2     2     2
     0     1     1     1
 1.710E+00 1.625E+00 1.625E+00 1.625E+00
 0.000E+00 0.000E+00 0.000E+00 0.000E+00
 0.000E+00 0.000E+00 0.000E+00 0.000E+00
 0.000E+00 0.000E+00 0.000E+00 0.000E+00
      76.145925     2.297276    0.159533
 6
       4
     2     2     2     2
     0     1     1     1
 1.710E+00 1.625E+00 1.625E+00 1.625E+00
 0.000E+00 0.000E+00 0.000E+00 0.000E+00
 0.000E+00 0.000E+00 0.000E+00 0.000E+00
 0.000E+00 0.000E+00 0.000E+00 0.000E+00
      74.807175     -0.015067    0.266980
 6
       4
     2     2     2     2
     0     1     1     1
 1.710E+00 1.625E+00 1.625E+00 1.625E+00
 0.000E+00 0.000E+00 0.000E+00 0.000E+00
 0.000E+00 0.000E+00 0.000E+00 0.000E+00
 0.000E+00 0.000E+00 0.000E+00 0.000E+00
      76.087232     -2.361589    0.688030
 6
       4
     2     2     2     2
     0     1     1     1
 1.710E+00 1.625E+00 1.625E+00 1.625E+00
 0.000E+00 0.000E+00 0.000E+00 0.000E+00
 0.000E+00 0.000E+00 0.000E+00 0.000E+00
 0.000E+00 0.000E+00 0.000E+00 0.000E+00
      82.866597     -0.055479    0.586099
 6
       4
     2     2     2     2
     0     1     1     1
 1.710E+00 1.625E+00 1.625E+00 1.625E+00
 0.000E+00 0.000E+00 0.000E+00 0.000E+00
 0.000E+00 0.000E+00 0.000E+00 0.000E+00
 0.000E+00 0.000E+00 0.000E+00 0.000E+00
      85.080574     -0.101299    0.272555
 6
       4
     2     2     2     2
     0     1     1     1
 1.710E+00 1.625E+00 1.625E+00 1.625E+00
 0.000E+00 0.000E+00 0.000E+00 0.000E+00
 0.000E+00 0.000E+00 0.000E+00 0.000E+00
 0.000E+00 0.000E+00 0.000E+00 0.000E+00
      87.874687     -0.127426    0.140495
 6
       4
     2     2     2     2
     0     1     1     1
 1.710E+00 1.625E+00 1.625E+00 1.625E+00
 0.000E+00 0.000E+00 0.000E+00 0.000E+00
 0.000E+00 0.000E+00 0.000E+00 0.000E+00
 0.000E+00 0.000E+00 0.000E+00 0.000E+00
      89.244653     2.232216    -0.462061
 6
       4
     2     2     2     2
     0     1     1     1
 1.710E+00 1.625E+00 1.625E+00 1.625E+00
 0.000E+00 0.000E+00 0.000E+00 0.000E+00
 0.000E+00 0.000E+00 0.000E+00 0.000E+00
 0.000E+00 0.000E+00 0.000E+00 0.000E+00
      89.309747     -2.271299    0.793502
 6
       4
     2     2     2     2
     0     1     1     1
 1.710E+00 1.625E+00 1.625E+00 1.625E+00
 0.000E+00 0.000E+00 0.000E+00 0.000E+00
 0.000E+00 0.000E+00 0.000E+00 0.000E+00
 0.000E+00 0.000E+00 0.000E+00 0.000E+00
      91.812394     2.377464    -0.517632
 6
       4
     2     2     2     2
     0     1     1     1
 1.710E+00 1.625E+00 1.625E+00 1.625E+00
 0.000E+00 0.000E+00 0.000E+00 0.000E+00
 0.000E+00 0.000E+00 0.000E+00 0.000E+00
 0.000E+00 0.000E+00 0.000E+00 0.000E+00
      91.935731     -2.198556    0.608624
 6
       4
     2     2     2     2
     0     1     1     1
 1.710E+00 1.625E+00 1.625E+00 1.625E+00
 0.000E+00 0.000E+00 0.000E+00 0.000E+00
 0.000E+00 0.000E+00 0.000E+00 0.000E+00
 0.000E+00 0.000E+00 0.000E+00 0.000E+00
      93.251989     0.134050    -0.016087
 6
       4
     2     2     2     2
     0     1     1     1
 1.710E+00 1.625E+00 1.625E+00 1.625E+00
 0.000E+00 0.000E+00 0.000E+00 0.000E+00
 0.000E+00 0.000E+00 0.000E+00 0.000E+00
 0.000E+00 0.000E+00 0.000E+00 0.000E+00
      96.009655     0.190530    -0.248229
 6
       4
     2     2     2     2
     0     1     1     1
 1.710E+00 1.625E+00 1.625E+00 1.625E+00
 0.000E+00 0.000E+00 0.000E+00 0.000E+00
 0.000E+00 0.000E+00 0.000E+00 0.000E+00
 0.000E+00 0.000E+00 0.000E+00 0.000E+00
      98.200076     0.482882    -0.361304
 6
       4
     2     2     2     2
     0     1     1     1
 1.710E+00 1.625E+00 1.625E+00 1.625E+00
 0.000E+00 0.000E+00 0.000E+00 0.000E+00
 0.000E+00 0.000E+00 0.000E+00 0.000E+00
 0.000E+00 0.000E+00 0.000E+00 0.000E+00
      100.934424     0.866001    -0.101760
 6
       4
     2     2     2     2
     0     1     1     1
 1.710E+00 1.625E+00 1.625E+00 1.625E+00
 0.000E+00 0.000E+00 0.000E+00 0.000E+00
 0.000E+00 0.000E+00 0.000E+00 0.000E+00
 0.000E+00 0.000E+00 0.000E+00 0.000E+00
      102.509144     -1.221334    0.762984
 6
       4
     2     2     2     2
     0     1     1     1
 1.710E+00 1.625E+00 1.625E+00 1.625E+00
 0.000E+00 0.000E+00 0.000E+00 0.000E+00
 0.000E+00 0.000E+00 0.000E+00 0.000E+00
 0.000E+00 0.000E+00 0.000E+00 0.000E+00
      102.074069     3.186244    -0.647503
 6
       4
     2     2     2     2
     0     1     1     1
 1.710E+00 1.625E+00 1.625E+00 1.625E+00
 0.000E+00 0.000E+00 0.000E+00 0.000E+00
 0.000E+00 0.000E+00 0.000E+00 0.000E+00
 0.000E+00 0.000E+00 0.000E+00 0.000E+00
      104.864678     3.439766    -0.449515
 6
       4
     2     2     2     2
     0     1     1     1
 1.710E+00 1.625E+00 1.625E+00 1.625E+00
 0.000E+00 0.000E+00 0.000E+00 0.000E+00
 0.000E+00 0.000E+00 0.000E+00 0.000E+00
 0.000E+00 0.000E+00 0.000E+00 0.000E+00
      105.081305     -0.937013    1.038249
 6
       4
     2     2     2     2
     0     1     1     1
 1.710E+00 1.625E+00 1.625E+00 1.625E+00
 0.000E+00 0.000E+00 0.000E+00 0.000E+00
 0.000E+00 0.000E+00 0.000E+00 0.000E+00
 0.000E+00 0.000E+00 0.000E+00 0.000E+00
      106.356967     1.431571    0.263150
 6
       4
     2     2     2     2
     0     1     1     1
 1.710E+00 1.625E+00 1.625E+00 1.625E+00
 0.000E+00 0.000E+00 0.000E+00 0.000E+00
 0.000E+00 0.000E+00 0.000E+00 0.000E+00
 0.000E+00 0.000E+00 0.000E+00 0.000E+00
      109.209412     1.268900    0.267835
 6
       4
     2     2     2     2
     0     1     1     1
 1.710E+00 1.625E+00 1.625E+00 1.625E+00
 0.000E+00 0.000E+00 0.000E+00 0.000E+00
 0.000E+00 0.000E+00 0.000E+00 0.000E+00
 0.000E+00 0.000E+00 0.000E+00 0.000E+00
      111.363110     0.822893    0.054880
 6
       4
     2     2     2     2
     0     1     1     1
 1.710E+00 1.625E+00 1.625E+00 1.625E+00
 0.000E+00 0.000E+00 0.000E+00 0.000E+00
 0.000E+00 0.000E+00 0.000E+00 0.000E+00
 0.000E+00 0.000E+00 0.000E+00 0.000E+00
      114.105741     0.671180    -0.054001
 6
       4
     2     2     2     2
     0     1     1     1
 1.710E+00 1.625E+00 1.625E+00 1.625E+00
 0.000E+00 0.000E+00 0.000E+00 0.000E+00
 0.000E+00 0.000E+00 0.000E+00 0.000E+00
 0.000E+00 0.000E+00 0.000E+00 0.000E+00
      115.296038     -1.677338    -0.727805
 6
       4
     2     2     2     2
     0     1     1     1
 1.710E+00 1.625E+00 1.625E+00 1.625E+00
 0.000E+00 0.000E+00 0.000E+00 0.000E+00
 0.000E+00 0.000E+00 0.000E+00 0.000E+00
 0.000E+00 0.000E+00 0.000E+00 0.000E+00
      115.600193     2.840105    0.450870
 6
       4
     2     2     2     2
     0     1     1     1
 1.710E+00 1.625E+00 1.625E+00 1.625E+00
 0.000E+00 0.000E+00 0.000E+00 0.000E+00
 0.000E+00 0.000E+00 0.000E+00 0.000E+00
 0.000E+00 0.000E+00 0.000E+00 0.000E+00
      118.198528     2.779596    0.357050
 6
       4
     2     2     2     2
     0     1     1     1
 1.710E+00 1.625E+00 1.625E+00 1.625E+00
 0.000E+00 0.000E+00 0.000E+00 0.000E+00
 0.000E+00 0.000E+00 0.000E+00 0.000E+00
 0.000E+00 0.000E+00 0.000E+00 0.000E+00
      118.013439     -1.769970    -0.899823
 6
       4
     2     2     2     2
     0     1     1     1
 1.710E+00 1.625E+00 1.625E+00 1.625E+00
 0.000E+00 0.000E+00 0.000E+00 0.000E+00
 0.000E+00 0.000E+00 0.000E+00 0.000E+00
 0.000E+00 0.000E+00 0.000E+00 0.000E+00
      119.505623     0.344040    -0.341375
 6
       4
     2     2     2     2
     0     1     1     1
 1.710E+00 1.625E+00 1.625E+00 1.625E+00
 0.000E+00 0.000E+00 0.000E+00 0.000E+00
 0.000E+00 0.000E+00 0.000E+00 0.000E+00
 0.000E+00 0.000E+00 0.000E+00 0.000E+00
      122.228718     0.306950    -0.262358
 6
       4
     2     2     2     2
     0     1     1     1
 1.710E+00 1.625E+00 1.625E+00 1.625E+00
 0.000E+00 0.000E+00 0.000E+00 0.000E+00
 0.000E+00 0.000E+00 0.000E+00 0.000E+00
 0.000E+00 0.000E+00 0.000E+00 0.000E+00
      124.466606     0.492143    -0.141087
 6
       4
     2     2     2     2
     0     1     1     1
 1.710E+00 1.625E+00 1.625E+00 1.625E+00
 0.000E+00 0.000E+00 0.000E+00 0.000E+00
 0.000E+00 0.000E+00 0.000E+00 0.000E+00
 0.000E+00 0.000E+00 0.000E+00 0.000E+00
      127.270152     0.214463    0.034767
 6
       4
     2     2     2     2
     0     1     1     1
 1.710E+00 1.625E+00 1.625E+00 1.625E+00
 0.000E+00 0.000E+00 0.000E+00 0.000E+00
 0.000E+00 0.000E+00 0.000E+00 0.000E+00
 0.000E+00 0.000E+00 0.000E+00 0.000E+00
      128.420663     -2.150425    -0.598420
 6
       4
     2     2     2     2
     0     1     1     1
 1.710E+00 1.625E+00 1.625E+00 1.625E+00
 0.000E+00 0.000E+00 0.000E+00 0.000E+00
 0.000E+00 0.000E+00 0.000E+00 0.000E+00
 0.000E+00 0.000E+00 0.000E+00 0.000E+00
      128.792043     2.259867    0.911362
 6
       4
     2     2     2     2
     0     1     1     1
 1.710E+00 1.625E+00 1.625E+00 1.625E+00
 0.000E+00 0.000E+00 0.000E+00 0.000E+00
 0.000E+00 0.000E+00 0.000E+00 0.000E+00
 0.000E+00 0.000E+00 0.000E+00 0.000E+00
      131.432531     1.971999    1.071528
 6
       4
     2     2     2     2
     0     1     1     1
 1.710E+00 1.625E+00 1.625E+00 1.625E+00
 0.000E+00 0.000E+00 0.000E+00 0.000E+00
 0.000E+00 0.000E+00 0.000E+00 0.000E+00
 0.000E+00 0.000E+00 0.000E+00 0.000E+00
      130.957212     -2.456615    -0.462306
 6
       4
     2     2     2     2
     0     1     1     1
 1.710E+00 1.625E+00 1.625E+00 1.625E+00
 0.000E+00 0.000E+00 0.000E+00 0.000E+00
 0.000E+00 0.000E+00 0.000E+00 0.000E+00
 0.000E+00 0.000E+00 0.000E+00 0.000E+00
      132.531484     -0.350796    0.255090
 6
       4
     2     2     2     2
     0     1     1     1
 1.710E+00 1.625E+00 1.625E+00 1.625E+00
 0.000E+00 0.000E+00 0.000E+00 0.000E+00
 0.000E+00 0.000E+00 0.000E+00 0.000E+00
 0.000E+00 0.000E+00 0.000E+00 0.000E+00
      135.314638     -0.672242    0.236467
 1
       1
     1
     0
 1.300E+00
 0.000E+00
 0.000E+00
 0.000E+00
      75.164322     3.915242    -0.180968
 1
       1
     1
     0
 1.300E+00
 0.000E+00
 0.000E+00
 0.000E+00
      79.747191     4.060541    0.300383
 6
       4
     2     2     2     2
     0     1     1     1
 1.710E+00 1.625E+00 1.625E+00 1.625E+00
 0.000E+00 0.000E+00 0.000E+00 0.000E+00
 0.000E+00 0.000E+00 0.000E+00 0.000E+00
 0.000E+00 0.000E+00 0.000E+00 0.000E+00
      71.968459     0.104167    -0.007816
 1
       1
     1
     0
 1.300E+00
 0.000E+00
 0.000E+00
 0.000E+00
      75.130488     -4.012227    0.846340
 1
       1
     1
     0
 1.300E+00
 0.000E+00
 0.000E+00
 0.000E+00
      79.957279     -4.144698    1.415101
 1
       1
     1
     0
 1.300E+00
 0.000E+00
 0.000E+00
 0.000E+00
      88.133215     3.763928    -0.954650
 1
       1
     1
     0
 1.300E+00
 0.000E+00
 0.000E+00
 0.000E+00
      88.475846     -3.969286    1.243971
 1
       1
     1
     0
 1.300E+00
 0.000E+00
 0.000E+00
 0.000E+00
      92.716936     4.067407    -1.042537
 1
       1
     1
     0
 1.300E+00
 0.000E+00
 0.000E+00
 0.000E+00
      93.018871     -3.790925    0.927702
 1
       1
     1
     0
 1.300E+00
 0.000E+00
 0.000E+00
 0.000E+00
      101.137029     4.770164    -1.248829
 1
       1
     1
     0
 1.300E+00
 0.000E+00
 0.000E+00
 0.000E+00
      105.832626     5.201282    -0.916833
 1
       1
     1
     0
 1.300E+00
 0.000E+00
 0.000E+00
 0.000E+00
      101.697239     -3.004627    1.172993
 1
       1
     1
     0
 1.300E+00
 0.000E+00
 0.000E+00
 0.000E+00
      106.179064     -2.454505    1.738457
 1
       1
     1
     0
 1.300E+00
 0.000E+00
 0.000E+00
 0.000E+00
      114.597051     4.467577    0.969632
 1
       1
     1
     0
 1.300E+00
 0.000E+00
 0.000E+00
 0.000E+00
      114.248564     -3.443077    -0.961100
 1
       1
     1
     0
 1.300E+00
 0.000E+00
 0.000E+00
 0.000E+00
      119.355959     4.288380    0.759347
 1
       1
     1
     0
 1.300E+00
 0.000E+00
 0.000E+00
 0.000E+00
      118.839204     -3.656828    -1.233286
 1
       1
     1
     0
 1.300E+00
 0.000E+00
 0.000E+00
 0.000E+00
      127.947857     3.911973    1.555082
 1
       1
     1
     0
 1.300E+00
 0.000E+00
 0.000E+00
 0.000E+00
      127.280914     -3.654679    -1.234426
 1
       1
     1
     0
 1.300E+00
 0.000E+00
 0.000E+00
 0.000E+00
      132.591035     3.339146    1.804080
 1
       1
     1
     0
 1.300E+00
 0.000E+00
 0.000E+00
 0.000E+00
      131.884421     -4.176034    -0.976733
 1
       1
     1
     0
 1.300E+00
 0.000E+00
 0.000E+00
 0.000E+00
      140.355463     1.593322    2.724093
 1
       1
     1
     0
 1.300E+00
 0.000E+00
 0.000E+00
 0.000E+00
      140.575630     -4.709131    -1.995428
 1
       1
     1
     0
 1.300E+00
 0.000E+00
 0.000E+00
 0.000E+00
      147.684994     -1.042660    0.054602
 1
       1
     1
     0
 1.300E+00
 0.000E+00
 0.000E+00
 0.000E+00
      145.363262     1.984445    2.985584
 1
       1
     1
     0
 1.300E+00
 0.000E+00
 0.000E+00
 0.000E+00
      145.378172     -4.789049    -2.117206
 6
       4
     2     2     2     2
     0     1     1     1
 1.710E+00 1.625E+00 1.625E+00 1.625E+00
 0.000E+00 0.000E+00 0.000E+00 0.000E+00
 0.000E+00 0.000E+00 0.000E+00 0.000E+00
 0.000E+00 0.000E+00 0.000E+00 0.000E+00
      137.466025     -1.147124    0.208070
 6
       4
     2     2     2     2
     0     1     1     1
 1.710E+00 1.625E+00 1.625E+00 1.625E+00
 0.000E+00 0.000E+00 0.000E+00 0.000E+00
 0.000E+00 0.000E+00 0.000E+00 0.000E+00
 0.000E+00 0.000E+00 0.000E+00 0.000E+00
      140.200595     -1.427930    0.349601
 6
       4
     2     2     2     2
     0     1     1     1
 1.710E+00 1.625E+00 1.625E+00 1.625E+00
 0.000E+00 0.000E+00 0.000E+00 0.000E+00
 0.000E+00 0.000E+00 0.000E+00 0.000E+00
 0.000E+00 0.000E+00 0.000E+00 0.000E+00
      141.623173     -3.288924    -1.012468
 6
       4
     2     2     2     2
     0     1     1     1
 1.710E+00 1.625E+00 1.625E+00 1.625E+00
 0.000E+00 0.000E+00 0.000E+00 0.000E+00
 0.000E+00 0.000E+00 0.000E+00 0.000E+00
 0.000E+00 0.000E+00 0.000E+00 0.000E+00
      141.534358     0.516863    1.727875
 6
       4
     2     2     2     2
     0     1     1     1
 1.710E+00 1.625E+00 1.625E+00 1.625E+00
 0.000E+00 0.000E+00 0.000E+00 0.000E+00
 0.000E+00 0.000E+00 0.000E+00 0.000E+00
 0.000E+00 0.000E+00 0.000E+00 0.000E+00
      144.276858     0.515873    1.756149
 6
       4
     2     2     2     2
     0     1     1     1
 1.710E+00 1.625E+00 1.625E+00 1.625E+00
 0.000E+00 0.000E+00 0.000E+00 0.000E+00
 0.000E+00 0.000E+00 0.000E+00 0.000E+00
 0.000E+00 0.000E+00 0.000E+00 0.000E+00
      144.246056     -3.284306    -1.062514
 6
       4
     2     2     2     2
     0     1     1     1
 1.710E+00 1.625E+00 1.625E+00 1.625E+00
 0.000E+00 0.000E+00 0.000E+00 0.000E+00
 0.000E+00 0.000E+00 0.000E+00 0.000E+00
 0.000E+00 0.000E+00 0.000E+00 0.000E+00
      145.578101     -1.224433    0.278258
# LCAO coefficients .. are not included.
         1
        1        -0.001050050975088   k=         1
        2        0.008383942977859   k=         1
        3        -0.005093710572035   k=         1
        4        0.064310020386231   k=         1
        5        0.003612905383945   k=         1
        6        0.004056971664497   k=         1
        7        -0.025180878032729   k=         1
        8        0.054463986502360   k=         1
        9        -0.005062506152906   k=         1
        10        -0.007687728992351   k=         1
        11        -0.038655867005183   k=         1
        12        0.080887251989353   k=         1
        13        0.000051650818734   k=         1
        14        0.003959340991785   k=         1
        15        0.011193579486230   k=         1
        16        -0.035717162577657   k=         1
        17        -0.001058904318163   k=         1
        18        0.007493993408036   k=         1
        19        0.021133917534358   k=         1
        20        -0.084549714333614   k=         1
        21        0.001920981324647   k=         1
        22        0.006229631997243   k=         1
        23        0.005754997128709   k=         1
        24        -0.007683968957950   k=         1
        25        -0.000723969565097   k=         1
        26        -0.012446357393513   k=         1
        27        -0.018985352128076   k=         1
        28        -0.130734243028846   k=         1
        29        -0.000071844995897   k=         1
        30        -0.001158620511270   k=         1
        31        -0.003827902788164   k=         1
        32        -0.078950164743441   k=         1
        33        -0.002047511389204   k=         1
        34        -0.020732810882791   k=         1
        35        0.030822633625214   k=         1
        36        0.181934265953942   k=         1
        37        -0.001480218159359   k=         1
        38        -0.010183922239206   k=         1
        39        0.001377860576335   k=         1
        40        0.088402053152645   k=         1
        41        -0.003184974496153   k=         1
        42        -0.023514785346147   k=         1
        43        0.008520563628891   k=         1
        44        0.081752890283216   k=         1
        45        -0.001888803575136   k=         1
        46        0.003512763907308   k=         1
        47        0.000569529516398   k=         1
        48        -0.124825456961805   k=         1
        49        0.005451795601262   k=         1
        50        0.030323414042752   k=         1
        51        -0.001610773734466   k=         1
        52        -0.150837247049213   k=         1
        53        -0.003857402455650   k=         1
        54        -0.014632168957633   k=         1
        55        -0.050499631554873   k=         1
        56        -0.160610797642793   k=         1
        57        -0.004368017339754   k=         1
        58        0.012641235608334   k=         1
        59        0.093064776709680   k=         1
        60        0.161410431170348   k=         1
        61        -0.007495873072129   k=         1
        62        -0.024797166895288   k=         1
        63        0.058446392333749   k=         1
        64        0.152796669903251   k=         1
        65        0.000231548417426   k=         1
        66        0.027473012830363   k=         1
        67        -0.120464917176726   k=         1
        68        -0.189629313271995   k=         1
        69        -0.005086355026747   k=         1
        70        -0.022813171803443   k=         1
        71        -0.076557291483394   k=         1
        72        -0.103478053630605   k=         1
        73        0.001980288427496   k=         1
        74        -0.027999912427237   k=         1
        75        -0.096688445350234   k=         1
        76        -0.125023346870569   k=         1
        77        -0.004955023939279   k=         1
        78        0.024336527148572   k=         1
        79        0.063963422943652   k=         1
        80        0.091455037423427   k=         1
        81        -0.003013695151691   k=         1
        82        0.032060091545214   k=         1
        83        0.068042742207006   k=         1
        84        0.095945876225043   k=         1
        85        0.000419447322393   k=         1
        86        0.024403320066807   k=         1
        87        0.118664588457412   k=         1
        88        0.201908497900898   k=         1
        89        -0.005739416627301   k=         1
        90        -0.007007088211991   k=         1
        91        -0.049542560111253   k=         1
        92        -0.105359762379410   k=         1
        93        0.005624808190455   k=         1
        94        -0.010574264029437   k=         1
        95        -0.080106338008470   k=         1
        96        -0.141078636085219   k=         1
        97        0.000059826181046   k=         1
        98        0.005268775644289   k=         1
        99        0.045858357449874   k=         1
        100        0.115233452868298   k=         1
        101        -0.000466686303990   k=         1
        102        0.009213381346148   k=         1
        103        0.030362421348377   k=         1
        104        0.116840656281840   k=         1
        105        0.004775958988873   k=         1
        106        -0.000306115132681   k=         1
        107        0.025111579386272   k=         1
        108        0.082057318770082   k=         1
        109        -0.001356702050419   k=         1
        110        -0.003411896015441   k=         1
        111        -0.018758779387724   k=         1
        112        -0.059916553600523   k=         1
        113        0.000166558629693   k=         1
        114        -0.004517968877242   k=         1
        115        -0.019140165519391   k=         1
        116        -0.066957523869869   k=         1
        117        0.000903619467203   k=         1
        118        0.013406223625565   k=         1
        119        -0.051577716089754   k=         1
        120        -0.135115220747353   k=         1
        121        0.002643756040946   k=         1
        122        -0.006133002463128   k=         1
        123        0.021713777204545   k=         1
        124        0.052745063687659   k=         1
        125        -0.000140826335122   k=         1
        126        0.010044580561373   k=         1
        127        0.036101742810925   k=         1
        128        0.093384732697714   k=         1
        129        0.000735675271382   k=         1
        130        -0.008106226797760   k=         1
        131        -0.025638570475985   k=         1
        132        -0.048818955044055   k=         1
        133        -0.001188064750512   k=         1
        134        0.003719856456487   k=         1
        135        -0.021545755153338   k=         1
        136        -0.047456515790123   k=         1
        137        0.000321863314323   k=         1
        138        -0.004758346854872   k=         1
        139        -0.026434113620998   k=         1
        140        -0.051447897057439   k=         1
        141        -0.000477583678918   k=         1
        142        0.000762301253918   k=         1
        143        0.014743292645060   k=         1
        144        0.025702093389178   k=         1
        145        0.001551547338000   k=         1
        146        -0.002095037217824   k=         1
        147        0.010418653854452   k=         1
        148        0.024086322889048   k=         1
        149        0.001321465799230   k=         1
        150        -0.001253292419685   k=         1
        151        0.036654282254271   k=         1
        152        0.057623618625454   k=         1
        153        0.001678457029637   k=         1
        154        0.002747519606358   k=         1
        155        -0.011740114599205   k=         1
        156        -0.026793887404889   k=         1
        157        0.003875559700877   k=         1
        158        -0.005685451953208   k=         1
        159        0.002050034153489   k=         1
        160        -0.004698861844408   k=         1
        161        -0.000181831326814   k=         1
        162        -0.006870886751207   k=         1
        163        0.009021802148952   k=         1
        164        0.010550451275733   k=         1
        165        0.000669216729087   k=         1
        166        0.005006313747379   k=         1
        167        0.008450734938079   k=         1
        168        0.011206216828836   k=         1
        169        -0.000235482246681   k=         1
        170        -0.002622452541381   k=         1
        171        0.001265424203783   k=         1
        172        0.000543477036507   k=         1
        173        -0.005390937730236   k=         1
        174        -0.000391593305136   k=         1
        175        -0.001816039808202   k=         1
        176        -0.000333419255516   k=         1
        177        0.000908186996161   k=         1
        178        -0.000266863069764   k=         1
        179        -0.001139229824438   k=         1
        180        -0.000259989087940   k=         1
        181        -0.002322931956764   k=         1
        182        0.003827083787448   k=         1
        183        0.029066298927243   k=         1
        184        -0.000593654398453   k=         1
        185        -0.000967219524669   k=         1
        186        -0.001741759571769   k=         1
        187        0.007697168317149   k=         1
        188        -0.021687842138912   k=         1
        189        -0.036476130234581   k=         1
        190        0.000187416005326   k=         1
        191        -0.003271728668328   k=         1
        192        0.009477328003022   k=         1
        193        0.029198001986989   k=         1
        194        -0.000959236883751   k=         1
        195        0.004126749898689   k=         1
        196        0.006299925202809   k=         1
        197        0.023465304823523   k=         1
        198        0.000927134352194   k=         1
        199        0.000176646099820   k=         1
        200        0.008884381758912   k=         1
        201        0.028122973950349   k=         1
        202        0.000250295788704   k=         1
        203        -0.000768387955197   k=         1
        204        -0.007041601959207   k=         1
        205        -0.016686306058069   k=         1
        206        0.000470820211216   k=         1
        207        -0.002837868055108   k=         1
        208        -0.007524550154656   k=         1
        209        -0.018103590586859   k=         1
        210        -0.000396565287272   k=         1
        211        0.001117626788501   k=         1
        212        -0.008688731662868   k=         1
        213        -0.033731981765470   k=         1
        214        0.000710272355613   k=         1
        215        0.004939406315573   k=         1
        216        0.004796572673970   k=         1
        217        0.040646905082240   k=         1
        218        0.000559372594048   k=         1
        219        -0.005521728310706   k=         1
        220        0.005119918063121   k=         1
        221        0.035920645565798   k=         1
        222        -0.000847604683983   k=         1
        223        -0.007140385088543   k=         1
        224        0.001957917202826   k=         1
        225        0.031387598265706   k=         1
        226        0.000329146333165   k=         1
        227        0.005208208068532   k=         1
        228        -0.002038964860303   k=         1
        229        -0.019161215608175   k=         1
        230        0.000116664643002   k=         1
        231        0.004175352582747   k=         1
        232        -0.005157835500367   k=         1
        233        -0.046008106728754   k=         1
        234        0.001105365288487   k=         1
        235        0.005513731221340   k=         1
        236        -0.002918502071000   k=         1
        237        -0.022307905743522   k=         1
        238        -0.000153339601020   k=         1
        239        -0.010272992831107   k=         1
        240        -0.012992598942480   k=         1
        241        -0.049159571937388   k=         1
        242        0.001005374356212   k=         1
        243        -0.003558437475865   k=         1
        244        -0.006693294103804   k=         1
        245        -0.038937517712346   k=         1
        246        -0.001507350218085   k=         1
        247        -0.000812275825817   k=         1
        248        0.019549366208002   k=         1
        249        0.069911588374126   k=         1
        250        -0.000198019544732   k=         1
        251        -0.002463852170531   k=         1
        252        0.011497051455108   k=         1
        253        0.039294639517738   k=         1
        254        0.000779444999753   k=         1
        255        -0.001023278042630   k=         1
        256        0.010176717927126   k=         1
        257        0.032345233916711   k=         1
        258        -0.000404895488404   k=         1
        259        0.000491647772205   k=         1
        260        -0.010552775022350   k=         1
        261        -0.036803158187915   k=         1
        262        0.000766536651233   k=         1
        263        -0.002391189140752   k=         1
        264        -0.011645066576040   k=         1
        265        -0.053846546256113   k=         1
        266        -0.001085206907318   k=         1
        267        -0.008909783719033   k=         1
        268        -0.015577403353812   k=         1
        269        -0.065931786318786   k=         1
        270        -0.000363735516915   k=         1
        271        0.006761629556350   k=         1
        272        0.017009977657733   k=         1
        273        0.057401418578505   k=         1
        274        -0.001534562023704   k=         1
        275        -0.005340588202286   k=         1
        276        0.013241836158865   k=         1
        277        0.056405638226252   k=         1
        278        -0.000946495449183   k=         1
        279        0.013125219134880   k=         1
        280        -0.018473553664251   k=         1
        281        -0.071305191407522   k=         1
        282        -0.000572139353949   k=         1
        283        0.005231365575198   k=         1
        284        -0.011880198625360   k=         1
        285        -0.031674561767844   k=         1
        286        0.001353737816824   k=         1
        287        0.008873324149776   k=         1
        288        -0.018507449588650   k=         1
        289        -0.054322162003052   k=         1
        290        -0.003380207329919   k=         1
        291        -0.010410759556335   k=         1
        292        0.024724114386817   k=         1
        293        0.051729935928914   k=         1
        294        0.003048498437796   k=         1
        295        -0.001113678582116   k=         1
        296        0.023786451108364   k=         1
        297        0.041617691164587   k=         1
        298        0.000113688598574   k=         1
        299        0.001899204364426   k=         1
        300        0.016274256911241   k=         1
        301        0.070749197841424   k=         1
        302        -0.001316286803788   k=         1
        303        -0.004106109297425   k=         1
        304        0.016296476889279   k=         1
        305        -0.090723628919206   k=         1
        306        0.002613562860277   k=         1
        307        -0.004451040298209   k=         1
        308        -0.002729554551093   k=         1
        309        -0.064540339121953   k=         1
        310        0.000952998373803   k=         1
        311        0.004795585907956   k=         1
        312        -0.030018010090221   k=         1
        313        0.119985124677382   k=         1
        314        -0.002120193616732   k=         1
        315        0.012052207625789   k=         1
        316        -0.020201394364178   k=         1
        317        0.081207970570134   k=         1
        318        0.000895024120138   k=         1
        319        0.001181145946336   k=         1
        320        -0.014111375648466   k=         1
        321        0.042576148905405   k=         1
        322        0.000220275363226   k=         1
        323        -0.001885232939208   k=         1
        324        0.023456572303371   k=         1
        325        -0.086288849319943   k=         1
        326        0.002221223336857   k=         1
        327        -0.005973199249095   k=         1
        328        0.015043547587039   k=         1
        329        -0.077106470803270   k=         1
        330        -0.000552315460294   k=         1
        331        0.003995352867787   k=         1
        332        0.033672082791318   k=         1
        333        -0.111600010971686   k=         1
        334        0.002216976565400   k=         1
        335        -0.004280358274914   k=         1
        336        -0.027940512748751   k=         1
        337        0.093638233728613   k=         1
        338        -0.001414252838990   k=         1
        339        -0.004884436840612   k=         1
        340        -0.030318542035432   k=         1
        341        0.101012296512930   k=         1
        342        0.000325641521244   k=         1
        343        0.009858452917386   k=         1
        344        0.032436371087667   k=         1
        345        -0.108768055777502   k=         1
        346        0.000871610556078   k=         1
        347        0.009434314208570   k=         1
        348        0.024252543822098   k=         1
        349        -0.068270671807908   k=         1
        350        0.001576786522415   k=         1
        351        0.011847338416803   k=         1
        352        0.033005486102058   k=         1
        353        -0.075664174087073   k=         1
        354        -0.000743572701221   k=         1
        355        -0.009992555755763   k=         1
        356        -0.024550858915502   k=         1
        357        0.059607671799354   k=         1
        358        0.000561340787947   k=         1
        359        -0.006692575462949   k=         1
        360        -0.019362694202056   k=         1
        361        0.056794642492196   k=         1
        362        -0.001044825272392   k=         1
        363        0.002459493716334   k=         1
        364        -0.038856413386657   k=         1
        365        0.118522821201827   k=         1
        366        0.002294617213204   k=         1
        367        -0.001037016522093   k=         1
        368        0.025503168588306   k=         1
        369        -0.053411853522440   k=         1
        370        -0.000820559943675   k=         1
        371        -0.001462005929864   k=         1
        372        0.000774065161508   k=         1
        373        -0.000709052610104   k=         1
        374        0.005103589360063   k=         1
        375        0.023964493131232   k=         1
        376        -0.001328444469391   k=         1
        377        -0.001779481498302   k=         1
        378        0.000217342856893   k=         1
        379        0.000184312895524   k=         1
        380        0.000576577212976   k=         1
        381        0.001108220870325   k=         1
        382        -0.002624990669722   k=         1
        383        0.001167324331456   k=         1
        384        0.004067766142645   k=         1
        385        -0.002783639334509   k=         1
        386        -0.000099602408108   k=         1
        387        -0.001551278995807   k=         1
        388        -0.000642090878609   k=         1
        389        -0.001307869679809   k=         1
        390        0.000892149786450   k=         1
        391        -0.001672784546633   k=         1
        392        -0.004307194362331   k=         1
        393        -0.001039140829146   k=         1
        394        -0.001310856597872   k=         1
        395        0.001551728511296   k=         1
        396        -0.001102889068461   k=         1
        397        0.003578811259560   k=         1
        398        -0.002504471519114   k=         1
        399        0.000370859839450   k=         1
        400        0.009918860328505   k=         1
        401        0.028027185836778   k=         1
        402        -0.082283963836935   k=         1
        403        0.002146439984290   k=         1
        404        -0.006641316106413   k=         1
        405        -0.025030471090440   k=         1
        406        0.045702133268484   k=         1
        407        -0.003585973501818   k=         1
        408        0.004913044370306   k=         1
        409        -0.031611941702188   k=         1
        410        0.030184417324008   k=         1
        411        -0.001121040947448   k=         1
        412        -0.002720743819239   k=         1
        413        -0.046007098011594   k=         1
        414        0.049953171572905   k=         1
        415        0.000362846971177   k=         1
        416        0.000236293411647   k=         1
        417        0.009309049632792   k=         1
        418        -0.010566804316452   k=         1
        419        0.001429136763615   k=         1
        420        -0.002253573463254   k=         1
        421        0.015545895500832   k=         1
        422        -0.019995162753936   k=         1
        423        0.000128241639114   k=         1
        424        -0.009979897877877   k=         1
        425        0.039143186811921   k=         1
        426        -0.055667750253062   k=         1
