# file_format= v0.04.05
       144       426
    188.97268778      0.00000000      0.00000000    0
      0.00000000    188.97268778      0.00000000    0
      0.00000000      0.00000000    188.97268778    0
 6
       4
     2     2     2     2
     0     1     1     1
 1.710E+00 1.625E+00 1.625E+00 1.625E+00
 0.000E+00 0.000E+00 0.000E+00 0.000E+00
 0.000E+00 0.000E+00 0.000E+00 0.000E+00
 0.000E+00 0.000E+00 0.000E+00 0.000E+00
      1.124612     -0.869465    -0.082519
 6
       4
     2     2     2     2
     0     1     1     1
 1.710E+00 1.625E+00 1.625E+00 1.625E+00
 0.000E+00 0.000E+00 0.000E+00 0.000E+00
 0.000E+00 0.000E+00 0.000E+00 0.000E+00
 0.000E+00 0.000E+00 0.000E+00 0.000E+00
      -0.619327     1.019152    0.616871
 6
       4
     2     2     2     2
     0     1     1     1
 1.710E+00 1.625E+00 1.625E+00 1.625E+00
 0.000E+00 0.000E+00 0.000E+00 0.000E+00
 0.000E+00 0.000E+00 0.000E+00 0.000E+00
 0.000E+00 0.000E+00 0.000E+00 0.000E+00
      0.435550     -3.319984    -0.678073
 6
       4
     2     2     2     2
     0     1     1     1
 1.710E+00 1.625E+00 1.625E+00 1.625E+00
 0.000E+00 0.000E+00 0.000E+00 0.000E+00
 0.000E+00 0.000E+00 0.000E+00 0.000E+00
 0.000E+00 0.000E+00 0.000E+00 0.000E+00
      -3.204469     0.532013    0.288618
 6
       4
     2     2     2     2
     0     1     1     1
 1.710E+00 1.625E+00 1.625E+00 1.625E+00
 0.000E+00 0.000E+00 0.000E+00 0.000E+00
 0.000E+00 0.000E+00 0.000E+00 0.000E+00
 0.000E+00 0.000E+00 0.000E+00 0.000E+00
      -3.863286     -2.004759    -0.413538
 6
       4
     2     2     2     2
     0     1     1     1
 1.710E+00 1.625E+00 1.625E+00 1.625E+00
 0.000E+00 0.000E+00 0.000E+00 0.000E+00
 0.000E+00 0.000E+00 0.000E+00 0.000E+00
 0.000E+00 0.000E+00 0.000E+00 0.000E+00
      -2.135441     -3.842338    -0.886911
 6
       4
     2     2     2     2
     0     1     1     1
 1.710E+00 1.625E+00 1.625E+00 1.625E+00
 0.000E+00 0.000E+00 0.000E+00 0.000E+00
 0.000E+00 0.000E+00 0.000E+00 0.000E+00
 0.000E+00 0.000E+00 0.000E+00 0.000E+00
      3.980105     -0.381717    -0.055477
 6
       4
     2     2     2     2
     0     1     1     1
 1.710E+00 1.625E+00 1.625E+00 1.625E+00
 0.000E+00 0.000E+00 0.000E+00 0.000E+00
 0.000E+00 0.000E+00 0.000E+00 0.000E+00
 0.000E+00 0.000E+00 0.000E+00 0.000E+00
      6.240474     -0.417705    -0.169869
 6
       4
     2     2     2     2
     0     1     1     1
 1.710E+00 1.625E+00 1.625E+00 1.625E+00
 0.000E+00 0.000E+00 0.000E+00 0.000E+00
 0.000E+00 0.000E+00 0.000E+00 0.000E+00
 0.000E+00 0.000E+00 0.000E+00 0.000E+00
      8.954419     0.047451    -0.087674
 6
       4
     2     2     2     2
     0     1     1     1
 1.710E+00 1.625E+00 1.625E+00 1.625E+00
 0.000E+00 0.000E+00 0.000E+00 0.000E+00
 0.000E+00 0.000E+00 0.000E+00 0.000E+00
 0.000E+00 0.000E+00 0.000E+00 0.000E+00
      10.022012     2.556298    -0.288845
 6
       4
     2     2     2     2
     0     1     1     1
 1.710E+00 1.625E+00 1.625E+00 1.625E+00
 0.000E+00 0.000E+00 0.000E+00 0.000E+00
 0.000E+00 0.000E+00 0.000E+00 0.000E+00
 0.000E+00 0.000E+00 0.000E+00 0.000E+00
      10.577428     -2.003865    0.494551
 6
       4
     2     2     2     2
     0     1     1     1
 1.710E+00 1.625E+00 1.625E+00 1.625E+00
 0.000E+00 0.000E+00 0.000E+00 0.000E+00
 0.000E+00 0.000E+00 0.000E+00 0.000E+00
 0.000E+00 0.000E+00 0.000E+00 0.000E+00
      12.556585     2.946466    -0.104251
 6
       4
     2     2     2     2
     0     1     1     1
 1.710E+00 1.625E+00 1.625E+00 1.625E+00
 0.000E+00 0.000E+00 0.000E+00 0.000E+00
 0.000E+00 0.000E+00 0.000E+00 0.000E+00
 0.000E+00 0.000E+00 0.000E+00 0.000E+00
      13.129289     -1.622592    0.755259
 6
       4
     2     2     2     2
     0     1     1     1
 1.710E+00 1.625E+00 1.625E+00 1.625E+00
 0.000E+00 0.000E+00 0.000E+00 0.000E+00
 0.000E+00 0.000E+00 0.000E+00 0.000E+00
 0.000E+00 0.000E+00 0.000E+00 0.000E+00
      14.264793     0.818684    0.317591
 6
       4
     2     2     2     2
     0     1     1     1
 1.710E+00 1.625E+00 1.625E+00 1.625E+00
 0.000E+00 0.000E+00 0.000E+00 0.000E+00
 0.000E+00 0.000E+00 0.000E+00 0.000E+00
 0.000E+00 0.000E+00 0.000E+00 0.000E+00
      16.972512     0.973974    0.207524
 6
       4
     2     2     2     2
     0     1     1     1
 1.710E+00 1.625E+00 1.625E+00 1.625E+00
 0.000E+00 0.000E+00 0.000E+00 0.000E+00
 0.000E+00 0.000E+00 0.000E+00 0.000E+00
 0.000E+00 0.000E+00 0.000E+00 0.000E+00
      19.218338     1.221506    0.176190
 6
       4
     2     2     2     2
     0     1     1     1
 1.710E+00 1.625E+00 1.625E+00 1.625E+00
 0.000E+00 0.000E+00 0.000E+00 0.000E+00
 0.000E+00 0.000E+00 0.000E+00 0.000E+00
 0.000E+00 0.000E+00 0.000E+00 0.000E+00
      21.956354     1.273713    0.291042
 6
       4
     2     2     2     2
     0     1     1     1
 1.710E+00 1.625E+00 1.625E+00 1.625E+00
 0.000E+00 0.000E+00 0.000E+00 0.000E+00
 0.000E+00 0.000E+00 0.000E+00 0.000E+00
 0.000E+00 0.000E+00 0.000E+00 0.000E+00
      23.144000     -0.702220    1.644262
 6
       4
     2     2     2     2
     0     1     1     1
 1.710E+00 1.625E+00 1.625E+00 1.625E+00
 0.000E+00 0.000E+00 0.000E+00 0.000E+00
 0.000E+00 0.000E+00 0.000E+00 0.000E+00
 0.000E+00 0.000E+00 0.000E+00 0.000E+00
      23.370035     3.141414    -0.938287
 6
       4
     2     2     2     2
     0     1     1     1
 1.710E+00 1.625E+00 1.625E+00 1.625E+00
 0.000E+00 0.000E+00 0.000E+00 0.000E+00
 0.000E+00 0.000E+00 0.000E+00 0.000E+00
 0.000E+00 0.000E+00 0.000E+00 0.000E+00
      26.093378     2.946801    -1.223008
 6
       4
     2     2     2     2
     0     1     1     1
 1.710E+00 1.625E+00 1.625E+00 1.625E+00
 0.000E+00 0.000E+00 0.000E+00 0.000E+00
 0.000E+00 0.000E+00 0.000E+00 0.000E+00
 0.000E+00 0.000E+00 0.000E+00 0.000E+00
      25.847566     -0.935290    1.373887
 6
       4
     2     2     2     2
     0     1     1     1
 1.710E+00 1.625E+00 1.625E+00 1.625E+00
 0.000E+00 0.000E+00 0.000E+00 0.000E+00
 0.000E+00 0.000E+00 0.000E+00 0.000E+00
 0.000E+00 0.000E+00 0.000E+00 0.000E+00
      27.189856     0.865477    -0.083728
 6
       4
     2     2     2     2
     0     1     1     1
 1.710E+00 1.625E+00 1.625E+00 1.625E+00
 0.000E+00 0.000E+00 0.000E+00 0.000E+00
 0.000E+00 0.000E+00 0.000E+00 0.000E+00
 0.000E+00 0.000E+00 0.000E+00 0.000E+00
      30.024677     0.528373    -0.129478
 6
       4
     2     2     2     2
     0     1     1     1
 1.710E+00 1.625E+00 1.625E+00 1.625E+00
 0.000E+00 0.000E+00 0.000E+00 0.000E+00
 0.000E+00 0.000E+00 0.000E+00 0.000E+00
 0.000E+00 0.000E+00 0.000E+00 0.000E+00
      32.255504     0.187689    -0.186762
 6
       4
     2     2     2     2
     0     1     1     1
 1.710E+00 1.625E+00 1.625E+00 1.625E+00
 0.000E+00 0.000E+00 0.000E+00 0.000E+00
 0.000E+00 0.000E+00 0.000E+00 0.000E+00
 0.000E+00 0.000E+00 0.000E+00 0.000E+00
      35.167379     0.008999    -0.216062
 6
       4
     2     2     2     2
     0     1     1     1
 1.710E+00 1.625E+00 1.625E+00 1.625E+00
 0.000E+00 0.000E+00 0.000E+00 0.000E+00
 0.000E+00 0.000E+00 0.000E+00 0.000E+00
 0.000E+00 0.000E+00 0.000E+00 0.000E+00
      36.193740     -2.252782    0.501204
 6
       4
     2     2     2     2
     0     1     1     1
 1.710E+00 1.625E+00 1.625E+00 1.625E+00
 0.000E+00 0.000E+00 0.000E+00 0.000E+00
 0.000E+00 0.000E+00 0.000E+00 0.000E+00
 0.000E+00 0.000E+00 0.000E+00 0.000E+00
      36.783775     2.078406    -0.953125
 6
       4
     2     2     2     2
     0     1     1     1
 1.710E+00 1.625E+00 1.625E+00 1.625E+00
 0.000E+00 0.000E+00 0.000E+00 0.000E+00
 0.000E+00 0.000E+00 0.000E+00 0.000E+00
 0.000E+00 0.000E+00 0.000E+00 0.000E+00
      39.358346     1.870468    -0.987463
 6
       4
     2     2     2     2
     0     1     1     1
 1.710E+00 1.625E+00 1.625E+00 1.625E+00
 0.000E+00 0.000E+00 0.000E+00 0.000E+00
 0.000E+00 0.000E+00 0.000E+00 0.000E+00
 0.000E+00 0.000E+00 0.000E+00 0.000E+00
      39.015251     -2.543675    0.553552
 6
       4
     2     2     2     2
     0     1     1     1
 1.710E+00 1.625E+00 1.625E+00 1.625E+00
 0.000E+00 0.000E+00 0.000E+00 0.000E+00
 0.000E+00 0.000E+00 0.000E+00 0.000E+00
 0.000E+00 0.000E+00 0.000E+00 0.000E+00
      40.466275     -0.462741    -0.105615
 6
       4
     2     2     2     2
     0     1     1     1
 1.710E+00 1.625E+00 1.625E+00 1.625E+00
 0.000E+00 0.000E+00 0.000E+00 0.000E+00
 0.000E+00 0.000E+00 0.000E+00 0.000E+00
 0.000E+00 0.000E+00 0.000E+00 0.000E+00
      43.275069     -0.653528    0.069296
 6
       4
     2     2     2     2
     0     1     1     1
 1.710E+00 1.625E+00 1.625E+00 1.625E+00
 0.000E+00 0.000E+00 0.000E+00 0.000E+00
 0.000E+00 0.000E+00 0.000E+00 0.000E+00
 0.000E+00 0.000E+00 0.000E+00 0.000E+00
      45.525291     -0.452032    -0.064166
 6
       4
     2     2     2     2
     0     1     1     1
 1.710E+00 1.625E+00 1.625E+00 1.625E+00
 0.000E+00 0.000E+00 0.000E+00 0.000E+00
 0.000E+00 0.000E+00 0.000E+00 0.000E+00
 0.000E+00 0.000E+00 0.000E+00 0.000E+00
      48.356302     -0.346075    -0.344656
 6
       4
     2     2     2     2
     0     1     1     1
 1.710E+00 1.625E+00 1.625E+00 1.625E+00
 0.000E+00 0.000E+00 0.000E+00 0.000E+00
 0.000E+00 0.000E+00 0.000E+00 0.000E+00
 0.000E+00 0.000E+00 0.000E+00 0.000E+00
      49.834327     -2.458458    0.671216
 6
       4
     2     2     2     2
     0     1     1     1
 1.710E+00 1.625E+00 1.625E+00 1.625E+00
 0.000E+00 0.000E+00 0.000E+00 0.000E+00
 0.000E+00 0.000E+00 0.000E+00 0.000E+00
 0.000E+00 0.000E+00 0.000E+00 0.000E+00
      49.494482     1.721663    -1.586805
 6
       4
     2     2     2     2
     0     1     1     1
 1.710E+00 1.625E+00 1.625E+00 1.625E+00
 0.000E+00 0.000E+00 0.000E+00 0.000E+00
 0.000E+00 0.000E+00 0.000E+00 0.000E+00
 0.000E+00 0.000E+00 0.000E+00 0.000E+00
      52.329319     1.689356    -1.573605
 6
       4
     2     2     2     2
     0     1     1     1
 1.710E+00 1.625E+00 1.625E+00 1.625E+00
 0.000E+00 0.000E+00 0.000E+00 0.000E+00
 0.000E+00 0.000E+00 0.000E+00 0.000E+00
 0.000E+00 0.000E+00 0.000E+00 0.000E+00
      52.503773     -2.405113    0.680764
 6
       4
     2     2     2     2
     0     1     1     1
 1.710E+00 1.625E+00 1.625E+00 1.625E+00
 0.000E+00 0.000E+00 0.000E+00 0.000E+00
 0.000E+00 0.000E+00 0.000E+00 0.000E+00
 0.000E+00 0.000E+00 0.000E+00 0.000E+00
      53.772546     -0.257184    -0.432696
 6
       4
     2     2     2     2
     0     1     1     1
 1.710E+00 1.625E+00 1.625E+00 1.625E+00
 0.000E+00 0.000E+00 0.000E+00 0.000E+00
 0.000E+00 0.000E+00 0.000E+00 0.000E+00
 0.000E+00 0.000E+00 0.000E+00 0.000E+00
      56.585966     -0.103674    -0.399280
 1
       1
     1
     0
 1.300E+00
 0.000E+00
 0.000E+00
 0.000E+00
      -4.381367     2.045075    0.650304
 1
       1
     1
     0
 1.300E+00
 0.000E+00
 0.000E+00
 0.000E+00
      -0.453882     2.938749    1.127371
 1
       1
     1
     0
 1.300E+00
 0.000E+00
 0.000E+00
 0.000E+00
      -5.894647     -1.754614    -0.681524
 1
       1
     1
     0
 1.300E+00
 0.000E+00
 0.000E+00
 0.000E+00
      -2.767370     -5.716620    -1.545165
 1
       1
     1
     0
 1.300E+00
 0.000E+00
 0.000E+00
 0.000E+00
      1.725787     -4.729521    -1.028124
 1
       1
     1
     0
 1.300E+00
 0.000E+00
 0.000E+00
 0.000E+00
      8.634145     3.863951    -0.574762
 1
       1
     1
     0
 1.300E+00
 0.000E+00
 0.000E+00
 0.000E+00
      9.825209     -3.872411    0.751172
 1
       1
     1
     0
 1.300E+00
 0.000E+00
 0.000E+00
 0.000E+00
      13.451113     4.739533    -0.099390
 1
       1
     1
     0
 1.300E+00
 0.000E+00
 0.000E+00
 0.000E+00
      14.389307     -3.165737    1.094134
 1
       1
     1
     0
 1.300E+00
 0.000E+00
 0.000E+00
 0.000E+00
      22.368826     4.652258    -1.736566
 1
       1
     1
     0
 1.300E+00
 0.000E+00
 0.000E+00
 0.000E+00
      27.314579     4.254351    -2.274087
 1
       1
     1
     0
 1.300E+00
 0.000E+00
 0.000E+00
 0.000E+00
      21.949880     -2.022965    2.605979
 1
       1
     1
     0
 1.300E+00
 0.000E+00
 0.000E+00
 0.000E+00
      26.919166     -2.333628    2.371377
 1
       1
     1
     0
 1.300E+00
 0.000E+00
 0.000E+00
 0.000E+00
      35.766252     3.822296    -1.500764
 1
       1
     1
     0
 1.300E+00
 0.000E+00
 0.000E+00
 0.000E+00
      35.133309     -3.889844    0.981310
 1
       1
     1
     0
 1.300E+00
 0.000E+00
 0.000E+00
 0.000E+00
      40.609722     3.257665    -1.474672
 1
       1
     1
     0
 1.300E+00
 0.000E+00
 0.000E+00
 0.000E+00
      39.642999     -4.246110    1.255077
 1
       1
     1
     0
 1.300E+00
 0.000E+00
 0.000E+00
 0.000E+00
      48.602585     3.206088    -2.475248
 1
       1
     1
     0
 1.300E+00
 0.000E+00
 0.000E+00
 0.000E+00
      48.794915     -3.999306    1.224261
 1
       1
     1
     0
 1.300E+00
 0.000E+00
 0.000E+00
 0.000E+00
      52.990012     3.267992    -2.291402
 1
       1
     1
     0
 1.300E+00
 0.000E+00
 0.000E+00
 0.000E+00
      53.549596     -4.014753    1.377952
 1
       1
     1
     0
 1.300E+00
 0.000E+00
 0.000E+00
 0.000E+00
      61.884184     4.293832    -1.382597
 1
       1
     1
     0
 1.300E+00
 0.000E+00
 0.000E+00
 0.000E+00
      62.321515     -3.552067    1.081978
 6
       4
     2     2     2     2
     0     1     1     1
 1.710E+00 1.625E+00 1.625E+00 1.625E+00
 0.000E+00 0.000E+00 0.000E+00 0.000E+00
 0.000E+00 0.000E+00 0.000E+00 0.000E+00
 0.000E+00 0.000E+00 0.000E+00 0.000E+00
      69.792570     0.550859    -0.243582
 1
       1
     1
     0
 1.300E+00
 0.000E+00
 0.000E+00
 0.000E+00
      66.578348     4.547486    -1.651545
 1
       1
     1
     0
 1.300E+00
 0.000E+00
 0.000E+00
 0.000E+00
      66.699542     -3.299983    1.141360
 6
       4
     2     2     2     2
     0     1     1     1
 1.710E+00 1.625E+00 1.625E+00 1.625E+00
 0.000E+00 0.000E+00 0.000E+00 0.000E+00
 0.000E+00 0.000E+00 0.000E+00 0.000E+00
 0.000E+00 0.000E+00 0.000E+00 0.000E+00
      58.776665     0.235515    -0.258855
 6
       4
     2     2     2     2
     0     1     1     1
 1.710E+00 1.625E+00 1.625E+00 1.625E+00
 0.000E+00 0.000E+00 0.000E+00 0.000E+00
 0.000E+00 0.000E+00 0.000E+00 0.000E+00
 0.000E+00 0.000E+00 0.000E+00 0.000E+00
      61.623830     0.393437    -0.173222
 6
       4
     2     2     2     2
     0     1     1     1
 1.710E+00 1.625E+00 1.625E+00 1.625E+00
 0.000E+00 0.000E+00 0.000E+00 0.000E+00
 0.000E+00 0.000E+00 0.000E+00 0.000E+00
 0.000E+00 0.000E+00 0.000E+00 0.000E+00
      62.991004     -1.786260    0.550436
 6
       4
     2     2     2     2
     0     1     1     1
 1.710E+00 1.625E+00 1.625E+00 1.625E+00
 0.000E+00 0.000E+00 0.000E+00 0.000E+00
 0.000E+00 0.000E+00 0.000E+00 0.000E+00
 0.000E+00 0.000E+00 0.000E+00 0.000E+00
      62.841332     2.746724    -0.861932
 6
       4
     2     2     2     2
     0     1     1     1
 1.710E+00 1.625E+00 1.625E+00 1.625E+00
 0.000E+00 0.000E+00 0.000E+00 0.000E+00
 0.000E+00 0.000E+00 0.000E+00 0.000E+00
 0.000E+00 0.000E+00 0.000E+00 0.000E+00
      65.488713     2.893138    -0.970767
 6
       4
     2     2     2     2
     0     1     1     1
 1.710E+00 1.625E+00 1.625E+00 1.625E+00
 0.000E+00 0.000E+00 0.000E+00 0.000E+00
 0.000E+00 0.000E+00 0.000E+00 0.000E+00
 0.000E+00 0.000E+00 0.000E+00 0.000E+00
      65.809745     -1.650012    0.405346
 6
       4
     2     2     2     2
     0     1     1     1
 1.710E+00 1.625E+00 1.625E+00 1.625E+00
 0.000E+00 0.000E+00 0.000E+00 0.000E+00
 0.000E+00 0.000E+00 0.000E+00 0.000E+00
 0.000E+00 0.000E+00 0.000E+00 0.000E+00
      66.892761     0.608679    -0.341850
 6
       4
     2     2     2     2
     0     1     1     1
 1.710E+00 1.625E+00 1.625E+00 1.625E+00
 0.000E+00 0.000E+00 0.000E+00 0.000E+00
 0.000E+00 0.000E+00 0.000E+00 0.000E+00
 0.000E+00 0.000E+00 0.000E+00 0.000E+00
      80.086323     -0.024111    0.773565
 6
       4
     2     2     2     2
     0     1     1     1
 1.710E+00 1.625E+00 1.625E+00 1.625E+00
 0.000E+00 0.000E+00 0.000E+00 0.000E+00
 0.000E+00 0.000E+00 0.000E+00 0.000E+00
 0.000E+00 0.000E+00 0.000E+00 0.000E+00
      78.796065     2.243413    0.420893
 6
       4
     2     2     2     2
     0     1     1     1
 1.710E+00 1.625E+00 1.625E+00 1.625E+00
 0.000E+00 0.000E+00 0.000E+00 0.000E+00
 0.000E+00 0.000E+00 0.000E+00 0.000E+00
 0.000E+00 0.000E+00 0.000E+00 0.000E+00
      78.735894     -2.361770    0.981318
 6
       4
     2     2     2     2
     0     1     1     1
 1.710E+00 1.625E+00 1.625E+00 1.625E+00
 0.000E+00 0.000E+00 0.000E+00 0.000E+00
 0.000E+00 0.000E+00 0.000E+00 0.000E+00
 0.000E+00 0.000E+00 0.000E+00 0.000E+00
      76.180686     2.287861    0.110908
 6
       4
     2     2     2     2
     0     1     1     1
 1.710E+00 1.625E+00 1.625E+00 1.625E+00
 0.000E+00 0.000E+00 0.000E+00 0.000E+00
 0.000E+00 0.000E+00 0.000E+00 0.000E+00
 0.000E+00 0.000E+00 0.000E+00 0.000E+00
      74.846477     0.024302    0.272402
 6
       4
     2     2     2     2
     0     1     1     1
 1.710E+00 1.625E+00 1.625E+00 1.625E+00
 0.000E+00 0.000E+00 0.000E+00 0.000E+00
 0.000E+00 0.000E+00 0.000E+00 0.000E+00
 0.000E+00 0.000E+00 0.000E+00 0.000E+00
      76.083003     -2.344351    0.718396
 6
       4
     2     2     2     2
     0     1     1     1
 1.710E+00 1.625E+00 1.625E+00 1.625E+00
 0.000E+00 0.000E+00 0.000E+00 0.000E+00
 0.000E+00 0.000E+00 0.000E+00 0.000E+00
 0.000E+00 0.000E+00 0.000E+00 0.000E+00
      82.891665     -0.124977    0.657472
 6
       4
     2     2     2     2
     0     1     1     1
 1.710E+00 1.625E+00 1.625E+00 1.625E+00
 0.000E+00 0.000E+00 0.000E+00 0.000E+00
 0.000E+00 0.000E+00 0.000E+00 0.000E+00
 0.000E+00 0.000E+00 0.000E+00 0.000E+00
      85.068196     -0.037761    0.214764
 6
       4
     2     2     2     2
     0     1     1     1
 1.710E+00 1.625E+00 1.625E+00 1.625E+00
 0.000E+00 0.000E+00 0.000E+00 0.000E+00
 0.000E+00 0.000E+00 0.000E+00 0.000E+00
 0.000E+00 0.000E+00 0.000E+00 0.000E+00
      87.899765     -0.080423    0.125877
 6
       4
     2     2     2     2
     0     1     1     1
 1.710E+00 1.625E+00 1.625E+00 1.625E+00
 0.000E+00 0.000E+00 0.000E+00 0.000E+00
 0.000E+00 0.000E+00 0.000E+00 0.000E+00
 0.000E+00 0.000E+00 0.000E+00 0.000E+00
      89.147531     2.191536    -0.513883
 6
       4
     2     2     2     2
     0     1     1     1
 1.710E+00 1.625E+00 1.625E+00 1.625E+00
 0.000E+00 0.000E+00 0.000E+00 0.000E+00
 0.000E+00 0.000E+00 0.000E+00 0.000E+00
 0.000E+00 0.000E+00 0.000E+00 0.000E+00
      89.248535     -2.294566    0.751365
 6
       4
     2     2     2     2
     0     1     1     1
 1.710E+00 1.625E+00 1.625E+00 1.625E+00
 0.000E+00 0.000E+00 0.000E+00 0.000E+00
 0.000E+00 0.000E+00 0.000E+00 0.000E+00
 0.000E+00 0.000E+00 0.000E+00 0.000E+00
      91.871276     2.360740    -0.593019
 6
       4
     2     2     2     2
     0     1     1     1
 1.710E+00 1.625E+00 1.625E+00 1.625E+00
 0.000E+00 0.000E+00 0.000E+00 0.000E+00
 0.000E+00 0.000E+00 0.000E+00 0.000E+00
 0.000E+00 0.000E+00 0.000E+00 0.000E+00
      91.983374     -2.127580    0.596118
 6
       4
     2     2     2     2
     0     1     1     1
 1.710E+00 1.625E+00 1.625E+00 1.625E+00
 0.000E+00 0.000E+00 0.000E+00 0.000E+00
 0.000E+00 0.000E+00 0.000E+00 0.000E+00
 0.000E+00 0.000E+00 0.000E+00 0.000E+00
      93.193455     0.124858    -0.019116
 6
       4
     2     2     2     2
     0     1     1     1
 1.710E+00 1.625E+00 1.625E+00 1.625E+00
 0.000E+00 0.000E+00 0.000E+00 0.000E+00
 0.000E+00 0.000E+00 0.000E+00 0.000E+00
 0.000E+00 0.000E+00 0.000E+00 0.000E+00
      95.959152     0.278393    -0.219012
 6
       4
     2     2     2     2
     0     1     1     1
 1.710E+00 1.625E+00 1.625E+00 1.625E+00
 0.000E+00 0.000E+00 0.000E+00 0.000E+00
 0.000E+00 0.000E+00 0.000E+00 0.000E+00
 0.000E+00 0.000E+00 0.000E+00 0.000E+00
      98.192150     0.433887    -0.425415
 6
       4
     2     2     2     2
     0     1     1     1
 1.710E+00 1.625E+00 1.625E+00 1.625E+00
 0.000E+00 0.000E+00 0.000E+00 0.000E+00
 0.000E+00 0.000E+00 0.000E+00 0.000E+00
 0.000E+00 0.000E+00 0.000E+00 0.000E+00
      100.974235     0.810562    -0.179303
 6
       4
     2     2     2     2
     0     1     1     1
 1.710E+00 1.625E+00 1.625E+00 1.625E+00
 0.000E+00 0.000E+00 0.000E+00 0.000E+00
 0.000E+00 0.000E+00 0.000E+00 0.000E+00
 0.000E+00 0.000E+00 0.000E+00 0.000E+00
      102.551676     -1.244097    0.810626
 6
       4
     2     2     2     2
     0     1     1     1
 1.710E+00 1.625E+00 1.625E+00 1.625E+00
 0.000E+00 0.000E+00 0.000E+00 0.000E+00
 0.000E+00 0.000E+00 0.000E+00 0.000E+00
 0.000E+00 0.000E+00 0.000E+00 0.000E+00
      102.036938     3.098761    -0.671493
 6
       4
     2     2     2     2
     0     1     1     1
 1.710E+00 1.625E+00 1.625E+00 1.625E+00
 0.000E+00 0.000E+00 0.000E+00 0.000E+00
 0.000E+00 0.000E+00 0.000E+00 0.000E+00
 0.000E+00 0.000E+00 0.000E+00 0.000E+00
      104.914446     3.397807    -0.402485
 6
       4
     2     2     2     2
     0     1     1     1
 1.710E+00 1.625E+00 1.625E+00 1.625E+00
 0.000E+00 0.000E+00 0.000E+00 0.000E+00
 0.000E+00 0.000E+00 0.000E+00 0.000E+00
 0.000E+00 0.000E+00 0.000E+00 0.000E+00
      105.089238     -1.011090    1.004238
 6
       4
     2     2     2     2
     0     1     1     1
 1.710E+00 1.625E+00 1.625E+00 1.625E+00
 0.000E+00 0.000E+00 0.000E+00 0.000E+00
 0.000E+00 0.000E+00 0.000E+00 0.000E+00
 0.000E+00 0.000E+00 0.000E+00 0.000E+00
      106.368774     1.302420    0.312634
 6
       4
     2     2     2     2
     0     1     1     1
 1.710E+00 1.625E+00 1.625E+00 1.625E+00
 0.000E+00 0.000E+00 0.000E+00 0.000E+00
 0.000E+00 0.000E+00 0.000E+00 0.000E+00
 0.000E+00 0.000E+00 0.000E+00 0.000E+00
      109.213433     1.231130    0.278506
 6
       4
     2     2     2     2
     0     1     1     1
 1.710E+00 1.625E+00 1.625E+00 1.625E+00
 0.000E+00 0.000E+00 0.000E+00 0.000E+00
 0.000E+00 0.000E+00 0.000E+00 0.000E+00
 0.000E+00 0.000E+00 0.000E+00 0.000E+00
      111.415551     0.839789    0.027356
 6
       4
     2     2     2     2
     0     1     1     1
 1.710E+00 1.625E+00 1.625E+00 1.625E+00
 0.000E+00 0.000E+00 0.000E+00 0.000E+00
 0.000E+00 0.000E+00 0.000E+00 0.000E+00
 0.000E+00 0.000E+00 0.000E+00 0.000E+00
      114.229729     0.597344    -0.072853
 6
       4
     2     2     2     2
     0     1     1     1
 1.710E+00 1.625E+00 1.625E+00 1.625E+00
 0.000E+00 0.000E+00 0.000E+00 0.000E+00
 0.000E+00 0.000E+00 0.000E+00 0.000E+00
 0.000E+00 0.000E+00 0.000E+00 0.000E+00
      115.348238     -1.635341    -0.711890
 6
       4
     2     2     2     2
     0     1     1     1
 1.710E+00 1.625E+00 1.625E+00 1.625E+00
 0.000E+00 0.000E+00 0.000E+00 0.000E+00
 0.000E+00 0.000E+00 0.000E+00 0.000E+00
 0.000E+00 0.000E+00 0.000E+00 0.000E+00
      115.666210     2.900847    0.479688
 6
       4
     2     2     2     2
     0     1     1     1
 1.710E+00 1.625E+00 1.625E+00 1.625E+00
 0.000E+00 0.000E+00 0.000E+00 0.000E+00
 0.000E+00 0.000E+00 0.000E+00 0.000E+00
 0.000E+00 0.000E+00 0.000E+00 0.000E+00
      118.225332     2.752732    0.343618
 6
       4
     2     2     2     2
     0     1     1     1
 1.710E+00 1.625E+00 1.625E+00 1.625E+00
 0.000E+00 0.000E+00 0.000E+00 0.000E+00
 0.000E+00 0.000E+00 0.000E+00 0.000E+00
 0.000E+00 0.000E+00 0.000E+00 0.000E+00
      117.996178     -1.818825    -0.873535
 6
       4
     2     2     2     2
     0     1     1     1
 1.710E+00 1.625E+00 1.625E+00 1.625E+00
 0.000E+00 0.000E+00 0.000E+00 0.000E+00
 0.000E+00 0.000E+00 0.000E+00 0.000E+00
 0.000E+00 0.000E+00 0.000E+00 0.000E+00
      119.544595     0.327571    -0.251180
 6
       4
     2     2     2     2
     0     1     1     1
 1.710E+00 1.625E+00 1.625E+00 1.625E+00
 0.000E+00 0.000E+00 0.000E+00 0.000E+00
 0.000E+00 0.000E+00 0.000E+00 0.000E+00
 0.000E+00 0.000E+00 0.000E+00 0.000E+00
      122.323110     0.281877    -0.127282
 6
       4
     2     2     2     2
     0     1     1     1
 1.710E+00 1.625E+00 1.625E+00 1.625E+00
 0.000E+00 0.000E+00 0.000E+00 0.000E+00
 0.000E+00 0.000E+00 0.000E+00 0.000E+00
 0.000E+00 0.000E+00 0.000E+00 0.000E+00
      124.529876     0.447525    -0.199039
 6
       4
     2     2     2     2
     0     1     1     1
 1.710E+00 1.625E+00 1.625E+00 1.625E+00
 0.000E+00 0.000E+00 0.000E+00 0.000E+00
 0.000E+00 0.000E+00 0.000E+00 0.000E+00
 0.000E+00 0.000E+00 0.000E+00 0.000E+00
      127.298642     0.219269    -0.006338
 6
       4
     2     2     2     2
     0     1     1     1
 1.710E+00 1.625E+00 1.625E+00 1.625E+00
 0.000E+00 0.000E+00 0.000E+00 0.000E+00
 0.000E+00 0.000E+00 0.000E+00 0.000E+00
 0.000E+00 0.000E+00 0.000E+00 0.000E+00
      128.418542     -2.172968    -0.614783
 6
       4
     2     2     2     2
     0     1     1     1
 1.710E+00 1.625E+00 1.625E+00 1.625E+00
 0.000E+00 0.000E+00 0.000E+00 0.000E+00
 0.000E+00 0.000E+00 0.000E+00 0.000E+00
 0.000E+00 0.000E+00 0.000E+00 0.000E+00
      128.819074     2.215367    0.861893
 6
       4
     2     2     2     2
     0     1     1     1
 1.710E+00 1.625E+00 1.625E+00 1.625E+00
 0.000E+00 0.000E+00 0.000E+00 0.000E+00
 0.000E+00 0.000E+00 0.000E+00 0.000E+00
 0.000E+00 0.000E+00 0.000E+00 0.000E+00
      131.453560     1.940543    1.064666
 6
       4
     2     2     2     2
     0     1     1     1
 1.710E+00 1.625E+00 1.625E+00 1.625E+00
 0.000E+00 0.000E+00 0.000E+00 0.000E+00
 0.000E+00 0.000E+00 0.000E+00 0.000E+00
 0.000E+00 0.000E+00 0.000E+00 0.000E+00
      131.052151     -2.471299    -0.517037
 6
       4
     2     2     2     2
     0     1     1     1
 1.710E+00 1.625E+00 1.625E+00 1.625E+00
 0.000E+00 0.000E+00 0.000E+00 0.000E+00
 0.000E+00 0.000E+00 0.000E+00 0.000E+00
 0.000E+00 0.000E+00 0.000E+00 0.000E+00
      132.548004     -0.357081    0.265036
 6
       4
     2     2     2     2
     0     1     1     1
 1.710E+00 1.625E+00 1.625E+00 1.625E+00
 0.000E+00 0.000E+00 0.000E+00 0.000E+00
 0.000E+00 0.000E+00 0.000E+00 0.000E+00
 0.000E+00 0.000E+00 0.000E+00 0.000E+00
      135.317815     -0.673517    0.204026
 1
       1
     1
     0
 1.300E+00
 0.000E+00
 0.000E+00
 0.000E+00
      75.032075     4.001693    -0.196137
 1
       1
     1
     0
 1.300E+00
 0.000E+00
 0.000E+00
 0.000E+00
      79.965212     3.808705    0.175627
 6
       4
     2     2     2     2
     0     1     1     1
 1.710E+00 1.625E+00 1.625E+00 1.625E+00
 0.000E+00 0.000E+00 0.000E+00 0.000E+00
 0.000E+00 0.000E+00 0.000E+00 0.000E+00
 0.000E+00 0.000E+00 0.000E+00 0.000E+00
      72.028953     0.060301    0.001601
 1
       1
     1
     0
 1.300E+00
 0.000E+00
 0.000E+00
 0.000E+00
      75.029650     -4.133983    0.740644
 1
       1
     1
     0
 1.300E+00
 0.000E+00
 0.000E+00
 0.000E+00
      79.442514     -3.988631    1.385642
 1
       1
     1
     0
 1.300E+00
 0.000E+00
 0.000E+00
 0.000E+00
      88.029340     3.848272    -0.946789
 1
       1
     1
     0
 1.300E+00
 0.000E+00
 0.000E+00
 0.000E+00
      88.324865     -4.029247    1.280342
 1
       1
     1
     0
 1.300E+00
 0.000E+00
 0.000E+00
 0.000E+00
      92.874998     4.041083    -0.927774
 1
       1
     1
     0
 1.300E+00
 0.000E+00
 0.000E+00
 0.000E+00
      93.087137     -3.729576    1.191699
 1
       1
     1
     0
 1.300E+00
 0.000E+00
 0.000E+00
 0.000E+00
      101.096601     4.812450    -1.200048
 1
       1
     1
     0
 1.300E+00
 0.000E+00
 0.000E+00
 0.000E+00
      105.420341     5.175829    -0.893069
 1
       1
     1
     0
 1.300E+00
 0.000E+00
 0.000E+00
 0.000E+00
      101.594150     -2.907098    1.303100
 1
       1
     1
     0
 1.300E+00
 0.000E+00
 0.000E+00
 0.000E+00
      106.255864     -2.432393    1.731499
 1
       1
     1
     0
 1.300E+00
 0.000E+00
 0.000E+00
 0.000E+00
      114.712900     4.638937    0.816297
 1
       1
     1
     0
 1.300E+00
 0.000E+00
 0.000E+00
 0.000E+00
      114.114464     -3.088400    -1.013090
 1
       1
     1
     0
 1.300E+00
 0.000E+00
 0.000E+00
 0.000E+00
      119.307416     4.426305    0.760326
 1
       1
     1
     0
 1.300E+00
 0.000E+00
 0.000E+00
 0.000E+00
      118.946038     -3.395972    -1.395215
 1
       1
     1
     0
 1.300E+00
 0.000E+00
 0.000E+00
 0.000E+00
      127.833419     3.889838    1.462835
 1
       1
     1
     0
 1.300E+00
 0.000E+00
 0.000E+00
 0.000E+00
      127.398208     -3.720759    -1.367083
 1
       1
     1
     0
 1.300E+00
 0.000E+00
 0.000E+00
 0.000E+00
      132.851996     3.287762    1.734141
 1
       1
     1
     0
 1.300E+00
 0.000E+00
 0.000E+00
 0.000E+00
      131.925915     -4.123516    -1.066648
 1
       1
     1
     0
 1.300E+00
 0.000E+00
 0.000E+00
 0.000E+00
      140.488821     1.933509    2.799187
 1
       1
     1
     0
 1.300E+00
 0.000E+00
 0.000E+00
 0.000E+00
      140.425943     -4.443341    -2.063086
 1
       1
     1
     0
 1.300E+00
 0.000E+00
 0.000E+00
 0.000E+00
      147.397943     -1.040544    -0.035296
 1
       1
     1
     0
 1.300E+00
 0.000E+00
 0.000E+00
 0.000E+00
      145.332754     1.711559    2.735390
 1
       1
     1
     0
 1.300E+00
 0.000E+00
 0.000E+00
 0.000E+00
      145.500516     -4.264392    -1.891746
 6
       4
     2     2     2     2
     0     1     1     1
 1.710E+00 1.625E+00 1.625E+00 1.625E+00
 0.000E+00 0.000E+00 0.000E+00 0.000E+00
 0.000E+00 0.000E+00 0.000E+00 0.000E+00
 0.000E+00 0.000E+00 0.000E+00 0.000E+00
      137.538534     -1.182708    0.168291
 6
       4
     2     2     2     2
     0     1     1     1
 1.710E+00 1.625E+00 1.625E+00 1.625E+00
 0.000E+00 0.000E+00 0.000E+00 0.000E+00
 0.000E+00 0.000E+00 0.000E+00 0.000E+00
 0.000E+00 0.000E+00 0.000E+00 0.000E+00
      140.309902     -1.462610    0.369551
 6
       4
     2     2     2     2
     0     1     1     1
 1.710E+00 1.625E+00 1.625E+00 1.625E+00
 0.000E+00 0.000E+00 0.000E+00 0.000E+00
 0.000E+00 0.000E+00 0.000E+00 0.000E+00
 0.000E+00 0.000E+00 0.000E+00 0.000E+00
      141.660922     -3.284971    -1.037223
 6
       4
     2     2     2     2
     0     1     1     1
 1.710E+00 1.625E+00 1.625E+00 1.625E+00
 0.000E+00 0.000E+00 0.000E+00 0.000E+00
 0.000E+00 0.000E+00 0.000E+00 0.000E+00
 0.000E+00 0.000E+00 0.000E+00 0.000E+00
      141.683123     0.504443    1.768266
 6
       4
     2     2     2     2
     0     1     1     1
 1.710E+00 1.625E+00 1.625E+00 1.625E+00
 0.000E+00 0.000E+00 0.000E+00 0.000E+00
 0.000E+00 0.000E+00 0.000E+00 0.000E+00
 0.000E+00 0.000E+00 0.000E+00 0.000E+00
      144.220159     0.579237    1.841389
 6
       4
     2     2     2     2
     0     1     1     1
 1.710E+00 1.625E+00 1.625E+00 1.625E+00
 0.000E+00 0.000E+00 0.000E+00 0.000E+00
 0.000E+00 0.000E+00 0.000E+00 0.000E+00
 0.000E+00 0.000E+00 0.000E+00 0.000E+00
      144.232268     -3.192420    -1.026499
 6
       4
     2     2     2     2
     0     1     1     1
 1.710E+00 1.625E+00 1.625E+00 1.625E+00
 0.000E+00 0.000E+00 0.000E+00 0.000E+00
 0.000E+00 0.000E+00 0.000E+00 0.000E+00
 0.000E+00 0.000E+00 0.000E+00 0.000E+00
      145.518129     -1.328241    0.161855
# LCAO coefficients .. are not included.
         1
        1        -0.001139977208681   k=         1
        2        0.004341649217691   k=         1
        3        -0.004655170742336   k=         1
        4        0.039016439586232   k=         1
        5        0.002861436409729   k=         1
        6        0.003899744380517   k=         1
        7        -0.014825268301884   k=         1
        8        0.036354318081878   k=         1
        9        -0.002718516959629   k=         1
        10        -0.004198146479298   k=         1
        11        -0.019172390048188   k=         1
        12        0.043741775987457   k=         1
        13        0.000078340789360   k=         1
        14        0.000471751765647   k=         1
        15        0.005062504888196   k=         1
        16        -0.016072135287994   k=         1
        17        -0.001446617983087   k=         1
        18        0.006414773867966   k=         1
        19        0.013866572479095   k=         1
        20        -0.050203002581066   k=         1
        21        0.001368047785495   k=         1
        22        0.002494458953116   k=         1
        23        0.005633821608613   k=         1
        24        -0.011337639520129   k=         1
        25        -0.001954012126575   k=         1
        26        -0.005575592476647   k=         1
        27        -0.014404951090018   k=         1
        28        -0.093627493894175   k=         1
        29        -0.000506915581866   k=         1
        30        -0.003269353849959   k=         1
        31        -0.002783770516460   k=         1
        32        -0.052202030495826   k=         1
        33        -0.001398502688287   k=         1
        34        -0.011044184524244   k=         1
        35        0.022468727553888   k=         1
        36        0.123275057925604   k=         1
        37        -0.001541902450036   k=         1
        38        -0.011645963622068   k=         1
        39        0.003525037271554   k=         1
        40        0.059625918593078   k=         1
        41        -0.001800530314502   k=         1
        42        -0.018068700021173   k=         1
        43        0.010186127365220   k=         1
        44        0.059596136954765   k=         1
        45        0.000091571378285   k=         1
        46        0.010403357585079   k=         1
        47        -0.001954360460478   k=         1
        48        -0.073545479138021   k=         1
        49        0.000868115961422   k=         1
        50        0.018367589795255   k=         1
        51        -0.003706315684606   k=         1
        52        -0.080322998754969   k=         1
        53        -0.001740294059077   k=         1
        54        -0.011631705872788   k=         1
        55        -0.032032206970012   k=         1
        56        -0.118088678066293   k=         1
        57        -0.003680137857010   k=         1
        58        0.009930588445989   k=         1
        59        0.032420119347107   k=         1
        60        0.071698873009693   k=         1
        61        -0.003056989550312   k=         1
        62        -0.014085919059233   k=         1
        63        0.029891783915944   k=         1
        64        0.100553937450596   k=         1
        65        -0.000657664266820   k=         1
        66        0.012234248593135   k=         1
        67        -0.033480465911621   k=         1
        68        -0.058487320161805   k=         1
        69        -0.002914656327299   k=         1
        70        -0.007199525091321   k=         1
        71        -0.036090103508337   k=         1
        72        -0.047694570433148   k=         1
        73        0.001920828166225   k=         1
        74        -0.017708229827179   k=         1
        75        -0.042423572379343   k=         1
        76        -0.056384742874412   k=         1
        77        -0.002368328357974   k=         1
        78        0.012025010901735   k=         1
        79        0.015676847233665   k=         1
        80        0.024456547948291   k=         1
        81        -0.000997557125781   k=         1
        82        0.008669760861156   k=         1
        83        0.022412107322521   k=         1
        84        0.026213160159546   k=         1
        85        -0.000939030023971   k=         1
        86        0.006871611411700   k=         1
        87        0.042367727493845   k=         1
        88        0.065658767164788   k=         1
        89        -0.002050772010698   k=         1
        90        0.000756176801079   k=         1
        91        -0.013021716458760   k=         1
        92        -0.021825106333195   k=         1
        93        0.001259456043865   k=         1
        94        -0.004112679659525   k=         1
        95        -0.027716077403615   k=         1
        96        -0.042438811426060   k=         1
        97        -0.000460796678562   k=         1
        98        0.002456144598593   k=         1
        99        0.007505083003690   k=         1
        100        0.016062307831856   k=         1
        101        -0.000394013467541   k=         1
        102        0.001725873262288   k=         1
        103        0.006144037509131   k=         1
        104        0.026634297225398   k=         1
        105        0.001212815369169   k=         1
        106        -0.001234722307827   k=         1
        107        0.002586089480176   k=         1
        108        0.016529886538338   k=         1
        109        -0.000217367052142   k=         1
        110        0.000542950408923   k=         1
        111        -0.002269087582387   k=         1
        112        -0.007185026680601   k=         1
        113        0.000060014496007   k=         1
        114        -0.000270262365059   k=         1
        115        -0.001886690770172   k=         1
        116        -0.005628881672654   k=         1
        117        -0.000209667587303   k=         1
        118        0.001647769301810   k=         1
        119        -0.008332716597049   k=         1
        120        -0.021850160615237   k=         1
        121        0.000204007765850   k=         1
        122        -0.000306083121492   k=         1
        123        -0.000645225178198   k=         1
        124        0.001138139642022   k=         1
        125        -0.000056918392869   k=         1
        126        0.000837845752095   k=         1
        127        0.003918799344920   k=         1
        128        0.011854070892274   k=         1
        129        0.000120151572513   k=         1
        130        0.000372910738185   k=         1
        131        0.002748976209190   k=         1
        132        0.003713354746244   k=         1
        133        -0.000173812921645   k=         1
        134        0.000234577997960   k=         1
        135        -0.000908679294474   k=         1
        136        -0.000798176523973   k=         1
        137        0.000070421508855   k=         1
        138        -0.000816064178595   k=         1
        139        -0.002602493861321   k=         1
        140        -0.003343551459896   k=         1
        141        0.000093104342569   k=         1
        142        0.000788046509175   k=         1
        143        -0.002958339300648   k=         1
        144        -0.005892429282621   k=         1
        145        -0.000077346180641   k=         1
        146        -0.000056347848019   k=         1
        147        -0.001387447492820   k=         1
        148        -0.002873296528218   k=         1
        149        -0.000035040505505   k=         1
        150        -0.000216725569503   k=         1
        151        -0.000804850966158   k=         1
        152        -0.001366697497266   k=         1
        153        -0.000220595306889   k=         1
        154        -0.000326116060803   k=         1
        155        0.002627889744090   k=         1
        156        0.007559058453835   k=         1
        157        0.002272951276572   k=         1
        158        -0.002180738067004   k=         1
        159        0.000696137256888   k=         1
        160        -0.002627699390072   k=         1
        161        -0.000208775539260   k=         1
        162        -0.001455455834967   k=         1
        163        0.005467383948886   k=         1
        164        0.006915014453463   k=         1
        165        0.002950214048558   k=         1
        166        0.002775211730872   k=         1
        167        0.003781466098220   k=         1
        168        0.004596010458592   k=         1
        169        -0.000383032942507   k=         1
        170        -0.000547340655941   k=         1
        171        0.000493908555712   k=         1
        172        0.000886096195267   k=         1
        173        -0.001035010929322   k=         1
        174        0.000024694181995   k=         1
        175        0.000235511089548   k=         1
        176        0.000329461674763   k=         1
        177        -0.000148005936745   k=         1
        178        0.000159251619844   k=         1
        179        0.000421193676172   k=         1
        180        -0.000177022371850   k=         1
        181        0.000626544436269   k=         1
        182        -0.001246130109815   k=         1
        183        -0.004738842479630   k=         1
        184        0.000334213801503   k=         1
        185        0.000101599054020   k=         1
        186        -0.000113369200213   k=         1
        187        -0.001025697747379   k=         1
        188        0.001526448248067   k=         1
        189        0.004224208663003   k=         1
        190        0.000054248159433   k=         1
        191        0.000986345202906   k=         1
        192        -0.002886492210433   k=         1
        193        -0.009736491261018   k=         1
        194        -0.000098768379485   k=         1
        195        -0.000826448165319   k=         1
        196        -0.002108503201157   k=         1
        197        -0.006763617184120   k=         1
        198        -0.000057322507623   k=         1
        199        -0.000547724813806   k=         1
        200        -0.001572142411051   k=         1
        201        -0.004255998131484   k=         1
        202        -0.000023952001127   k=         1
        203        0.000703655687609   k=         1
        204        0.001943821313340   k=         1
        205        0.005310404753007   k=         1
        206        -0.000143172395179   k=         1
        207        0.000811731385124   k=         1
        208        0.002353257845009   k=         1
        209        0.005197086020329   k=         1
        210        -0.000089851986321   k=         1
        211        -0.000325586986967   k=         1
        212        0.002468232034164   k=         1
        213        0.009418346503145   k=         1
        214        -0.000020168991497   k=         1
        215        0.000061792455228   k=         1
        216        -0.000353968434064   k=         1
        217        -0.004450026110765   k=         1
        218        0.000044423869755   k=         1
        219        0.000263914118640   k=         1
        220        0.000105245682021   k=         1
        221        0.001458940197757   k=         1
        222        -0.000192194343323   k=         1
        223        -0.000297612373657   k=         1
        224        -0.000133994871133   k=         1
        225        0.001431411684124   k=         1
        226        -0.000009678688040   k=         1
        227        -0.000949307344077   k=         1
        228        0.000251099274615   k=         1
        229        0.004365881481898   k=         1
        230        -0.000002152894538   k=         1
        231        0.000131281000559   k=         1
        232        0.000476223488817   k=         1
        233        0.001857372802190   k=         1
        234        0.000003964164319   k=         1
        235        -0.000517502783383   k=         1
        236        0.000347194730326   k=         1
        237        0.004277302660190   k=         1
        238        -0.000359369208063   k=         1
        239        -0.001214402667197   k=         1
        240        -0.002700613865750   k=         1
        241        -0.007830995094633   k=         1
        242        -0.000216236295961   k=         1
        243        -0.000258070788373   k=         1
        244        -0.000688060927897   k=         1
        245        0.000227350829974   k=         1
        246        0.000085489384573   k=         1
        247        0.000419974183760   k=         1
        248        0.004688960936806   k=         1
        249        0.015977211856938   k=         1
        250        -0.000164063866422   k=         1
        251        -0.000875317185508   k=         1
        252        0.000909543727356   k=         1
        253        0.004305177775353   k=         1
        254        -0.000305460098368   k=         1
        255        -0.000720895667061   k=         1
        256        0.001254293779559   k=         1
        257        0.004759791981797   k=         1
        258        0.000272339257462   k=         1
        259        0.000854951102361   k=         1
        260        -0.003841439409918   k=         1
        261        -0.014739554498857   k=         1
        262        0.000700485538034   k=         1
        263        0.000853625300837   k=         1
        264        -0.003906055254591   k=         1
        265        -0.015177356553578   k=         1
        266        -0.000435124264047   k=         1
        267        -0.002251195252430   k=         1
        268        -0.003296517028896   k=         1
        269        -0.011848659612654   k=         1
        270        0.000489411753633   k=         1
        271        0.003979495839182   k=         1
        272        0.009071012098632   k=         1
        273        0.026976138549147   k=         1
        274        -0.000760806925471   k=         1
        275        -0.001109617280023   k=         1
        276        0.004804181505914   k=         1
        277        0.016559060385083   k=         1
        278        0.000042643777605   k=         1
        279        0.007607938138045   k=         1
        280        -0.011122052127458   k=         1
        281        -0.039013796947150   k=         1
        282        -0.000375949611905   k=         1
        283        0.002148725935473   k=         1
        284        -0.008020017250664   k=         1
        285        -0.017606483175783   k=         1
        286        0.001239823370965   k=         1
        287        0.005207663142180   k=         1
        288        -0.005357890965190   k=         1
        289        -0.017480633622938   k=         1
        290        -0.002567799759135   k=         1
        291        -0.010300761130751   k=         1
        292        0.018735813952182   k=         1
        293        0.042636457350521   k=         1
        294        0.001360216618421   k=         1
        295        0.000650307289927   k=         1
        296        0.012729874848650   k=         1
        297        0.019112511946885   k=         1
        298        0.000726950148274   k=         1
        299        0.002180360609642   k=         1
        300        0.005813847963952   k=         1
        301        0.037660567146755   k=         1
        302        -0.001011408337827   k=         1
        303        -0.005518438178593   k=         1
        304        0.013572986673651   k=         1
        305        -0.065185920508014   k=         1
        306        0.002109457686825   k=         1
        307        -0.001400466026471   k=         1
        308        0.001637275811934   k=         1
        309        -0.042167861504595   k=         1
        310        0.000031014882304   k=         1
        311        0.000165839374254   k=         1
        312        -0.022452705383253   k=         1
        313        0.091715186626806   k=         1
        314        0.000078763327456   k=         1
        315        0.006089345370262   k=         1
        316        -0.013374333487647   k=         1
        317        0.044375686641555   k=         1
        318        0.001599607999546   k=         1
        319        0.001685927189514   k=         1
        320        -0.010021605082712   k=         1
        321        0.041067120505400   k=         1
        322        0.000074711422889   k=         1
        323        -0.002994878387757   k=         1
        324        0.013877818612991   k=         1
        325        -0.051407857209346   k=         1
        326        0.000784450704745   k=         1
        327        -0.005709900919393   k=         1
        328        0.023223507220897   k=         1
        329        -0.072497755633222   k=         1
        330        -0.000521465879570   k=         1
        331        0.005117934906225   k=         1
        332        0.023487340648940   k=         1
        333        -0.089315428850809   k=         1
        334        0.005046732939954   k=         1
        335        -0.001355635049540   k=         1
        336        -0.019954638006095   k=         1
        337        0.073098956191316   k=         1
        338        -0.003583154596746   k=         1
        339        0.001397499069199   k=         1
        340        -0.019693215600413   k=         1
        341        0.074343925918933   k=         1
        342        0.001338626858752   k=         1
        343        0.007092687988248   k=         1
        344        0.024284826960985   k=         1
        345        -0.086330576171789   k=         1
        346        -0.000415859684526   k=         1
        347        0.008723227319955   k=         1
        348        0.020740575029945   k=         1
        349        -0.054922273549824   k=         1
        350        0.000647546048696   k=         1
        351        0.011471955531964   k=         1
        352        0.024950171636548   k=         1
        353        -0.054095788391031   k=         1
        354        0.000059158310150   k=         1
        355        -0.009356305861887   k=         1
        356        -0.019265009290508   k=         1
        357        0.052368424831636   k=         1
        358        0.000514240127741   k=         1
        359        -0.005230680474814   k=         1
        360        -0.017574165583043   k=         1
        361        0.047782304411818   k=         1
        362        -0.000053446443288   k=         1
        363        0.002998143300643   k=         1
        364        -0.030459139134825   k=         1
        365        0.088320779619037   k=         1
        366        0.002369607466378   k=         1
        367        -0.000853427739235   k=         1
        368        0.026869869475197   k=         1
        369        -0.053265100159976   k=         1
        370        0.000094890508042   k=         1
        371        0.000160556613914   k=         1
        372        -0.000007552323781   k=         1
        373        0.000337516420177   k=         1
        374        -0.001916081452529   k=         1
        375        -0.007680094896422   k=         1
        376        0.000002452612551   k=         1
        377        0.000056685934600   k=         1
        378        0.000217472749560   k=         1
        379        0.000410462521895   k=         1
        380        0.000326891644167   k=         1
        381        0.000243445929447   k=         1
        382        -0.001870311112315   k=         1
        383        0.000570783638365   k=         1
        384        0.002723874280339   k=         1
        385        -0.002057604811160   k=         1
        386        -0.000921783398657   k=         1
        387        -0.000226567267900   k=         1
        388        -0.001012300370368   k=         1
        389        -0.002286160942326   k=         1
        390        0.000557123361977   k=         1
        391        -0.001554037267293   k=         1
        392        -0.004259870915724   k=         1
        393        -0.000813779439279   k=         1
        394        -0.001474437868337   k=         1
        395        0.001948347856238   k=         1
        396        -0.002068346323811   k=         1
        397        0.003030202817823   k=         1
        398        -0.001521386162498   k=         1
        399        0.000447809413153   k=         1
        400        0.009565136470423   k=         1
        401        0.025896052811177   k=         1
        402        -0.071366733687135   k=         1
        403        0.001988215578204   k=         1
        404        -0.007698356014330   k=         1
        405        -0.027944683369549   k=         1
        406        0.047745038570402   k=         1
        407        -0.002391593894247   k=         1
        408        0.001293835125556   k=         1
        409        -0.044411121322782   k=         1
        410        0.042641370735023   k=         1
        411        0.000364477282162   k=         1
        412        -0.004748820995320   k=         1
        413        -0.025038447274065   k=         1
        414        0.027962455984098   k=         1
        415        0.000062372249554   k=         1
        416        0.000996063652565   k=         1
        417        0.014804012870544   k=         1
        418        -0.017680573103689   k=         1
        419        0.001177139430982   k=         1
        420        -0.001161921425294   k=         1
        421        0.012845582114820   k=         1
        422        -0.013471600867468   k=         1
        423        0.000979238389713   k=         1
        424        -0.014734281496821   k=         1
        425        0.040087771128305   k=         1
        426        -0.056759888698082   k=         1
