# file_format= v0.04.05
       144       426
    188.97268778      0.00000000      0.00000000    0
      0.00000000    188.97268778      0.00000000    0
      0.00000000      0.00000000    188.97268778    0
 6
       4
     2     2     2     2
     0     1     1     1
 1.710E+00 1.625E+00 1.625E+00 1.625E+00
 0.000E+00 0.000E+00 0.000E+00 0.000E+00
 0.000E+00 0.000E+00 0.000E+00 0.000E+00
 0.000E+00 0.000E+00 0.000E+00 0.000E+00
      1.195596     -0.923407    -0.057707
 6
       4
     2     2     2     2
     0     1     1     1
 1.710E+00 1.625E+00 1.625E+00 1.625E+00
 0.000E+00 0.000E+00 0.000E+00 0.000E+00
 0.000E+00 0.000E+00 0.000E+00 0.000E+00
 0.000E+00 0.000E+00 0.000E+00 0.000E+00
      -0.739665     1.089718    0.607010
 6
       4
     2     2     2     2
     0     1     1     1
 1.710E+00 1.625E+00 1.625E+00 1.625E+00
 0.000E+00 0.000E+00 0.000E+00 0.000E+00
 0.000E+00 0.000E+00 0.000E+00 0.000E+00
 0.000E+00 0.000E+00 0.000E+00 0.000E+00
      0.314549     -3.273204    -0.683928
 6
       4
     2     2     2     2
     0     1     1     1
 1.710E+00 1.625E+00 1.625E+00 1.625E+00
 0.000E+00 0.000E+00 0.000E+00 0.000E+00
 0.000E+00 0.000E+00 0.000E+00 0.000E+00
 0.000E+00 0.000E+00 0.000E+00 0.000E+00
      -3.184373     0.509274    0.314677
 6
       4
     2     2     2     2
     0     1     1     1
 1.710E+00 1.625E+00 1.625E+00 1.625E+00
 0.000E+00 0.000E+00 0.000E+00 0.000E+00
 0.000E+00 0.000E+00 0.000E+00 0.000E+00
 0.000E+00 0.000E+00 0.000E+00 0.000E+00
      -3.947451     -1.848269    -0.415505
 6
       4
     2     2     2     2
     0     1     1     1
 1.710E+00 1.625E+00 1.625E+00 1.625E+00
 0.000E+00 0.000E+00 0.000E+00 0.000E+00
 0.000E+00 0.000E+00 0.000E+00 0.000E+00
 0.000E+00 0.000E+00 0.000E+00 0.000E+00
      -2.165607     -3.777625    -0.936839
 6
       4
     2     2     2     2
     0     1     1     1
 1.710E+00 1.625E+00 1.625E+00 1.625E+00
 0.000E+00 0.000E+00 0.000E+00 0.000E+00
 0.000E+00 0.000E+00 0.000E+00 0.000E+00
 0.000E+00 0.000E+00 0.000E+00 0.000E+00
      3.933814     -0.275205    -0.062658
 6
       4
     2     2     2     2
     0     1     1     1
 1.710E+00 1.625E+00 1.625E+00 1.625E+00
 0.000E+00 0.000E+00 0.000E+00 0.000E+00
 0.000E+00 0.000E+00 0.000E+00 0.000E+00
 0.000E+00 0.000E+00 0.000E+00 0.000E+00
      6.136517     -0.316762    -0.175123
 6
       4
     2     2     2     2
     0     1     1     1
 1.710E+00 1.625E+00 1.625E+00 1.625E+00
 0.000E+00 0.000E+00 0.000E+00 0.000E+00
 0.000E+00 0.000E+00 0.000E+00 0.000E+00
 0.000E+00 0.000E+00 0.000E+00 0.000E+00
      8.921621     0.118378    -0.088997
 6
       4
     2     2     2     2
     0     1     1     1
 1.710E+00 1.625E+00 1.625E+00 1.625E+00
 0.000E+00 0.000E+00 0.000E+00 0.000E+00
 0.000E+00 0.000E+00 0.000E+00 0.000E+00
 0.000E+00 0.000E+00 0.000E+00 0.000E+00
      9.939040     2.612174    -0.383363
 6
       4
     2     2     2     2
     0     1     1     1
 1.710E+00 1.625E+00 1.625E+00 1.625E+00
 0.000E+00 0.000E+00 0.000E+00 0.000E+00
 0.000E+00 0.000E+00 0.000E+00 0.000E+00
 0.000E+00 0.000E+00 0.000E+00 0.000E+00
      10.530589     -1.962853    0.521759
 6
       4
     2     2     2     2
     0     1     1     1
 1.710E+00 1.625E+00 1.625E+00 1.625E+00
 0.000E+00 0.000E+00 0.000E+00 0.000E+00
 0.000E+00 0.000E+00 0.000E+00 0.000E+00
 0.000E+00 0.000E+00 0.000E+00 0.000E+00
      12.575777     2.984501    -0.090085
 6
       4
     2     2     2     2
     0     1     1     1
 1.710E+00 1.625E+00 1.625E+00 1.625E+00
 0.000E+00 0.000E+00 0.000E+00 0.000E+00
 0.000E+00 0.000E+00 0.000E+00 0.000E+00
 0.000E+00 0.000E+00 0.000E+00 0.000E+00
      13.106108     -1.608612    0.788751
 6
       4
     2     2     2     2
     0     1     1     1
 1.710E+00 1.625E+00 1.625E+00 1.625E+00
 0.000E+00 0.000E+00 0.000E+00 0.000E+00
 0.000E+00 0.000E+00 0.000E+00 0.000E+00
 0.000E+00 0.000E+00 0.000E+00 0.000E+00
      14.099293     0.812187    0.303573
 6
       4
     2     2     2     2
     0     1     1     1
 1.710E+00 1.625E+00 1.625E+00 1.625E+00
 0.000E+00 0.000E+00 0.000E+00 0.000E+00
 0.000E+00 0.000E+00 0.000E+00 0.000E+00
 0.000E+00 0.000E+00 0.000E+00 0.000E+00
      16.922829     1.105151    0.193788
 6
       4
     2     2     2     2
     0     1     1     1
 1.710E+00 1.625E+00 1.625E+00 1.625E+00
 0.000E+00 0.000E+00 0.000E+00 0.000E+00
 0.000E+00 0.000E+00 0.000E+00 0.000E+00
 0.000E+00 0.000E+00 0.000E+00 0.000E+00
      19.113439     1.182237    0.251906
 6
       4
     2     2     2     2
     0     1     1     1
 1.710E+00 1.625E+00 1.625E+00 1.625E+00
 0.000E+00 0.000E+00 0.000E+00 0.000E+00
 0.000E+00 0.000E+00 0.000E+00 0.000E+00
 0.000E+00 0.000E+00 0.000E+00 0.000E+00
      21.917766     1.311557    0.263709
 6
       4
     2     2     2     2
     0     1     1     1
 1.710E+00 1.625E+00 1.625E+00 1.625E+00
 0.000E+00 0.000E+00 0.000E+00 0.000E+00
 0.000E+00 0.000E+00 0.000E+00 0.000E+00
 0.000E+00 0.000E+00 0.000E+00 0.000E+00
      23.155321     -0.668678    1.563013
 6
       4
     2     2     2     2
     0     1     1     1
 1.710E+00 1.625E+00 1.625E+00 1.625E+00
 0.000E+00 0.000E+00 0.000E+00 0.000E+00
 0.000E+00 0.000E+00 0.000E+00 0.000E+00
 0.000E+00 0.000E+00 0.000E+00 0.000E+00
      23.337407     3.195238    -0.996598
 6
       4
     2     2     2     2
     0     1     1     1
 1.710E+00 1.625E+00 1.625E+00 1.625E+00
 0.000E+00 0.000E+00 0.000E+00 0.000E+00
 0.000E+00 0.000E+00 0.000E+00 0.000E+00
 0.000E+00 0.000E+00 0.000E+00 0.000E+00
      26.024475     2.894901    -1.268883
 6
       4
     2     2     2     2
     0     1     1     1
 1.710E+00 1.625E+00 1.625E+00 1.625E+00
 0.000E+00 0.000E+00 0.000E+00 0.000E+00
 0.000E+00 0.000E+00 0.000E+00 0.000E+00
 0.000E+00 0.000E+00 0.000E+00 0.000E+00
      25.807600     -0.877247    1.448700
 6
       4
     2     2     2     2
     0     1     1     1
 1.710E+00 1.625E+00 1.625E+00 1.625E+00
 0.000E+00 0.000E+00 0.000E+00 0.000E+00
 0.000E+00 0.000E+00 0.000E+00 0.000E+00
 0.000E+00 0.000E+00 0.000E+00 0.000E+00
      27.244070     0.788751    -0.107930
 6
       4
     2     2     2     2
     0     1     1     1
 1.710E+00 1.625E+00 1.625E+00 1.625E+00
 0.000E+00 0.000E+00 0.000E+00 0.000E+00
 0.000E+00 0.000E+00 0.000E+00 0.000E+00
 0.000E+00 0.000E+00 0.000E+00 0.000E+00
      30.081187     0.509750    -0.175854
 6
       4
     2     2     2     2
     0     1     1     1
 1.710E+00 1.625E+00 1.625E+00 1.625E+00
 0.000E+00 0.000E+00 0.000E+00 0.000E+00
 0.000E+00 0.000E+00 0.000E+00 0.000E+00
 0.000E+00 0.000E+00 0.000E+00 0.000E+00
      32.241600     0.165153    -0.103820
 6
       4
     2     2     2     2
     0     1     1     1
 1.710E+00 1.625E+00 1.625E+00 1.625E+00
 0.000E+00 0.000E+00 0.000E+00 0.000E+00
 0.000E+00 0.000E+00 0.000E+00 0.000E+00
 0.000E+00 0.000E+00 0.000E+00 0.000E+00
      35.195213     -0.086854    -0.192401
 6
       4
     2     2     2     2
     0     1     1     1
 1.710E+00 1.625E+00 1.625E+00 1.625E+00
 0.000E+00 0.000E+00 0.000E+00 0.000E+00
 0.000E+00 0.000E+00 0.000E+00 0.000E+00
 0.000E+00 0.000E+00 0.000E+00 0.000E+00
      36.332269     -2.322575    0.511592
 6
       4
     2     2     2     2
     0     1     1     1
 1.710E+00 1.625E+00 1.625E+00 1.625E+00
 0.000E+00 0.000E+00 0.000E+00 0.000E+00
 0.000E+00 0.000E+00 0.000E+00 0.000E+00
 0.000E+00 0.000E+00 0.000E+00 0.000E+00
      36.727150     2.097853    -0.876319
 6
       4
     2     2     2     2
     0     1     1     1
 1.710E+00 1.625E+00 1.625E+00 1.625E+00
 0.000E+00 0.000E+00 0.000E+00 0.000E+00
 0.000E+00 0.000E+00 0.000E+00 0.000E+00
 0.000E+00 0.000E+00 0.000E+00 0.000E+00
      39.379308     1.914372    -0.918375
 6
       4
     2     2     2     2
     0     1     1     1
 1.710E+00 1.625E+00 1.625E+00 1.625E+00
 0.000E+00 0.000E+00 0.000E+00 0.000E+00
 0.000E+00 0.000E+00 0.000E+00 0.000E+00
 0.000E+00 0.000E+00 0.000E+00 0.000E+00
      38.986858     -2.436569    0.581072
 6
       4
     2     2     2     2
     0     1     1     1
 1.710E+00 1.625E+00 1.625E+00 1.625E+00
 0.000E+00 0.000E+00 0.000E+00 0.000E+00
 0.000E+00 0.000E+00 0.000E+00 0.000E+00
 0.000E+00 0.000E+00 0.000E+00 0.000E+00
      40.512632     -0.428582    -0.082904
 6
       4
     2     2     2     2
     0     1     1     1
 1.710E+00 1.625E+00 1.625E+00 1.625E+00
 0.000E+00 0.000E+00 0.000E+00 0.000E+00
 0.000E+00 0.000E+00 0.000E+00 0.000E+00
 0.000E+00 0.000E+00 0.000E+00 0.000E+00
      43.371417     -0.622173    0.012072
 6
       4
     2     2     2     2
     0     1     1     1
 1.710E+00 1.625E+00 1.625E+00 1.625E+00
 0.000E+00 0.000E+00 0.000E+00 0.000E+00
 0.000E+00 0.000E+00 0.000E+00 0.000E+00
 0.000E+00 0.000E+00 0.000E+00 0.000E+00
      45.555418     -0.410305    -0.091043
 6
       4
     2     2     2     2
     0     1     1     1
 1.710E+00 1.625E+00 1.625E+00 1.625E+00
 0.000E+00 0.000E+00 0.000E+00 0.000E+00
 0.000E+00 0.000E+00 0.000E+00 0.000E+00
 0.000E+00 0.000E+00 0.000E+00 0.000E+00
      48.311434     -0.376284    -0.360320
 6
       4
     2     2     2     2
     0     1     1     1
 1.710E+00 1.625E+00 1.625E+00 1.625E+00
 0.000E+00 0.000E+00 0.000E+00 0.000E+00
 0.000E+00 0.000E+00 0.000E+00 0.000E+00
 0.000E+00 0.000E+00 0.000E+00 0.000E+00
      49.841748     -2.466143    0.692970
 6
       4
     2     2     2     2
     0     1     1     1
 1.710E+00 1.625E+00 1.625E+00 1.625E+00
 0.000E+00 0.000E+00 0.000E+00 0.000E+00
 0.000E+00 0.000E+00 0.000E+00 0.000E+00
 0.000E+00 0.000E+00 0.000E+00 0.000E+00
      49.510904     1.556356    -1.557697
 6
       4
     2     2     2     2
     0     1     1     1
 1.710E+00 1.625E+00 1.625E+00 1.625E+00
 0.000E+00 0.000E+00 0.000E+00 0.000E+00
 0.000E+00 0.000E+00 0.000E+00 0.000E+00
 0.000E+00 0.000E+00 0.000E+00 0.000E+00
      52.219295     1.821649    -1.453252
 6
       4
     2     2     2     2
     0     1     1     1
 1.710E+00 1.625E+00 1.625E+00 1.625E+00
 0.000E+00 0.000E+00 0.000E+00 0.000E+00
 0.000E+00 0.000E+00 0.000E+00 0.000E+00
 0.000E+00 0.000E+00 0.000E+00 0.000E+00
      52.401996     -2.414597    0.676968
 6
       4
     2     2     2     2
     0     1     1     1
 1.710E+00 1.625E+00 1.625E+00 1.625E+00
 0.000E+00 0.000E+00 0.000E+00 0.000E+00
 0.000E+00 0.000E+00 0.000E+00 0.000E+00
 0.000E+00 0.000E+00 0.000E+00 0.000E+00
      53.698569     -0.204483    -0.424878
 6
       4
     2     2     2     2
     0     1     1     1
 1.710E+00 1.625E+00 1.625E+00 1.625E+00
 0.000E+00 0.000E+00 0.000E+00 0.000E+00
 0.000E+00 0.000E+00 0.000E+00 0.000E+00
 0.000E+00 0.000E+00 0.000E+00 0.000E+00
      56.479314     -0.043241    -0.253516
 1
       1
     1
     0
 1.300E+00
 0.000E+00
 0.000E+00
 0.000E+00
      -4.799554     1.972118    0.743250
 1
       1
     1
     0
 1.300E+00
 0.000E+00
 0.000E+00
 0.000E+00
      0.171024     3.018735    1.187464
 1
       1
     1
     0
 1.300E+00
 0.000E+00
 0.000E+00
 0.000E+00
      -5.851263     -2.475259    -0.687248
 1
       1
     1
     0
 1.300E+00
 0.000E+00
 0.000E+00
 0.000E+00
      -2.936872     -5.728120    -1.538505
 1
       1
     1
     0
 1.300E+00
 0.000E+00
 0.000E+00
 0.000E+00
      1.726316     -4.781993    -1.120071
 1
       1
     1
     0
 1.300E+00
 0.000E+00
 0.000E+00
 0.000E+00
      8.717948     4.204657    -0.896560
 1
       1
     1
     0
 1.300E+00
 0.000E+00
 0.000E+00
 0.000E+00
      9.595721     -3.916397    0.900908
 1
       1
     1
     0
 1.300E+00
 0.000E+00
 0.000E+00
 0.000E+00
      13.326094     4.943223    -0.343768
 1
       1
     1
     0
 1.300E+00
 0.000E+00
 0.000E+00
 0.000E+00
      14.395676     -3.302128    1.339750
 1
       1
     1
     0
 1.300E+00
 0.000E+00
 0.000E+00
 0.000E+00
      22.390747     4.915833    -1.790504
 1
       1
     1
     0
 1.300E+00
 0.000E+00
 0.000E+00
 0.000E+00
      27.198365     4.409645    -2.419104
 1
       1
     1
     0
 1.300E+00
 0.000E+00
 0.000E+00
 0.000E+00
      21.925786     -2.036864    2.715971
 1
       1
     1
     0
 1.300E+00
 0.000E+00
 0.000E+00
 0.000E+00
      26.840521     -2.391444    2.588212
 1
       1
     1
     0
 1.300E+00
 0.000E+00
 0.000E+00
 0.000E+00
      35.693932     4.006144    -1.244199
 1
       1
     1
     0
 1.300E+00
 0.000E+00
 0.000E+00
 0.000E+00
      35.105162     -3.980770    1.080674
 1
       1
     1
     0
 1.300E+00
 0.000E+00
 0.000E+00
 0.000E+00
      40.583595     3.506390    -1.457963
 1
       1
     1
     0
 1.300E+00
 0.000E+00
 0.000E+00
 0.000E+00
      39.942010     -4.138798    1.361827
 1
       1
     1
     0
 1.300E+00
 0.000E+00
 0.000E+00
 0.000E+00
      48.369969     2.958636    -2.588781
 1
       1
     1
     0
 1.300E+00
 0.000E+00
 0.000E+00
 0.000E+00
      48.758419     -4.011541    1.573484
 1
       1
     1
     0
 1.300E+00
 0.000E+00
 0.000E+00
 0.000E+00
      53.221676     3.381075    -2.187297
 1
       1
     1
     0
 1.300E+00
 0.000E+00
 0.000E+00
 0.000E+00
      53.663601     -3.908379    1.619106
 1
       1
     1
     0
 1.300E+00
 0.000E+00
 0.000E+00
 0.000E+00
      61.632381     4.261366    -1.201282
 1
       1
     1
     0
 1.300E+00
 0.000E+00
 0.000E+00
 0.000E+00
      62.007329     -3.595616    0.958407
 6
       4
     2     2     2     2
     0     1     1     1
 1.710E+00 1.625E+00 1.625E+00 1.625E+00
 0.000E+00 0.000E+00 0.000E+00 0.000E+00
 0.000E+00 0.000E+00 0.000E+00 0.000E+00
 0.000E+00 0.000E+00 0.000E+00 0.000E+00
      69.837645     0.501101    -0.220193
 1
       1
     1
     0
 1.300E+00
 0.000E+00
 0.000E+00
 0.000E+00
      66.549662     4.640749    -1.404679
 1
       1
     1
     0
 1.300E+00
 0.000E+00
 0.000E+00
 0.000E+00
      66.859150     -3.350652    1.026571
 6
       4
     2     2     2     2
     0     1     1     1
 1.710E+00 1.625E+00 1.625E+00 1.625E+00
 0.000E+00 0.000E+00 0.000E+00 0.000E+00
 0.000E+00 0.000E+00 0.000E+00 0.000E+00
 0.000E+00 0.000E+00 0.000E+00 0.000E+00
      58.712985     0.219979    -0.266765
 6
       4
     2     2     2     2
     0     1     1     1
 1.710E+00 1.625E+00 1.625E+00 1.625E+00
 0.000E+00 0.000E+00 0.000E+00 0.000E+00
 0.000E+00 0.000E+00 0.000E+00 0.000E+00
 0.000E+00 0.000E+00 0.000E+00 0.000E+00
      61.585781     0.316106    -0.132940
 6
       4
     2     2     2     2
     0     1     1     1
 1.710E+00 1.625E+00 1.625E+00 1.625E+00
 0.000E+00 0.000E+00 0.000E+00 0.000E+00
 0.000E+00 0.000E+00 0.000E+00 0.000E+00
 0.000E+00 0.000E+00 0.000E+00 0.000E+00
      63.045942     -1.734850    0.535350
 6
       4
     2     2     2     2
     0     1     1     1
 1.710E+00 1.625E+00 1.625E+00 1.625E+00
 0.000E+00 0.000E+00 0.000E+00 0.000E+00
 0.000E+00 0.000E+00 0.000E+00 0.000E+00
 0.000E+00 0.000E+00 0.000E+00 0.000E+00
      62.901858     2.679384    -0.852495
 6
       4
     2     2     2     2
     0     1     1     1
 1.710E+00 1.625E+00 1.625E+00 1.625E+00
 0.000E+00 0.000E+00 0.000E+00 0.000E+00
 0.000E+00 0.000E+00 0.000E+00 0.000E+00
 0.000E+00 0.000E+00 0.000E+00 0.000E+00
      65.401317     2.789615    -0.959794
 6
       4
     2     2     2     2
     0     1     1     1
 1.710E+00 1.625E+00 1.625E+00 1.625E+00
 0.000E+00 0.000E+00 0.000E+00 0.000E+00
 0.000E+00 0.000E+00 0.000E+00 0.000E+00
 0.000E+00 0.000E+00 0.000E+00 0.000E+00
      65.705497     -1.586319    0.453542
 6
       4
     2     2     2     2
     0     1     1     1
 1.710E+00 1.625E+00 1.625E+00 1.625E+00
 0.000E+00 0.000E+00 0.000E+00 0.000E+00
 0.000E+00 0.000E+00 0.000E+00 0.000E+00
 0.000E+00 0.000E+00 0.000E+00 0.000E+00
      67.013760     0.482266    -0.390752
 6
       4
     2     2     2     2
     0     1     1     1
 1.710E+00 1.625E+00 1.625E+00 1.625E+00
 0.000E+00 0.000E+00 0.000E+00 0.000E+00
 0.000E+00 0.000E+00 0.000E+00 0.000E+00
 0.000E+00 0.000E+00 0.000E+00 0.000E+00
      80.126294     -0.077411    0.746030
 6
       4
     2     2     2     2
     0     1     1     1
 1.710E+00 1.625E+00 1.625E+00 1.625E+00
 0.000E+00 0.000E+00 0.000E+00 0.000E+00
 0.000E+00 0.000E+00 0.000E+00 0.000E+00
 0.000E+00 0.000E+00 0.000E+00 0.000E+00
      78.848152     2.216558    0.295555
 6
       4
     2     2     2     2
     0     1     1     1
 1.710E+00 1.625E+00 1.625E+00 1.625E+00
 0.000E+00 0.000E+00 0.000E+00 0.000E+00
 0.000E+00 0.000E+00 0.000E+00 0.000E+00
 0.000E+00 0.000E+00 0.000E+00 0.000E+00
      78.715986     -2.376155    0.990999
 6
       4
     2     2     2     2
     0     1     1     1
 1.710E+00 1.625E+00 1.625E+00 1.625E+00
 0.000E+00 0.000E+00 0.000E+00 0.000E+00
 0.000E+00 0.000E+00 0.000E+00 0.000E+00
 0.000E+00 0.000E+00 0.000E+00 0.000E+00
      76.207857     2.270364    0.075357
 6
       4
     2     2     2     2
     0     1     1     1
 1.710E+00 1.625E+00 1.625E+00 1.625E+00
 0.000E+00 0.000E+00 0.000E+00 0.000E+00
 0.000E+00 0.000E+00 0.000E+00 0.000E+00
 0.000E+00 0.000E+00 0.000E+00 0.000E+00
      74.746220     -0.012022    0.278030
 6
       4
     2     2     2     2
     0     1     1     1
 1.710E+00 1.625E+00 1.625E+00 1.625E+00
 0.000E+00 0.000E+00 0.000E+00 0.000E+00
 0.000E+00 0.000E+00 0.000E+00 0.000E+00
 0.000E+00 0.000E+00 0.000E+00 0.000E+00
      76.105167     -2.254318    0.736572
 6
       4
     2     2     2     2
     0     1     1     1
 1.710E+00 1.625E+00 1.625E+00 1.625E+00
 0.000E+00 0.000E+00 0.000E+00 0.000E+00
 0.000E+00 0.000E+00 0.000E+00 0.000E+00
 0.000E+00 0.000E+00 0.000E+00 0.000E+00
      82.920339     -0.170544    0.728223
 6
       4
     2     2     2     2
     0     1     1     1
 1.710E+00 1.625E+00 1.625E+00 1.625E+00
 0.000E+00 0.000E+00 0.000E+00 0.000E+00
 0.000E+00 0.000E+00 0.000E+00 0.000E+00
 0.000E+00 0.000E+00 0.000E+00 0.000E+00
      85.072028     0.006807    0.198525
 6
       4
     2     2     2     2
     0     1     1     1
 1.710E+00 1.625E+00 1.625E+00 1.625E+00
 0.000E+00 0.000E+00 0.000E+00 0.000E+00
 0.000E+00 0.000E+00 0.000E+00 0.000E+00
 0.000E+00 0.000E+00 0.000E+00 0.000E+00
      87.845179     -0.016828    0.093604
 6
       4
     2     2     2     2
     0     1     1     1
 1.710E+00 1.625E+00 1.625E+00 1.625E+00
 0.000E+00 0.000E+00 0.000E+00 0.000E+00
 0.000E+00 0.000E+00 0.000E+00 0.000E+00
 0.000E+00 0.000E+00 0.000E+00 0.000E+00
      89.126471     2.186647    -0.599381
 6
       4
     2     2     2     2
     0     1     1     1
 1.710E+00 1.625E+00 1.625E+00 1.625E+00
 0.000E+00 0.000E+00 0.000E+00 0.000E+00
 0.000E+00 0.000E+00 0.000E+00 0.000E+00
 0.000E+00 0.000E+00 0.000E+00 0.000E+00
      89.291061     -2.255516    0.655877
 6
       4
     2     2     2     2
     0     1     1     1
 1.710E+00 1.625E+00 1.625E+00 1.625E+00
 0.000E+00 0.000E+00 0.000E+00 0.000E+00
 0.000E+00 0.000E+00 0.000E+00 0.000E+00
 0.000E+00 0.000E+00 0.000E+00 0.000E+00
      91.766604     2.294367    -0.662262
 6
       4
     2     2     2     2
     0     1     1     1
 1.710E+00 1.625E+00 1.625E+00 1.625E+00
 0.000E+00 0.000E+00 0.000E+00 0.000E+00
 0.000E+00 0.000E+00 0.000E+00 0.000E+00
 0.000E+00 0.000E+00 0.000E+00 0.000E+00
      91.935060     -2.096063    0.648097
 6
       4
     2     2     2     2
     0     1     1     1
 1.710E+00 1.625E+00 1.625E+00 1.625E+00
 0.000E+00 0.000E+00 0.000E+00 0.000E+00
 0.000E+00 0.000E+00 0.000E+00 0.000E+00
 0.000E+00 0.000E+00 0.000E+00 0.000E+00
      93.214227     0.134518    -0.076224
 6
       4
     2     2     2     2
     0     1     1     1
 1.710E+00 1.625E+00 1.625E+00 1.625E+00
 0.000E+00 0.000E+00 0.000E+00 0.000E+00
 0.000E+00 0.000E+00 0.000E+00 0.000E+00
 0.000E+00 0.000E+00 0.000E+00 0.000E+00
      95.980689     0.360949    -0.174713
 6
       4
     2     2     2     2
     0     1     1     1
 1.710E+00 1.625E+00 1.625E+00 1.625E+00
 0.000E+00 0.000E+00 0.000E+00 0.000E+00
 0.000E+00 0.000E+00 0.000E+00 0.000E+00
 0.000E+00 0.000E+00 0.000E+00 0.000E+00
      98.163852     0.376314    -0.451170
 6
       4
     2     2     2     2
     0     1     1     1
 1.710E+00 1.625E+00 1.625E+00 1.625E+00
 0.000E+00 0.000E+00 0.000E+00 0.000E+00
 0.000E+00 0.000E+00 0.000E+00 0.000E+00
 0.000E+00 0.000E+00 0.000E+00 0.000E+00
      100.959350     0.724982    -0.277563
 6
       4
     2     2     2     2
     0     1     1     1
 1.710E+00 1.625E+00 1.625E+00 1.625E+00
 0.000E+00 0.000E+00 0.000E+00 0.000E+00
 0.000E+00 0.000E+00 0.000E+00 0.000E+00
 0.000E+00 0.000E+00 0.000E+00 0.000E+00
      102.538348     -1.288226    0.840210
 6
       4
     2     2     2     2
     0     1     1     1
 1.710E+00 1.625E+00 1.625E+00 1.625E+00
 0.000E+00 0.000E+00 0.000E+00 0.000E+00
 0.000E+00 0.000E+00 0.000E+00 0.000E+00
 0.000E+00 0.000E+00 0.000E+00 0.000E+00
      102.190880     2.992234    -0.674071
 6
       4
     2     2     2     2
     0     1     1     1
 1.710E+00 1.625E+00 1.625E+00 1.625E+00
 0.000E+00 0.000E+00 0.000E+00 0.000E+00
 0.000E+00 0.000E+00 0.000E+00 0.000E+00
 0.000E+00 0.000E+00 0.000E+00 0.000E+00
      104.839870     3.264613    -0.352549
 6
       4
     2     2     2     2
     0     1     1     1
 1.710E+00 1.625E+00 1.625E+00 1.625E+00
 0.000E+00 0.000E+00 0.000E+00 0.000E+00
 0.000E+00 0.000E+00 0.000E+00 0.000E+00
 0.000E+00 0.000E+00 0.000E+00 0.000E+00
      105.129597     -1.107878    0.982472
 6
       4
     2     2     2     2
     0     1     1     1
 1.710E+00 1.625E+00 1.625E+00 1.625E+00
 0.000E+00 0.000E+00 0.000E+00 0.000E+00
 0.000E+00 0.000E+00 0.000E+00 0.000E+00
 0.000E+00 0.000E+00 0.000E+00 0.000E+00
      106.423406     1.241486    0.328383
 6
       4
     2     2     2     2
     0     1     1     1
 1.710E+00 1.625E+00 1.625E+00 1.625E+00
 0.000E+00 0.000E+00 0.000E+00 0.000E+00
 0.000E+00 0.000E+00 0.000E+00 0.000E+00
 0.000E+00 0.000E+00 0.000E+00 0.000E+00
      109.245401     1.172662    0.266918
 6
       4
     2     2     2     2
     0     1     1     1
 1.710E+00 1.625E+00 1.625E+00 1.625E+00
 0.000E+00 0.000E+00 0.000E+00 0.000E+00
 0.000E+00 0.000E+00 0.000E+00 0.000E+00
 0.000E+00 0.000E+00 0.000E+00 0.000E+00
      111.420021     0.878755    0.030192
 6
       4
     2     2     2     2
     0     1     1     1
 1.710E+00 1.625E+00 1.625E+00 1.625E+00
 0.000E+00 0.000E+00 0.000E+00 0.000E+00
 0.000E+00 0.000E+00 0.000E+00 0.000E+00
 0.000E+00 0.000E+00 0.000E+00 0.000E+00
      114.223255     0.673115    -0.056395
 6
       4
     2     2     2     2
     0     1     1     1
 1.710E+00 1.625E+00 1.625E+00 1.625E+00
 0.000E+00 0.000E+00 0.000E+00 0.000E+00
 0.000E+00 0.000E+00 0.000E+00 0.000E+00
 0.000E+00 0.000E+00 0.000E+00 0.000E+00
      115.434093     -1.609071    -0.703536
 6
       4
     2     2     2     2
     0     1     1     1
 1.710E+00 1.625E+00 1.625E+00 1.625E+00
 0.000E+00 0.000E+00 0.000E+00 0.000E+00
 0.000E+00 0.000E+00 0.000E+00 0.000E+00
 0.000E+00 0.000E+00 0.000E+00 0.000E+00
      115.741146     2.887579    0.453595
 6
       4
     2     2     2     2
     0     1     1     1
 1.710E+00 1.625E+00 1.625E+00 1.625E+00
 0.000E+00 0.000E+00 0.000E+00 0.000E+00
 0.000E+00 0.000E+00 0.000E+00 0.000E+00
 0.000E+00 0.000E+00 0.000E+00 0.000E+00
      118.340774     2.669283    0.347260
 6
       4
     2     2     2     2
     0     1     1     1
 1.710E+00 1.625E+00 1.625E+00 1.625E+00
 0.000E+00 0.000E+00 0.000E+00 0.000E+00
 0.000E+00 0.000E+00 0.000E+00 0.000E+00
 0.000E+00 0.000E+00 0.000E+00 0.000E+00
      118.086902     -1.801704    -0.803510
 6
       4
     2     2     2     2
     0     1     1     1
 1.710E+00 1.625E+00 1.625E+00 1.625E+00
 0.000E+00 0.000E+00 0.000E+00 0.000E+00
 0.000E+00 0.000E+00 0.000E+00 0.000E+00
 0.000E+00 0.000E+00 0.000E+00 0.000E+00
      119.552352     0.358449    -0.111129
 6
       4
     2     2     2     2
     0     1     1     1
 1.710E+00 1.625E+00 1.625E+00 1.625E+00
 0.000E+00 0.000E+00 0.000E+00 0.000E+00
 0.000E+00 0.000E+00 0.000E+00 0.000E+00
 0.000E+00 0.000E+00 0.000E+00 0.000E+00
      122.376890     0.248308    -0.011595
 6
       4
     2     2     2     2
     0     1     1     1
 1.710E+00 1.625E+00 1.625E+00 1.625E+00
 0.000E+00 0.000E+00 0.000E+00 0.000E+00
 0.000E+00 0.000E+00 0.000E+00 0.000E+00
 0.000E+00 0.000E+00 0.000E+00 0.000E+00
      124.620692     0.368907    -0.230749
 6
       4
     2     2     2     2
     0     1     1     1
 1.710E+00 1.625E+00 1.625E+00 1.625E+00
 0.000E+00 0.000E+00 0.000E+00 0.000E+00
 0.000E+00 0.000E+00 0.000E+00 0.000E+00
 0.000E+00 0.000E+00 0.000E+00 0.000E+00
      127.304704     0.161364    -0.069578
 6
       4
     2     2     2     2
     0     1     1     1
 1.710E+00 1.625E+00 1.625E+00 1.625E+00
 0.000E+00 0.000E+00 0.000E+00 0.000E+00
 0.000E+00 0.000E+00 0.000E+00 0.000E+00
 0.000E+00 0.000E+00 0.000E+00 0.000E+00
      128.478766     -2.196585    -0.682654
 6
       4
     2     2     2     2
     0     1     1     1
 1.710E+00 1.625E+00 1.625E+00 1.625E+00
 0.000E+00 0.000E+00 0.000E+00 0.000E+00
 0.000E+00 0.000E+00 0.000E+00 0.000E+00
 0.000E+00 0.000E+00 0.000E+00 0.000E+00
      128.872530     2.177167    0.836495
 6
       4
     2     2     2     2
     0     1     1     1
 1.710E+00 1.625E+00 1.625E+00 1.625E+00
 0.000E+00 0.000E+00 0.000E+00 0.000E+00
 0.000E+00 0.000E+00 0.000E+00 0.000E+00
 0.000E+00 0.000E+00 0.000E+00 0.000E+00
      131.482952     1.855373    1.025038
 6
       4
     2     2     2     2
     0     1     1     1
 1.710E+00 1.625E+00 1.625E+00 1.625E+00
 0.000E+00 0.000E+00 0.000E+00 0.000E+00
 0.000E+00 0.000E+00 0.000E+00 0.000E+00
 0.000E+00 0.000E+00 0.000E+00 0.000E+00
      131.133606     -2.414718    -0.583442
 6
       4
     2     2     2     2
     0     1     1     1
 1.710E+00 1.625E+00 1.625E+00 1.625E+00
 0.000E+00 0.000E+00 0.000E+00 0.000E+00
 0.000E+00 0.000E+00 0.000E+00 0.000E+00
 0.000E+00 0.000E+00 0.000E+00 0.000E+00
      132.677471     -0.427949    0.256120
 6
       4
     2     2     2     2
     0     1     1     1
 1.710E+00 1.625E+00 1.625E+00 1.625E+00
 0.000E+00 0.000E+00 0.000E+00 0.000E+00
 0.000E+00 0.000E+00 0.000E+00 0.000E+00
 0.000E+00 0.000E+00 0.000E+00 0.000E+00
      135.433859     -0.716675    0.182413
 1
       1
     1
     0
 1.300E+00
 0.000E+00
 0.000E+00
 0.000E+00
      75.275179     4.281254    -0.244069
 1
       1
     1
     0
 1.300E+00
 0.000E+00
 0.000E+00
 0.000E+00
      79.955565     4.006100    0.100284
 6
       4
     2     2     2     2
     0     1     1     1
 1.710E+00 1.625E+00 1.625E+00 1.625E+00
 0.000E+00 0.000E+00 0.000E+00 0.000E+00
 0.000E+00 0.000E+00 0.000E+00 0.000E+00
 0.000E+00 0.000E+00 0.000E+00 0.000E+00
      71.969655     0.087585    -0.011469
 1
       1
     1
     0
 1.300E+00
 0.000E+00
 0.000E+00
 0.000E+00
      74.883456     -4.099541    0.742479
 1
       1
     1
     0
 1.300E+00
 0.000E+00
 0.000E+00
 0.000E+00
      79.677137     -4.055365    1.273080
 1
       1
     1
     0
 1.300E+00
 0.000E+00
 0.000E+00
 0.000E+00
      87.899569     4.033803    -0.922963
 1
       1
     1
     0
 1.300E+00
 0.000E+00
 0.000E+00
 0.000E+00
      88.221440     -3.999299    1.317831
 1
       1
     1
     0
 1.300E+00
 0.000E+00
 0.000E+00
 0.000E+00
      92.826657     4.135654    -0.987898
 1
       1
     1
     0
 1.300E+00
 0.000E+00
 0.000E+00
 0.000E+00
      93.147327     -3.780040    1.323454
 1
       1
     1
     0
 1.300E+00
 0.000E+00
 0.000E+00
 0.000E+00
      100.900952     4.677586    -1.261643
 1
       1
     1
     0
 1.300E+00
 0.000E+00
 0.000E+00
 0.000E+00
      105.678294     5.140597    -0.752215
 1
       1
     1
     0
 1.300E+00
 0.000E+00
 0.000E+00
 0.000E+00
      101.502402     -2.965477    1.539756
 1
       1
     1
     0
 1.300E+00
 0.000E+00
 0.000E+00
 0.000E+00
      106.278333     -2.707229    1.692788
 1
       1
     1
     0
 1.300E+00
 0.000E+00
 0.000E+00
 0.000E+00
      114.773220     4.776265    0.742974
 1
       1
     1
     0
 1.300E+00
 0.000E+00
 0.000E+00
 0.000E+00
      114.313150     -3.203229    -1.342235
 1
       1
     1
     0
 1.300E+00
 0.000E+00
 0.000E+00
 0.000E+00
      119.625479     4.421362    0.668838
 1
       1
     1
     0
 1.300E+00
 0.000E+00
 0.000E+00
 0.000E+00
      118.920050     -3.468715    -1.584102
 1
       1
     1
     0
 1.300E+00
 0.000E+00
 0.000E+00
 0.000E+00
      127.951665     4.119064    1.278029
 1
       1
     1
     0
 1.300E+00
 0.000E+00
 0.000E+00
 0.000E+00
      127.099321     -3.720215    -1.316825
 1
       1
     1
     0
 1.300E+00
 0.000E+00
 0.000E+00
 0.000E+00
      132.552099     3.675287    1.651787
 1
       1
     1
     0
 1.300E+00
 0.000E+00
 0.000E+00
 0.000E+00
      132.009126     -4.220193    -1.174561
 1
       1
     1
     0
 1.300E+00
 0.000E+00
 0.000E+00
 0.000E+00
      140.683210     2.165161    2.844476
 1
       1
     1
     0
 1.300E+00
 0.000E+00
 0.000E+00
 0.000E+00
      140.727072     -4.717355    -2.354221
 1
       1
     1
     0
 1.300E+00
 0.000E+00
 0.000E+00
 0.000E+00
      147.883850     -1.194424    -0.086538
 1
       1
     1
     0
 1.300E+00
 0.000E+00
 0.000E+00
 0.000E+00
      145.321960     1.949797    2.730510
 1
       1
     1
     0
 1.300E+00
 0.000E+00
 0.000E+00
 0.000E+00
      145.198561     -4.580186    -2.404478
 6
       4
     2     2     2     2
     0     1     1     1
 1.710E+00 1.625E+00 1.625E+00 1.625E+00
 0.000E+00 0.000E+00 0.000E+00 0.000E+00
 0.000E+00 0.000E+00 0.000E+00 0.000E+00
 0.000E+00 0.000E+00 0.000E+00 0.000E+00
      137.557938     -1.196365    0.157996
 6
       4
     2     2     2     2
     0     1     1     1
 1.710E+00 1.625E+00 1.625E+00 1.625E+00
 0.000E+00 0.000E+00 0.000E+00 0.000E+00
 0.000E+00 0.000E+00 0.000E+00 0.000E+00
 0.000E+00 0.000E+00 0.000E+00 0.000E+00
      140.383964     -1.413438    0.361380
 6
       4
     2     2     2     2
     0     1     1     1
 1.710E+00 1.625E+00 1.625E+00 1.625E+00
 0.000E+00 0.000E+00 0.000E+00 0.000E+00
 0.000E+00 0.000E+00 0.000E+00 0.000E+00
 0.000E+00 0.000E+00 0.000E+00 0.000E+00
      141.520251     -3.238093    -1.026310
 6
       4
     2     2     2     2
     0     1     1     1
 1.710E+00 1.625E+00 1.625E+00 1.625E+00
 0.000E+00 0.000E+00 0.000E+00 0.000E+00
 0.000E+00 0.000E+00 0.000E+00 0.000E+00
 0.000E+00 0.000E+00 0.000E+00 0.000E+00
      141.733442     0.483458    1.867960
 6
       4
     2     2     2     2
     0     1     1     1
 1.710E+00 1.625E+00 1.625E+00 1.625E+00
 0.000E+00 0.000E+00 0.000E+00 0.000E+00
 0.000E+00 0.000E+00 0.000E+00 0.000E+00
 0.000E+00 0.000E+00 0.000E+00 0.000E+00
      144.261977     0.522131    1.802139
 6
       4
     2     2     2     2
     0     1     1     1
 1.710E+00 1.625E+00 1.625E+00 1.625E+00
 0.000E+00 0.000E+00 0.000E+00 0.000E+00
 0.000E+00 0.000E+00 0.000E+00 0.000E+00
 0.000E+00 0.000E+00 0.000E+00 0.000E+00
      144.348664     -3.125452    -1.056181
 6
       4
     2     2     2     2
     0     1     1     1
 1.710E+00 1.625E+00 1.625E+00 1.625E+00
 0.000E+00 0.000E+00 0.000E+00 0.000E+00
 0.000E+00 0.000E+00 0.000E+00 0.000E+00
 0.000E+00 0.000E+00 0.000E+00 0.000E+00
      145.457217     -1.264040    0.201604
# LCAO coefficients .. are not included.
         1
        1        -0.000107331412856   k=         1
        2        0.000942682109103   k=         1
        3        -0.002515866636511   k=         1
        4        0.014946159372531   k=         1
        5        0.000698431477455   k=         1
        6        0.000734538265148   k=         1
        7        -0.005881007893406   k=         1
        8        0.014780162100567   k=         1
        9        -0.000478105632367   k=         1
        10        -0.001378352242152   k=         1
        11        -0.005051058384413   k=         1
        12        0.010533664667416   k=         1
        13        -0.000075343300291   k=         1
        14        0.000009456937953   k=         1
        15        0.001049448396230   k=         1
        16        -0.002437764502774   k=         1
        17        -0.000078441957296   k=         1
        18        0.000726669970887   k=         1
        19        0.004993063500636   k=         1
        20        -0.017944914943194   k=         1
        21        0.000336808946511   k=         1
        22        0.000951793218936   k=         1
        23        0.002743894215531   k=         1
        24        -0.007757337921231   k=         1
        25        -0.000204596596763   k=         1
        26        -0.001283043250331   k=         1
        27        -0.002292830455070   k=         1
        28        -0.020594548772060   k=         1
        29        -0.000416412732392   k=         1
        30        -0.001484252509901   k=         1
        31        0.000474599920443   k=         1
        32        -0.015237321126178   k=         1
        33        -0.000127151305398   k=         1
        34        -0.001886499057506   k=         1
        35        0.004396165016082   k=         1
        36        0.028335429004351   k=         1
        37        -0.000594681307715   k=         1
        38        -0.004196990500129   k=         1
        39        0.003093627486266   k=         1
        40        0.015038603714433   k=         1
        41        -0.000459691186487   k=         1
        42        -0.005294016667219   k=         1
        43        0.004128946187845   k=         1
        44        0.014037054906850   k=         1
        45        -0.000511930795899   k=         1
        46        0.003463837378335   k=         1
        47        -0.002505132565492   k=         1
        48        -0.017709302388226   k=         1
        49        0.000256125508440   k=         1
        50        0.005008552236056   k=         1
        51        -0.002066324476761   k=         1
        52        -0.016731340030764   k=         1
        53        0.000173814137600   k=         1
        54        -0.003732113551361   k=         1
        55        -0.005868235669708   k=         1
        56        -0.026514535453177   k=         1
        57        -0.001293172714593   k=         1
        58        0.002745282943644   k=         1
        59        0.010155712019712   k=         1
        60        0.020084257104215   k=         1
        61        -0.000458152762073   k=         1
        62        -0.003701813230598   k=         1
        63        0.006320347273135   k=         1
        64        0.020745864012028   k=         1
        65        -0.000446647845796   k=         1
        66        0.003356616529140   k=         1
        67        -0.014058735637547   k=         1
        68        -0.023832904499029   k=         1
        69        -0.000150735666784   k=         1
        70        -0.002548583630534   k=         1
        71        -0.010164026602699   k=         1
        72        -0.013661315411173   k=         1
        73        0.000557618450307   k=         1
        74        -0.005558401307394   k=         1
        75        -0.010147922469475   k=         1
        76        -0.014530779820352   k=         1
        77        -0.001074766881229   k=         1
        78        0.004799763134951   k=         1
        79        0.009393533583557   k=         1
        80        0.013874768326409   k=         1
        81        0.000192088626208   k=         1
        82        0.003849330808014   k=         1
        83        0.011571031739983   k=         1
        84        0.011846929354998   k=         1
        85        -0.000655612501101   k=         1
        86        0.002493546793019   k=         1
        87        0.015857856630385   k=         1
        88        0.023097948332084   k=         1
        89        -0.000270742464921   k=         1
        90        0.000225188245891   k=         1
        91        -0.007995970581624   k=         1
        92        -0.019350202428147   k=         1
        93        -0.000106043956610   k=         1
        94        -0.001320735569048   k=         1
        95        -0.010941965338049   k=         1
        96        -0.018381303162801   k=         1
        97        -0.000267620793726   k=         1
        98        0.002071119869406   k=         1
        99        0.009448966052131   k=         1
        100        0.029278010591847   k=         1
        101        -0.000301510526052   k=         1
        102        0.000555665243181   k=         1
        103        0.004764572415807   k=         1
        104        0.016482822580955   k=         1
        105        0.000590004692456   k=         1
        106        0.001167127483552   k=         1
        107        0.002811317027279   k=         1
        108        0.016096492171012   k=         1
        109        -0.000196318119541   k=         1
        110        -0.001079102978918   k=         1
        111        -0.004746116620371   k=         1
        112        -0.017167004548621   k=         1
        113        0.000334266147221   k=         1
        114        0.001259073667111   k=         1
        115        -0.008193321131306   k=         1
        116        -0.021063865232340   k=         1
        117        0.000154056192082   k=         1
        118        0.002957718321394   k=         1
        119        -0.010634761397033   k=         1
        120        -0.026737606120859   k=         1
        121        -0.000474960861521   k=         1
        122        -0.001865110168938   k=         1
        123        0.013246563107561   k=         1
        124        0.026570126613843   k=         1
        125        0.001557039911243   k=         1
        126        0.004151732706610   k=         1
        127        0.010013641243508   k=         1
        128        0.022613817867509   k=         1
        129        -0.000286077993846   k=         1
        130        -0.005931307570969   k=         1
        131        -0.017494175239367   k=         1
        132        -0.032493873048022   k=         1
        133        -0.000613942504919   k=         1
        134        0.001423178731618   k=         1
        135        -0.012226993548891   k=         1
        136        -0.018016145192061   k=         1
        137        0.000384381902287   k=         1
        138        0.003560703439185   k=         1
        139        -0.013269750801481   k=         1
        140        -0.019474860433864   k=         1
        141        0.001010965761695   k=         1
        142        -0.004999533061201   k=         1
        143        0.012936358571681   k=         1
        144        0.024580242805590   k=         1
        145        0.000415559256747   k=         1
        146        -0.001482150928540   k=         1
        147        0.009025685362052   k=         1
        148        0.014390504410198   k=         1
        149        -0.000790541768529   k=         1
        150        -0.001372621968228   k=         1
        151        0.015776304700474   k=         1
        152        0.036339382201631   k=         1
        153        0.000184131937405   k=         1
        154        0.000076171016689   k=         1
        155        -0.008199705816743   k=         1
        156        -0.020088328312690   k=         1
        157        0.000781324245643   k=         1
        158        -0.000761926605649   k=         1
        159        0.000208715814414   k=         1
        160        -0.000948605695834   k=         1
        161        0.000087335206143   k=         1
        162        0.000761971252950   k=         1
        163        0.000967224681738   k=         1
        164        0.001205702191159   k=         1
        165        0.002138842490219   k=         1
        166        0.000815011045629   k=         1
        167        0.001168040140240   k=         1
        168        0.002081045193700   k=         1
        169        -0.000101761075415   k=         1
        170        -0.000582144701572   k=         1
        171        0.000204843321463   k=         1
        172        0.000231843133969   k=         1
        173        -0.000710558265349   k=         1
        174        -0.002111052056200   k=         1
        175        -0.000152402032441   k=         1
        176        0.000156994167823   k=         1
        177        -0.001627690818880   k=         1
        178        -0.001228338832018   k=         1
        179        0.000260703733101   k=         1
        180        0.000126222323419   k=         1
        181        -0.000002506047783   k=         1
        182        0.001980569625636   k=         1
        183        0.002901235407700   k=         1
        184        0.000928856082931   k=         1
        185        -0.001045915020354   k=         1
        186        0.000452259046516   k=         1
        187        0.002401605965272   k=         1
        188        -0.011909727538131   k=         1
        189        -0.028034309225523   k=         1
        190        0.000203963056793   k=         1
        191        -0.001590041257513   k=         1
        192        0.007690977435596   k=         1
        193        0.019603558610063   k=         1
        194        0.000099825553016   k=         1
        195        0.000895961231873   k=         1
        196        0.004915111602435   k=         1
        197        0.022610910505117   k=         1
        198        0.000299192601939   k=         1
        199        0.000697061812197   k=         1
        200        0.002299732553849   k=         1
        201        0.012664300017505   k=         1
        202        -0.000108460579745   k=         1
        203        -0.001157825420038   k=         1
        204        -0.001133373724844   k=         1
        205        -0.008810929465647   k=         1
        206        0.000095293417382   k=         1
        207        -0.000721477510129   k=         1
        208        -0.002751739500447   k=         1
        209        -0.009184364631880   k=         1
        210        0.001063167200289   k=         1
        211        -0.000044540852506   k=         1
        212        -0.009471138735122   k=         1
        213        -0.024363234296850   k=         1
        214        -0.000027627511890   k=         1
        215        -0.000527620566022   k=         1
        216        0.000212301740482   k=         1
        217        0.002260084982108   k=         1
        218        0.000048869103131   k=         1
        219        0.000148397599645   k=         1
        220        -0.000820890888838   k=         1
        221        -0.004792710979071   k=         1
        222        0.000141925863641   k=         1
        223        0.000950528432950   k=         1
        224        -0.000119686716551   k=         1
        225        -0.004729730474324   k=         1
        226        -0.000309570915509   k=         1
        227        0.001004578233786   k=         1
        228        0.000090123261461   k=         1
        229        -0.005164403683858   k=         1
        230        0.000010761624199   k=         1
        231        -0.000477859317435   k=         1
        232        -0.000280781918975   k=         1
        233        0.002782220779644   k=         1
        234        0.000115206772053   k=         1
        235        -0.000033625098233   k=         1
        236        0.000062378521843   k=         1
        237        -0.005024591340869   k=         1
        238        0.000626711821071   k=         1
        239        0.001899397498908   k=         1
        240        0.003576655448749   k=         1
        241        0.011560437818018   k=         1
        242        0.000059555463603   k=         1
        243        0.000822153996407   k=         1
        244        0.001328601852059   k=         1
        245        0.003049687157556   k=         1
        246        -0.000421449527944   k=         1
        247        -0.001113870907582   k=         1
        248        -0.005216247175894   k=         1
        249        -0.017907810994416   k=         1
        250        0.000275116846597   k=         1
        251        0.000406899972895   k=         1
        252        -0.001364458593255   k=         1
        253        -0.006678004885856   k=         1
        254        0.000460415519902   k=         1
        255        0.000547935445793   k=         1
        256        -0.002419368994031   k=         1
        257        -0.007816245169080   k=         1
        258        -0.000296642305012   k=         1
        259        -0.000846509983089   k=         1
        260        0.003333680167779   k=         1
        261        0.013945549559891   k=         1
        262        -0.000299554077326   k=         1
        263        -0.001313891048170   k=         1
        264        0.003345055446397   k=         1
        265        0.011714032240531   k=         1
        266        0.000238421105340   k=         1
        267        0.001551533338715   k=         1
        268        0.004859284992978   k=         1
        269        0.014844494194737   k=         1
        270        -0.000941687120841   k=         1
        271        -0.002944121296513   k=         1
        272        -0.006391899643554   k=         1
        273        -0.017695482060265   k=         1
        274        0.001102616474428   k=         1
        275        0.000253997548587   k=         1
        276        -0.004821749516408   k=         1
        277        -0.014810353348510   k=         1
        278        -0.000750797351094   k=         1
        279        -0.004765406268799   k=         1
        280        0.007971189120239   k=         1
        281        0.024093842489907   k=         1
        282        0.000144813749692   k=         1
        283        -0.001483937711858   k=         1
        284        0.006639758542684   k=         1
        285        0.012507934241060   k=         1
        286        -0.000494481411244   k=         1
        287        -0.003380973918248   k=         1
        288        0.003335253490384   k=         1
        289        0.013968837254289   k=         1
        290        0.000597362071721   k=         1
        291        0.004389157805479   k=         1
        292        -0.006392646302486   k=         1
        293        -0.017932653141037   k=         1
        294        -0.000082133020644   k=         1
        295        0.000349399291523   k=         1
        296        -0.005367913289757   k=         1
        297        -0.011756841341882   k=         1
        298        -0.000497489597640   k=         1
        299        -0.000549578956734   k=         1
        300        -0.005439015362438   k=         1
        301        -0.024552835299048   k=         1
        302        0.000274347515942   k=         1
        303        0.002266800087924   k=         1
        304        -0.001869329109239   k=         1
        305        0.020874273322760   k=         1
        306        -0.000761151960330   k=         1
        307        0.001677109613050   k=         1
        308        0.002211002761917   k=         1
        309        0.020012518607568   k=         1
        310        0.000195613749832   k=         1
        311        -0.000100828433099   k=         1
        312        0.004698518144441   k=         1
        313        -0.025925454880544   k=         1
        314        -0.000096608864147   k=         1
        315        -0.001253918644452   k=         1
        316        0.006267977119387   k=         1
        317        -0.013601875497452   k=         1
        318        -0.001114638087637   k=         1
        319        0.000981672999155   k=         1
        320        0.004836058894406   k=         1
        321        -0.016507228602904   k=         1
        322        0.000241217626021   k=         1
        323        0.000303784376447   k=         1
        324        -0.003149631872100   k=         1
        325        0.013612115916385   k=         1
        326        0.000183404895703   k=         1
        327        0.001342532925878   k=         1
        328        -0.007086142643395   k=         1
        329        0.016178833513362   k=         1
        330        0.000302840411273   k=         1
        331        -0.001634644051392   k=         1
        332        -0.005699671637449   k=         1
        333        0.025279273195161   k=         1
        334        -0.001703812613463   k=         1
        335        -0.000273863457230   k=         1
        336        0.005339067086196   k=         1
        337        -0.018506898035826   k=         1
        338        0.001323711935049   k=         1
        339        -0.001532030398728   k=         1
        340        0.005025787372255   k=         1
        341        -0.020071964585005   k=         1
        342        -0.000454249164065   k=         1
        343        -0.001017939901071   k=         1
        344        -0.005933196086280   k=         1
        345        0.017915636656339   k=         1
        346        0.000086459409789   k=         1
        347        -0.002058179777523   k=         1
        348        -0.004460493856255   k=         1
        349        0.015665262509461   k=         1
        350        0.000216818259150   k=         1
        351        -0.003603733075983   k=         1
        352        -0.004998772961642   k=         1
        353        0.013802949175169   k=         1
        354        -0.000182298491482   k=         1
        355        0.002071146664714   k=         1
        356        0.002518845236924   k=         1
        357        -0.009202680327138   k=         1
        358        -0.000016190727283   k=         1
        359        0.001085237206900   k=         1
        360        0.003068810021743   k=         1
        361        -0.008793161961575   k=         1
        362        -0.000266804944091   k=         1
        363        -0.000515016075450   k=         1
        364        0.008244952556615   k=         1
        365        -0.019771178279323   k=         1
        366        -0.000357340968694   k=         1
        367        0.000577770706650   k=         1
        368        -0.003461440724108   k=         1
        369        0.006984062872800   k=         1
        370        0.000184582669709   k=         1
        371        -0.000279171880177   k=         1
        372        -0.000180139302376   k=         1
        373        -0.000850959873568   k=         1
        374        0.005507795040620   k=         1
        375        0.013358528490642   k=         1
        376        0.000047391182034   k=         1
        377        0.000245915663051   k=         1
        378        -0.000252000008190   k=         1
        379        -0.000516242511365   k=         1
        380        -0.000498182302842   k=         1
        381        -0.000244797368330   k=         1
        382        0.000396330845152   k=         1
        383        0.000274116996399   k=         1
        384        -0.000984157490891   k=         1
        385        0.001186265169937   k=         1
        386        0.000535868182753   k=         1
        387        -0.000717184980596   k=         1
        388        -0.000373052332378   k=         1
        389        0.001330743591481   k=         1
        390        0.000439949399463   k=         1
        391        0.000054388281394   k=         1
        392        0.000613310168825   k=         1
        393        0.000807995467914   k=         1
        394        0.000301754581792   k=         1
        395        0.000155079106274   k=         1
        396        -0.000092536977416   k=         1
        397        -0.000234656251810   k=         1
        398        0.000264086093858   k=         1
        399        -0.000199238104158   k=         1
        400        -0.002202234940364   k=         1
        401        -0.005193793305195   k=         1
        402        0.013196369257381   k=         1
        403        -0.000071794383230   k=         1
        404        0.001522275016066   k=         1
        405        0.003045625541564   k=         1
        406        -0.005098695592220   k=         1
        407        0.000194712966266   k=         1
        408        -0.000758509007393   k=         1
        409        0.006352330400427   k=         1
        410        -0.006396554392401   k=         1
        411        -0.000292339305437   k=         1
        412        0.000488781080996   k=         1
        413        0.003241550809434   k=         1
        414        -0.004051477841240   k=         1
        415        0.000032035003872   k=         1
        416        0.000186629514862   k=         1
        417        -0.001215646285202   k=         1
        418        0.001526996203147   k=         1
        419        -0.000181244648810   k=         1
        420        0.000869281343755   k=         1
        421        -0.001357080026461   k=         1
        422        0.001465934685814   k=         1
        423        -0.000171599494089   k=         1
        424        0.001055952915788   k=         1
        425        -0.004500357834681   k=         1
        426        0.005773581863039   k=         1
