# file_format= v0.04.05
       144       426
    188.97268778      0.00000000      0.00000000    0
      0.00000000    188.97268778      0.00000000    0
      0.00000000      0.00000000    188.97268778    0
 6
       4
     2     2     2     2
     0     1     1     1
 1.710E+00 1.625E+00 1.625E+00 1.625E+00
 0.000E+00 0.000E+00 0.000E+00 0.000E+00
 0.000E+00 0.000E+00 0.000E+00 0.000E+00
 0.000E+00 0.000E+00 0.000E+00 0.000E+00
      1.143789     -0.772703    -0.039278
 6
       4
     2     2     2     2
     0     1     1     1
 1.710E+00 1.625E+00 1.625E+00 1.625E+00
 0.000E+00 0.000E+00 0.000E+00 0.000E+00
 0.000E+00 0.000E+00 0.000E+00 0.000E+00
 0.000E+00 0.000E+00 0.000E+00 0.000E+00
      -0.680948     1.113678    0.527572
 6
       4
     2     2     2     2
     0     1     1     1
 1.710E+00 1.625E+00 1.625E+00 1.625E+00
 0.000E+00 0.000E+00 0.000E+00 0.000E+00
 0.000E+00 0.000E+00 0.000E+00 0.000E+00
 0.000E+00 0.000E+00 0.000E+00 0.000E+00
      0.231055     -3.160400    -0.786619
 6
       4
     2     2     2     2
     0     1     1     1
 1.710E+00 1.625E+00 1.625E+00 1.625E+00
 0.000E+00 0.000E+00 0.000E+00 0.000E+00
 0.000E+00 0.000E+00 0.000E+00 0.000E+00
 0.000E+00 0.000E+00 0.000E+00 0.000E+00
      -3.261214     0.552106    0.417516
 6
       4
     2     2     2     2
     0     1     1     1
 1.710E+00 1.625E+00 1.625E+00 1.625E+00
 0.000E+00 0.000E+00 0.000E+00 0.000E+00
 0.000E+00 0.000E+00 0.000E+00 0.000E+00
 0.000E+00 0.000E+00 0.000E+00 0.000E+00
      -4.251288     -1.770809    -0.408804
 6
       4
     2     2     2     2
     0     1     1     1
 1.710E+00 1.625E+00 1.625E+00 1.625E+00
 0.000E+00 0.000E+00 0.000E+00 0.000E+00
 0.000E+00 0.000E+00 0.000E+00 0.000E+00
 0.000E+00 0.000E+00 0.000E+00 0.000E+00
      -2.357775     -3.721536    -1.002679
 6
       4
     2     2     2     2
     0     1     1     1
 1.710E+00 1.625E+00 1.625E+00 1.625E+00
 0.000E+00 0.000E+00 0.000E+00 0.000E+00
 0.000E+00 0.000E+00 0.000E+00 0.000E+00
 0.000E+00 0.000E+00 0.000E+00 0.000E+00
      3.833921     -0.262613    -0.016677
 6
       4
     2     2     2     2
     0     1     1     1
 1.710E+00 1.625E+00 1.625E+00 1.625E+00
 0.000E+00 0.000E+00 0.000E+00 0.000E+00
 0.000E+00 0.000E+00 0.000E+00 0.000E+00
 0.000E+00 0.000E+00 0.000E+00 0.000E+00
      6.081227     0.097319    -0.170669
 6
       4
     2     2     2     2
     0     1     1     1
 1.710E+00 1.625E+00 1.625E+00 1.625E+00
 0.000E+00 0.000E+00 0.000E+00 0.000E+00
 0.000E+00 0.000E+00 0.000E+00 0.000E+00
 0.000E+00 0.000E+00 0.000E+00 0.000E+00
      8.678763     0.283909    -0.037770
 6
       4
     2     2     2     2
     0     1     1     1
 1.710E+00 1.625E+00 1.625E+00 1.625E+00
 0.000E+00 0.000E+00 0.000E+00 0.000E+00
 0.000E+00 0.000E+00 0.000E+00 0.000E+00
 0.000E+00 0.000E+00 0.000E+00 0.000E+00
      9.849473     2.614300    -0.504481
 6
       4
     2     2     2     2
     0     1     1     1
 1.710E+00 1.625E+00 1.625E+00 1.625E+00
 0.000E+00 0.000E+00 0.000E+00 0.000E+00
 0.000E+00 0.000E+00 0.000E+00 0.000E+00
 0.000E+00 0.000E+00 0.000E+00 0.000E+00
      10.333666     -1.758337    0.647127
 6
       4
     2     2     2     2
     0     1     1     1
 1.710E+00 1.625E+00 1.625E+00 1.625E+00
 0.000E+00 0.000E+00 0.000E+00 0.000E+00
 0.000E+00 0.000E+00 0.000E+00 0.000E+00
 0.000E+00 0.000E+00 0.000E+00 0.000E+00
      12.435094     2.913551    -0.336432
 6
       4
     2     2     2     2
     0     1     1     1
 1.710E+00 1.625E+00 1.625E+00 1.625E+00
 0.000E+00 0.000E+00 0.000E+00 0.000E+00
 0.000E+00 0.000E+00 0.000E+00 0.000E+00
 0.000E+00 0.000E+00 0.000E+00 0.000E+00
      12.905368     -1.459575    0.754339
 6
       4
     2     2     2     2
     0     1     1     1
 1.710E+00 1.625E+00 1.625E+00 1.625E+00
 0.000E+00 0.000E+00 0.000E+00 0.000E+00
 0.000E+00 0.000E+00 0.000E+00 0.000E+00
 0.000E+00 0.000E+00 0.000E+00 0.000E+00
      14.117892     0.928445    0.322894
 6
       4
     2     2     2     2
     0     1     1     1
 1.710E+00 1.625E+00 1.625E+00 1.625E+00
 0.000E+00 0.000E+00 0.000E+00 0.000E+00
 0.000E+00 0.000E+00 0.000E+00 0.000E+00
 0.000E+00 0.000E+00 0.000E+00 0.000E+00
      16.785160     1.300842    0.367962
 6
       4
     2     2     2     2
     0     1     1     1
 1.710E+00 1.625E+00 1.625E+00 1.625E+00
 0.000E+00 0.000E+00 0.000E+00 0.000E+00
 0.000E+00 0.000E+00 0.000E+00 0.000E+00
 0.000E+00 0.000E+00 0.000E+00 0.000E+00
      19.057713     1.391252    0.328085
 6
       4
     2     2     2     2
     0     1     1     1
 1.710E+00 1.625E+00 1.625E+00 1.625E+00
 0.000E+00 0.000E+00 0.000E+00 0.000E+00
 0.000E+00 0.000E+00 0.000E+00 0.000E+00
 0.000E+00 0.000E+00 0.000E+00 0.000E+00
      21.758624     1.319822    0.202393
 6
       4
     2     2     2     2
     0     1     1     1
 1.710E+00 1.625E+00 1.625E+00 1.625E+00
 0.000E+00 0.000E+00 0.000E+00 0.000E+00
 0.000E+00 0.000E+00 0.000E+00 0.000E+00
 0.000E+00 0.000E+00 0.000E+00 0.000E+00
      23.160117     -0.566179    1.448751
 6
       4
     2     2     2     2
     0     1     1     1
 1.710E+00 1.625E+00 1.625E+00 1.625E+00
 0.000E+00 0.000E+00 0.000E+00 0.000E+00
 0.000E+00 0.000E+00 0.000E+00 0.000E+00
 0.000E+00 0.000E+00 0.000E+00 0.000E+00
      23.265549     3.051437    -1.110945
 6
       4
     2     2     2     2
     0     1     1     1
 1.710E+00 1.625E+00 1.625E+00 1.625E+00
 0.000E+00 0.000E+00 0.000E+00 0.000E+00
 0.000E+00 0.000E+00 0.000E+00 0.000E+00
 0.000E+00 0.000E+00 0.000E+00 0.000E+00
      25.995804     2.726446    -1.278830
 6
       4
     2     2     2     2
     0     1     1     1
 1.710E+00 1.625E+00 1.625E+00 1.625E+00
 0.000E+00 0.000E+00 0.000E+00 0.000E+00
 0.000E+00 0.000E+00 0.000E+00 0.000E+00
 0.000E+00 0.000E+00 0.000E+00 0.000E+00
      25.923014     -0.789240    1.435171
 6
       4
     2     2     2     2
     0     1     1     1
 1.710E+00 1.625E+00 1.625E+00 1.625E+00
 0.000E+00 0.000E+00 0.000E+00 0.000E+00
 0.000E+00 0.000E+00 0.000E+00 0.000E+00
 0.000E+00 0.000E+00 0.000E+00 0.000E+00
      27.366299     0.834284    0.003462
 6
       4
     2     2     2     2
     0     1     1     1
 1.710E+00 1.625E+00 1.625E+00 1.625E+00
 0.000E+00 0.000E+00 0.000E+00 0.000E+00
 0.000E+00 0.000E+00 0.000E+00 0.000E+00
 0.000E+00 0.000E+00 0.000E+00 0.000E+00
      30.127244     0.450278    -0.242805
 6
       4
     2     2     2     2
     0     1     1     1
 1.710E+00 1.625E+00 1.625E+00 1.625E+00
 0.000E+00 0.000E+00 0.000E+00 0.000E+00
 0.000E+00 0.000E+00 0.000E+00 0.000E+00
 0.000E+00 0.000E+00 0.000E+00 0.000E+00
      32.352768     0.186019    -0.104462
 6
       4
     2     2     2     2
     0     1     1     1
 1.710E+00 1.625E+00 1.625E+00 1.625E+00
 0.000E+00 0.000E+00 0.000E+00 0.000E+00
 0.000E+00 0.000E+00 0.000E+00 0.000E+00
 0.000E+00 0.000E+00 0.000E+00 0.000E+00
      35.086265     -0.052943    -0.069064
 6
       4
     2     2     2     2
     0     1     1     1
 1.710E+00 1.625E+00 1.625E+00 1.625E+00
 0.000E+00 0.000E+00 0.000E+00 0.000E+00
 0.000E+00 0.000E+00 0.000E+00 0.000E+00
 0.000E+00 0.000E+00 0.000E+00 0.000E+00
      36.507316     -2.329673    0.584617
 6
       4
     2     2     2     2
     0     1     1     1
 1.710E+00 1.625E+00 1.625E+00 1.625E+00
 0.000E+00 0.000E+00 0.000E+00 0.000E+00
 0.000E+00 0.000E+00 0.000E+00 0.000E+00
 0.000E+00 0.000E+00 0.000E+00 0.000E+00
      36.577880     1.971426    -0.658813
 6
       4
     2     2     2     2
     0     1     1     1
 1.710E+00 1.625E+00 1.625E+00 1.625E+00
 0.000E+00 0.000E+00 0.000E+00 0.000E+00
 0.000E+00 0.000E+00 0.000E+00 0.000E+00
 0.000E+00 0.000E+00 0.000E+00 0.000E+00
      39.254269     1.898530    -0.656136
 6
       4
     2     2     2     2
     0     1     1     1
 1.710E+00 1.625E+00 1.625E+00 1.625E+00
 0.000E+00 0.000E+00 0.000E+00 0.000E+00
 0.000E+00 0.000E+00 0.000E+00 0.000E+00
 0.000E+00 0.000E+00 0.000E+00 0.000E+00
      39.153337     -2.435830    0.701464
 6
       4
     2     2     2     2
     0     1     1     1
 1.710E+00 1.625E+00 1.625E+00 1.625E+00
 0.000E+00 0.000E+00 0.000E+00 0.000E+00
 0.000E+00 0.000E+00 0.000E+00 0.000E+00
 0.000E+00 0.000E+00 0.000E+00 0.000E+00
      40.624029     -0.228886    -0.060723
 6
       4
     2     2     2     2
     0     1     1     1
 1.710E+00 1.625E+00 1.625E+00 1.625E+00
 0.000E+00 0.000E+00 0.000E+00 0.000E+00
 0.000E+00 0.000E+00 0.000E+00 0.000E+00
 0.000E+00 0.000E+00 0.000E+00 0.000E+00
      43.303375     -0.333824    -0.190496
 6
       4
     2     2     2     2
     0     1     1     1
 1.710E+00 1.625E+00 1.625E+00 1.625E+00
 0.000E+00 0.000E+00 0.000E+00 0.000E+00
 0.000E+00 0.000E+00 0.000E+00 0.000E+00
 0.000E+00 0.000E+00 0.000E+00 0.000E+00
      45.567053     -0.539413    -0.256511
 6
       4
     2     2     2     2
     0     1     1     1
 1.710E+00 1.625E+00 1.625E+00 1.625E+00
 0.000E+00 0.000E+00 0.000E+00 0.000E+00
 0.000E+00 0.000E+00 0.000E+00 0.000E+00
 0.000E+00 0.000E+00 0.000E+00 0.000E+00
      48.251965     -0.631756    -0.315025
 6
       4
     2     2     2     2
     0     1     1     1
 1.710E+00 1.625E+00 1.625E+00 1.625E+00
 0.000E+00 0.000E+00 0.000E+00 0.000E+00
 0.000E+00 0.000E+00 0.000E+00 0.000E+00
 0.000E+00 0.000E+00 0.000E+00 0.000E+00
      49.672372     -2.448607    0.872186
 6
       4
     2     2     2     2
     0     1     1     1
 1.710E+00 1.625E+00 1.625E+00 1.625E+00
 0.000E+00 0.000E+00 0.000E+00 0.000E+00
 0.000E+00 0.000E+00 0.000E+00 0.000E+00
 0.000E+00 0.000E+00 0.000E+00 0.000E+00
      49.569599     1.517301    -1.482938
 6
       4
     2     2     2     2
     0     1     1     1
 1.710E+00 1.625E+00 1.625E+00 1.625E+00
 0.000E+00 0.000E+00 0.000E+00 0.000E+00
 0.000E+00 0.000E+00 0.000E+00 0.000E+00
 0.000E+00 0.000E+00 0.000E+00 0.000E+00
      52.134433     1.843522    -1.356625
 6
       4
     2     2     2     2
     0     1     1     1
 1.710E+00 1.625E+00 1.625E+00 1.625E+00
 0.000E+00 0.000E+00 0.000E+00 0.000E+00
 0.000E+00 0.000E+00 0.000E+00 0.000E+00
 0.000E+00 0.000E+00 0.000E+00 0.000E+00
      52.414959     -2.202508    0.656289
 6
       4
     2     2     2     2
     0     1     1     1
 1.710E+00 1.625E+00 1.625E+00 1.625E+00
 0.000E+00 0.000E+00 0.000E+00 0.000E+00
 0.000E+00 0.000E+00 0.000E+00 0.000E+00
 0.000E+00 0.000E+00 0.000E+00 0.000E+00
      53.708091     -0.121247    -0.157760
 6
       4
     2     2     2     2
     0     1     1     1
 1.710E+00 1.625E+00 1.625E+00 1.625E+00
 0.000E+00 0.000E+00 0.000E+00 0.000E+00
 0.000E+00 0.000E+00 0.000E+00 0.000E+00
 0.000E+00 0.000E+00 0.000E+00 0.000E+00
      56.380846     0.170531    -0.083798
 1
       1
     1
     0
 1.300E+00
 0.000E+00
 0.000E+00
 0.000E+00
      -4.472260     2.212459    1.047186
 1
       1
     1
     0
 1.300E+00
 0.000E+00
 0.000E+00
 0.000E+00
      -0.185067     3.204359    1.084916
 1
       1
     1
     0
 1.300E+00
 0.000E+00
 0.000E+00
 0.000E+00
      -6.414486     -2.225751    -0.819837
 1
       1
     1
     0
 1.300E+00
 0.000E+00
 0.000E+00
 0.000E+00
      -2.892692     -5.675098    -1.686286
 1
       1
     1
     0
 1.300E+00
 0.000E+00
 0.000E+00
 0.000E+00
      1.618002     -4.622933    -1.140729
 1
       1
     1
     0
 1.300E+00
 0.000E+00
 0.000E+00
 0.000E+00
      8.585887     4.164852    -0.967137
 1
       1
     1
     0
 1.300E+00
 0.000E+00
 0.000E+00
 0.000E+00
      9.455106     -3.723442    1.009010
 1
       1
     1
     0
 1.300E+00
 0.000E+00
 0.000E+00
 0.000E+00
      13.127112     4.908667    -0.590260
 1
       1
     1
     0
 1.300E+00
 0.000E+00
 0.000E+00
 0.000E+00
      14.097465     -3.258933    1.146958
 1
       1
     1
     0
 1.300E+00
 0.000E+00
 0.000E+00
 0.000E+00
      22.418362     4.652583    -2.170278
 1
       1
     1
     0
 1.300E+00
 0.000E+00
 0.000E+00
 0.000E+00
      27.142495     4.122679    -2.580827
 1
       1
     1
     0
 1.300E+00
 0.000E+00
 0.000E+00
 0.000E+00
      21.989504     -2.058350    2.474468
 1
       1
     1
     0
 1.300E+00
 0.000E+00
 0.000E+00
 0.000E+00
      26.826960     -2.318722    2.624274
 1
       1
     1
     0
 1.300E+00
 0.000E+00
 0.000E+00
 0.000E+00
      35.602392     3.829123    -1.300576
 1
       1
     1
     0
 1.300E+00
 0.000E+00
 0.000E+00
 0.000E+00
      35.357019     -4.075912    0.949013
 1
       1
     1
     0
 1.300E+00
 0.000E+00
 0.000E+00
 0.000E+00
      40.233627     3.633423    -1.212042
 1
       1
     1
     0
 1.300E+00
 0.000E+00
 0.000E+00
 0.000E+00
      40.125189     -4.195604    1.231837
 1
       1
     1
     0
 1.300E+00
 0.000E+00
 0.000E+00
 0.000E+00
      48.443315     3.021904    -2.341741
 1
       1
     1
     0
 1.300E+00
 0.000E+00
 0.000E+00
 0.000E+00
      48.883549     -4.120075    1.778302
 1
       1
     1
     0
 1.300E+00
 0.000E+00
 0.000E+00
 0.000E+00
      53.071974     3.564962    -1.915150
 1
       1
     1
     0
 1.300E+00
 0.000E+00
 0.000E+00
 0.000E+00
      53.608289     -3.885073    1.322417
 1
       1
     1
     0
 1.300E+00
 0.000E+00
 0.000E+00
 0.000E+00
      61.900787     4.255591    -1.340936
 1
       1
     1
     0
 1.300E+00
 0.000E+00
 0.000E+00
 0.000E+00
      61.927617     -3.619260    1.237638
 6
       4
     2     2     2     2
     0     1     1     1
 1.710E+00 1.625E+00 1.625E+00 1.625E+00
 0.000E+00 0.000E+00 0.000E+00 0.000E+00
 0.000E+00 0.000E+00 0.000E+00 0.000E+00
 0.000E+00 0.000E+00 0.000E+00 0.000E+00
      69.731420     0.389835    -0.297959
 1
       1
     1
     0
 1.300E+00
 0.000E+00
 0.000E+00
 0.000E+00
      66.475743     4.363016    -1.643544
 1
       1
     1
     0
 1.300E+00
 0.000E+00
 0.000E+00
 0.000E+00
      66.647778     -3.458450    1.236673
 6
       4
     2     2     2     2
     0     1     1     1
 1.710E+00 1.625E+00 1.625E+00 1.625E+00
 0.000E+00 0.000E+00 0.000E+00 0.000E+00
 0.000E+00 0.000E+00 0.000E+00 0.000E+00
 0.000E+00 0.000E+00 0.000E+00 0.000E+00
      58.615441     0.121320    -0.132243
 6
       4
     2     2     2     2
     0     1     1     1
 1.710E+00 1.625E+00 1.625E+00 1.625E+00
 0.000E+00 0.000E+00 0.000E+00 0.000E+00
 0.000E+00 0.000E+00 0.000E+00 0.000E+00
 0.000E+00 0.000E+00 0.000E+00 0.000E+00
      61.366261     0.388643    -0.232729
 6
       4
     2     2     2     2
     0     1     1     1
 1.710E+00 1.625E+00 1.625E+00 1.625E+00
 0.000E+00 0.000E+00 0.000E+00 0.000E+00
 0.000E+00 0.000E+00 0.000E+00 0.000E+00
 0.000E+00 0.000E+00 0.000E+00 0.000E+00
      63.013975     -1.851973    0.506554
 6
       4
     2     2     2     2
     0     1     1     1
 1.710E+00 1.625E+00 1.625E+00 1.625E+00
 0.000E+00 0.000E+00 0.000E+00 0.000E+00
 0.000E+00 0.000E+00 0.000E+00 0.000E+00
 0.000E+00 0.000E+00 0.000E+00 0.000E+00
      62.761521     2.463566    -0.777972
 6
       4
     2     2     2     2
     0     1     1     1
 1.710E+00 1.625E+00 1.625E+00 1.625E+00
 0.000E+00 0.000E+00 0.000E+00 0.000E+00
 0.000E+00 0.000E+00 0.000E+00 0.000E+00
 0.000E+00 0.000E+00 0.000E+00 0.000E+00
      65.552901     2.520295    -0.883092
 6
       4
     2     2     2     2
     0     1     1     1
 1.710E+00 1.625E+00 1.625E+00 1.625E+00
 0.000E+00 0.000E+00 0.000E+00 0.000E+00
 0.000E+00 0.000E+00 0.000E+00 0.000E+00
 0.000E+00 0.000E+00 0.000E+00 0.000E+00
      65.565183     -1.770700    0.449936
 6
       4
     2     2     2     2
     0     1     1     1
 1.710E+00 1.625E+00 1.625E+00 1.625E+00
 0.000E+00 0.000E+00 0.000E+00 0.000E+00
 0.000E+00 0.000E+00 0.000E+00 0.000E+00
 0.000E+00 0.000E+00 0.000E+00 0.000E+00
      66.965315     0.517127    -0.232822
 6
       4
     2     2     2     2
     0     1     1     1
 1.710E+00 1.625E+00 1.625E+00 1.625E+00
 0.000E+00 0.000E+00 0.000E+00 0.000E+00
 0.000E+00 0.000E+00 0.000E+00 0.000E+00
 0.000E+00 0.000E+00 0.000E+00 0.000E+00
      80.164157     -0.159440    0.641464
 6
       4
     2     2     2     2
     0     1     1     1
 1.710E+00 1.625E+00 1.625E+00 1.625E+00
 0.000E+00 0.000E+00 0.000E+00 0.000E+00
 0.000E+00 0.000E+00 0.000E+00 0.000E+00
 0.000E+00 0.000E+00 0.000E+00 0.000E+00
      78.874413     2.144773    0.123288
 6
       4
     2     2     2     2
     0     1     1     1
 1.710E+00 1.625E+00 1.625E+00 1.625E+00
 0.000E+00 0.000E+00 0.000E+00 0.000E+00
 0.000E+00 0.000E+00 0.000E+00 0.000E+00
 0.000E+00 0.000E+00 0.000E+00 0.000E+00
      78.657431     -2.330319    0.941541
 6
       4
     2     2     2     2
     0     1     1     1
 1.710E+00 1.625E+00 1.625E+00 1.625E+00
 0.000E+00 0.000E+00 0.000E+00 0.000E+00
 0.000E+00 0.000E+00 0.000E+00 0.000E+00
 0.000E+00 0.000E+00 0.000E+00 0.000E+00
      76.268732     2.242368    -0.027713
 6
       4
     2     2     2     2
     0     1     1     1
 1.710E+00 1.625E+00 1.625E+00 1.625E+00
 0.000E+00 0.000E+00 0.000E+00 0.000E+00
 0.000E+00 0.000E+00 0.000E+00 0.000E+00
 0.000E+00 0.000E+00 0.000E+00 0.000E+00
      74.752259     0.023569    0.277030
 6
       4
     2     2     2     2
     0     1     1     1
 1.710E+00 1.625E+00 1.625E+00 1.625E+00
 0.000E+00 0.000E+00 0.000E+00 0.000E+00
 0.000E+00 0.000E+00 0.000E+00 0.000E+00
 0.000E+00 0.000E+00 0.000E+00 0.000E+00
      75.971382     -2.226211    0.773873
 6
       4
     2     2     2     2
     0     1     1     1
 1.710E+00 1.625E+00 1.625E+00 1.625E+00
 0.000E+00 0.000E+00 0.000E+00 0.000E+00
 0.000E+00 0.000E+00 0.000E+00 0.000E+00
 0.000E+00 0.000E+00 0.000E+00 0.000E+00
      82.887560     -0.172761    0.677813
 6
       4
     2     2     2     2
     0     1     1     1
 1.710E+00 1.625E+00 1.625E+00 1.625E+00
 0.000E+00 0.000E+00 0.000E+00 0.000E+00
 0.000E+00 0.000E+00 0.000E+00 0.000E+00
 0.000E+00 0.000E+00 0.000E+00 0.000E+00
      85.120147     -0.102081    0.385646
 6
       4
     2     2     2     2
     0     1     1     1
 1.710E+00 1.625E+00 1.625E+00 1.625E+00
 0.000E+00 0.000E+00 0.000E+00 0.000E+00
 0.000E+00 0.000E+00 0.000E+00 0.000E+00
 0.000E+00 0.000E+00 0.000E+00 0.000E+00
      87.787202     0.056900    -0.045189
 6
       4
     2     2     2     2
     0     1     1     1
 1.710E+00 1.625E+00 1.625E+00 1.625E+00
 0.000E+00 0.000E+00 0.000E+00 0.000E+00
 0.000E+00 0.000E+00 0.000E+00 0.000E+00
 0.000E+00 0.000E+00 0.000E+00 0.000E+00
      89.002487     2.279805    -0.725574
 6
       4
     2     2     2     2
     0     1     1     1
 1.710E+00 1.625E+00 1.625E+00 1.625E+00
 0.000E+00 0.000E+00 0.000E+00 0.000E+00
 0.000E+00 0.000E+00 0.000E+00 0.000E+00
 0.000E+00 0.000E+00 0.000E+00 0.000E+00
      89.274248     -2.086507    0.596029
 6
       4
     2     2     2     2
     0     1     1     1
 1.710E+00 1.625E+00 1.625E+00 1.625E+00
 0.000E+00 0.000E+00 0.000E+00 0.000E+00
 0.000E+00 0.000E+00 0.000E+00 0.000E+00
 0.000E+00 0.000E+00 0.000E+00 0.000E+00
      91.738181     2.309400    -0.868705
 6
       4
     2     2     2     2
     0     1     1     1
 1.710E+00 1.625E+00 1.625E+00 1.625E+00
 0.000E+00 0.000E+00 0.000E+00 0.000E+00
 0.000E+00 0.000E+00 0.000E+00 0.000E+00
 0.000E+00 0.000E+00 0.000E+00 0.000E+00
      91.961395     -1.989851    0.616960
 6
       4
     2     2     2     2
     0     1     1     1
 1.710E+00 1.625E+00 1.625E+00 1.625E+00
 0.000E+00 0.000E+00 0.000E+00 0.000E+00
 0.000E+00 0.000E+00 0.000E+00 0.000E+00
 0.000E+00 0.000E+00 0.000E+00 0.000E+00
      93.233245     0.202836    -0.100286
 6
       4
     2     2     2     2
     0     1     1     1
 1.710E+00 1.625E+00 1.625E+00 1.625E+00
 0.000E+00 0.000E+00 0.000E+00 0.000E+00
 0.000E+00 0.000E+00 0.000E+00 0.000E+00
 0.000E+00 0.000E+00 0.000E+00 0.000E+00
      96.015505     0.311121    -0.202501
 6
       4
     2     2     2     2
     0     1     1     1
 1.710E+00 1.625E+00 1.625E+00 1.625E+00
 0.000E+00 0.000E+00 0.000E+00 0.000E+00
 0.000E+00 0.000E+00 0.000E+00 0.000E+00
 0.000E+00 0.000E+00 0.000E+00 0.000E+00
      98.286040     0.387934    -0.318774
 6
       4
     2     2     2     2
     0     1     1     1
 1.710E+00 1.625E+00 1.625E+00 1.625E+00
 0.000E+00 0.000E+00 0.000E+00 0.000E+00
 0.000E+00 0.000E+00 0.000E+00 0.000E+00
 0.000E+00 0.000E+00 0.000E+00 0.000E+00
      101.034102     0.484465    -0.130384
 6
       4
     2     2     2     2
     0     1     1     1
 1.710E+00 1.625E+00 1.625E+00 1.625E+00
 0.000E+00 0.000E+00 0.000E+00 0.000E+00
 0.000E+00 0.000E+00 0.000E+00 0.000E+00
 0.000E+00 0.000E+00 0.000E+00 0.000E+00
      102.461901     -1.533522    0.764868
 6
       4
     2     2     2     2
     0     1     1     1
 1.710E+00 1.625E+00 1.625E+00 1.625E+00
 0.000E+00 0.000E+00 0.000E+00 0.000E+00
 0.000E+00 0.000E+00 0.000E+00 0.000E+00
 0.000E+00 0.000E+00 0.000E+00 0.000E+00
      102.404036     2.815905    -0.782853
 6
       4
     2     2     2     2
     0     1     1     1
 1.710E+00 1.625E+00 1.625E+00 1.625E+00
 0.000E+00 0.000E+00 0.000E+00 0.000E+00
 0.000E+00 0.000E+00 0.000E+00 0.000E+00
 0.000E+00 0.000E+00 0.000E+00 0.000E+00
      104.953467     3.088305    -0.349972
 6
       4
     2     2     2     2
     0     1     1     1
 1.710E+00 1.625E+00 1.625E+00 1.625E+00
 0.000E+00 0.000E+00 0.000E+00 0.000E+00
 0.000E+00 0.000E+00 0.000E+00 0.000E+00
 0.000E+00 0.000E+00 0.000E+00 0.000E+00
      105.144469     -1.285167    0.968449
 6
       4
     2     2     2     2
     0     1     1     1
 1.710E+00 1.625E+00 1.625E+00 1.625E+00
 0.000E+00 0.000E+00 0.000E+00 0.000E+00
 0.000E+00 0.000E+00 0.000E+00 0.000E+00
 0.000E+00 0.000E+00 0.000E+00 0.000E+00
      106.443919     0.856930    0.328191
 6
       4
     2     2     2     2
     0     1     1     1
 1.710E+00 1.625E+00 1.625E+00 1.625E+00
 0.000E+00 0.000E+00 0.000E+00 0.000E+00
 0.000E+00 0.000E+00 0.000E+00 0.000E+00
 0.000E+00 0.000E+00 0.000E+00 0.000E+00
      109.187436     1.078990    0.215353
 6
       4
     2     2     2     2
     0     1     1     1
 1.710E+00 1.625E+00 1.625E+00 1.625E+00
 0.000E+00 0.000E+00 0.000E+00 0.000E+00
 0.000E+00 0.000E+00 0.000E+00 0.000E+00
 0.000E+00 0.000E+00 0.000E+00 0.000E+00
      111.450795     1.005266    0.122416
 6
       4
     2     2     2     2
     0     1     1     1
 1.710E+00 1.625E+00 1.625E+00 1.625E+00
 0.000E+00 0.000E+00 0.000E+00 0.000E+00
 0.000E+00 0.000E+00 0.000E+00 0.000E+00
 0.000E+00 0.000E+00 0.000E+00 0.000E+00
      114.272951     0.773149    -0.109066
 6
       4
     2     2     2     2
     0     1     1     1
 1.710E+00 1.625E+00 1.625E+00 1.625E+00
 0.000E+00 0.000E+00 0.000E+00 0.000E+00
 0.000E+00 0.000E+00 0.000E+00 0.000E+00
 0.000E+00 0.000E+00 0.000E+00 0.000E+00
      115.552345     -1.505235    -0.778673
 6
       4
     2     2     2     2
     0     1     1     1
 1.710E+00 1.625E+00 1.625E+00 1.625E+00
 0.000E+00 0.000E+00 0.000E+00 0.000E+00
 0.000E+00 0.000E+00 0.000E+00 0.000E+00
 0.000E+00 0.000E+00 0.000E+00 0.000E+00
      115.867555     2.858313    0.365307
 6
       4
     2     2     2     2
     0     1     1     1
 1.710E+00 1.625E+00 1.625E+00 1.625E+00
 0.000E+00 0.000E+00 0.000E+00 0.000E+00
 0.000E+00 0.000E+00 0.000E+00 0.000E+00
 0.000E+00 0.000E+00 0.000E+00 0.000E+00
      118.499068     2.653674    0.493175
 6
       4
     2     2     2     2
     0     1     1     1
 1.710E+00 1.625E+00 1.625E+00 1.625E+00
 0.000E+00 0.000E+00 0.000E+00 0.000E+00
 0.000E+00 0.000E+00 0.000E+00 0.000E+00
 0.000E+00 0.000E+00 0.000E+00 0.000E+00
      118.148656     -1.762483    -0.604943
 6
       4
     2     2     2     2
     0     1     1     1
 1.710E+00 1.625E+00 1.625E+00 1.625E+00
 0.000E+00 0.000E+00 0.000E+00 0.000E+00
 0.000E+00 0.000E+00 0.000E+00 0.000E+00
 0.000E+00 0.000E+00 0.000E+00 0.000E+00
      119.778071     0.391198    0.075406
 6
       4
     2     2     2     2
     0     1     1     1
 1.710E+00 1.625E+00 1.625E+00 1.625E+00
 0.000E+00 0.000E+00 0.000E+00 0.000E+00
 0.000E+00 0.000E+00 0.000E+00 0.000E+00
 0.000E+00 0.000E+00 0.000E+00 0.000E+00
      122.451585     0.170123    0.032311
 6
       4
     2     2     2     2
     0     1     1     1
 1.710E+00 1.625E+00 1.625E+00 1.625E+00
 0.000E+00 0.000E+00 0.000E+00 0.000E+00
 0.000E+00 0.000E+00 0.000E+00 0.000E+00
 0.000E+00 0.000E+00 0.000E+00 0.000E+00
      124.681972     0.164731    -0.107123
 6
       4
     2     2     2     2
     0     1     1     1
 1.710E+00 1.625E+00 1.625E+00 1.625E+00
 0.000E+00 0.000E+00 0.000E+00 0.000E+00
 0.000E+00 0.000E+00 0.000E+00 0.000E+00
 0.000E+00 0.000E+00 0.000E+00 0.000E+00
      127.388271     0.043443    -0.122241
 6
       4
     2     2     2     2
     0     1     1     1
 1.710E+00 1.625E+00 1.625E+00 1.625E+00
 0.000E+00 0.000E+00 0.000E+00 0.000E+00
 0.000E+00 0.000E+00 0.000E+00 0.000E+00
 0.000E+00 0.000E+00 0.000E+00 0.000E+00
      128.675247     -2.241485    -0.859090
 6
       4
     2     2     2     2
     0     1     1     1
 1.710E+00 1.625E+00 1.625E+00 1.625E+00
 0.000E+00 0.000E+00 0.000E+00 0.000E+00
 0.000E+00 0.000E+00 0.000E+00 0.000E+00
 0.000E+00 0.000E+00 0.000E+00 0.000E+00
      128.970953     2.080872    0.668037
 6
       4
     2     2     2     2
     0     1     1     1
 1.710E+00 1.625E+00 1.625E+00 1.625E+00
 0.000E+00 0.000E+00 0.000E+00 0.000E+00
 0.000E+00 0.000E+00 0.000E+00 0.000E+00
 0.000E+00 0.000E+00 0.000E+00 0.000E+00
      131.643022     1.786447    0.858743
 6
       4
     2     2     2     2
     0     1     1     1
 1.710E+00 1.625E+00 1.625E+00 1.625E+00
 0.000E+00 0.000E+00 0.000E+00 0.000E+00
 0.000E+00 0.000E+00 0.000E+00 0.000E+00
 0.000E+00 0.000E+00 0.000E+00 0.000E+00
      131.275646     -2.476573    -0.747443
 6
       4
     2     2     2     2
     0     1     1     1
 1.710E+00 1.625E+00 1.625E+00 1.625E+00
 0.000E+00 0.000E+00 0.000E+00 0.000E+00
 0.000E+00 0.000E+00 0.000E+00 0.000E+00
 0.000E+00 0.000E+00 0.000E+00 0.000E+00
      132.748056     -0.470736    0.111694
 6
       4
     2     2     2     2
     0     1     1     1
 1.710E+00 1.625E+00 1.625E+00 1.625E+00
 0.000E+00 0.000E+00 0.000E+00 0.000E+00
 0.000E+00 0.000E+00 0.000E+00 0.000E+00
 0.000E+00 0.000E+00 0.000E+00 0.000E+00
      135.382220     -0.790444    0.265125
 1
       1
     1
     0
 1.300E+00
 0.000E+00
 0.000E+00
 0.000E+00
      75.306063     4.212364    -0.440008
 1
       1
     1
     0
 1.300E+00
 0.000E+00
 0.000E+00
 0.000E+00
      80.118121     3.781387    -0.231539
 6
       4
     2     2     2     2
     0     1     1     1
 1.710E+00 1.625E+00 1.625E+00 1.625E+00
 0.000E+00 0.000E+00 0.000E+00 0.000E+00
 0.000E+00 0.000E+00 0.000E+00 0.000E+00
 0.000E+00 0.000E+00 0.000E+00 0.000E+00
      72.021547     0.247201    -0.003825
 1
       1
     1
     0
 1.300E+00
 0.000E+00
 0.000E+00
 0.000E+00
      74.846126     -4.069207    1.077614
 1
       1
     1
     0
 1.300E+00
 0.000E+00
 0.000E+00
 0.000E+00
      79.441688     -4.090319    1.457255
 1
       1
     1
     0
 1.300E+00
 0.000E+00
 0.000E+00
 0.000E+00
      87.833750     4.047364    -1.389591
 1
       1
     1
     0
 1.300E+00
 0.000E+00
 0.000E+00
 0.000E+00
      88.198644     -3.892216    0.964339
 1
       1
     1
     0
 1.300E+00
 0.000E+00
 0.000E+00
 0.000E+00
      92.783872     4.019003    -1.636871
 1
       1
     1
     0
 1.300E+00
 0.000E+00
 0.000E+00
 0.000E+00
      93.040020     -3.761690    1.199511
 1
       1
     1
     0
 1.300E+00
 0.000E+00
 0.000E+00
 0.000E+00
      101.099184     4.421460    -1.504725
 1
       1
     1
     0
 1.300E+00
 0.000E+00
 0.000E+00
 0.000E+00
      105.854150     4.926499    -0.684818
 1
       1
     1
     0
 1.300E+00
 0.000E+00
 0.000E+00
 0.000E+00
      101.559204     -3.347914    1.226735
 1
       1
     1
     0
 1.300E+00
 0.000E+00
 0.000E+00
 0.000E+00
      106.176872     -2.982335    1.604786
 1
       1
     1
     0
 1.300E+00
 0.000E+00
 0.000E+00
 0.000E+00
      115.038381     4.781976    0.797294
 1
       1
     1
     0
 1.300E+00
 0.000E+00
 0.000E+00
 0.000E+00
      114.360723     -3.116190    -1.152408
 1
       1
     1
     0
 1.300E+00
 0.000E+00
 0.000E+00
 0.000E+00
      119.557113     4.469680    1.042074
 1
       1
     1
     0
 1.300E+00
 0.000E+00
 0.000E+00
 0.000E+00
      119.030299     -3.572816    -0.872265
 1
       1
     1
     0
 1.300E+00
 0.000E+00
 0.000E+00
 0.000E+00
      127.877246     3.827801    1.364575
 1
       1
     1
     0
 1.300E+00
 0.000E+00
 0.000E+00
 0.000E+00
      127.343453     -3.809189    -1.590983
 1
       1
     1
     0
 1.300E+00
 0.000E+00
 0.000E+00
 0.000E+00
      132.761484     3.456906    1.740689
 1
       1
     1
     0
 1.300E+00
 0.000E+00
 0.000E+00
 0.000E+00
      132.079299     -4.299338    -1.349642
 1
       1
     1
     0
 1.300E+00
 0.000E+00
 0.000E+00
 0.000E+00
      140.854890     1.699457    3.382868
 1
       1
     1
     0
 1.300E+00
 0.000E+00
 0.000E+00
 0.000E+00
      140.632512     -4.659146    -2.102362
 1
       1
     1
     0
 1.300E+00
 0.000E+00
 0.000E+00
 0.000E+00
      148.218487     -1.442587    -0.015887
 1
       1
     1
     0
 1.300E+00
 0.000E+00
 0.000E+00
 0.000E+00
      145.328731     1.746899    2.957002
 1
       1
     1
     0
 1.300E+00
 0.000E+00
 0.000E+00
 0.000E+00
      145.496864     -4.614968    -2.301560
 6
       4
     2     2     2     2
     0     1     1     1
 1.710E+00 1.625E+00 1.625E+00 1.625E+00
 0.000E+00 0.000E+00 0.000E+00 0.000E+00
 0.000E+00 0.000E+00 0.000E+00 0.000E+00
 0.000E+00 0.000E+00 0.000E+00 0.000E+00
      137.646562     -1.099881    0.343486
 6
       4
     2     2     2     2
     0     1     1     1
 1.710E+00 1.625E+00 1.625E+00 1.625E+00
 0.000E+00 0.000E+00 0.000E+00 0.000E+00
 0.000E+00 0.000E+00 0.000E+00 0.000E+00
 0.000E+00 0.000E+00 0.000E+00 0.000E+00
      140.379453     -1.205076    0.410766
 6
       4
     2     2     2     2
     0     1     1     1
 1.710E+00 1.625E+00 1.625E+00 1.625E+00
 0.000E+00 0.000E+00 0.000E+00 0.000E+00
 0.000E+00 0.000E+00 0.000E+00 0.000E+00
 0.000E+00 0.000E+00 0.000E+00 0.000E+00
      141.800057     -3.115102    -1.082626
 6
       4
     2     2     2     2
     0     1     1     1
 1.710E+00 1.625E+00 1.625E+00 1.625E+00
 0.000E+00 0.000E+00 0.000E+00 0.000E+00
 0.000E+00 0.000E+00 0.000E+00 0.000E+00
 0.000E+00 0.000E+00 0.000E+00 0.000E+00
      141.691925     0.367969    1.824701
 6
       4
     2     2     2     2
     0     1     1     1
 1.710E+00 1.625E+00 1.625E+00 1.625E+00
 0.000E+00 0.000E+00 0.000E+00 0.000E+00
 0.000E+00 0.000E+00 0.000E+00 0.000E+00
 0.000E+00 0.000E+00 0.000E+00 0.000E+00
      144.404662     0.459118    1.682041
 6
       4
     2     2     2     2
     0     1     1     1
 1.710E+00 1.625E+00 1.625E+00 1.625E+00
 0.000E+00 0.000E+00 0.000E+00 0.000E+00
 0.000E+00 0.000E+00 0.000E+00 0.000E+00
 0.000E+00 0.000E+00 0.000E+00 0.000E+00
      144.344055     -3.051872    -1.230274
 6
       4
     2     2     2     2
     0     1     1     1
 1.710E+00 1.625E+00 1.625E+00 1.625E+00
 0.000E+00 0.000E+00 0.000E+00 0.000E+00
 0.000E+00 0.000E+00 0.000E+00 0.000E+00
 0.000E+00 0.000E+00 0.000E+00 0.000E+00
      145.765927     -1.250851    0.264439
# LCAO coefficients .. are not included.
         1
        1        0.000361291823771   k=         1
        2        0.000641901368019   k=         1
        3        -0.000928262706134   k=         1
        4        0.014717896825364   k=         1
        5        0.000888254652293   k=         1
        6        0.003837467520691   k=         1
        7        -0.006765274863342   k=         1
        8        0.017351113743567   k=         1
        9        -0.001636907025066   k=         1
        10        -0.002120879416941   k=         1
        11        -0.008309464799103   k=         1
        12        0.013828610353612   k=         1
        13        -0.000212304557698   k=         1
        14        -0.001165334414292   k=         1
        15        0.001769400779343   k=         1
        16        -0.004739765660944   k=         1
        17        -0.000168421412441   k=         1
        18        0.002226656435257   k=         1
        19        0.007335528068918   k=         1
        20        -0.020764147661657   k=         1
        21        0.000596491664873   k=         1
        22        0.000897230143044   k=         1
        23        0.002865065891409   k=         1
        24        -0.005748735255550   k=         1
        25        -0.001078008840533   k=         1
        26        -0.000473224702059   k=         1
        27        -0.008158257929259   k=         1
        28        -0.032478612378017   k=         1
        29        0.000807803827300   k=         1
        30        -0.000038133612837   k=         1
        31        -0.002189595369092   k=         1
        32        -0.020015295316130   k=         1
        33        -0.000257203541727   k=         1
        34        -0.003054750680989   k=         1
        35        0.009875756875737   k=         1
        36        0.035181328304543   k=         1
        37        -0.000119674566004   k=         1
        38        -0.001605949116649   k=         1
        39        0.004454292122452   k=         1
        40        0.020207598341629   k=         1
        41        0.000418018354189   k=         1
        42        -0.002281492380282   k=         1
        43        0.005047842802074   k=         1
        44        0.020080419386150   k=         1
        45        -0.000168916422499   k=         1
        46        0.001686497132864   k=         1
        47        -0.003408852241278   k=         1
        48        -0.024674737658341   k=         1
        49        0.000574002661780   k=         1
        50        0.002393344996711   k=         1
        51        -0.002190956292575   k=         1
        52        -0.022110056679486   k=         1
        53        -0.000281297714218   k=         1
        54        0.003595792602425   k=         1
        55        -0.010072801866766   k=         1
        56        -0.033902863574671   k=         1
        57        0.000294494828905   k=         1
        58        -0.001727152488316   k=         1
        59        0.012284623732895   k=         1
        60        0.025667027943721   k=         1
        61        0.000186843940748   k=         1
        62        0.002027066309368   k=         1
        63        0.010909512698541   k=         1
        64        0.030719992892413   k=         1
        65        0.000371309122539   k=         1
        66        -0.002270856894173   k=         1
        67        -0.013549988184759   k=         1
        68        -0.023741312465203   k=         1
        69        -0.000815516613350   k=         1
        70        0.001243665900919   k=         1
        71        -0.015413024317986   k=         1
        72        -0.018819130762199   k=         1
        73        0.000630552354312   k=         1
        74        -0.002640830794746   k=         1
        75        -0.012600279385825   k=         1
        76        -0.014705272106363   k=         1
        77        -0.000974406437822   k=         1
        78        0.001625105150292   k=         1
        79        0.014936316219377   k=         1
        80        0.015332023844298   k=         1
        81        0.001052753629531   k=         1
        82        0.000954304662247   k=         1
        83        0.012692685954758   k=         1
        84        0.012640245017172   k=         1
        85        0.000107949688132   k=         1
        86        0.004337234354993   k=         1
        87        0.015698594925705   k=         1
        88        0.022864801750841   k=         1
        89        0.001795322579640   k=         1
        90        -0.002590412110594   k=         1
        91        -0.011082324809054   k=         1
        92        -0.028823702092871   k=         1
        93        -0.001150475873014   k=         1
        94        -0.000285772197343   k=         1
        95        -0.012841866547365   k=         1
        96        -0.021410742001411   k=         1
        97        0.000273963044129   k=         1
        98        -0.000430548020720   k=         1
        99        0.012173271343876   k=         1
        100        0.036430503309571   k=         1
        101        -0.000993032778522   k=         1
        102        -0.001493870537511   k=         1
        103        0.002908098205612   k=         1
        104        0.019209238057376   k=         1
        105        0.000698283309141   k=         1
        106        -0.001815380799748   k=         1
        107        0.005268509151492   k=         1
        108        0.021299218144674   k=         1
        109        -0.000903482876217   k=         1
        110        -0.000930791721987   k=         1
        111        -0.007424200847581   k=         1
        112        -0.030588044455607   k=         1
        113        0.000751267210193   k=         1
        114        0.002904252872235   k=         1
        115        -0.004424464704606   k=         1
        116        -0.024012346976776   k=         1
        117        0.000247898496124   k=         1
        118        -0.003716769486771   k=         1
        119        -0.012708897294434   k=         1
        120        -0.031680969570167   k=         1
        121        -0.000178974607074   k=         1
        122        0.004647147571098   k=         1
        123        0.020486898064612   k=         1
        124        0.034108019782895   k=         1
        125        -0.000193319852332   k=         1
        126        0.001107255307906   k=         1
        127        0.015053534816675   k=         1
        128        0.031889999637579   k=         1
        129        0.000975888236508   k=         1
        130        0.000743860050960   k=         1
        131        -0.023928698804902   k=         1
        132        -0.036311701981114   k=         1
        133        -0.001605331931722   k=         1
        134        -0.001435475337538   k=         1
        135        -0.016811289165204   k=         1
        136        -0.027649444482224   k=         1
        137        0.000701343417749   k=         1
        138        0.002589274345790   k=         1
        139        -0.011574401855926   k=         1
        140        -0.021251484362248   k=         1
        141        -0.000443856668857   k=         1
        142        -0.004428416992968   k=         1
        143        0.009671715053481   k=         1
        144        0.020891764465708   k=         1
        145        -0.000213361470363   k=         1
        146        0.002055385828530   k=         1
        147        0.013748352319588   k=         1
        148        0.033482631906155   k=         1
        149        0.000907662590802   k=         1
        150        -0.005355346164421   k=         1
        151        0.017769397308826   k=         1
        152        0.038608422290340   k=         1
        153        -0.001652098423937   k=         1
        154        0.001751322047322   k=         1
        155        -0.011136648169678   k=         1
        156        -0.038269145575149   k=         1
        157        0.001393500655973   k=         1
        158        -0.000751207455966   k=         1
        159        -0.000293960557922   k=         1
        160        -0.001257000876003   k=         1
        161        0.000642455880817   k=         1
        162        -0.000962449884948   k=         1
        163        0.001173614220741   k=         1
        164        0.000647431732916   k=         1
        165        -0.000627266946492   k=         1
        166        -0.001397554938376   k=         1
        167        0.000908583187817   k=         1
        168        0.001100564211037   k=         1
        169        -0.001487542926023   k=         1
        170        -0.000953427269165   k=         1
        171        0.001826197168021   k=         1
        172        0.001779866924734   k=         1
        173        -0.000724440799368   k=         1
        174        -0.000018857548577   k=         1
        175        -0.000647748858425   k=         1
        176        0.000168564311750   k=         1
        177        0.000910985830952   k=         1
        178        0.001555204583564   k=         1
        179        -0.002189074588111   k=         1
        180        -0.002408451280663   k=         1
        181        -0.001897868566405   k=         1
        182        0.009831236360527   k=         1
        183        0.057559517911069   k=         1
        184        -0.001135442104129   k=         1
        185        0.001695746234844   k=         1
        186        0.001177410034599   k=         1
        187        -0.001731073350863   k=         1
        188        -0.014249954804540   k=         1
        189        -0.036270184785795   k=         1
        190        -0.001130318304171   k=         1
        191        0.000931403472491   k=         1
        192        0.011784641088317   k=         1
        193        0.047297938895914   k=         1
        194        -0.000159605016815   k=         1
        195        0.000117569063809   k=         1
        196        0.009434625641665   k=         1
        197        0.022473180930047   k=         1
        198        0.000637231564819   k=         1
        199        -0.000531112628139   k=         1
        200        0.009822772974045   k=         1
        201        0.032977745305074   k=         1
        202        0.000389505192857   k=         1
        203        0.000167793008571   k=         1
        204        -0.017986841589872   k=         1
        205        -0.042114984920158   k=         1
        206        -0.000448246005789   k=         1
        207        -0.000778553604353   k=         1
        208        -0.011457617679173   k=         1
        209        -0.020832096767260   k=         1
        210        -0.001008195889258   k=         1
        211        -0.001340134311010   k=         1
        212        -0.009818422864446   k=         1
        213        -0.043086590680983   k=         1
        214        -0.000092850294606   k=         1
        215        -0.005609074016513   k=         1
        216        0.010709234844266   k=         1
        217        0.062023125702233   k=         1
        218        -0.000291676373265   k=         1
        219        -0.000143765635548   k=         1
        220        0.010751898700855   k=         1
        221        0.043139934899733   k=         1
        222        -0.001492528618164   k=         1
        223        -0.003102497459647   k=         1
        224        0.012072369031025   k=         1
        225        0.055215679673017   k=         1
        226        -0.000053322094705   k=         1
        227        -0.000177449309574   k=         1
        228        -0.007564944688619   k=         1
        229        -0.036246402623396   k=         1
        230        -0.000572442372050   k=         1
        231        0.008482769948615   k=         1
        232        -0.011262826629264   k=         1
        233        -0.067527211250416   k=         1
        234        0.000376749469402   k=         1
        235        0.000816079881687   k=         1
        236        -0.006730685022438   k=         1
        237        -0.037700435128123   k=         1
        238        -0.002311121132915   k=         1
        239        -0.001710618525105   k=         1
        240        -0.016299065213892   k=         1
        241        -0.071717548962381   k=         1
        242        -0.001254584300931   k=         1
        243        -0.015534191035554   k=         1
        244        -0.012436746639617   k=         1
        245        -0.059535055450822   k=         1
        246        -0.003411239174110   k=         1
        247        0.014083670131468   k=         1
        248        0.021635783415523   k=         1
        249        0.079792910445139   k=         1
        250        0.001588985696235   k=         1
        251        -0.001846858124447   k=         1
        252        0.013723518313640   k=         1
        253        0.043675906436783   k=         1
        254        0.001685149265734   k=         1
        255        -0.009381541243224   k=         1
        256        0.017837026009658   k=         1
        257        0.054307537514385   k=         1
        258        -0.001041805978329   k=         1
        259        0.000951526185203   k=         1
        260        -0.027743507233842   k=         1
        261        -0.065236611714022   k=         1
        262        -0.001744342036418   k=         1
        263        0.007990607962162   k=         1
        264        -0.015342748535086   k=         1
        265        -0.049684516603459   k=         1
        266        -0.000437694337343   k=         1
        267        -0.003316441799043   k=         1
        268        -0.026693858526300   k=         1
        269        -0.074060196796333   k=         1
        270        0.000194648012356   k=         1
        271        0.007174678077849   k=         1
        272        0.034257570877472   k=         1
        273        0.088200592193728   k=         1
        274        -0.000317157503254   k=         1
        275        0.001088094420047   k=         1
        276        0.027135551713226   k=         1
        277        0.071900129567907   k=         1
        278        -0.000538419382397   k=         1
        279        0.010328109944074   k=         1
        280        -0.039834020987988   k=         1
        281        -0.107316529164911   k=         1
        282        -0.000793748465966   k=         1
        283        0.011514306243240   k=         1
        284        -0.025429210461449   k=         1
        285        -0.071202524983375   k=         1
        286        0.003216711328736   k=         1
        287        0.018725862319210   k=         1
        288        -0.015708155196071   k=         1
        289        -0.051712055950642   k=         1
        290        -0.002820699701063   k=         1
        291        -0.025596701692785   k=         1
        292        0.025619887692986   k=         1
        293        0.057334133309143   k=         1
        294        0.004290084722579   k=         1
        295        -0.004948328825037   k=         1
        296        0.035099322120790   k=         1
        297        0.078767061069766   k=         1
        298        -0.002728879565856   k=         1
        299        0.002647487903761   k=         1
        300        0.020383129332002   k=         1
        301        0.106199613776824   k=         1
        302        0.006234248482443   k=         1
        303        -0.009453905741859   k=         1
        304        0.017409760660623   k=         1
        305        -0.112236130534040   k=         1
        306        -0.006643331986720   k=         1
        307        -0.014194336159525   k=         1
        308        -0.006472233959893   k=         1
        309        -0.100802006714967   k=         1
        310        0.003259765957786   k=         1
        311        0.012783227116034   k=         1
        312        -0.035919456623380   k=         1
        313        0.146032178421958   k=         1
        314        -0.004780791411286   k=         1
        315        -0.007069454527468   k=         1
        316        -0.019736237301786   k=         1
        317        0.064041319941942   k=         1
        318        0.000051444723884   k=         1
        319        -0.016418790251992   k=         1
        320        -0.025088276241443   k=         1
        321        0.090623038930693   k=         1
        322        0.000222095954111   k=         1
        323        0.018931465920617   k=         1
        324        0.018829929156919   k=         1
        325        -0.095672777631584   k=         1
        326        0.000717442442041   k=         1
        327        0.018554408923702   k=         1
        328        0.024194592441737   k=         1
        329        -0.101743920198827   k=         1
        330        -0.002340144537485   k=         1
        331        0.001858721195733   k=         1
        332        0.034972406865816   k=         1
        333        -0.137338106822752   k=         1
        334        -0.000017156706172   k=         1
        335        0.009771251348545   k=         1
        336        -0.034504901572431   k=         1
        337        0.118724341336085   k=         1
        338        -0.001373702220255   k=         1
        339        0.007827272745729   k=         1
        340        -0.033889078620010   k=         1
        341        0.126545636006418   k=         1
        342        -0.000613448275065   k=         1
        343        0.000369012738450   k=         1
        344        0.036878043089357   k=         1
        345        -0.125737210585003   k=         1
        346        0.000153204612904   k=         1
        347        0.006960511265481   k=         1
        348        0.037468857478962   k=         1
        349        -0.090469967710643   k=         1
        350        0.001222478651974   k=         1
        351        0.013756293537376   k=         1
        352        0.044082550793156   k=         1
        353        -0.094511440565798   k=         1
        354        -0.000109807930662   k=         1
        355        -0.013370060690707   k=         1
        356        -0.029380646633879   k=         1
        357        0.070308604424246   k=         1
        358        0.000392650889239   k=         1
        359        -0.006348516868205   k=         1
        360        -0.023829800224126   k=         1
        361        0.063148690143845   k=         1
        362        -0.000272645559823   k=         1
        363        -0.011659747254302   k=         1
        364        -0.045549024354975   k=         1
        365        0.128337114345568   k=         1
        366        0.000354001613535   k=         1
        367        0.005896766980028   k=         1
        368        0.031812231670525   k=         1
        369        -0.066316434677896   k=         1
        370        -0.000165022771434   k=         1
        371        0.001375654822417   k=         1
        372        0.000529796191875   k=         1
        373        -0.007315069529303   k=         1
        374        0.009828751097542   k=         1
        375        0.043896006852235   k=         1
        376        0.001240950051986   k=         1
        377        0.000291048491456   k=         1
        378        0.003582221798309   k=         1
        379        0.002090888781612   k=         1
        380        0.000940577445560   k=         1
        381        0.002625785906931   k=         1
        382        -0.006384866553062   k=         1
        383        -0.001996108384515   k=         1
        384        0.001547004726100   k=         1
        385        -0.006748272837184   k=         1
        386        0.006269054524212   k=         1
        387        0.005749776244087   k=         1
        388        0.003631527043133   k=         1
        389        0.000684946738036   k=         1
        390        0.000610690661322   k=         1
        391        -0.003677920161905   k=         1
        392        -0.004073177354201   k=         1
        393        0.001625557020805   k=         1
        394        -0.005620389464977   k=         1
        395        0.001374801258582   k=         1
        396        0.003369775989893   k=         1
        397        0.002905627694995   k=         1
        398        -0.006860577139582   k=         1
        399        0.001020944862000   k=         1
        400        0.011479260938196   k=         1
        401        0.043519275856544   k=         1
        402        -0.111999961381160   k=         1
        403        -0.000461414839758   k=         1
        404        -0.005234659309665   k=         1
        405        -0.026521581220213   k=         1
        406        0.046109083919618   k=         1
        407        -0.004384842287980   k=         1
        408        0.013675346998051   k=         1
        409        -0.042602344291290   k=         1
        410        0.036576964280374   k=         1
        411        0.002059337253415   k=         1
        412        0.003385635663443   k=         1
        413        -0.057174369302896   k=         1
        414        0.046445559979922   k=         1
        415        0.001108218990105   k=         1
        416        -0.002868939787116   k=         1
        417        0.017816773579151   k=         1
        418        -0.016711202651612   k=         1
        419        0.002247275096747   k=         1
        420        -0.004104900422402   k=         1
        421        0.009771821248762   k=         1
        422        -0.010636853337961   k=         1
        423        -0.002093593273846   k=         1
        424        -0.000281997608063   k=         1
        425        0.047090866553620   k=         1
        426        -0.061553736303995   k=         1
