# file_format= v0.04.05
       144       426
    188.97268778      0.00000000      0.00000000    0
      0.00000000    188.97268778      0.00000000    0
      0.00000000      0.00000000    188.97268778    0
 6
       4
     2     2     2     2
     0     1     1     1
 1.710E+00 1.625E+00 1.625E+00 1.625E+00
 0.000E+00 0.000E+00 0.000E+00 0.000E+00
 0.000E+00 0.000E+00 0.000E+00 0.000E+00
 0.000E+00 0.000E+00 0.000E+00 0.000E+00
      1.195596     -0.923407    -0.057707
 6
       4
     2     2     2     2
     0     1     1     1
 1.710E+00 1.625E+00 1.625E+00 1.625E+00
 0.000E+00 0.000E+00 0.000E+00 0.000E+00
 0.000E+00 0.000E+00 0.000E+00 0.000E+00
 0.000E+00 0.000E+00 0.000E+00 0.000E+00
      -0.739665     1.089718    0.607010
 6
       4
     2     2     2     2
     0     1     1     1
 1.710E+00 1.625E+00 1.625E+00 1.625E+00
 0.000E+00 0.000E+00 0.000E+00 0.000E+00
 0.000E+00 0.000E+00 0.000E+00 0.000E+00
 0.000E+00 0.000E+00 0.000E+00 0.000E+00
      0.314549     -3.273204    -0.683928
 6
       4
     2     2     2     2
     0     1     1     1
 1.710E+00 1.625E+00 1.625E+00 1.625E+00
 0.000E+00 0.000E+00 0.000E+00 0.000E+00
 0.000E+00 0.000E+00 0.000E+00 0.000E+00
 0.000E+00 0.000E+00 0.000E+00 0.000E+00
      -3.184373     0.509274    0.314677
 6
       4
     2     2     2     2
     0     1     1     1
 1.710E+00 1.625E+00 1.625E+00 1.625E+00
 0.000E+00 0.000E+00 0.000E+00 0.000E+00
 0.000E+00 0.000E+00 0.000E+00 0.000E+00
 0.000E+00 0.000E+00 0.000E+00 0.000E+00
      -3.947451     -1.848269    -0.415505
 6
       4
     2     2     2     2
     0     1     1     1
 1.710E+00 1.625E+00 1.625E+00 1.625E+00
 0.000E+00 0.000E+00 0.000E+00 0.000E+00
 0.000E+00 0.000E+00 0.000E+00 0.000E+00
 0.000E+00 0.000E+00 0.000E+00 0.000E+00
      -2.165607     -3.777625    -0.936839
 6
       4
     2     2     2     2
     0     1     1     1
 1.710E+00 1.625E+00 1.625E+00 1.625E+00
 0.000E+00 0.000E+00 0.000E+00 0.000E+00
 0.000E+00 0.000E+00 0.000E+00 0.000E+00
 0.000E+00 0.000E+00 0.000E+00 0.000E+00
      3.933814     -0.275205    -0.062658
 6
       4
     2     2     2     2
     0     1     1     1
 1.710E+00 1.625E+00 1.625E+00 1.625E+00
 0.000E+00 0.000E+00 0.000E+00 0.000E+00
 0.000E+00 0.000E+00 0.000E+00 0.000E+00
 0.000E+00 0.000E+00 0.000E+00 0.000E+00
      6.136517     -0.316762    -0.175123
 6
       4
     2     2     2     2
     0     1     1     1
 1.710E+00 1.625E+00 1.625E+00 1.625E+00
 0.000E+00 0.000E+00 0.000E+00 0.000E+00
 0.000E+00 0.000E+00 0.000E+00 0.000E+00
 0.000E+00 0.000E+00 0.000E+00 0.000E+00
      8.921621     0.118378    -0.088997
 6
       4
     2     2     2     2
     0     1     1     1
 1.710E+00 1.625E+00 1.625E+00 1.625E+00
 0.000E+00 0.000E+00 0.000E+00 0.000E+00
 0.000E+00 0.000E+00 0.000E+00 0.000E+00
 0.000E+00 0.000E+00 0.000E+00 0.000E+00
      9.939040     2.612174    -0.383363
 6
       4
     2     2     2     2
     0     1     1     1
 1.710E+00 1.625E+00 1.625E+00 1.625E+00
 0.000E+00 0.000E+00 0.000E+00 0.000E+00
 0.000E+00 0.000E+00 0.000E+00 0.000E+00
 0.000E+00 0.000E+00 0.000E+00 0.000E+00
      10.530589     -1.962853    0.521759
 6
       4
     2     2     2     2
     0     1     1     1
 1.710E+00 1.625E+00 1.625E+00 1.625E+00
 0.000E+00 0.000E+00 0.000E+00 0.000E+00
 0.000E+00 0.000E+00 0.000E+00 0.000E+00
 0.000E+00 0.000E+00 0.000E+00 0.000E+00
      12.575777     2.984501    -0.090085
 6
       4
     2     2     2     2
     0     1     1     1
 1.710E+00 1.625E+00 1.625E+00 1.625E+00
 0.000E+00 0.000E+00 0.000E+00 0.000E+00
 0.000E+00 0.000E+00 0.000E+00 0.000E+00
 0.000E+00 0.000E+00 0.000E+00 0.000E+00
      13.106108     -1.608612    0.788751
 6
       4
     2     2     2     2
     0     1     1     1
 1.710E+00 1.625E+00 1.625E+00 1.625E+00
 0.000E+00 0.000E+00 0.000E+00 0.000E+00
 0.000E+00 0.000E+00 0.000E+00 0.000E+00
 0.000E+00 0.000E+00 0.000E+00 0.000E+00
      14.099293     0.812187    0.303573
 6
       4
     2     2     2     2
     0     1     1     1
 1.710E+00 1.625E+00 1.625E+00 1.625E+00
 0.000E+00 0.000E+00 0.000E+00 0.000E+00
 0.000E+00 0.000E+00 0.000E+00 0.000E+00
 0.000E+00 0.000E+00 0.000E+00 0.000E+00
      16.922829     1.105151    0.193788
 6
       4
     2     2     2     2
     0     1     1     1
 1.710E+00 1.625E+00 1.625E+00 1.625E+00
 0.000E+00 0.000E+00 0.000E+00 0.000E+00
 0.000E+00 0.000E+00 0.000E+00 0.000E+00
 0.000E+00 0.000E+00 0.000E+00 0.000E+00
      19.113439     1.182237    0.251906
 6
       4
     2     2     2     2
     0     1     1     1
 1.710E+00 1.625E+00 1.625E+00 1.625E+00
 0.000E+00 0.000E+00 0.000E+00 0.000E+00
 0.000E+00 0.000E+00 0.000E+00 0.000E+00
 0.000E+00 0.000E+00 0.000E+00 0.000E+00
      21.917766     1.311557    0.263709
 6
       4
     2     2     2     2
     0     1     1     1
 1.710E+00 1.625E+00 1.625E+00 1.625E+00
 0.000E+00 0.000E+00 0.000E+00 0.000E+00
 0.000E+00 0.000E+00 0.000E+00 0.000E+00
 0.000E+00 0.000E+00 0.000E+00 0.000E+00
      23.155321     -0.668678    1.563013
 6
       4
     2     2     2     2
     0     1     1     1
 1.710E+00 1.625E+00 1.625E+00 1.625E+00
 0.000E+00 0.000E+00 0.000E+00 0.000E+00
 0.000E+00 0.000E+00 0.000E+00 0.000E+00
 0.000E+00 0.000E+00 0.000E+00 0.000E+00
      23.337407     3.195238    -0.996598
 6
       4
     2     2     2     2
     0     1     1     1
 1.710E+00 1.625E+00 1.625E+00 1.625E+00
 0.000E+00 0.000E+00 0.000E+00 0.000E+00
 0.000E+00 0.000E+00 0.000E+00 0.000E+00
 0.000E+00 0.000E+00 0.000E+00 0.000E+00
      26.024475     2.894901    -1.268883
 6
       4
     2     2     2     2
     0     1     1     1
 1.710E+00 1.625E+00 1.625E+00 1.625E+00
 0.000E+00 0.000E+00 0.000E+00 0.000E+00
 0.000E+00 0.000E+00 0.000E+00 0.000E+00
 0.000E+00 0.000E+00 0.000E+00 0.000E+00
      25.807600     -0.877247    1.448700
 6
       4
     2     2     2     2
     0     1     1     1
 1.710E+00 1.625E+00 1.625E+00 1.625E+00
 0.000E+00 0.000E+00 0.000E+00 0.000E+00
 0.000E+00 0.000E+00 0.000E+00 0.000E+00
 0.000E+00 0.000E+00 0.000E+00 0.000E+00
      27.244070     0.788751    -0.107930
 6
       4
     2     2     2     2
     0     1     1     1
 1.710E+00 1.625E+00 1.625E+00 1.625E+00
 0.000E+00 0.000E+00 0.000E+00 0.000E+00
 0.000E+00 0.000E+00 0.000E+00 0.000E+00
 0.000E+00 0.000E+00 0.000E+00 0.000E+00
      30.081187     0.509750    -0.175854
 6
       4
     2     2     2     2
     0     1     1     1
 1.710E+00 1.625E+00 1.625E+00 1.625E+00
 0.000E+00 0.000E+00 0.000E+00 0.000E+00
 0.000E+00 0.000E+00 0.000E+00 0.000E+00
 0.000E+00 0.000E+00 0.000E+00 0.000E+00
      32.241600     0.165153    -0.103820
 6
       4
     2     2     2     2
     0     1     1     1
 1.710E+00 1.625E+00 1.625E+00 1.625E+00
 0.000E+00 0.000E+00 0.000E+00 0.000E+00
 0.000E+00 0.000E+00 0.000E+00 0.000E+00
 0.000E+00 0.000E+00 0.000E+00 0.000E+00
      35.195213     -0.086854    -0.192401
 6
       4
     2     2     2     2
     0     1     1     1
 1.710E+00 1.625E+00 1.625E+00 1.625E+00
 0.000E+00 0.000E+00 0.000E+00 0.000E+00
 0.000E+00 0.000E+00 0.000E+00 0.000E+00
 0.000E+00 0.000E+00 0.000E+00 0.000E+00
      36.332269     -2.322575    0.511592
 6
       4
     2     2     2     2
     0     1     1     1
 1.710E+00 1.625E+00 1.625E+00 1.625E+00
 0.000E+00 0.000E+00 0.000E+00 0.000E+00
 0.000E+00 0.000E+00 0.000E+00 0.000E+00
 0.000E+00 0.000E+00 0.000E+00 0.000E+00
      36.727150     2.097853    -0.876319
 6
       4
     2     2     2     2
     0     1     1     1
 1.710E+00 1.625E+00 1.625E+00 1.625E+00
 0.000E+00 0.000E+00 0.000E+00 0.000E+00
 0.000E+00 0.000E+00 0.000E+00 0.000E+00
 0.000E+00 0.000E+00 0.000E+00 0.000E+00
      39.379308     1.914372    -0.918375
 6
       4
     2     2     2     2
     0     1     1     1
 1.710E+00 1.625E+00 1.625E+00 1.625E+00
 0.000E+00 0.000E+00 0.000E+00 0.000E+00
 0.000E+00 0.000E+00 0.000E+00 0.000E+00
 0.000E+00 0.000E+00 0.000E+00 0.000E+00
      38.986858     -2.436569    0.581072
 6
       4
     2     2     2     2
     0     1     1     1
 1.710E+00 1.625E+00 1.625E+00 1.625E+00
 0.000E+00 0.000E+00 0.000E+00 0.000E+00
 0.000E+00 0.000E+00 0.000E+00 0.000E+00
 0.000E+00 0.000E+00 0.000E+00 0.000E+00
      40.512632     -0.428582    -0.082904
 6
       4
     2     2     2     2
     0     1     1     1
 1.710E+00 1.625E+00 1.625E+00 1.625E+00
 0.000E+00 0.000E+00 0.000E+00 0.000E+00
 0.000E+00 0.000E+00 0.000E+00 0.000E+00
 0.000E+00 0.000E+00 0.000E+00 0.000E+00
      43.371417     -0.622173    0.012072
 6
       4
     2     2     2     2
     0     1     1     1
 1.710E+00 1.625E+00 1.625E+00 1.625E+00
 0.000E+00 0.000E+00 0.000E+00 0.000E+00
 0.000E+00 0.000E+00 0.000E+00 0.000E+00
 0.000E+00 0.000E+00 0.000E+00 0.000E+00
      45.555418     -0.410305    -0.091043
 6
       4
     2     2     2     2
     0     1     1     1
 1.710E+00 1.625E+00 1.625E+00 1.625E+00
 0.000E+00 0.000E+00 0.000E+00 0.000E+00
 0.000E+00 0.000E+00 0.000E+00 0.000E+00
 0.000E+00 0.000E+00 0.000E+00 0.000E+00
      48.311434     -0.376284    -0.360320
 6
       4
     2     2     2     2
     0     1     1     1
 1.710E+00 1.625E+00 1.625E+00 1.625E+00
 0.000E+00 0.000E+00 0.000E+00 0.000E+00
 0.000E+00 0.000E+00 0.000E+00 0.000E+00
 0.000E+00 0.000E+00 0.000E+00 0.000E+00
      49.841748     -2.466143    0.692970
 6
       4
     2     2     2     2
     0     1     1     1
 1.710E+00 1.625E+00 1.625E+00 1.625E+00
 0.000E+00 0.000E+00 0.000E+00 0.000E+00
 0.000E+00 0.000E+00 0.000E+00 0.000E+00
 0.000E+00 0.000E+00 0.000E+00 0.000E+00
      49.510904     1.556356    -1.557697
 6
       4
     2     2     2     2
     0     1     1     1
 1.710E+00 1.625E+00 1.625E+00 1.625E+00
 0.000E+00 0.000E+00 0.000E+00 0.000E+00
 0.000E+00 0.000E+00 0.000E+00 0.000E+00
 0.000E+00 0.000E+00 0.000E+00 0.000E+00
      52.219295     1.821649    -1.453252
 6
       4
     2     2     2     2
     0     1     1     1
 1.710E+00 1.625E+00 1.625E+00 1.625E+00
 0.000E+00 0.000E+00 0.000E+00 0.000E+00
 0.000E+00 0.000E+00 0.000E+00 0.000E+00
 0.000E+00 0.000E+00 0.000E+00 0.000E+00
      52.401996     -2.414597    0.676968
 6
       4
     2     2     2     2
     0     1     1     1
 1.710E+00 1.625E+00 1.625E+00 1.625E+00
 0.000E+00 0.000E+00 0.000E+00 0.000E+00
 0.000E+00 0.000E+00 0.000E+00 0.000E+00
 0.000E+00 0.000E+00 0.000E+00 0.000E+00
      53.698569     -0.204483    -0.424878
 6
       4
     2     2     2     2
     0     1     1     1
 1.710E+00 1.625E+00 1.625E+00 1.625E+00
 0.000E+00 0.000E+00 0.000E+00 0.000E+00
 0.000E+00 0.000E+00 0.000E+00 0.000E+00
 0.000E+00 0.000E+00 0.000E+00 0.000E+00
      56.479314     -0.043241    -0.253516
 1
       1
     1
     0
 1.300E+00
 0.000E+00
 0.000E+00
 0.000E+00
      -4.799554     1.972118    0.743250
 1
       1
     1
     0
 1.300E+00
 0.000E+00
 0.000E+00
 0.000E+00
      0.171024     3.018735    1.187464
 1
       1
     1
     0
 1.300E+00
 0.000E+00
 0.000E+00
 0.000E+00
      -5.851263     -2.475259    -0.687248
 1
       1
     1
     0
 1.300E+00
 0.000E+00
 0.000E+00
 0.000E+00
      -2.936872     -5.728120    -1.538505
 1
       1
     1
     0
 1.300E+00
 0.000E+00
 0.000E+00
 0.000E+00
      1.726316     -4.781993    -1.120071
 1
       1
     1
     0
 1.300E+00
 0.000E+00
 0.000E+00
 0.000E+00
      8.717948     4.204657    -0.896560
 1
       1
     1
     0
 1.300E+00
 0.000E+00
 0.000E+00
 0.000E+00
      9.595721     -3.916397    0.900908
 1
       1
     1
     0
 1.300E+00
 0.000E+00
 0.000E+00
 0.000E+00
      13.326094     4.943223    -0.343768
 1
       1
     1
     0
 1.300E+00
 0.000E+00
 0.000E+00
 0.000E+00
      14.395676     -3.302128    1.339750
 1
       1
     1
     0
 1.300E+00
 0.000E+00
 0.000E+00
 0.000E+00
      22.390747     4.915833    -1.790504
 1
       1
     1
     0
 1.300E+00
 0.000E+00
 0.000E+00
 0.000E+00
      27.198365     4.409645    -2.419104
 1
       1
     1
     0
 1.300E+00
 0.000E+00
 0.000E+00
 0.000E+00
      21.925786     -2.036864    2.715971
 1
       1
     1
     0
 1.300E+00
 0.000E+00
 0.000E+00
 0.000E+00
      26.840521     -2.391444    2.588212
 1
       1
     1
     0
 1.300E+00
 0.000E+00
 0.000E+00
 0.000E+00
      35.693932     4.006144    -1.244199
 1
       1
     1
     0
 1.300E+00
 0.000E+00
 0.000E+00
 0.000E+00
      35.105162     -3.980770    1.080674
 1
       1
     1
     0
 1.300E+00
 0.000E+00
 0.000E+00
 0.000E+00
      40.583595     3.506390    -1.457963
 1
       1
     1
     0
 1.300E+00
 0.000E+00
 0.000E+00
 0.000E+00
      39.942010     -4.138798    1.361827
 1
       1
     1
     0
 1.300E+00
 0.000E+00
 0.000E+00
 0.000E+00
      48.369969     2.958636    -2.588781
 1
       1
     1
     0
 1.300E+00
 0.000E+00
 0.000E+00
 0.000E+00
      48.758419     -4.011541    1.573484
 1
       1
     1
     0
 1.300E+00
 0.000E+00
 0.000E+00
 0.000E+00
      53.221676     3.381075    -2.187297
 1
       1
     1
     0
 1.300E+00
 0.000E+00
 0.000E+00
 0.000E+00
      53.663601     -3.908379    1.619106
 1
       1
     1
     0
 1.300E+00
 0.000E+00
 0.000E+00
 0.000E+00
      61.632381     4.261366    -1.201282
 1
       1
     1
     0
 1.300E+00
 0.000E+00
 0.000E+00
 0.000E+00
      62.007329     -3.595616    0.958407
 6
       4
     2     2     2     2
     0     1     1     1
 1.710E+00 1.625E+00 1.625E+00 1.625E+00
 0.000E+00 0.000E+00 0.000E+00 0.000E+00
 0.000E+00 0.000E+00 0.000E+00 0.000E+00
 0.000E+00 0.000E+00 0.000E+00 0.000E+00
      69.837645     0.501101    -0.220193
 1
       1
     1
     0
 1.300E+00
 0.000E+00
 0.000E+00
 0.000E+00
      66.549662     4.640749    -1.404679
 1
       1
     1
     0
 1.300E+00
 0.000E+00
 0.000E+00
 0.000E+00
      66.859150     -3.350652    1.026571
 6
       4
     2     2     2     2
     0     1     1     1
 1.710E+00 1.625E+00 1.625E+00 1.625E+00
 0.000E+00 0.000E+00 0.000E+00 0.000E+00
 0.000E+00 0.000E+00 0.000E+00 0.000E+00
 0.000E+00 0.000E+00 0.000E+00 0.000E+00
      58.712985     0.219979    -0.266765
 6
       4
     2     2     2     2
     0     1     1     1
 1.710E+00 1.625E+00 1.625E+00 1.625E+00
 0.000E+00 0.000E+00 0.000E+00 0.000E+00
 0.000E+00 0.000E+00 0.000E+00 0.000E+00
 0.000E+00 0.000E+00 0.000E+00 0.000E+00
      61.585781     0.316106    -0.132940
 6
       4
     2     2     2     2
     0     1     1     1
 1.710E+00 1.625E+00 1.625E+00 1.625E+00
 0.000E+00 0.000E+00 0.000E+00 0.000E+00
 0.000E+00 0.000E+00 0.000E+00 0.000E+00
 0.000E+00 0.000E+00 0.000E+00 0.000E+00
      63.045942     -1.734850    0.535350
 6
       4
     2     2     2     2
     0     1     1     1
 1.710E+00 1.625E+00 1.625E+00 1.625E+00
 0.000E+00 0.000E+00 0.000E+00 0.000E+00
 0.000E+00 0.000E+00 0.000E+00 0.000E+00
 0.000E+00 0.000E+00 0.000E+00 0.000E+00
      62.901858     2.679384    -0.852495
 6
       4
     2     2     2     2
     0     1     1     1
 1.710E+00 1.625E+00 1.625E+00 1.625E+00
 0.000E+00 0.000E+00 0.000E+00 0.000E+00
 0.000E+00 0.000E+00 0.000E+00 0.000E+00
 0.000E+00 0.000E+00 0.000E+00 0.000E+00
      65.401317     2.789615    -0.959794
 6
       4
     2     2     2     2
     0     1     1     1
 1.710E+00 1.625E+00 1.625E+00 1.625E+00
 0.000E+00 0.000E+00 0.000E+00 0.000E+00
 0.000E+00 0.000E+00 0.000E+00 0.000E+00
 0.000E+00 0.000E+00 0.000E+00 0.000E+00
      65.705497     -1.586319    0.453542
 6
       4
     2     2     2     2
     0     1     1     1
 1.710E+00 1.625E+00 1.625E+00 1.625E+00
 0.000E+00 0.000E+00 0.000E+00 0.000E+00
 0.000E+00 0.000E+00 0.000E+00 0.000E+00
 0.000E+00 0.000E+00 0.000E+00 0.000E+00
      67.013760     0.482266    -0.390752
 6
       4
     2     2     2     2
     0     1     1     1
 1.710E+00 1.625E+00 1.625E+00 1.625E+00
 0.000E+00 0.000E+00 0.000E+00 0.000E+00
 0.000E+00 0.000E+00 0.000E+00 0.000E+00
 0.000E+00 0.000E+00 0.000E+00 0.000E+00
      80.126294     -0.077411    0.746030
 6
       4
     2     2     2     2
     0     1     1     1
 1.710E+00 1.625E+00 1.625E+00 1.625E+00
 0.000E+00 0.000E+00 0.000E+00 0.000E+00
 0.000E+00 0.000E+00 0.000E+00 0.000E+00
 0.000E+00 0.000E+00 0.000E+00 0.000E+00
      78.848152     2.216558    0.295555
 6
       4
     2     2     2     2
     0     1     1     1
 1.710E+00 1.625E+00 1.625E+00 1.625E+00
 0.000E+00 0.000E+00 0.000E+00 0.000E+00
 0.000E+00 0.000E+00 0.000E+00 0.000E+00
 0.000E+00 0.000E+00 0.000E+00 0.000E+00
      78.715986     -2.376155    0.990999
 6
       4
     2     2     2     2
     0     1     1     1
 1.710E+00 1.625E+00 1.625E+00 1.625E+00
 0.000E+00 0.000E+00 0.000E+00 0.000E+00
 0.000E+00 0.000E+00 0.000E+00 0.000E+00
 0.000E+00 0.000E+00 0.000E+00 0.000E+00
      76.207857     2.270364    0.075357
 6
       4
     2     2     2     2
     0     1     1     1
 1.710E+00 1.625E+00 1.625E+00 1.625E+00
 0.000E+00 0.000E+00 0.000E+00 0.000E+00
 0.000E+00 0.000E+00 0.000E+00 0.000E+00
 0.000E+00 0.000E+00 0.000E+00 0.000E+00
      74.746220     -0.012022    0.278030
 6
       4
     2     2     2     2
     0     1     1     1
 1.710E+00 1.625E+00 1.625E+00 1.625E+00
 0.000E+00 0.000E+00 0.000E+00 0.000E+00
 0.000E+00 0.000E+00 0.000E+00 0.000E+00
 0.000E+00 0.000E+00 0.000E+00 0.000E+00
      76.105167     -2.254318    0.736572
 6
       4
     2     2     2     2
     0     1     1     1
 1.710E+00 1.625E+00 1.625E+00 1.625E+00
 0.000E+00 0.000E+00 0.000E+00 0.000E+00
 0.000E+00 0.000E+00 0.000E+00 0.000E+00
 0.000E+00 0.000E+00 0.000E+00 0.000E+00
      82.920339     -0.170544    0.728223
 6
       4
     2     2     2     2
     0     1     1     1
 1.710E+00 1.625E+00 1.625E+00 1.625E+00
 0.000E+00 0.000E+00 0.000E+00 0.000E+00
 0.000E+00 0.000E+00 0.000E+00 0.000E+00
 0.000E+00 0.000E+00 0.000E+00 0.000E+00
      85.072028     0.006807    0.198525
 6
       4
     2     2     2     2
     0     1     1     1
 1.710E+00 1.625E+00 1.625E+00 1.625E+00
 0.000E+00 0.000E+00 0.000E+00 0.000E+00
 0.000E+00 0.000E+00 0.000E+00 0.000E+00
 0.000E+00 0.000E+00 0.000E+00 0.000E+00
      87.845179     -0.016828    0.093604
 6
       4
     2     2     2     2
     0     1     1     1
 1.710E+00 1.625E+00 1.625E+00 1.625E+00
 0.000E+00 0.000E+00 0.000E+00 0.000E+00
 0.000E+00 0.000E+00 0.000E+00 0.000E+00
 0.000E+00 0.000E+00 0.000E+00 0.000E+00
      89.126471     2.186647    -0.599381
 6
       4
     2     2     2     2
     0     1     1     1
 1.710E+00 1.625E+00 1.625E+00 1.625E+00
 0.000E+00 0.000E+00 0.000E+00 0.000E+00
 0.000E+00 0.000E+00 0.000E+00 0.000E+00
 0.000E+00 0.000E+00 0.000E+00 0.000E+00
      89.291061     -2.255516    0.655877
 6
       4
     2     2     2     2
     0     1     1     1
 1.710E+00 1.625E+00 1.625E+00 1.625E+00
 0.000E+00 0.000E+00 0.000E+00 0.000E+00
 0.000E+00 0.000E+00 0.000E+00 0.000E+00
 0.000E+00 0.000E+00 0.000E+00 0.000E+00
      91.766604     2.294367    -0.662262
 6
       4
     2     2     2     2
     0     1     1     1
 1.710E+00 1.625E+00 1.625E+00 1.625E+00
 0.000E+00 0.000E+00 0.000E+00 0.000E+00
 0.000E+00 0.000E+00 0.000E+00 0.000E+00
 0.000E+00 0.000E+00 0.000E+00 0.000E+00
      91.935060     -2.096063    0.648097
 6
       4
     2     2     2     2
     0     1     1     1
 1.710E+00 1.625E+00 1.625E+00 1.625E+00
 0.000E+00 0.000E+00 0.000E+00 0.000E+00
 0.000E+00 0.000E+00 0.000E+00 0.000E+00
 0.000E+00 0.000E+00 0.000E+00 0.000E+00
      93.214227     0.134518    -0.076224
 6
       4
     2     2     2     2
     0     1     1     1
 1.710E+00 1.625E+00 1.625E+00 1.625E+00
 0.000E+00 0.000E+00 0.000E+00 0.000E+00
 0.000E+00 0.000E+00 0.000E+00 0.000E+00
 0.000E+00 0.000E+00 0.000E+00 0.000E+00
      95.980689     0.360949    -0.174713
 6
       4
     2     2     2     2
     0     1     1     1
 1.710E+00 1.625E+00 1.625E+00 1.625E+00
 0.000E+00 0.000E+00 0.000E+00 0.000E+00
 0.000E+00 0.000E+00 0.000E+00 0.000E+00
 0.000E+00 0.000E+00 0.000E+00 0.000E+00
      98.163852     0.376314    -0.451170
 6
       4
     2     2     2     2
     0     1     1     1
 1.710E+00 1.625E+00 1.625E+00 1.625E+00
 0.000E+00 0.000E+00 0.000E+00 0.000E+00
 0.000E+00 0.000E+00 0.000E+00 0.000E+00
 0.000E+00 0.000E+00 0.000E+00 0.000E+00
      100.959350     0.724982    -0.277563
 6
       4
     2     2     2     2
     0     1     1     1
 1.710E+00 1.625E+00 1.625E+00 1.625E+00
 0.000E+00 0.000E+00 0.000E+00 0.000E+00
 0.000E+00 0.000E+00 0.000E+00 0.000E+00
 0.000E+00 0.000E+00 0.000E+00 0.000E+00
      102.538348     -1.288226    0.840210
 6
       4
     2     2     2     2
     0     1     1     1
 1.710E+00 1.625E+00 1.625E+00 1.625E+00
 0.000E+00 0.000E+00 0.000E+00 0.000E+00
 0.000E+00 0.000E+00 0.000E+00 0.000E+00
 0.000E+00 0.000E+00 0.000E+00 0.000E+00
      102.190880     2.992234    -0.674071
 6
       4
     2     2     2     2
     0     1     1     1
 1.710E+00 1.625E+00 1.625E+00 1.625E+00
 0.000E+00 0.000E+00 0.000E+00 0.000E+00
 0.000E+00 0.000E+00 0.000E+00 0.000E+00
 0.000E+00 0.000E+00 0.000E+00 0.000E+00
      104.839870     3.264613    -0.352549
 6
       4
     2     2     2     2
     0     1     1     1
 1.710E+00 1.625E+00 1.625E+00 1.625E+00
 0.000E+00 0.000E+00 0.000E+00 0.000E+00
 0.000E+00 0.000E+00 0.000E+00 0.000E+00
 0.000E+00 0.000E+00 0.000E+00 0.000E+00
      105.129597     -1.107878    0.982472
 6
       4
     2     2     2     2
     0     1     1     1
 1.710E+00 1.625E+00 1.625E+00 1.625E+00
 0.000E+00 0.000E+00 0.000E+00 0.000E+00
 0.000E+00 0.000E+00 0.000E+00 0.000E+00
 0.000E+00 0.000E+00 0.000E+00 0.000E+00
      106.423406     1.241486    0.328383
 6
       4
     2     2     2     2
     0     1     1     1
 1.710E+00 1.625E+00 1.625E+00 1.625E+00
 0.000E+00 0.000E+00 0.000E+00 0.000E+00
 0.000E+00 0.000E+00 0.000E+00 0.000E+00
 0.000E+00 0.000E+00 0.000E+00 0.000E+00
      109.245401     1.172662    0.266918
 6
       4
     2     2     2     2
     0     1     1     1
 1.710E+00 1.625E+00 1.625E+00 1.625E+00
 0.000E+00 0.000E+00 0.000E+00 0.000E+00
 0.000E+00 0.000E+00 0.000E+00 0.000E+00
 0.000E+00 0.000E+00 0.000E+00 0.000E+00
      111.420021     0.878755    0.030192
 6
       4
     2     2     2     2
     0     1     1     1
 1.710E+00 1.625E+00 1.625E+00 1.625E+00
 0.000E+00 0.000E+00 0.000E+00 0.000E+00
 0.000E+00 0.000E+00 0.000E+00 0.000E+00
 0.000E+00 0.000E+00 0.000E+00 0.000E+00
      114.223255     0.673115    -0.056395
 6
       4
     2     2     2     2
     0     1     1     1
 1.710E+00 1.625E+00 1.625E+00 1.625E+00
 0.000E+00 0.000E+00 0.000E+00 0.000E+00
 0.000E+00 0.000E+00 0.000E+00 0.000E+00
 0.000E+00 0.000E+00 0.000E+00 0.000E+00
      115.434093     -1.609071    -0.703536
 6
       4
     2     2     2     2
     0     1     1     1
 1.710E+00 1.625E+00 1.625E+00 1.625E+00
 0.000E+00 0.000E+00 0.000E+00 0.000E+00
 0.000E+00 0.000E+00 0.000E+00 0.000E+00
 0.000E+00 0.000E+00 0.000E+00 0.000E+00
      115.741146     2.887579    0.453595
 6
       4
     2     2     2     2
     0     1     1     1
 1.710E+00 1.625E+00 1.625E+00 1.625E+00
 0.000E+00 0.000E+00 0.000E+00 0.000E+00
 0.000E+00 0.000E+00 0.000E+00 0.000E+00
 0.000E+00 0.000E+00 0.000E+00 0.000E+00
      118.340774     2.669283    0.347260
 6
       4
     2     2     2     2
     0     1     1     1
 1.710E+00 1.625E+00 1.625E+00 1.625E+00
 0.000E+00 0.000E+00 0.000E+00 0.000E+00
 0.000E+00 0.000E+00 0.000E+00 0.000E+00
 0.000E+00 0.000E+00 0.000E+00 0.000E+00
      118.086902     -1.801704    -0.803510
 6
       4
     2     2     2     2
     0     1     1     1
 1.710E+00 1.625E+00 1.625E+00 1.625E+00
 0.000E+00 0.000E+00 0.000E+00 0.000E+00
 0.000E+00 0.000E+00 0.000E+00 0.000E+00
 0.000E+00 0.000E+00 0.000E+00 0.000E+00
      119.552352     0.358449    -0.111129
 6
       4
     2     2     2     2
     0     1     1     1
 1.710E+00 1.625E+00 1.625E+00 1.625E+00
 0.000E+00 0.000E+00 0.000E+00 0.000E+00
 0.000E+00 0.000E+00 0.000E+00 0.000E+00
 0.000E+00 0.000E+00 0.000E+00 0.000E+00
      122.376890     0.248308    -0.011595
 6
       4
     2     2     2     2
     0     1     1     1
 1.710E+00 1.625E+00 1.625E+00 1.625E+00
 0.000E+00 0.000E+00 0.000E+00 0.000E+00
 0.000E+00 0.000E+00 0.000E+00 0.000E+00
 0.000E+00 0.000E+00 0.000E+00 0.000E+00
      124.620692     0.368907    -0.230749
 6
       4
     2     2     2     2
     0     1     1     1
 1.710E+00 1.625E+00 1.625E+00 1.625E+00
 0.000E+00 0.000E+00 0.000E+00 0.000E+00
 0.000E+00 0.000E+00 0.000E+00 0.000E+00
 0.000E+00 0.000E+00 0.000E+00 0.000E+00
      127.304704     0.161364    -0.069578
 6
       4
     2     2     2     2
     0     1     1     1
 1.710E+00 1.625E+00 1.625E+00 1.625E+00
 0.000E+00 0.000E+00 0.000E+00 0.000E+00
 0.000E+00 0.000E+00 0.000E+00 0.000E+00
 0.000E+00 0.000E+00 0.000E+00 0.000E+00
      128.478766     -2.196585    -0.682654
 6
       4
     2     2     2     2
     0     1     1     1
 1.710E+00 1.625E+00 1.625E+00 1.625E+00
 0.000E+00 0.000E+00 0.000E+00 0.000E+00
 0.000E+00 0.000E+00 0.000E+00 0.000E+00
 0.000E+00 0.000E+00 0.000E+00 0.000E+00
      128.872530     2.177167    0.836495
 6
       4
     2     2     2     2
     0     1     1     1
 1.710E+00 1.625E+00 1.625E+00 1.625E+00
 0.000E+00 0.000E+00 0.000E+00 0.000E+00
 0.000E+00 0.000E+00 0.000E+00 0.000E+00
 0.000E+00 0.000E+00 0.000E+00 0.000E+00
      131.482952     1.855373    1.025038
 6
       4
     2     2     2     2
     0     1     1     1
 1.710E+00 1.625E+00 1.625E+00 1.625E+00
 0.000E+00 0.000E+00 0.000E+00 0.000E+00
 0.000E+00 0.000E+00 0.000E+00 0.000E+00
 0.000E+00 0.000E+00 0.000E+00 0.000E+00
      131.133606     -2.414718    -0.583442
 6
       4
     2     2     2     2
     0     1     1     1
 1.710E+00 1.625E+00 1.625E+00 1.625E+00
 0.000E+00 0.000E+00 0.000E+00 0.000E+00
 0.000E+00 0.000E+00 0.000E+00 0.000E+00
 0.000E+00 0.000E+00 0.000E+00 0.000E+00
      132.677471     -0.427949    0.256120
 6
       4
     2     2     2     2
     0     1     1     1
 1.710E+00 1.625E+00 1.625E+00 1.625E+00
 0.000E+00 0.000E+00 0.000E+00 0.000E+00
 0.000E+00 0.000E+00 0.000E+00 0.000E+00
 0.000E+00 0.000E+00 0.000E+00 0.000E+00
      135.433859     -0.716675    0.182413
 1
       1
     1
     0
 1.300E+00
 0.000E+00
 0.000E+00
 0.000E+00
      75.275179     4.281254    -0.244069
 1
       1
     1
     0
 1.300E+00
 0.000E+00
 0.000E+00
 0.000E+00
      79.955565     4.006100    0.100284
 6
       4
     2     2     2     2
     0     1     1     1
 1.710E+00 1.625E+00 1.625E+00 1.625E+00
 0.000E+00 0.000E+00 0.000E+00 0.000E+00
 0.000E+00 0.000E+00 0.000E+00 0.000E+00
 0.000E+00 0.000E+00 0.000E+00 0.000E+00
      71.969655     0.087585    -0.011469
 1
       1
     1
     0
 1.300E+00
 0.000E+00
 0.000E+00
 0.000E+00
      74.883456     -4.099541    0.742479
 1
       1
     1
     0
 1.300E+00
 0.000E+00
 0.000E+00
 0.000E+00
      79.677137     -4.055365    1.273080
 1
       1
     1
     0
 1.300E+00
 0.000E+00
 0.000E+00
 0.000E+00
      87.899569     4.033803    -0.922963
 1
       1
     1
     0
 1.300E+00
 0.000E+00
 0.000E+00
 0.000E+00
      88.221440     -3.999299    1.317831
 1
       1
     1
     0
 1.300E+00
 0.000E+00
 0.000E+00
 0.000E+00
      92.826657     4.135654    -0.987898
 1
       1
     1
     0
 1.300E+00
 0.000E+00
 0.000E+00
 0.000E+00
      93.147327     -3.780040    1.323454
 1
       1
     1
     0
 1.300E+00
 0.000E+00
 0.000E+00
 0.000E+00
      100.900952     4.677586    -1.261643
 1
       1
     1
     0
 1.300E+00
 0.000E+00
 0.000E+00
 0.000E+00
      105.678294     5.140597    -0.752215
 1
       1
     1
     0
 1.300E+00
 0.000E+00
 0.000E+00
 0.000E+00
      101.502402     -2.965477    1.539756
 1
       1
     1
     0
 1.300E+00
 0.000E+00
 0.000E+00
 0.000E+00
      106.278333     -2.707229    1.692788
 1
       1
     1
     0
 1.300E+00
 0.000E+00
 0.000E+00
 0.000E+00
      114.773220     4.776265    0.742974
 1
       1
     1
     0
 1.300E+00
 0.000E+00
 0.000E+00
 0.000E+00
      114.313150     -3.203229    -1.342235
 1
       1
     1
     0
 1.300E+00
 0.000E+00
 0.000E+00
 0.000E+00
      119.625479     4.421362    0.668838
 1
       1
     1
     0
 1.300E+00
 0.000E+00
 0.000E+00
 0.000E+00
      118.920050     -3.468715    -1.584102
 1
       1
     1
     0
 1.300E+00
 0.000E+00
 0.000E+00
 0.000E+00
      127.951665     4.119064    1.278029
 1
       1
     1
     0
 1.300E+00
 0.000E+00
 0.000E+00
 0.000E+00
      127.099321     -3.720215    -1.316825
 1
       1
     1
     0
 1.300E+00
 0.000E+00
 0.000E+00
 0.000E+00
      132.552099     3.675287    1.651787
 1
       1
     1
     0
 1.300E+00
 0.000E+00
 0.000E+00
 0.000E+00
      132.009126     -4.220193    -1.174561
 1
       1
     1
     0
 1.300E+00
 0.000E+00
 0.000E+00
 0.000E+00
      140.683210     2.165161    2.844476
 1
       1
     1
     0
 1.300E+00
 0.000E+00
 0.000E+00
 0.000E+00
      140.727072     -4.717355    -2.354221
 1
       1
     1
     0
 1.300E+00
 0.000E+00
 0.000E+00
 0.000E+00
      147.883850     -1.194424    -0.086538
 1
       1
     1
     0
 1.300E+00
 0.000E+00
 0.000E+00
 0.000E+00
      145.321960     1.949797    2.730510
 1
       1
     1
     0
 1.300E+00
 0.000E+00
 0.000E+00
 0.000E+00
      145.198561     -4.580186    -2.404478
 6
       4
     2     2     2     2
     0     1     1     1
 1.710E+00 1.625E+00 1.625E+00 1.625E+00
 0.000E+00 0.000E+00 0.000E+00 0.000E+00
 0.000E+00 0.000E+00 0.000E+00 0.000E+00
 0.000E+00 0.000E+00 0.000E+00 0.000E+00
      137.557938     -1.196365    0.157996
 6
       4
     2     2     2     2
     0     1     1     1
 1.710E+00 1.625E+00 1.625E+00 1.625E+00
 0.000E+00 0.000E+00 0.000E+00 0.000E+00
 0.000E+00 0.000E+00 0.000E+00 0.000E+00
 0.000E+00 0.000E+00 0.000E+00 0.000E+00
      140.383964     -1.413438    0.361380
 6
       4
     2     2     2     2
     0     1     1     1
 1.710E+00 1.625E+00 1.625E+00 1.625E+00
 0.000E+00 0.000E+00 0.000E+00 0.000E+00
 0.000E+00 0.000E+00 0.000E+00 0.000E+00
 0.000E+00 0.000E+00 0.000E+00 0.000E+00
      141.520251     -3.238093    -1.026310
 6
       4
     2     2     2     2
     0     1     1     1
 1.710E+00 1.625E+00 1.625E+00 1.625E+00
 0.000E+00 0.000E+00 0.000E+00 0.000E+00
 0.000E+00 0.000E+00 0.000E+00 0.000E+00
 0.000E+00 0.000E+00 0.000E+00 0.000E+00
      141.733442     0.483458    1.867960
 6
       4
     2     2     2     2
     0     1     1     1
 1.710E+00 1.625E+00 1.625E+00 1.625E+00
 0.000E+00 0.000E+00 0.000E+00 0.000E+00
 0.000E+00 0.000E+00 0.000E+00 0.000E+00
 0.000E+00 0.000E+00 0.000E+00 0.000E+00
      144.261977     0.522131    1.802139
 6
       4
     2     2     2     2
     0     1     1     1
 1.710E+00 1.625E+00 1.625E+00 1.625E+00
 0.000E+00 0.000E+00 0.000E+00 0.000E+00
 0.000E+00 0.000E+00 0.000E+00 0.000E+00
 0.000E+00 0.000E+00 0.000E+00 0.000E+00
      144.348664     -3.125452    -1.056181
 6
       4
     2     2     2     2
     0     1     1     1
 1.710E+00 1.625E+00 1.625E+00 1.625E+00
 0.000E+00 0.000E+00 0.000E+00 0.000E+00
 0.000E+00 0.000E+00 0.000E+00 0.000E+00
 0.000E+00 0.000E+00 0.000E+00 0.000E+00
      145.457217     -1.264040    0.201604
# LCAO coefficients .. are not included.
         1
        1        0.000021362127662   k=         1
        2        -0.000208679239802   k=         1
        3        0.000611413476216   k=         1
        4        -0.002984751937437   k=         1
        5        -0.000089965327265   k=         1
        6        -0.000037302922208   k=         1
        7        0.000969931851807   k=         1
        8        -0.002621454865883   k=         1
        9        0.000049111011989   k=         1
        10        0.000204498721267   k=         1
        11        0.000743066045888   k=         1
        12        -0.001686503218504   k=         1
        13        0.000000149523484   k=         1
        14        -0.000031069905056   k=         1
        15        -0.000194666009132   k=         1
        16        0.000460591243070   k=         1
        17        0.000015128770589   k=         1
        18        -0.000119551570991   k=         1
        19        -0.000910759541376   k=         1
        20        0.003207004750515   k=         1
        21        -0.000054755959888   k=         1
        22        -0.000185752064231   k=         1
        23        -0.000561040324457   k=         1
        24        0.001657182311601   k=         1
        25        -0.000013290764747   k=         1
        26        0.000210733407752   k=         1
        27        0.000117828112444   k=         1
        28        0.002732122149850   k=         1
        29        0.000064417704115   k=         1
        30        0.000226435459811   k=         1
        31        -0.000243563511850   k=         1
        32        0.002811863787537   k=         1
        33        -0.000004062957544   k=         1
        34        0.000144347527768   k=         1
        35        -0.000313313548250   k=         1
        36        -0.002954891230802   k=         1
        37        0.000129915650533   k=         1
        38        0.000640544371517   k=         1
        39        -0.000584860151317   k=         1
        40        -0.002333843285650   k=         1
        41        -0.000007239162854   k=         1
        42        0.000727160307598   k=         1
        43        -0.000737081763214   k=         1
        44        -0.002178380357657   k=         1
        45        -0.000056043068431   k=         1
        46        -0.000536091981008   k=         1
        47        0.000365986603695   k=         1
        48        0.001020798266526   k=         1
        49        0.000085356243378   k=         1
        50        -0.000343096335527   k=         1
        51        0.000332537947185   k=         1
        52        0.001026261192580   k=         1
        53        -0.000046490632071   k=         1
        54        0.000393909985456   k=         1
        55        0.000495949061210   k=         1
        56        0.003597502226941   k=         1
        57        0.000129637554782   k=         1
        58        -0.000392050219527   k=         1
        59        0.000946842462834   k=         1
        60        0.000591284308400   k=         1
        61        -0.000068144951370   k=         1
        62        0.000160719953284   k=         1
        63        -0.000099354563301   k=         1
        64        -0.002016354942875   k=         1
        65        0.000011001854871   k=         1
        66        -0.000123296010358   k=         1
        67        -0.001959045591990   k=         1
        68        -0.002989194862757   k=         1
        69        -0.000030998282005   k=         1
        70        -0.000317949666969   k=         1
        71        0.000125302496025   k=         1
        72        0.000091285261198   k=         1
        73        -0.000023337810229   k=         1
        74        0.000210024012516   k=         1
        75        0.000090823892952   k=         1
        76        -0.000060675130594   k=         1
        77        -0.000255896007734   k=         1
        78        0.000242746371541   k=         1
        79        0.002711360881112   k=         1
        80        0.003208148882663   k=         1
        81        0.000263092879552   k=         1
        82        0.001004579491721   k=         1
        83        0.003013620594188   k=         1
        84        0.002568157900122   k=         1
        85        -0.000028288679507   k=         1
        86        0.000093057127479   k=         1
        87        0.000459789342217   k=         1
        88        0.001663140690320   k=         1
        89        0.000070658601616   k=         1
        90        -0.000149270140990   k=         1
        91        -0.002686834856373   k=         1
        92        -0.009916354722841   k=         1
        93        0.000048411289725   k=         1
        94        0.000104108620887   k=         1
        95        -0.000957357193299   k=         1
        96        -0.003664861693165   k=         1
        97        -0.000127303289627   k=         1
        98        0.001028397805185   k=         1
        99        0.005839710828906   k=         1
        100        0.020184955156899   k=         1
        101        0.000044169124517   k=         1
        102        0.000130742970352   k=         1
        103        0.002303227013275   k=         1
        104        0.006573434975678   k=         1
        105        0.000275995567764   k=         1
        106        0.001365402832301   k=         1
        107        0.001476143035731   k=         1
        108        0.006630429895691   k=         1
        109        -0.000207834620826   k=         1
        110        -0.001414548275431   k=         1
        111        -0.003814708055280   k=         1
        112        -0.014645844578518   k=         1
        113        0.000356262389692   k=         1
        114        0.001170459994901   k=         1
        115        -0.006686551278256   k=         1
        116        -0.017528824791467   k=         1
        117        0.000308657983766   k=         1
        118        0.002563741776452   k=         1
        119        -0.006111532527136   k=         1
        120        -0.014402834921775   k=         1
        121        -0.000629997525568   k=         1
        122        -0.001926729346163   k=         1
        123        0.015779940707052   k=         1
        124        0.029285521762097   k=         1
        125        0.001604384631807   k=         1
        126        0.003938009939119   k=         1
        127        0.008050289219023   k=         1
        128        0.016196790718875   k=         1
        129        -0.000441915623406   k=         1
        130        -0.007344576687044   k=         1
        131        -0.023839846251711   k=         1
        132        -0.042691164679673   k=         1
        133        -0.000540092129651   k=         1
        134        0.001276421997966   k=         1
        135        -0.012324231976606   k=         1
        136        -0.018664176845085   k=         1
        137        0.000336654887193   k=         1
        138        0.004255381743039   k=         1
        139        -0.012119327253861   k=         1
        140        -0.018590697414814   k=         1
        141        0.001176198072901   k=         1
        142        -0.007365217150251   k=         1
        143        0.020527289841932   k=         1
        144        0.038645780075428   k=         1
        145        0.000595990077910   k=         1
        146        -0.001496294529217   k=         1
        147        0.014356378768207   k=         1
        148        0.022613332507943   k=         1
        149        -0.000709759780078   k=         1
        150        -0.001130377677417   k=         1
        151        0.017734879712862   k=         1
        152        0.041733310109741   k=         1
        153        -0.000244476757719   k=         1
        154        0.001224801329721   k=         1
        155        -0.016549216593547   k=         1
        156        -0.045888867600317   k=         1
        157        -0.000088927772429   k=         1
        158        0.000128589773228   k=         1
        159        -0.000047525955858   k=         1
        160        0.000133633716976   k=         1
        161        0.000007668040043   k=         1
        162        -0.000246096971909   k=         1
        163        0.000023057091414   k=         1
        164        -0.000070456092800   k=         1
        165        -0.000361176159645   k=         1
        166        -0.000138286661904   k=         1
        167        0.000121594279219   k=         1
        168        0.000446614152270   k=         1
        169        -0.000068667855935   k=         1
        170        -0.000419317596436   k=         1
        171        -0.000046715664073   k=         1
        172        -0.000227075976795   k=         1
        173        -0.000353997765830   k=         1
        174        -0.002418035404563   k=         1
        175        -0.000249952723628   k=         1
        176        -0.000149644581876   k=         1
        177        -0.001676151121187   k=         1
        178        -0.002237091141798   k=         1
        179        -0.001455314393383   k=         1
        180        0.000970052701783   k=         1
        181        -0.004417434624195   k=         1
        182        0.011691599389523   k=         1
        183        0.056588283296352   k=         1
        184        0.000693177835845   k=         1
        185        -0.001569917270743   k=         1
        186        0.001139595921689   k=         1
        187        0.003881505838701   k=         1
        188        -0.015415646392542   k=         1
        189        -0.039116007541813   k=         1
        190        0.000564810756762   k=         1
        191        -0.003968459143181   k=         1
        192        0.022208403725999   k=         1
        193        0.063902648236123   k=         1
        194        0.000835686829685   k=         1
        195        0.002818179905812   k=         1
        196        0.009994387342761   k=         1
        197        0.042308267842153   k=         1
        198        0.000308265628452   k=         1
        199        0.002321680633399   k=         1
        200        0.006004261233119   k=         1
        201        0.026913766524135   k=         1
        202        0.000532359880576   k=         1
        203        -0.002445226427378   k=         1
        204        -0.007804996817952   k=         1
        205        -0.034469251771317   k=         1
        206        -0.000974178114791   k=         1
        207        -0.004467141867134   k=         1
        208        -0.018196410042218   k=         1
        209        -0.046197841051653   k=         1
        210        0.002590250290793   k=         1
        211        0.000910041191204   k=         1
        212        -0.021123293166267   k=         1
        213        -0.061695928651015   k=         1
        214        0.000656398112042   k=         1
        215        0.000887858284338   k=         1
        216        0.014292287293301   k=         1
        217        0.073014169151556   k=         1
        218        0.000131974312083   k=         1
        219        -0.004728227973353   k=         1
        220        0.006736443433933   k=         1
        221        0.044044312497883   k=         1
        222        -0.000810289443568   k=         1
        223        -0.007746024250623   k=         1
        224        0.002625181033641   k=         1
        225        0.050302938306810   k=         1
        226        -0.000321239545460   k=         1
        227        0.007088836336117   k=         1
        228        -0.003903889425505   k=         1
        229        -0.047845443773043   k=         1
        230        0.000285636565440   k=         1
        231        0.006873099170677   k=         1
        232        -0.013960769944551   k=         1
        233        -0.074524110228738   k=         1
        234        0.000917216267663   k=         1
        235        0.006219880011327   k=         1
        236        -0.002018503560660   k=         1
        237        -0.040951262633560   k=         1
        238        -0.003023054207899   k=         1
        239        -0.009970001338748   k=         1
        240        -0.015366937020317   k=         1
        241        -0.057322128356711   k=         1
        242        0.003460646229278   k=         1
        243        -0.011586796561724   k=         1
        244        -0.013643243513222   k=         1
        245        -0.058786145094266   k=         1
        246        0.001138530108629   k=         1
        247        0.005878215859599   k=         1
        248        0.018471225212751   k=         1
        249        0.066516826095021   k=         1
        250        -0.001321410979672   k=         1
        251        0.000086848588010   k=         1
        252        0.010029704311656   k=         1
        253        0.044741241314959   k=         1
        254        -0.001374063579224   k=         1
        255        -0.002391302607939   k=         1
        256        0.016315053687755   k=         1
        257        0.046367319441248   k=         1
        258        0.000892798880664   k=         1
        259        0.002524553003381   k=         1
        260        -0.010047303112702   k=         1
        261        -0.043139197371781   k=         1
        262        0.000548220218874   k=         1
        263        0.004291908308060   k=         1
        264        -0.011180521647128   k=         1
        265        -0.036396196978532   k=         1
        266        -0.000596650035349   k=         1
        267        -0.003971929944067   k=         1
        268        -0.021722953943243   k=         1
        269        -0.068827626992559   k=         1
        270        0.002164523118813   k=         1
        271        0.007363449237845   k=         1
        272        0.015387014850349   k=         1
        273        0.043675301038223   k=         1
        274        -0.003732008690620   k=         1
        275        0.000431349943368   k=         1
        276        0.016883184885517   k=         1
        277        0.053407933220453   k=         1
        278        0.001707936014213   k=         1
        279        0.009400753034645   k=         1
        280        -0.017110942384460   k=         1
        281        -0.051518751818655   k=         1
        282        -0.000420517736749   k=         1
        283        0.004719982509174   k=         1
        284        -0.017673933245706   k=         1
        285        -0.032956732876593   k=         1
        286        0.000968418143276   k=         1
        287        0.008899364155771   k=         1
        288        -0.008991336767730   k=         1
        289        -0.039347729580836   k=         1
        290        -0.000787480028919   k=         1
        291        -0.008430965972755   k=         1
        292        0.011635229160219   k=         1
        293        0.035121093929783   k=         1
        294        -0.000086274559804   k=         1
        295        -0.001709748439824   k=         1
        296        0.009878151595388   k=         1
        297        0.023433347391581   k=         1
        298        0.001145817133858   k=         1
        299        0.000771198806916   k=         1
        300        0.014360718531343   k=         1
        301        0.058593684293854   k=         1
        302        -0.000352951003443   k=         1
        303        -0.004194240769464   k=         1
        304        0.000985527243849   k=         1
        305        -0.034649143133302   k=         1
        306        0.001595275956323   k=         1
        307        -0.004164609947534   k=         1
        308        -0.007182740980871   k=         1
        309        -0.041946729770759   k=         1
        310        -0.000315046442836   k=         1
        311        0.000464850896564   k=         1
        312        -0.005932018636573   k=         1
        313        0.039151486591050   k=         1
        314        -0.000167726253007   k=         1
        315        0.002537097150372   k=         1
        316        -0.011731586710702   k=         1
        317        0.023977961765059   k=         1
        318        0.002330615106485   k=         1
        319        -0.002623329224871   k=         1
        320        -0.009373902626963   k=         1
        321        0.028313415918414   k=         1
        322        -0.000566774525966   k=         1
        323        -0.000141977285442   k=         1
        324        0.004720194598238   k=         1
        325        -0.019317954138516   k=         1
        326        -0.000145949755564   k=         1
        327        -0.002140124552822   k=         1
        328        0.010249627605474   k=         1
        329        -0.022833189080579   k=         1
        330        -0.000453554251387   k=         1
        331        0.002766693130432   k=         1
        332        0.009032868499334   k=         1
        333        -0.040845702195294   k=         1
        334        0.002310161536233   k=         1
        335        0.000194966094596   k=         1
        336        -0.006819749558498   k=         1
        337        0.024303445236310   k=         1
        338        -0.001992082042839   k=         1
        339        0.002301352941778   k=         1
        340        -0.007338677179245   k=         1
        341        0.030010308333117   k=         1
        342        0.000641036247913   k=         1
        343        0.000977488627452   k=         1
        344        0.007378888501175   k=         1
        345        -0.022549182647828   k=         1
        346        -0.000118442853049   k=         1
        347        0.002790167059495   k=         1
        348        0.006191890367485   k=         1
        349        -0.021612183205968   k=         1
        350        -0.000373113959043   k=         1
        351        0.005028802882203   k=         1
        352        0.007063615525139   k=         1
        353        -0.019055333624170   k=         1
        354        0.000277462543845   k=         1
        355        -0.002699343291240   k=         1
        356        -0.003100703098298   k=         1
        357        0.011239154649595   k=         1
        358        0.000024397776641   k=         1
        359        -0.001435180786593   k=         1
        360        -0.003766793316923   k=         1
        361        0.010716832363517   k=         1
        362        0.000351824079415   k=         1
        363        0.000605811602979   k=         1
        364        -0.010861434246572   k=         1
        365        0.026219516473022   k=         1
        366        0.000450544155469   k=         1
        367        -0.000776015002489   k=         1
        368        0.004009635213249   k=         1
        369        -0.008260541687157   k=         1
        370        0.000593548223738   k=         1
        371        -0.002805740321253   k=         1
        372        -0.000185576889180   k=         1
        373        -0.002820219289731   k=         1
        374        0.014356721130995   k=         1
        375        0.050437086765775   k=         1
        376        -0.003272247087896   k=         1
        377        0.000699123842917   k=         1
        378        0.001105937048464   k=         1
        379        0.001503053742602   k=         1
        380        0.001568896509093   k=         1
        381        0.001471690450441   k=         1
        382        -0.000631874335891   k=         1
        383        -0.001225555744361   k=         1
        384        0.001578278151389   k=         1
        385        -0.002951026918401   k=         1
        386        -0.001121223408229   k=         1
        387        0.001305127406015   k=         1
        388        0.001180162915576   k=         1
        389        -0.002465595645794   k=         1
        390        -0.000550638984426   k=         1
        391        -0.000129273735381   k=         1
        392        -0.000906958573833   k=         1
        393        -0.001059698509843   k=         1
        394        -0.000363280251515   k=         1
        395        -0.000182947455870   k=         1
        396        0.000101510677200   k=         1
        397        0.000312002575047   k=         1
        398        -0.000321371578239   k=         1
        399        0.000239817119212   k=         1
        400        0.002743833317244   k=         1
        401        0.006603092982372   k=         1
        402        -0.016967828796493   k=         1
        403        0.000089584882261   k=         1
        404        -0.001804209832521   k=         1
        405        -0.003423569070409   k=         1
        406        0.005887424023985   k=         1
        407        -0.000255462546278   k=         1
        408        0.000924630127319   k=         1
        409        -0.007833457583166   k=         1
        410        0.007859764479735   k=         1
        411        0.000381307572459   k=         1
        412        -0.000656527462975   k=         1
        413        -0.004043491554474   k=         1
        414        0.004981137642165   k=         1
        415        -0.000044887553432   k=         1
        416        -0.000186656064575   k=         1
        417        0.001380228637836   k=         1
        418        -0.001726673143662   k=         1
        419        0.000223856661992   k=         1
        420        -0.001023326285308   k=         1
        421        0.001538154427794   k=         1
        422        -0.001641616687107   k=         1
        423        0.000209782696933   k=         1
        424        -0.001281505920513   k=         1
        425        0.005428418891826   k=         1
        426        -0.006972281800204   k=         1
