# file_format= v0.04.05
       144       426
    188.97268778      0.00000000      0.00000000    0
      0.00000000    188.97268778      0.00000000    0
      0.00000000      0.00000000    188.97268778    0
 6
       4
     2     2     2     2
     0     1     1     1
 1.710E+00 1.625E+00 1.625E+00 1.625E+00
 0.000E+00 0.000E+00 0.000E+00 0.000E+00
 0.000E+00 0.000E+00 0.000E+00 0.000E+00
 0.000E+00 0.000E+00 0.000E+00 0.000E+00
      0.868350     -0.735710    -0.152208
 6
       4
     2     2     2     2
     0     1     1     1
 1.710E+00 1.625E+00 1.625E+00 1.625E+00
 0.000E+00 0.000E+00 0.000E+00 0.000E+00
 0.000E+00 0.000E+00 0.000E+00 0.000E+00
 0.000E+00 0.000E+00 0.000E+00 0.000E+00
      -0.900643     1.288345    0.554053
 6
       4
     2     2     2     2
     0     1     1     1
 1.710E+00 1.625E+00 1.625E+00 1.625E+00
 0.000E+00 0.000E+00 0.000E+00 0.000E+00
 0.000E+00 0.000E+00 0.000E+00 0.000E+00
 0.000E+00 0.000E+00 0.000E+00 0.000E+00
      0.066577     -3.167734    -1.008596
 6
       4
     2     2     2     2
     0     1     1     1
 1.710E+00 1.625E+00 1.625E+00 1.625E+00
 0.000E+00 0.000E+00 0.000E+00 0.000E+00
 0.000E+00 0.000E+00 0.000E+00 0.000E+00
 0.000E+00 0.000E+00 0.000E+00 0.000E+00
      -3.463932     0.814846    0.436079
 6
       4
     2     2     2     2
     0     1     1     1
 1.710E+00 1.625E+00 1.625E+00 1.625E+00
 0.000E+00 0.000E+00 0.000E+00 0.000E+00
 0.000E+00 0.000E+00 0.000E+00 0.000E+00
 0.000E+00 0.000E+00 0.000E+00 0.000E+00
      -4.448496     -1.603442    -0.295710
 6
       4
     2     2     2     2
     0     1     1     1
 1.710E+00 1.625E+00 1.625E+00 1.625E+00
 0.000E+00 0.000E+00 0.000E+00 0.000E+00
 0.000E+00 0.000E+00 0.000E+00 0.000E+00
 0.000E+00 0.000E+00 0.000E+00 0.000E+00
      -2.575056     -3.669776    -1.103048
 6
       4
     2     2     2     2
     0     1     1     1
 1.710E+00 1.625E+00 1.625E+00 1.625E+00
 0.000E+00 0.000E+00 0.000E+00 0.000E+00
 0.000E+00 0.000E+00 0.000E+00 0.000E+00
 0.000E+00 0.000E+00 0.000E+00 0.000E+00
      3.550077     -0.232988    -0.057776
 6
       4
     2     2     2     2
     0     1     1     1
 1.710E+00 1.625E+00 1.625E+00 1.625E+00
 0.000E+00 0.000E+00 0.000E+00 0.000E+00
 0.000E+00 0.000E+00 0.000E+00 0.000E+00
 0.000E+00 0.000E+00 0.000E+00 0.000E+00
      5.828314     0.163866    0.104768
 6
       4
     2     2     2     2
     0     1     1     1
 1.710E+00 1.625E+00 1.625E+00 1.625E+00
 0.000E+00 0.000E+00 0.000E+00 0.000E+00
 0.000E+00 0.000E+00 0.000E+00 0.000E+00
 0.000E+00 0.000E+00 0.000E+00 0.000E+00
      8.541478     0.594619    0.058056
 6
       4
     2     2     2     2
     0     1     1     1
 1.710E+00 1.625E+00 1.625E+00 1.625E+00
 0.000E+00 0.000E+00 0.000E+00 0.000E+00
 0.000E+00 0.000E+00 0.000E+00 0.000E+00
 0.000E+00 0.000E+00 0.000E+00 0.000E+00
      9.823884     2.938460    -0.710934
 6
       4
     2     2     2     2
     0     1     1     1
 1.710E+00 1.625E+00 1.625E+00 1.625E+00
 0.000E+00 0.000E+00 0.000E+00 0.000E+00
 0.000E+00 0.000E+00 0.000E+00 0.000E+00
 0.000E+00 0.000E+00 0.000E+00 0.000E+00
      10.179066     -1.522418    0.685334
 6
       4
     2     2     2     2
     0     1     1     1
 1.710E+00 1.625E+00 1.625E+00 1.625E+00
 0.000E+00 0.000E+00 0.000E+00 0.000E+00
 0.000E+00 0.000E+00 0.000E+00 0.000E+00
 0.000E+00 0.000E+00 0.000E+00 0.000E+00
      12.502661     3.162536    -0.608012
 6
       4
     2     2     2     2
     0     1     1     1
 1.710E+00 1.625E+00 1.625E+00 1.625E+00
 0.000E+00 0.000E+00 0.000E+00 0.000E+00
 0.000E+00 0.000E+00 0.000E+00 0.000E+00
 0.000E+00 0.000E+00 0.000E+00 0.000E+00
      12.799776     -1.247782    0.834327
 6
       4
     2     2     2     2
     0     1     1     1
 1.710E+00 1.625E+00 1.625E+00 1.625E+00
 0.000E+00 0.000E+00 0.000E+00 0.000E+00
 0.000E+00 0.000E+00 0.000E+00 0.000E+00
 0.000E+00 0.000E+00 0.000E+00 0.000E+00
      14.075208     1.077172    0.247331
 6
       4
     2     2     2     2
     0     1     1     1
 1.710E+00 1.625E+00 1.625E+00 1.625E+00
 0.000E+00 0.000E+00 0.000E+00 0.000E+00
 0.000E+00 0.000E+00 0.000E+00 0.000E+00
 0.000E+00 0.000E+00 0.000E+00 0.000E+00
      16.848049     1.284991    0.495507
 6
       4
     2     2     2     2
     0     1     1     1
 1.710E+00 1.625E+00 1.625E+00 1.625E+00
 0.000E+00 0.000E+00 0.000E+00 0.000E+00
 0.000E+00 0.000E+00 0.000E+00 0.000E+00
 0.000E+00 0.000E+00 0.000E+00 0.000E+00
      19.122511     1.511433    0.369889
 6
       4
     2     2     2     2
     0     1     1     1
 1.710E+00 1.625E+00 1.625E+00 1.625E+00
 0.000E+00 0.000E+00 0.000E+00 0.000E+00
 0.000E+00 0.000E+00 0.000E+00 0.000E+00
 0.000E+00 0.000E+00 0.000E+00 0.000E+00
      21.911528     1.334334    0.228211
 6
       4
     2     2     2     2
     0     1     1     1
 1.710E+00 1.625E+00 1.625E+00 1.625E+00
 0.000E+00 0.000E+00 0.000E+00 0.000E+00
 0.000E+00 0.000E+00 0.000E+00 0.000E+00
 0.000E+00 0.000E+00 0.000E+00 0.000E+00
      23.129074     -0.655357    1.638236
 6
       4
     2     2     2     2
     0     1     1     1
 1.710E+00 1.625E+00 1.625E+00 1.625E+00
 0.000E+00 0.000E+00 0.000E+00 0.000E+00
 0.000E+00 0.000E+00 0.000E+00 0.000E+00
 0.000E+00 0.000E+00 0.000E+00 0.000E+00
      23.358680     2.877888    -1.394665
 6
       4
     2     2     2     2
     0     1     1     1
 1.710E+00 1.625E+00 1.625E+00 1.625E+00
 0.000E+00 0.000E+00 0.000E+00 0.000E+00
 0.000E+00 0.000E+00 0.000E+00 0.000E+00
 0.000E+00 0.000E+00 0.000E+00 0.000E+00
      26.139147     2.755946    -1.473357
 6
       4
     2     2     2     2
     0     1     1     1
 1.710E+00 1.625E+00 1.625E+00 1.625E+00
 0.000E+00 0.000E+00 0.000E+00 0.000E+00
 0.000E+00 0.000E+00 0.000E+00 0.000E+00
 0.000E+00 0.000E+00 0.000E+00 0.000E+00
      25.833142     -0.912209    1.393790
 6
       4
     2     2     2     2
     0     1     1     1
 1.710E+00 1.625E+00 1.625E+00 1.625E+00
 0.000E+00 0.000E+00 0.000E+00 0.000E+00
 0.000E+00 0.000E+00 0.000E+00 0.000E+00
 0.000E+00 0.000E+00 0.000E+00 0.000E+00
      27.306966     0.838075    -0.084246
 6
       4
     2     2     2     2
     0     1     1     1
 1.710E+00 1.625E+00 1.625E+00 1.625E+00
 0.000E+00 0.000E+00 0.000E+00 0.000E+00
 0.000E+00 0.000E+00 0.000E+00 0.000E+00
 0.000E+00 0.000E+00 0.000E+00 0.000E+00
      30.148224     0.565226    -0.002905
 6
       4
     2     2     2     2
     0     1     1     1
 1.710E+00 1.625E+00 1.625E+00 1.625E+00
 0.000E+00 0.000E+00 0.000E+00 0.000E+00
 0.000E+00 0.000E+00 0.000E+00 0.000E+00
 0.000E+00 0.000E+00 0.000E+00 0.000E+00
      32.268230     -0.063765    -0.052328
 6
       4
     2     2     2     2
     0     1     1     1
 1.710E+00 1.625E+00 1.625E+00 1.625E+00
 0.000E+00 0.000E+00 0.000E+00 0.000E+00
 0.000E+00 0.000E+00 0.000E+00 0.000E+00
 0.000E+00 0.000E+00 0.000E+00 0.000E+00
      34.987466     -0.195577    0.061520
 6
       4
     2     2     2     2
     0     1     1     1
 1.710E+00 1.625E+00 1.625E+00 1.625E+00
 0.000E+00 0.000E+00 0.000E+00 0.000E+00
 0.000E+00 0.000E+00 0.000E+00 0.000E+00
 0.000E+00 0.000E+00 0.000E+00 0.000E+00
      36.388896     -2.331489    0.788437
 6
       4
     2     2     2     2
     0     1     1     1
 1.710E+00 1.625E+00 1.625E+00 1.625E+00
 0.000E+00 0.000E+00 0.000E+00 0.000E+00
 0.000E+00 0.000E+00 0.000E+00 0.000E+00
 0.000E+00 0.000E+00 0.000E+00 0.000E+00
      36.485826     2.163891    -0.472108
 6
       4
     2     2     2     2
     0     1     1     1
 1.710E+00 1.625E+00 1.625E+00 1.625E+00
 0.000E+00 0.000E+00 0.000E+00 0.000E+00
 0.000E+00 0.000E+00 0.000E+00 0.000E+00
 0.000E+00 0.000E+00 0.000E+00 0.000E+00
      39.106976     2.237842    -0.505553
 6
       4
     2     2     2     2
     0     1     1     1
 1.710E+00 1.625E+00 1.625E+00 1.625E+00
 0.000E+00 0.000E+00 0.000E+00 0.000E+00
 0.000E+00 0.000E+00 0.000E+00 0.000E+00
 0.000E+00 0.000E+00 0.000E+00 0.000E+00
      39.153856     -2.316124    0.626867
 6
       4
     2     2     2     2
     0     1     1     1
 1.710E+00 1.625E+00 1.625E+00 1.625E+00
 0.000E+00 0.000E+00 0.000E+00 0.000E+00
 0.000E+00 0.000E+00 0.000E+00 0.000E+00
 0.000E+00 0.000E+00 0.000E+00 0.000E+00
      40.535223     -0.111910    -0.044717
 6
       4
     2     2     2     2
     0     1     1     1
 1.710E+00 1.625E+00 1.625E+00 1.625E+00
 0.000E+00 0.000E+00 0.000E+00 0.000E+00
 0.000E+00 0.000E+00 0.000E+00 0.000E+00
 0.000E+00 0.000E+00 0.000E+00 0.000E+00
      43.228319     -0.272839    -0.250345
 6
       4
     2     2     2     2
     0     1     1     1
 1.710E+00 1.625E+00 1.625E+00 1.625E+00
 0.000E+00 0.000E+00 0.000E+00 0.000E+00
 0.000E+00 0.000E+00 0.000E+00 0.000E+00
 0.000E+00 0.000E+00 0.000E+00 0.000E+00
      45.478055     -0.707659    -0.402411
 6
       4
     2     2     2     2
     0     1     1     1
 1.710E+00 1.625E+00 1.625E+00 1.625E+00
 0.000E+00 0.000E+00 0.000E+00 0.000E+00
 0.000E+00 0.000E+00 0.000E+00 0.000E+00
 0.000E+00 0.000E+00 0.000E+00 0.000E+00
      48.252626     -0.485159    -0.325507
 6
       4
     2     2     2     2
     0     1     1     1
 1.710E+00 1.625E+00 1.625E+00 1.625E+00
 0.000E+00 0.000E+00 0.000E+00 0.000E+00
 0.000E+00 0.000E+00 0.000E+00 0.000E+00
 0.000E+00 0.000E+00 0.000E+00 0.000E+00
      49.863975     -2.518598    0.752725
 6
       4
     2     2     2     2
     0     1     1     1
 1.710E+00 1.625E+00 1.625E+00 1.625E+00
 0.000E+00 0.000E+00 0.000E+00 0.000E+00
 0.000E+00 0.000E+00 0.000E+00 0.000E+00
 0.000E+00 0.000E+00 0.000E+00 0.000E+00
      49.408509     1.606035    -1.296458
 6
       4
     2     2     2     2
     0     1     1     1
 1.710E+00 1.625E+00 1.625E+00 1.625E+00
 0.000E+00 0.000E+00 0.000E+00 0.000E+00
 0.000E+00 0.000E+00 0.000E+00 0.000E+00
 0.000E+00 0.000E+00 0.000E+00 0.000E+00
      52.122447     1.773744    -1.115785
 6
       4
     2     2     2     2
     0     1     1     1
 1.710E+00 1.625E+00 1.625E+00 1.625E+00
 0.000E+00 0.000E+00 0.000E+00 0.000E+00
 0.000E+00 0.000E+00 0.000E+00 0.000E+00
 0.000E+00 0.000E+00 0.000E+00 0.000E+00
      52.434225     -2.117578    1.111646
 6
       4
     2     2     2     2
     0     1     1     1
 1.710E+00 1.625E+00 1.625E+00 1.625E+00
 0.000E+00 0.000E+00 0.000E+00 0.000E+00
 0.000E+00 0.000E+00 0.000E+00 0.000E+00
 0.000E+00 0.000E+00 0.000E+00 0.000E+00
      53.707762     0.011924    -0.042239
 6
       4
     2     2     2     2
     0     1     1     1
 1.710E+00 1.625E+00 1.625E+00 1.625E+00
 0.000E+00 0.000E+00 0.000E+00 0.000E+00
 0.000E+00 0.000E+00 0.000E+00 0.000E+00
 0.000E+00 0.000E+00 0.000E+00 0.000E+00
      56.473256     0.171347    -0.007219
 1
       1
     1
     0
 1.300E+00
 0.000E+00
 0.000E+00
 0.000E+00
      -4.750238     2.378893    1.108564
 1
       1
     1
     0
 1.300E+00
 0.000E+00
 0.000E+00
 0.000E+00
      -0.088161     3.035696    1.281905
 1
       1
     1
     0
 1.300E+00
 0.000E+00
 0.000E+00
 0.000E+00
      -6.120749     -2.114061    -0.237310
 1
       1
     1
     0
 1.300E+00
 0.000E+00
 0.000E+00
 0.000E+00
      -3.265137     -5.574028    -1.593258
 1
       1
     1
     0
 1.300E+00
 0.000E+00
 0.000E+00
 0.000E+00
      1.616772     -4.599068    -1.443622
 1
       1
     1
     0
 1.300E+00
 0.000E+00
 0.000E+00
 0.000E+00
      8.730241     4.659380    -1.385162
 1
       1
     1
     0
 1.300E+00
 0.000E+00
 0.000E+00
 0.000E+00
      9.291274     -3.410816    1.093938
 1
       1
     1
     0
 1.300E+00
 0.000E+00
 0.000E+00
 0.000E+00
      13.344841     4.995464    -1.241144
 1
       1
     1
     0
 1.300E+00
 0.000E+00
 0.000E+00
 0.000E+00
      13.922539     -2.932520    1.437785
 1
       1
     1
     0
 1.300E+00
 0.000E+00
 0.000E+00
 0.000E+00
      22.356305     4.318398    -2.637370
 1
       1
     1
     0
 1.300E+00
 0.000E+00
 0.000E+00
 0.000E+00
      27.196250     4.142493    -2.553963
 1
       1
     1
     0
 1.300E+00
 0.000E+00
 0.000E+00
 0.000E+00
      21.938878     -1.904434    2.864379
 1
       1
     1
     0
 1.300E+00
 0.000E+00
 0.000E+00
 0.000E+00
      26.936426     -2.440681    2.376977
 1
       1
     1
     0
 1.300E+00
 0.000E+00
 0.000E+00
 0.000E+00
      35.384554     3.854457    -0.964463
 1
       1
     1
     0
 1.300E+00
 0.000E+00
 0.000E+00
 0.000E+00
      35.347765     -4.071755    1.434750
 1
       1
     1
     0
 1.300E+00
 0.000E+00
 0.000E+00
 0.000E+00
      40.139513     4.099766    -0.877740
 1
       1
     1
     0
 1.300E+00
 0.000E+00
 0.000E+00
 0.000E+00
      40.281994     -4.119559    0.897395
 1
       1
     1
     0
 1.300E+00
 0.000E+00
 0.000E+00
 0.000E+00
      48.363317     3.307160    -2.124407
 1
       1
     1
     0
 1.300E+00
 0.000E+00
 0.000E+00
 0.000E+00
      48.871852     -4.302606    1.447972
 1
       1
     1
     0
 1.300E+00
 0.000E+00
 0.000E+00
 0.000E+00
      53.113667     3.519639    -1.968337
 1
       1
     1
     0
 1.300E+00
 0.000E+00
 0.000E+00
 0.000E+00
      53.700436     -3.484555    2.101831
 1
       1
     1
     0
 1.300E+00
 0.000E+00
 0.000E+00
 0.000E+00
      61.582929     4.038305    -1.468092
 1
       1
     1
     0
 1.300E+00
 0.000E+00
 0.000E+00
 0.000E+00
      61.789841     -3.743353    1.135996
 6
       4
     2     2     2     2
     0     1     1     1
 1.710E+00 1.625E+00 1.625E+00 1.625E+00
 0.000E+00 0.000E+00 0.000E+00 0.000E+00
 0.000E+00 0.000E+00 0.000E+00 0.000E+00
 0.000E+00 0.000E+00 0.000E+00 0.000E+00
      69.536330     0.299440    -0.022732
 1
       1
     1
     0
 1.300E+00
 0.000E+00
 0.000E+00
 0.000E+00
      66.503237     4.114778    -1.302106
 1
       1
     1
     0
 1.300E+00
 0.000E+00
 0.000E+00
 0.000E+00
      66.509847     -3.729917    1.049586
 6
       4
     2     2     2     2
     0     1     1     1
 1.710E+00 1.625E+00 1.625E+00 1.625E+00
 0.000E+00 0.000E+00 0.000E+00 0.000E+00
 0.000E+00 0.000E+00 0.000E+00 0.000E+00
 0.000E+00 0.000E+00 0.000E+00 0.000E+00
      58.705322     0.320273    -0.017291
 6
       4
     2     2     2     2
     0     1     1     1
 1.710E+00 1.625E+00 1.625E+00 1.625E+00
 0.000E+00 0.000E+00 0.000E+00 0.000E+00
 0.000E+00 0.000E+00 0.000E+00 0.000E+00
 0.000E+00 0.000E+00 0.000E+00 0.000E+00
      61.402181     0.146373    -0.023297
 6
       4
     2     2     2     2
     0     1     1     1
 1.710E+00 1.625E+00 1.625E+00 1.625E+00
 0.000E+00 0.000E+00 0.000E+00 0.000E+00
 0.000E+00 0.000E+00 0.000E+00 0.000E+00
 0.000E+00 0.000E+00 0.000E+00 0.000E+00
      62.787081     -1.985291    0.475899
 6
       4
     2     2     2     2
     0     1     1     1
 1.710E+00 1.625E+00 1.625E+00 1.625E+00
 0.000E+00 0.000E+00 0.000E+00 0.000E+00
 0.000E+00 0.000E+00 0.000E+00 0.000E+00
 0.000E+00 0.000E+00 0.000E+00 0.000E+00
      62.872242     2.381994    -0.910695
 6
       4
     2     2     2     2
     0     1     1     1
 1.710E+00 1.625E+00 1.625E+00 1.625E+00
 0.000E+00 0.000E+00 0.000E+00 0.000E+00
 0.000E+00 0.000E+00 0.000E+00 0.000E+00
 0.000E+00 0.000E+00 0.000E+00 0.000E+00
      65.384776     2.448907    -0.852510
 6
       4
     2     2     2     2
     0     1     1     1
 1.710E+00 1.625E+00 1.625E+00 1.625E+00
 0.000E+00 0.000E+00 0.000E+00 0.000E+00
 0.000E+00 0.000E+00 0.000E+00 0.000E+00
 0.000E+00 0.000E+00 0.000E+00 0.000E+00
      65.529833     -1.967137    0.502078
 6
       4
     2     2     2     2
     0     1     1     1
 1.710E+00 1.625E+00 1.625E+00 1.625E+00
 0.000E+00 0.000E+00 0.000E+00 0.000E+00
 0.000E+00 0.000E+00 0.000E+00 0.000E+00
 0.000E+00 0.000E+00 0.000E+00 0.000E+00
      66.825762     0.101798    -0.154971
 6
       4
     2     2     2     2
     0     1     1     1
 1.710E+00 1.625E+00 1.625E+00 1.625E+00
 0.000E+00 0.000E+00 0.000E+00 0.000E+00
 0.000E+00 0.000E+00 0.000E+00 0.000E+00
 0.000E+00 0.000E+00 0.000E+00 0.000E+00
      80.113370     -0.218078    0.496590
 6
       4
     2     2     2     2
     0     1     1     1
 1.710E+00 1.625E+00 1.625E+00 1.625E+00
 0.000E+00 0.000E+00 0.000E+00 0.000E+00
 0.000E+00 0.000E+00 0.000E+00 0.000E+00
 0.000E+00 0.000E+00 0.000E+00 0.000E+00
      78.859670     2.099918    -0.048625
 6
       4
     2     2     2     2
     0     1     1     1
 1.710E+00 1.625E+00 1.625E+00 1.625E+00
 0.000E+00 0.000E+00 0.000E+00 0.000E+00
 0.000E+00 0.000E+00 0.000E+00 0.000E+00
 0.000E+00 0.000E+00 0.000E+00 0.000E+00
      78.461155     -2.365219    1.003212
 6
       4
     2     2     2     2
     0     1     1     1
 1.710E+00 1.625E+00 1.625E+00 1.625E+00
 0.000E+00 0.000E+00 0.000E+00 0.000E+00
 0.000E+00 0.000E+00 0.000E+00 0.000E+00
 0.000E+00 0.000E+00 0.000E+00 0.000E+00
      76.156919     2.348946    -0.270989
 6
       4
     2     2     2     2
     0     1     1     1
 1.710E+00 1.625E+00 1.625E+00 1.625E+00
 0.000E+00 0.000E+00 0.000E+00 0.000E+00
 0.000E+00 0.000E+00 0.000E+00 0.000E+00
 0.000E+00 0.000E+00 0.000E+00 0.000E+00
      74.616724     0.180614    0.164799
 6
       4
     2     2     2     2
     0     1     1     1
 1.710E+00 1.625E+00 1.625E+00 1.625E+00
 0.000E+00 0.000E+00 0.000E+00 0.000E+00
 0.000E+00 0.000E+00 0.000E+00 0.000E+00
 0.000E+00 0.000E+00 0.000E+00 0.000E+00
      75.854949     -2.151903    0.816547
 6
       4
     2     2     2     2
     0     1     1     1
 1.710E+00 1.625E+00 1.625E+00 1.625E+00
 0.000E+00 0.000E+00 0.000E+00 0.000E+00
 0.000E+00 0.000E+00 0.000E+00 0.000E+00
 0.000E+00 0.000E+00 0.000E+00 0.000E+00
      82.839398     -0.330604    0.430727
 6
       4
     2     2     2     2
     0     1     1     1
 1.710E+00 1.625E+00 1.625E+00 1.625E+00
 0.000E+00 0.000E+00 0.000E+00 0.000E+00
 0.000E+00 0.000E+00 0.000E+00 0.000E+00
 0.000E+00 0.000E+00 0.000E+00 0.000E+00
      85.084941     0.009364    0.319008
 6
       4
     2     2     2     2
     0     1     1     1
 1.710E+00 1.625E+00 1.625E+00 1.625E+00
 0.000E+00 0.000E+00 0.000E+00 0.000E+00
 0.000E+00 0.000E+00 0.000E+00 0.000E+00
 0.000E+00 0.000E+00 0.000E+00 0.000E+00
      87.837219     0.095265    0.111176
 6
       4
     2     2     2     2
     0     1     1     1
 1.710E+00 1.625E+00 1.625E+00 1.625E+00
 0.000E+00 0.000E+00 0.000E+00 0.000E+00
 0.000E+00 0.000E+00 0.000E+00 0.000E+00
 0.000E+00 0.000E+00 0.000E+00 0.000E+00
      89.120175     2.213461    -0.903431
 6
       4
     2     2     2     2
     0     1     1     1
 1.710E+00 1.625E+00 1.625E+00 1.625E+00
 0.000E+00 0.000E+00 0.000E+00 0.000E+00
 0.000E+00 0.000E+00 0.000E+00 0.000E+00
 0.000E+00 0.000E+00 0.000E+00 0.000E+00
      89.386655     -2.024802    0.714976
 6
       4
     2     2     2     2
     0     1     1     1
 1.710E+00 1.625E+00 1.625E+00 1.625E+00
 0.000E+00 0.000E+00 0.000E+00 0.000E+00
 0.000E+00 0.000E+00 0.000E+00 0.000E+00
 0.000E+00 0.000E+00 0.000E+00 0.000E+00
      91.828887     2.424843    -1.092156
 6
       4
     2     2     2     2
     0     1     1     1
 1.710E+00 1.625E+00 1.625E+00 1.625E+00
 0.000E+00 0.000E+00 0.000E+00 0.000E+00
 0.000E+00 0.000E+00 0.000E+00 0.000E+00
 0.000E+00 0.000E+00 0.000E+00 0.000E+00
      92.091546     -1.889405    0.437360
 6
       4
     2     2     2     2
     0     1     1     1
 1.710E+00 1.625E+00 1.625E+00 1.625E+00
 0.000E+00 0.000E+00 0.000E+00 0.000E+00
 0.000E+00 0.000E+00 0.000E+00 0.000E+00
 0.000E+00 0.000E+00 0.000E+00 0.000E+00
      93.359384     0.287709    -0.434420
 6
       4
     2     2     2     2
     0     1     1     1
 1.710E+00 1.625E+00 1.625E+00 1.625E+00
 0.000E+00 0.000E+00 0.000E+00 0.000E+00
 0.000E+00 0.000E+00 0.000E+00 0.000E+00
 0.000E+00 0.000E+00 0.000E+00 0.000E+00
      96.045012     0.389629    -0.248550
 6
       4
     2     2     2     2
     0     1     1     1
 1.710E+00 1.625E+00 1.625E+00 1.625E+00
 0.000E+00 0.000E+00 0.000E+00 0.000E+00
 0.000E+00 0.000E+00 0.000E+00 0.000E+00
 0.000E+00 0.000E+00 0.000E+00 0.000E+00
      98.307635     0.342613    -0.001612
 6
       4
     2     2     2     2
     0     1     1     1
 1.710E+00 1.625E+00 1.625E+00 1.625E+00
 0.000E+00 0.000E+00 0.000E+00 0.000E+00
 0.000E+00 0.000E+00 0.000E+00 0.000E+00
 0.000E+00 0.000E+00 0.000E+00 0.000E+00
      101.026278     0.444515    -0.025783
 6
       4
     2     2     2     2
     0     1     1     1
 1.710E+00 1.625E+00 1.625E+00 1.625E+00
 0.000E+00 0.000E+00 0.000E+00 0.000E+00
 0.000E+00 0.000E+00 0.000E+00 0.000E+00
 0.000E+00 0.000E+00 0.000E+00 0.000E+00
      102.615899     -1.769118    0.699979
 6
       4
     2     2     2     2
     0     1     1     1
 1.710E+00 1.625E+00 1.625E+00 1.625E+00
 0.000E+00 0.000E+00 0.000E+00 0.000E+00
 0.000E+00 0.000E+00 0.000E+00 0.000E+00
 0.000E+00 0.000E+00 0.000E+00 0.000E+00
      102.374048     2.595219    -0.628030
 6
       4
     2     2     2     2
     0     1     1     1
 1.710E+00 1.625E+00 1.625E+00 1.625E+00
 0.000E+00 0.000E+00 0.000E+00 0.000E+00
 0.000E+00 0.000E+00 0.000E+00 0.000E+00
 0.000E+00 0.000E+00 0.000E+00 0.000E+00
      105.127683     2.586848    -0.672578
 6
       4
     2     2     2     2
     0     1     1     1
 1.710E+00 1.625E+00 1.625E+00 1.625E+00
 0.000E+00 0.000E+00 0.000E+00 0.000E+00
 0.000E+00 0.000E+00 0.000E+00 0.000E+00
 0.000E+00 0.000E+00 0.000E+00 0.000E+00
      105.192729     -1.650840    0.827830
 6
       4
     2     2     2     2
     0     1     1     1
 1.710E+00 1.625E+00 1.625E+00 1.625E+00
 0.000E+00 0.000E+00 0.000E+00 0.000E+00
 0.000E+00 0.000E+00 0.000E+00 0.000E+00
 0.000E+00 0.000E+00 0.000E+00 0.000E+00
      106.615445     0.602936    0.277026
 6
       4
     2     2     2     2
     0     1     1     1
 1.710E+00 1.625E+00 1.625E+00 1.625E+00
 0.000E+00 0.000E+00 0.000E+00 0.000E+00
 0.000E+00 0.000E+00 0.000E+00 0.000E+00
 0.000E+00 0.000E+00 0.000E+00 0.000E+00
      109.366268     0.686400    0.341213
 6
       4
     2     2     2     2
     0     1     1     1
 1.710E+00 1.625E+00 1.625E+00 1.625E+00
 0.000E+00 0.000E+00 0.000E+00 0.000E+00
 0.000E+00 0.000E+00 0.000E+00 0.000E+00
 0.000E+00 0.000E+00 0.000E+00 0.000E+00
      111.566064     0.964492    -0.087736
 6
       4
     2     2     2     2
     0     1     1     1
 1.710E+00 1.625E+00 1.625E+00 1.625E+00
 0.000E+00 0.000E+00 0.000E+00 0.000E+00
 0.000E+00 0.000E+00 0.000E+00 0.000E+00
 0.000E+00 0.000E+00 0.000E+00 0.000E+00
      114.297191     0.921980    -0.087228
 6
       4
     2     2     2     2
     0     1     1     1
 1.710E+00 1.625E+00 1.625E+00 1.625E+00
 0.000E+00 0.000E+00 0.000E+00 0.000E+00
 0.000E+00 0.000E+00 0.000E+00 0.000E+00
 0.000E+00 0.000E+00 0.000E+00 0.000E+00
      115.498743     -1.412591    -0.510099
 6
       4
     2     2     2     2
     0     1     1     1
 1.710E+00 1.625E+00 1.625E+00 1.625E+00
 0.000E+00 0.000E+00 0.000E+00 0.000E+00
 0.000E+00 0.000E+00 0.000E+00 0.000E+00
 0.000E+00 0.000E+00 0.000E+00 0.000E+00
      115.925534     3.058493    0.544175
 6
       4
     2     2     2     2
     0     1     1     1
 1.710E+00 1.625E+00 1.625E+00 1.625E+00
 0.000E+00 0.000E+00 0.000E+00 0.000E+00
 0.000E+00 0.000E+00 0.000E+00 0.000E+00
 0.000E+00 0.000E+00 0.000E+00 0.000E+00
      118.513328     2.731348    0.629434
 6
       4
     2     2     2     2
     0     1     1     1
 1.710E+00 1.625E+00 1.625E+00 1.625E+00
 0.000E+00 0.000E+00 0.000E+00 0.000E+00
 0.000E+00 0.000E+00 0.000E+00 0.000E+00
 0.000E+00 0.000E+00 0.000E+00 0.000E+00
      118.132649     -1.716166    -0.466798
 6
       4
     2     2     2     2
     0     1     1     1
 1.710E+00 1.625E+00 1.625E+00 1.625E+00
 0.000E+00 0.000E+00 0.000E+00 0.000E+00
 0.000E+00 0.000E+00 0.000E+00 0.000E+00
 0.000E+00 0.000E+00 0.000E+00 0.000E+00
      119.788343     0.393452    0.119733
 6
       4
     2     2     2     2
     0     1     1     1
 1.710E+00 1.625E+00 1.625E+00 1.625E+00
 0.000E+00 0.000E+00 0.000E+00 0.000E+00
 0.000E+00 0.000E+00 0.000E+00 0.000E+00
 0.000E+00 0.000E+00 0.000E+00 0.000E+00
      122.501164     0.131446    0.105957
 6
       4
     2     2     2     2
     0     1     1     1
 1.710E+00 1.625E+00 1.625E+00 1.625E+00
 0.000E+00 0.000E+00 0.000E+00 0.000E+00
 0.000E+00 0.000E+00 0.000E+00 0.000E+00
 0.000E+00 0.000E+00 0.000E+00 0.000E+00
      124.729880     -0.025122    0.068425
 6
       4
     2     2     2     2
     0     1     1     1
 1.710E+00 1.625E+00 1.625E+00 1.625E+00
 0.000E+00 0.000E+00 0.000E+00 0.000E+00
 0.000E+00 0.000E+00 0.000E+00 0.000E+00
 0.000E+00 0.000E+00 0.000E+00 0.000E+00
      127.449984     -0.203272    -0.157271
 6
       4
     2     2     2     2
     0     1     1     1
 1.710E+00 1.625E+00 1.625E+00 1.625E+00
 0.000E+00 0.000E+00 0.000E+00 0.000E+00
 0.000E+00 0.000E+00 0.000E+00 0.000E+00
 0.000E+00 0.000E+00 0.000E+00 0.000E+00
      128.720292     -2.360338    -1.124755
 6
       4
     2     2     2     2
     0     1     1     1
 1.710E+00 1.625E+00 1.625E+00 1.625E+00
 0.000E+00 0.000E+00 0.000E+00 0.000E+00
 0.000E+00 0.000E+00 0.000E+00 0.000E+00
 0.000E+00 0.000E+00 0.000E+00 0.000E+00
      128.963078     1.919803    0.600606
 6
       4
     2     2     2     2
     0     1     1     1
 1.710E+00 1.625E+00 1.625E+00 1.625E+00
 0.000E+00 0.000E+00 0.000E+00 0.000E+00
 0.000E+00 0.000E+00 0.000E+00 0.000E+00
 0.000E+00 0.000E+00 0.000E+00 0.000E+00
      131.685172     1.759316    0.590526
 6
       4
     2     2     2     2
     0     1     1     1
 1.710E+00 1.625E+00 1.625E+00 1.625E+00
 0.000E+00 0.000E+00 0.000E+00 0.000E+00
 0.000E+00 0.000E+00 0.000E+00 0.000E+00
 0.000E+00 0.000E+00 0.000E+00 0.000E+00
      131.366657     -2.567758    -1.024443
 6
       4
     2     2     2     2
     0     1     1     1
 1.710E+00 1.625E+00 1.625E+00 1.625E+00
 0.000E+00 0.000E+00 0.000E+00 0.000E+00
 0.000E+00 0.000E+00 0.000E+00 0.000E+00
 0.000E+00 0.000E+00 0.000E+00 0.000E+00
      132.864860     -0.616357    0.012943
 6
       4
     2     2     2     2
     0     1     1     1
 1.710E+00 1.625E+00 1.625E+00 1.625E+00
 0.000E+00 0.000E+00 0.000E+00 0.000E+00
 0.000E+00 0.000E+00 0.000E+00 0.000E+00
 0.000E+00 0.000E+00 0.000E+00 0.000E+00
      135.604923     -0.851238    0.350000
 1
       1
     1
     0
 1.300E+00
 0.000E+00
 0.000E+00
 0.000E+00
      75.387389     4.142773    -0.801601
 1
       1
     1
     0
 1.300E+00
 0.000E+00
 0.000E+00
 0.000E+00
      80.062382     3.852736    -0.378348
 6
       4
     2     2     2     2
     0     1     1     1
 1.710E+00 1.625E+00 1.625E+00 1.625E+00
 0.000E+00 0.000E+00 0.000E+00 0.000E+00
 0.000E+00 0.000E+00 0.000E+00 0.000E+00
 0.000E+00 0.000E+00 0.000E+00 0.000E+00
      71.858505     0.297346    -0.017138
 1
       1
     1
     0
 1.300E+00
 0.000E+00
 0.000E+00
 0.000E+00
      74.649122     -3.809922    1.266816
 1
       1
     1
     0
 1.300E+00
 0.000E+00
 0.000E+00
 0.000E+00
      79.425563     -4.268730    1.460231
 1
       1
     1
     0
 1.300E+00
 0.000E+00
 0.000E+00
 0.000E+00
      87.918304     3.780172    -1.582048
 1
       1
     1
     0
 1.300E+00
 0.000E+00
 0.000E+00
 0.000E+00
      88.457603     -3.818792    1.315040
 1
       1
     1
     0
 1.300E+00
 0.000E+00
 0.000E+00
 0.000E+00
      92.735820     4.181571    -1.896223
 1
       1
     1
     0
 1.300E+00
 0.000E+00
 0.000E+00
 0.000E+00
      93.290307     -3.590580    0.849804
 1
       1
     1
     0
 1.300E+00
 0.000E+00
 0.000E+00
 0.000E+00
      101.329060     4.309480    -1.244967
 1
       1
     1
     0
 1.300E+00
 0.000E+00
 0.000E+00
 0.000E+00
      106.160624     4.356249    -1.331646
 1
       1
     1
     0
 1.300E+00
 0.000E+00
 0.000E+00
 0.000E+00
      101.613000     -3.635827    1.059426
 1
       1
     1
     0
 1.300E+00
 0.000E+00
 0.000E+00
 0.000E+00
      106.288069     -3.422033    1.403842
 1
       1
     1
     0
 1.300E+00
 0.000E+00
 0.000E+00
 0.000E+00
      115.086720     4.947645    1.049025
 1
       1
     1
     0
 1.300E+00
 0.000E+00
 0.000E+00
 0.000E+00
      114.265341     -3.154487    -0.877649
 1
       1
     1
     0
 1.300E+00
 0.000E+00
 0.000E+00
 0.000E+00
      119.719024     4.416241    1.096317
 1
       1
     1
     0
 1.300E+00
 0.000E+00
 0.000E+00
 0.000E+00
      118.934079     -3.701523    -0.742795
 1
       1
     1
     0
 1.300E+00
 0.000E+00
 0.000E+00
 0.000E+00
      127.926855     3.666097    1.186359
 1
       1
     1
     0
 1.300E+00
 0.000E+00
 0.000E+00
 0.000E+00
      127.491205     -3.939482    -1.840956
 1
       1
     1
     0
 1.300E+00
 0.000E+00
 0.000E+00
 0.000E+00
      132.782271     3.379320    1.171966
 1
       1
     1
     0
 1.300E+00
 0.000E+00
 0.000E+00
 0.000E+00
      132.260384     -4.422983    -1.722986
 1
       1
     1
     0
 1.300E+00
 0.000E+00
 0.000E+00
 0.000E+00
      141.045691     1.874584    3.071306
 1
       1
     1
     0
 1.300E+00
 0.000E+00
 0.000E+00
 0.000E+00
      140.811018     -4.154466    -2.659222
 1
       1
     1
     0
 1.300E+00
 0.000E+00
 0.000E+00
 0.000E+00
      147.588163     -1.412300    -0.085605
 1
       1
     1
     0
 1.300E+00
 0.000E+00
 0.000E+00
 0.000E+00
      145.713517     1.977746    3.119460
 1
       1
     1
     0
 1.300E+00
 0.000E+00
 0.000E+00
 0.000E+00
      145.301868     -4.309836    -2.722608
 6
       4
     2     2     2     2
     0     1     1     1
 1.710E+00 1.625E+00 1.625E+00 1.625E+00
 0.000E+00 0.000E+00 0.000E+00 0.000E+00
 0.000E+00 0.000E+00 0.000E+00 0.000E+00
 0.000E+00 0.000E+00 0.000E+00 0.000E+00
      137.903370     -1.142555    0.456928
 6
       4
     2     2     2     2
     0     1     1     1
 1.710E+00 1.625E+00 1.625E+00 1.625E+00
 0.000E+00 0.000E+00 0.000E+00 0.000E+00
 0.000E+00 0.000E+00 0.000E+00 0.000E+00
 0.000E+00 0.000E+00 0.000E+00 0.000E+00
      140.612640     -1.295230    0.391742
 6
       4
     2     2     2     2
     0     1     1     1
 1.710E+00 1.625E+00 1.625E+00 1.625E+00
 0.000E+00 0.000E+00 0.000E+00 0.000E+00
 0.000E+00 0.000E+00 0.000E+00 0.000E+00
 0.000E+00 0.000E+00 0.000E+00 0.000E+00
      141.728278     -2.916626    -1.254404
 6
       4
     2     2     2     2
     0     1     1     1
 1.710E+00 1.625E+00 1.625E+00 1.625E+00
 0.000E+00 0.000E+00 0.000E+00 0.000E+00
 0.000E+00 0.000E+00 0.000E+00 0.000E+00
 0.000E+00 0.000E+00 0.000E+00 0.000E+00
      142.116807     0.561319    1.898309
 6
       4
     2     2     2     2
     0     1     1     1
 1.710E+00 1.625E+00 1.625E+00 1.625E+00
 0.000E+00 0.000E+00 0.000E+00 0.000E+00
 0.000E+00 0.000E+00 0.000E+00 0.000E+00
 0.000E+00 0.000E+00 0.000E+00 0.000E+00
      144.703371     0.503769    1.938077
 6
       4
     2     2     2     2
     0     1     1     1
 1.710E+00 1.625E+00 1.625E+00 1.625E+00
 0.000E+00 0.000E+00 0.000E+00 0.000E+00
 0.000E+00 0.000E+00 0.000E+00 0.000E+00
 0.000E+00 0.000E+00 0.000E+00 0.000E+00
      144.620048     -2.978647    -1.261077
 6
       4
     2     2     2     2
     0     1     1     1
 1.710E+00 1.625E+00 1.625E+00 1.625E+00
 0.000E+00 0.000E+00 0.000E+00 0.000E+00
 0.000E+00 0.000E+00 0.000E+00 0.000E+00
 0.000E+00 0.000E+00 0.000E+00 0.000E+00
      146.032266     -1.401179    0.164329
# LCAO coefficients .. are not included.
         1
        1        0.000082741850610   k=         1
        2        -0.001335230993809   k=         1
        3        -0.004142020908784   k=         1
        4        0.023628757948571   k=         1
        5        0.001453401410446   k=         1
        6        0.003140409982070   k=         1
        7        -0.013732629082790   k=         1
        8        0.024124577217078   k=         1
        9        -0.001652706534772   k=         1
        10        -0.002728196848044   k=         1
        11        -0.011305347454798   k=         1
        12        0.018744470670197   k=         1
        13        -0.000420532782090   k=         1
        14        -0.000885216995780   k=         1
        15        0.003148665082716   k=         1
        16        -0.006123494753088   k=         1
        17        0.000013198101675   k=         1
        18        -0.004307908868519   k=         1
        19        0.009531126502220   k=         1
        20        -0.033417869672209   k=         1
        21        0.000617868753365   k=         1
        22        0.000799592542363   k=         1
        23        0.004169425205151   k=         1
        24        -0.011648702970161   k=         1
        25        0.001221956187111   k=         1
        26        0.004253900194019   k=         1
        27        -0.007470695334377   k=         1
        28        -0.039989849260762   k=         1
        29        -0.001208617587291   k=         1
        30        0.000031203515252   k=         1
        31        -0.000277390765885   k=         1
        32        -0.029123140907679   k=         1
        33        0.000632066203311   k=         1
        34        0.000545721348518   k=         1
        35        0.013148929701596   k=         1
        36        0.047350912964374   k=         1
        37        -0.000102849921894   k=         1
        38        0.000943361249833   k=         1
        39        0.010785460810008   k=         1
        40        0.025630694636376   k=         1
        41        0.000608122548594   k=         1
        42        -0.003499287679262   k=         1
        43        0.007825319015720   k=         1
        44        0.026152342431200   k=         1
        45        -0.001117679404166   k=         1
        46        -0.000416343537574   k=         1
        47        -0.008831341340165   k=         1
        48        -0.029912397592530   k=         1
        49        0.000169832603070   k=         1
        50        0.004673062060933   k=         1
        51        -0.006952833620689   k=         1
        52        -0.029054371736046   k=         1
        53        0.000682860060566   k=         1
        54        0.007638615011750   k=         1
        55        -0.015431413645969   k=         1
        56        -0.042470773300309   k=         1
        57        0.000664733749252   k=         1
        58        -0.005093597304227   k=         1
        59        0.023116957521693   k=         1
        60        0.033729473386484   k=         1
        61        0.000572372916077   k=         1
        62        0.004527544271427   k=         1
        63        0.017777489545562   k=         1
        64        0.036102109984559   k=         1
        65        -0.000481410022096   k=         1
        66        -0.008210268566298   k=         1
        67        -0.029331038880349   k=         1
        68        -0.036701278570422   k=         1
        69        -0.001367950850907   k=         1
        70        -0.002869248152286   k=         1
        71        -0.018370486517872   k=         1
        72        -0.018418201656465   k=         1
        73        0.001631957034342   k=         1
        74        -0.001227129333399   k=         1
        75        -0.024780743572507   k=         1
        76        -0.023211700728557   k=         1
        77        -0.001155139290995   k=         1
        78        -0.002404211802254   k=         1
        79        0.024063912461553   k=         1
        80        0.025245425756324   k=         1
        81        0.001204731706660   k=         1
        82        0.005465810341046   k=         1
        83        0.021969014676300   k=         1
        84        0.025297901455279   k=         1
        85        0.000220981179685   k=         1
        86        0.003799580266743   k=         1
        87        0.023863820977000   k=         1
        88        0.037664250058341   k=         1
        89        -0.003157978682381   k=         1
        90        -0.005741385041208   k=         1
        91        -0.017963706039690   k=         1
        92        -0.054950263156645   k=         1
        93        0.003135898121466   k=         1
        94        -0.001531571145567   k=         1
        95        -0.017624026217310   k=         1
        96        -0.036227952394271   k=         1
        97        -0.001650554030276   k=         1
        98        -0.005412195962568   k=         1
        99        0.024256476172611   k=         1
        100        0.073282768982764   k=         1
        101        -0.000511983733181   k=         1
        102        0.002480418287432   k=         1
        103        0.012431237698870   k=         1
        104        0.040078094621315   k=         1
        105        0.000556923072906   k=         1
        106        -0.003038584062511   k=         1
        107        0.008332489818398   k=         1
        108        0.039931345708738   k=         1
        109        -0.000506942789351   k=         1
        110        -0.000404220720761   k=         1
        111        -0.006481886956588   k=         1
        112        -0.039919190446282   k=         1
        113        0.001157274337949   k=         1
        114        -0.005329943140000   k=         1
        115        -0.011578762665050   k=         1
        116        -0.065069139802801   k=         1
        117        -0.000439144882149   k=         1
        118        -0.009180277183446   k=         1
        119        -0.018359497083271   k=         1
        120        -0.068153816134486   k=         1
        121        0.001558301047581   k=         1
        122        0.010883424965624   k=         1
        123        0.023153221920020   k=         1
        124        0.062915013090201   k=         1
        125        -0.002063170386819   k=         1
        126        0.003838271144519   k=         1
        127        0.020227010486541   k=         1
        128        0.066628318995913   k=         1
        129        -0.001742436665505   k=         1
        130        0.003877349467591   k=         1
        131        -0.029979971641900   k=         1
        132        -0.068816665960462   k=         1
        133        0.000687886621454   k=         1
        134        0.012653407128780   k=         1
        135        -0.021436910353369   k=         1
        136        -0.041126378521524   k=         1
        137        0.001641263381602   k=         1
        138        0.004169672280242   k=         1
        139        -0.023812828395391   k=         1
        140        -0.047833302426791   k=         1
        141        -0.000730747506137   k=         1
        142        -0.006595970016471   k=         1
        143        0.029733456417063   k=         1
        144        0.052178737810002   k=         1
        145        0.002196271762964   k=         1
        146        -0.008884523185780   k=         1
        147        0.020135465760856   k=         1
        148        0.031637900979413   k=         1
        149        -0.001110623753525   k=         1
        150        -0.002805689775401   k=         1
        151        0.037476304202735   k=         1
        152        0.064727430111244   k=         1
        153        0.002082815036075   k=         1
        154        0.001049561629501   k=         1
        155        -0.026140272287908   k=         1
        156        -0.064919233233721   k=         1
        157        0.001717392835526   k=         1
        158        -0.001038892206378   k=         1
        159        0.000435405763667   k=         1
        160        -0.002163974889694   k=         1
        161        0.000713396324484   k=         1
        162        0.000160392603466   k=         1
        163        0.001065668793845   k=         1
        164        -0.000861063458385   k=         1
        165        -0.000410429170844   k=         1
        166        -0.002635620574217   k=         1
        167        0.001448327951214   k=         1
        168        0.000673361366731   k=         1
        169        -0.001275834032316   k=         1
        170        -0.002137613168256   k=         1
        171        0.000635206093082   k=         1
        172        0.002388945424108   k=         1
        173        0.000059705102441   k=         1
        174        -0.002407065056903   k=         1
        175        -0.000337363846709   k=         1
        176        -0.001217061964008   k=         1
        177        -0.002396740632194   k=         1
        178        0.000424262562447   k=         1
        179        0.001700212347655   k=         1
        180        0.001844850350593   k=         1
        181        -0.002592040910969   k=         1
        182        0.017279313148090   k=         1
        183        0.064964770118485   k=         1
        184        0.000561471234506   k=         1
        185        -0.001406595178161   k=         1
        186        -0.001922461871296   k=         1
        187        -0.001458456315049   k=         1
        188        -0.030285067103632   k=         1
        189        -0.057305952784802   k=         1
        190        0.002780306836451   k=         1
        191        0.005936194706887   k=         1
        192        0.026443420436980   k=         1
        193        0.075133063178461   k=         1
        194        -0.002400460903462   k=         1
        195        0.005113803797491   k=         1
        196        0.016789431377809   k=         1
        197        0.063558687293032   k=         1
        198        0.000274886006000   k=         1
        199        -0.001898136603811   k=         1
        200        0.009964450523107   k=         1
        201        0.034072374167539   k=         1
        202        -0.000752133453002   k=         1
        203        0.002300172364829   k=         1
        204        -0.010926922960182   k=         1
        205        -0.039518876586827   k=         1
        206        -0.000545796467273   k=         1
        207        -0.000766658124170   k=         1
        208        -0.018524849168665   k=         1
        209        -0.057090442993943   k=         1
        210        0.001388726528711   k=         1
        211        0.004045886480199   k=         1
        212        -0.022018743306045   k=         1
        213        -0.074217508137404   k=         1
        214        0.000028513673849   k=         1
        215        0.002823238656189   k=         1
        216        0.017041004931819   k=         1
        217        0.073972836877277   k=         1
        218        0.000567440354788   k=         1
        219        -0.003969504317057   k=         1
        220        0.009234262196515   k=         1
        221        0.042312822106213   k=         1
        222        -0.000038226553481   k=         1
        223        -0.003022881801445   k=         1
        224        0.008195331510638   k=         1
        225        0.038227128480354   k=         1
        226        0.000061727453911   k=         1
        227        0.006338352475968   k=         1
        228        -0.013534101980713   k=         1
        229        -0.053919954290851   k=         1
        230        0.000234593997102   k=         1
        231        0.002403554092267   k=         1
        232        -0.016640425368027   k=         1
        233        -0.066625709842004   k=         1
        234        0.000761311197039   k=         1
        235        0.003356993343422   k=         1
        236        -0.013278156339711   k=         1
        237        -0.045954793312227   k=         1
        238        0.001695071091443   k=         1
        239        -0.002163849585760   k=         1
        240        -0.012385303243563   k=         1
        241        -0.041454642885753   k=         1
        242        -0.000890871133490   k=         1
        243        -0.001374481202382   k=         1
        244        -0.014038142489791   k=         1
        245        -0.059574046666451   k=         1
        246        0.000745630348681   k=         1
        247        0.002213898559324   k=         1
        248        0.013413013920639   k=         1
        249        0.037992529567525   k=         1
        250        -0.000260931890531   k=         1
        251        0.004194637970914   k=         1
        252        0.017355611857849   k=         1
        253        0.032573841664001   k=         1
        254        0.001606706209856   k=         1
        255        0.004147507480292   k=         1
        256        0.012782846484382   k=         1
        257        0.035733694633701   k=         1
        258        -0.000644559022305   k=         1
        259        -0.003407301422816   k=         1
        260        -0.008347750902849   k=         1
        261        -0.022725464531402   k=         1
        262        -0.000783968610222   k=         1
        263        -0.004042712240599   k=         1
        264        -0.008756920714609   k=         1
        265        -0.021771976552177   k=         1
        266        0.001956832231734   k=         1
        267        0.002830865882429   k=         1
        268        -0.015083330723369   k=         1
        269        -0.045442532746456   k=         1
        270        0.000283698617240   k=         1
        271        -0.004099371451275   k=         1
        272        0.007168895832163   k=         1
        273        0.022334168310178   k=         1
        274        0.001132211978895   k=         1
        275        -0.001968324983738   k=         1
        276        0.012030145013087   k=         1
        277        0.036747508891704   k=         1
        278        0.000472415532371   k=         1
        279        -0.000126854487286   k=         1
        280        -0.005785797281059   k=         1
        281        -0.017990749484253   k=         1
        282        -0.000079445159067   k=         1
        283        0.001365873198603   k=         1
        284        -0.004464828590236   k=         1
        285        -0.019829102329243   k=         1
        286        -0.000896677865791   k=         1
        287        -0.000447537314660   k=         1
        288        -0.007459147675175   k=         1
        289        -0.024606415762327   k=         1
        290        0.000093512412851   k=         1
        291        0.000486267540287   k=         1
        292        0.003136007393003   k=         1
        293        0.009557997284626   k=         1
        294        -0.000164314202569   k=         1
        295        -0.001124493333059   k=         1
        296        0.000936289364348   k=         1
        297        0.006590368759347   k=         1
        298        0.000690933545964   k=         1
        299        -0.002978500889254   k=         1
        300        0.010416577194459   k=         1
        301        0.024888397159289   k=         1
        302        -0.000359123589250   k=         1
        303        0.000803879695573   k=         1
        304        -0.004082457932735   k=         1
        305        -0.003017045454446   k=         1
        306        0.000919945002752   k=         1
        307        -0.001953637399027   k=         1
        308        -0.008028377305635   k=         1
        309        -0.014703824742632   k=         1
        310        -0.000175379606448   k=         1
        311        0.000965049246424   k=         1
        312        0.002597746030181   k=         1
        313        -0.001620873037269   k=         1
        314        -0.000845431561364   k=         1
        315        0.001077375442492   k=         1
        316        -0.002941259398342   k=         1
        317        0.004535067981836   k=         1
        318        0.000943531809377   k=         1
        319        -0.002482794348279   k=         1
        320        -0.003496574939917   k=         1
        321        0.003339822527719   k=         1
        322        -0.000393124471687   k=         1
        323        0.000342774458549   k=         1
        324        -0.000012554201942   k=         1
        325        0.002885956272671   k=         1
        326        0.000260228622046   k=         1
        327        -0.000275817554676   k=         1
        328        -0.000094891773048   k=         1
        329        0.003620187465892   k=         1
        330        -0.000110222201011   k=         1
        331        0.000033741211449   k=         1
        332        -0.000069882711399   k=         1
        333        -0.002691447729043   k=         1
        334        0.000026378764717   k=         1
        335        0.000276335442885   k=         1
        336        0.002460916690769   k=         1
        337        -0.005670519631605   k=         1
        338        -0.000061416473889   k=         1
        339        -0.000105435811875   k=         1
        340        0.000922719865892   k=         1
        341        -0.000870992866359   k=         1
        342        -0.000000980217573   k=         1
        343        0.000706749291905   k=         1
        344        -0.003289113143513   k=         1
        345        0.007457196151539   k=         1
        346        0.000131183831146   k=         1
        347        -0.000064057916211   k=         1
        348        -0.001225171670880   k=         1
        349        0.003225896316076   k=         1
        350        0.000075855025943   k=         1
        351        0.000227680487742   k=         1
        352        -0.000978896917395   k=         1
        353        0.003097115745428   k=         1
        354        0.000062115225833   k=         1
        355        0.000241852669067   k=         1
        356        0.001501900813444   k=         1
        357        -0.005226205919010   k=         1
        358        -0.000155586209959   k=         1
        359        0.000341503910911   k=         1
        360        0.001805866368019   k=         1
        361        -0.004854281303564   k=         1
        362        -0.000070991541358   k=         1
        363        0.001755371731290   k=         1
        364        0.002323997190216   k=         1
        365        -0.006178299515859   k=         1
        366        0.000123082302246   k=         1
        367        -0.001382373888379   k=         1
        368        -0.002811558568682   k=         1
        369        0.005336970950193   k=         1
        370        -0.000282965453539   k=         1
        371        -0.001503880153314   k=         1
        372        -0.001074511344845   k=         1
        373        -0.000281749935197   k=         1
        374        0.019937869795603   k=         1
        375        0.070914308671616   k=         1
        376        -0.000681518806768   k=         1
        377        -0.001371449294244   k=         1
        378        -0.000071597259221   k=         1
        379        -0.001046650396852   k=         1
        380        -0.001971998873045   k=         1
        381        -0.000589019500499   k=         1
        382        0.000489713535015   k=         1
        383        -0.000140777795641   k=         1
        384        -0.000653696666354   k=         1
        385        0.001151025684575   k=         1
        386        -0.000692466575658   k=         1
        387        0.000682308926251   k=         1
        388        0.001350779716478   k=         1
        389        -0.000934341974853   k=         1
        390        0.000237777808641   k=         1
        391        0.000025137291185   k=         1
        392        -0.000288129643540   k=         1
        393        -0.000122368716462   k=         1
        394        0.000027975618506   k=         1
        395        -0.000396683260345   k=         1
        396        0.000174839413649   k=         1
        397        -0.000419207018632   k=         1
        398        0.000129363401280   k=         1
        399        0.000174437821613   k=         1
        400        0.000193569371532   k=         1
        401        -0.002771675132928   k=         1
        402        0.006277907789600   k=         1
        403        -0.000065299638533   k=         1
        404        -0.000592937285940   k=         1
        405        0.002625095420038   k=         1
        406        -0.003774667649174   k=         1
        407        0.000226259950023   k=         1
        408        0.000180099340345   k=         1
        409        0.004964323774086   k=         1
        410        -0.003899259111494   k=         1
        411        -0.000159371288682   k=         1
        412        0.000741464255272   k=         1
        413        0.002071800360761   k=         1
        414        -0.001320321025392   k=         1
        415        0.000114626423088   k=         1
        416        -0.000391865308482   k=         1
        417        -0.001376591653126   k=         1
        418        0.001543859123149   k=         1
        419        0.000015975560041   k=         1
        420        -0.000267007071579   k=         1
        421        -0.001149622117452   k=         1
        422        0.000916474247383   k=         1
        423        0.000037263348929   k=         1
        424        0.000628565171877   k=         1
        425        -0.003352654109038   k=         1
        426        0.003870685190201   k=         1
