# file_format= v0.04.05
       144       426
    188.97268778      0.00000000      0.00000000    0
      0.00000000    188.97268778      0.00000000    0
      0.00000000      0.00000000    188.97268778    0
 6
       4
     2     2     2     2
     0     1     1     1
 1.710E+00 1.625E+00 1.625E+00 1.625E+00
 0.000E+00 0.000E+00 0.000E+00 0.000E+00
 0.000E+00 0.000E+00 0.000E+00 0.000E+00
 0.000E+00 0.000E+00 0.000E+00 0.000E+00
      1.215275     -0.717954    0.039095
 6
       4
     2     2     2     2
     0     1     1     1
 1.710E+00 1.625E+00 1.625E+00 1.625E+00
 0.000E+00 0.000E+00 0.000E+00 0.000E+00
 0.000E+00 0.000E+00 0.000E+00 0.000E+00
 0.000E+00 0.000E+00 0.000E+00 0.000E+00
      -0.526300     1.089777    0.520803
 6
       4
     2     2     2     2
     0     1     1     1
 1.710E+00 1.625E+00 1.625E+00 1.625E+00
 0.000E+00 0.000E+00 0.000E+00 0.000E+00
 0.000E+00 0.000E+00 0.000E+00 0.000E+00
 0.000E+00 0.000E+00 0.000E+00 0.000E+00
      0.394928     -3.278474    -0.758434
 6
       4
     2     2     2     2
     0     1     1     1
 1.710E+00 1.625E+00 1.625E+00 1.625E+00
 0.000E+00 0.000E+00 0.000E+00 0.000E+00
 0.000E+00 0.000E+00 0.000E+00 0.000E+00
 0.000E+00 0.000E+00 0.000E+00 0.000E+00
      -3.330765     0.634640    0.434779
 6
       4
     2     2     2     2
     0     1     1     1
 1.710E+00 1.625E+00 1.625E+00 1.625E+00
 0.000E+00 0.000E+00 0.000E+00 0.000E+00
 0.000E+00 0.000E+00 0.000E+00 0.000E+00
 0.000E+00 0.000E+00 0.000E+00 0.000E+00
      -4.188710     -1.970527    -0.517959
 6
       4
     2     2     2     2
     0     1     1     1
 1.710E+00 1.625E+00 1.625E+00 1.625E+00
 0.000E+00 0.000E+00 0.000E+00 0.000E+00
 0.000E+00 0.000E+00 0.000E+00 0.000E+00
 0.000E+00 0.000E+00 0.000E+00 0.000E+00
      -2.360570     -3.733044    -0.986076
 6
       4
     2     2     2     2
     0     1     1     1
 1.710E+00 1.625E+00 1.625E+00 1.625E+00
 0.000E+00 0.000E+00 0.000E+00 0.000E+00
 0.000E+00 0.000E+00 0.000E+00 0.000E+00
 0.000E+00 0.000E+00 0.000E+00 0.000E+00
      3.852479     -0.251662    -0.055360
 6
       4
     2     2     2     2
     0     1     1     1
 1.710E+00 1.625E+00 1.625E+00 1.625E+00
 0.000E+00 0.000E+00 0.000E+00 0.000E+00
 0.000E+00 0.000E+00 0.000E+00 0.000E+00
 0.000E+00 0.000E+00 0.000E+00 0.000E+00
      6.062738     -0.075009    -0.181795
 6
       4
     2     2     2     2
     0     1     1     1
 1.710E+00 1.625E+00 1.625E+00 1.625E+00
 0.000E+00 0.000E+00 0.000E+00 0.000E+00
 0.000E+00 0.000E+00 0.000E+00 0.000E+00
 0.000E+00 0.000E+00 0.000E+00 0.000E+00
      8.757351     0.235413    -0.067843
 6
       4
     2     2     2     2
     0     1     1     1
 1.710E+00 1.625E+00 1.625E+00 1.625E+00
 0.000E+00 0.000E+00 0.000E+00 0.000E+00
 0.000E+00 0.000E+00 0.000E+00 0.000E+00
 0.000E+00 0.000E+00 0.000E+00 0.000E+00
      9.879023     2.622492    -0.483156
 6
       4
     2     2     2     2
     0     1     1     1
 1.710E+00 1.625E+00 1.625E+00 1.625E+00
 0.000E+00 0.000E+00 0.000E+00 0.000E+00
 0.000E+00 0.000E+00 0.000E+00 0.000E+00
 0.000E+00 0.000E+00 0.000E+00 0.000E+00
      10.400475     -1.871823    0.604334
 6
       4
     2     2     2     2
     0     1     1     1
 1.710E+00 1.625E+00 1.625E+00 1.625E+00
 0.000E+00 0.000E+00 0.000E+00 0.000E+00
 0.000E+00 0.000E+00 0.000E+00 0.000E+00
 0.000E+00 0.000E+00 0.000E+00 0.000E+00
      12.465889     2.914445    -0.181935
 6
       4
     2     2     2     2
     0     1     1     1
 1.710E+00 1.625E+00 1.625E+00 1.625E+00
 0.000E+00 0.000E+00 0.000E+00 0.000E+00
 0.000E+00 0.000E+00 0.000E+00 0.000E+00
 0.000E+00 0.000E+00 0.000E+00 0.000E+00
      13.005852     -1.567664    0.782658
 6
       4
     2     2     2     2
     0     1     1     1
 1.710E+00 1.625E+00 1.625E+00 1.625E+00
 0.000E+00 0.000E+00 0.000E+00 0.000E+00
 0.000E+00 0.000E+00 0.000E+00 0.000E+00
 0.000E+00 0.000E+00 0.000E+00 0.000E+00
      14.148401     0.917071    0.301506
 6
       4
     2     2     2     2
     0     1     1     1
 1.710E+00 1.625E+00 1.625E+00 1.625E+00
 0.000E+00 0.000E+00 0.000E+00 0.000E+00
 0.000E+00 0.000E+00 0.000E+00 0.000E+00
 0.000E+00 0.000E+00 0.000E+00 0.000E+00
      16.797948     1.250670    0.265144
 6
       4
     2     2     2     2
     0     1     1     1
 1.710E+00 1.625E+00 1.625E+00 1.625E+00
 0.000E+00 0.000E+00 0.000E+00 0.000E+00
 0.000E+00 0.000E+00 0.000E+00 0.000E+00
 0.000E+00 0.000E+00 0.000E+00 0.000E+00
      19.045148     1.262562    0.324693
 6
       4
     2     2     2     2
     0     1     1     1
 1.710E+00 1.625E+00 1.625E+00 1.625E+00
 0.000E+00 0.000E+00 0.000E+00 0.000E+00
 0.000E+00 0.000E+00 0.000E+00 0.000E+00
 0.000E+00 0.000E+00 0.000E+00 0.000E+00
      21.779941     1.333710    0.213104
 6
       4
     2     2     2     2
     0     1     1     1
 1.710E+00 1.625E+00 1.625E+00 1.625E+00
 0.000E+00 0.000E+00 0.000E+00 0.000E+00
 0.000E+00 0.000E+00 0.000E+00 0.000E+00
 0.000E+00 0.000E+00 0.000E+00 0.000E+00
      23.231369     -0.621024    1.466184
 6
       4
     2     2     2     2
     0     1     1     1
 1.710E+00 1.625E+00 1.625E+00 1.625E+00
 0.000E+00 0.000E+00 0.000E+00 0.000E+00
 0.000E+00 0.000E+00 0.000E+00 0.000E+00
 0.000E+00 0.000E+00 0.000E+00 0.000E+00
      23.351501     3.184899    -1.084637
 6
       4
     2     2     2     2
     0     1     1     1
 1.710E+00 1.625E+00 1.625E+00 1.625E+00
 0.000E+00 0.000E+00 0.000E+00 0.000E+00
 0.000E+00 0.000E+00 0.000E+00 0.000E+00
 0.000E+00 0.000E+00 0.000E+00 0.000E+00
      25.884939     2.778999    -1.270058
 6
       4
     2     2     2     2
     0     1     1     1
 1.710E+00 1.625E+00 1.625E+00 1.625E+00
 0.000E+00 0.000E+00 0.000E+00 0.000E+00
 0.000E+00 0.000E+00 0.000E+00 0.000E+00
 0.000E+00 0.000E+00 0.000E+00 0.000E+00
      25.802744     -0.811603    1.494524
 6
       4
     2     2     2     2
     0     1     1     1
 1.710E+00 1.625E+00 1.625E+00 1.625E+00
 0.000E+00 0.000E+00 0.000E+00 0.000E+00
 0.000E+00 0.000E+00 0.000E+00 0.000E+00
 0.000E+00 0.000E+00 0.000E+00 0.000E+00
      27.375584     0.792139    -0.063351
 6
       4
     2     2     2     2
     0     1     1     1
 1.710E+00 1.625E+00 1.625E+00 1.625E+00
 0.000E+00 0.000E+00 0.000E+00 0.000E+00
 0.000E+00 0.000E+00 0.000E+00 0.000E+00
 0.000E+00 0.000E+00 0.000E+00 0.000E+00
      30.093321     0.466027    -0.244245
 6
       4
     2     2     2     2
     0     1     1     1
 1.710E+00 1.625E+00 1.625E+00 1.625E+00
 0.000E+00 0.000E+00 0.000E+00 0.000E+00
 0.000E+00 0.000E+00 0.000E+00 0.000E+00
 0.000E+00 0.000E+00 0.000E+00 0.000E+00
      32.408086     0.171264    -0.061467
 6
       4
     2     2     2     2
     0     1     1     1
 1.710E+00 1.625E+00 1.625E+00 1.625E+00
 0.000E+00 0.000E+00 0.000E+00 0.000E+00
 0.000E+00 0.000E+00 0.000E+00 0.000E+00
 0.000E+00 0.000E+00 0.000E+00 0.000E+00
      35.026872     -0.032815    -0.155118
 6
       4
     2     2     2     2
     0     1     1     1
 1.710E+00 1.625E+00 1.625E+00 1.625E+00
 0.000E+00 0.000E+00 0.000E+00 0.000E+00
 0.000E+00 0.000E+00 0.000E+00 0.000E+00
 0.000E+00 0.000E+00 0.000E+00 0.000E+00
      36.456550     -2.383287    0.533740
 6
       4
     2     2     2     2
     0     1     1     1
 1.710E+00 1.625E+00 1.625E+00 1.625E+00
 0.000E+00 0.000E+00 0.000E+00 0.000E+00
 0.000E+00 0.000E+00 0.000E+00 0.000E+00
 0.000E+00 0.000E+00 0.000E+00 0.000E+00
      36.652033     2.024974    -0.732435
 6
       4
     2     2     2     2
     0     1     1     1
 1.710E+00 1.625E+00 1.625E+00 1.625E+00
 0.000E+00 0.000E+00 0.000E+00 0.000E+00
 0.000E+00 0.000E+00 0.000E+00 0.000E+00
 0.000E+00 0.000E+00 0.000E+00 0.000E+00
      39.294590     1.914888    -0.769757
 6
       4
     2     2     2     2
     0     1     1     1
 1.710E+00 1.625E+00 1.625E+00 1.625E+00
 0.000E+00 0.000E+00 0.000E+00 0.000E+00
 0.000E+00 0.000E+00 0.000E+00 0.000E+00
 0.000E+00 0.000E+00 0.000E+00 0.000E+00
      39.076368     -2.437378    0.700920
 6
       4
     2     2     2     2
     0     1     1     1
 1.710E+00 1.625E+00 1.625E+00 1.625E+00
 0.000E+00 0.000E+00 0.000E+00 0.000E+00
 0.000E+00 0.000E+00 0.000E+00 0.000E+00
 0.000E+00 0.000E+00 0.000E+00 0.000E+00
      40.686670     -0.279780    -0.099904
 6
       4
     2     2     2     2
     0     1     1     1
 1.710E+00 1.625E+00 1.625E+00 1.625E+00
 0.000E+00 0.000E+00 0.000E+00 0.000E+00
 0.000E+00 0.000E+00 0.000E+00 0.000E+00
 0.000E+00 0.000E+00 0.000E+00 0.000E+00
      43.340448     -0.488744    -0.100091
 6
       4
     2     2     2     2
     0     1     1     1
 1.710E+00 1.625E+00 1.625E+00 1.625E+00
 0.000E+00 0.000E+00 0.000E+00 0.000E+00
 0.000E+00 0.000E+00 0.000E+00 0.000E+00
 0.000E+00 0.000E+00 0.000E+00 0.000E+00
      45.575034     -0.443694    -0.179575
 6
       4
     2     2     2     2
     0     1     1     1
 1.710E+00 1.625E+00 1.625E+00 1.625E+00
 0.000E+00 0.000E+00 0.000E+00 0.000E+00
 0.000E+00 0.000E+00 0.000E+00 0.000E+00
 0.000E+00 0.000E+00 0.000E+00 0.000E+00
      48.269271     -0.590898    -0.300712
 6
       4
     2     2     2     2
     0     1     1     1
 1.710E+00 1.625E+00 1.625E+00 1.625E+00
 0.000E+00 0.000E+00 0.000E+00 0.000E+00
 0.000E+00 0.000E+00 0.000E+00 0.000E+00
 0.000E+00 0.000E+00 0.000E+00 0.000E+00
      49.709208     -2.472561    0.798120
 6
       4
     2     2     2     2
     0     1     1     1
 1.710E+00 1.625E+00 1.625E+00 1.625E+00
 0.000E+00 0.000E+00 0.000E+00 0.000E+00
 0.000E+00 0.000E+00 0.000E+00 0.000E+00
 0.000E+00 0.000E+00 0.000E+00 0.000E+00
      49.617006     1.522376    -1.561365
 6
       4
     2     2     2     2
     0     1     1     1
 1.710E+00 1.625E+00 1.625E+00 1.625E+00
 0.000E+00 0.000E+00 0.000E+00 0.000E+00
 0.000E+00 0.000E+00 0.000E+00 0.000E+00
 0.000E+00 0.000E+00 0.000E+00 0.000E+00
      52.176461     1.806901    -1.330881
 6
       4
     2     2     2     2
     0     1     1     1
 1.710E+00 1.625E+00 1.625E+00 1.625E+00
 0.000E+00 0.000E+00 0.000E+00 0.000E+00
 0.000E+00 0.000E+00 0.000E+00 0.000E+00
 0.000E+00 0.000E+00 0.000E+00 0.000E+00
      52.373837     -2.255996    0.622109
 6
       4
     2     2     2     2
     0     1     1     1
 1.710E+00 1.625E+00 1.625E+00 1.625E+00
 0.000E+00 0.000E+00 0.000E+00 0.000E+00
 0.000E+00 0.000E+00 0.000E+00 0.000E+00
 0.000E+00 0.000E+00 0.000E+00 0.000E+00
      53.644139     -0.116071    -0.314908
 6
       4
     2     2     2     2
     0     1     1     1
 1.710E+00 1.625E+00 1.625E+00 1.625E+00
 0.000E+00 0.000E+00 0.000E+00 0.000E+00
 0.000E+00 0.000E+00 0.000E+00 0.000E+00
 0.000E+00 0.000E+00 0.000E+00 0.000E+00
      56.389229     0.091107    -0.117817
 1
       1
     1
     0
 1.300E+00
 0.000E+00
 0.000E+00
 0.000E+00
      -4.508310     2.130570    0.940067
 1
       1
     1
     0
 1.300E+00
 0.000E+00
 0.000E+00
 0.000E+00
      -0.070734     2.968230    1.209544
 1
       1
     1
     0
 1.300E+00
 0.000E+00
 0.000E+00
 0.000E+00
      -6.443924     -1.931136    -0.387719
 1
       1
     1
     0
 1.300E+00
 0.000E+00
 0.000E+00
 0.000E+00
      -2.946706     -5.608556    -1.505694
 1
       1
     1
     0
 1.300E+00
 0.000E+00
 0.000E+00
 0.000E+00
      1.637742     -4.670849    -1.140943
 1
       1
     1
     0
 1.300E+00
 0.000E+00
 0.000E+00
 0.000E+00
      8.701481     4.094341    -0.904376
 1
       1
     1
     0
 1.300E+00
 0.000E+00
 0.000E+00
 0.000E+00
      9.561685     -3.650471    0.902955
 1
       1
     1
     0
 1.300E+00
 0.000E+00
 0.000E+00
 0.000E+00
      13.402632     4.618071    -0.505993
 1
       1
     1
     0
 1.300E+00
 0.000E+00
 0.000E+00
 0.000E+00
      14.279731     -3.002784    1.250946
 1
       1
     1
     0
 1.300E+00
 0.000E+00
 0.000E+00
 0.000E+00
      22.548819     4.724682    -1.962754
 1
       1
     1
     0
 1.300E+00
 0.000E+00
 0.000E+00
 0.000E+00
      26.984713     4.148370    -2.340061
 1
       1
     1
     0
 1.300E+00
 0.000E+00
 0.000E+00
 0.000E+00
      22.238050     -1.961745    2.566616
 1
       1
     1
     0
 1.300E+00
 0.000E+00
 0.000E+00
 0.000E+00
      26.604078     -2.291591    2.549556
 1
       1
     1
     0
 1.300E+00
 0.000E+00
 0.000E+00
 0.000E+00
      35.815941     3.802282    -1.264438
 1
       1
     1
     0
 1.300E+00
 0.000E+00
 0.000E+00
 0.000E+00
      35.514705     -4.024353    1.083285
 1
       1
     1
     0
 1.300E+00
 0.000E+00
 0.000E+00
 0.000E+00
      40.264229     3.490520    -1.270221
 1
       1
     1
     0
 1.300E+00
 0.000E+00
 0.000E+00
 0.000E+00
      39.871382     -4.143472    1.189104
 1
       1
     1
     0
 1.300E+00
 0.000E+00
 0.000E+00
 0.000E+00
      48.582138     2.962762    -2.321829
 1
       1
     1
     0
 1.300E+00
 0.000E+00
 0.000E+00
 0.000E+00
      48.923203     -3.906553    1.816384
 1
       1
     1
     0
 1.300E+00
 0.000E+00
 0.000E+00
 0.000E+00
      52.809358     3.434779    -2.068205
 1
       1
     1
     0
 1.300E+00
 0.000E+00
 0.000E+00
 0.000E+00
      53.409747     -3.776644    1.410202
 1
       1
     1
     0
 1.300E+00
 0.000E+00
 0.000E+00
 0.000E+00
      61.999975     4.223075    -1.168387
 1
       1
     1
     0
 1.300E+00
 0.000E+00
 0.000E+00
 0.000E+00
      62.303104     -3.453901    1.209992
 6
       4
     2     2     2     2
     0     1     1     1
 1.710E+00 1.625E+00 1.625E+00 1.625E+00
 0.000E+00 0.000E+00 0.000E+00 0.000E+00
 0.000E+00 0.000E+00 0.000E+00 0.000E+00
 0.000E+00 0.000E+00 0.000E+00 0.000E+00
      69.780268     0.424795    -0.256734
 1
       1
     1
     0
 1.300E+00
 0.000E+00
 0.000E+00
 0.000E+00
      66.365482     4.415426    -1.390515
 1
       1
     1
     0
 1.300E+00
 0.000E+00
 0.000E+00
 0.000E+00
      66.579697     -3.383161    1.015560
 6
       4
     2     2     2     2
     0     1     1     1
 1.710E+00 1.625E+00 1.625E+00 1.625E+00
 0.000E+00 0.000E+00 0.000E+00 0.000E+00
 0.000E+00 0.000E+00 0.000E+00 0.000E+00
 0.000E+00 0.000E+00 0.000E+00 0.000E+00
      58.686590     0.152510    -0.214915
 6
       4
     2     2     2     2
     0     1     1     1
 1.710E+00 1.625E+00 1.625E+00 1.625E+00
 0.000E+00 0.000E+00 0.000E+00 0.000E+00
 0.000E+00 0.000E+00 0.000E+00 0.000E+00
 0.000E+00 0.000E+00 0.000E+00 0.000E+00
      61.382586     0.328364    -0.172107
 6
       4
     2     2     2     2
     0     1     1     1
 1.710E+00 1.625E+00 1.625E+00 1.625E+00
 0.000E+00 0.000E+00 0.000E+00 0.000E+00
 0.000E+00 0.000E+00 0.000E+00 0.000E+00
 0.000E+00 0.000E+00 0.000E+00 0.000E+00
      62.981746     -1.744792    0.477452
 6
       4
     2     2     2     2
     0     1     1     1
 1.710E+00 1.625E+00 1.625E+00 1.625E+00
 0.000E+00 0.000E+00 0.000E+00 0.000E+00
 0.000E+00 0.000E+00 0.000E+00 0.000E+00
 0.000E+00 0.000E+00 0.000E+00 0.000E+00
      62.778906     2.527017    -0.793872
 6
       4
     2     2     2     2
     0     1     1     1
 1.710E+00 1.625E+00 1.625E+00 1.625E+00
 0.000E+00 0.000E+00 0.000E+00 0.000E+00
 0.000E+00 0.000E+00 0.000E+00 0.000E+00
 0.000E+00 0.000E+00 0.000E+00 0.000E+00
      65.552826     2.593076    -0.922952
 6
       4
     2     2     2     2
     0     1     1     1
 1.710E+00 1.625E+00 1.625E+00 1.625E+00
 0.000E+00 0.000E+00 0.000E+00 0.000E+00
 0.000E+00 0.000E+00 0.000E+00 0.000E+00
 0.000E+00 0.000E+00 0.000E+00 0.000E+00
      65.671039     -1.675996    0.486570
 6
       4
     2     2     2     2
     0     1     1     1
 1.710E+00 1.625E+00 1.625E+00 1.625E+00
 0.000E+00 0.000E+00 0.000E+00 0.000E+00
 0.000E+00 0.000E+00 0.000E+00 0.000E+00
 0.000E+00 0.000E+00 0.000E+00 0.000E+00
      67.069210     0.540607    -0.336965
 6
       4
     2     2     2     2
     0     1     1     1
 1.710E+00 1.625E+00 1.625E+00 1.625E+00
 0.000E+00 0.000E+00 0.000E+00 0.000E+00
 0.000E+00 0.000E+00 0.000E+00 0.000E+00
 0.000E+00 0.000E+00 0.000E+00 0.000E+00
      80.241872     -0.167692    0.694283
 6
       4
     2     2     2     2
     0     1     1     1
 1.710E+00 1.625E+00 1.625E+00 1.625E+00
 0.000E+00 0.000E+00 0.000E+00 0.000E+00
 0.000E+00 0.000E+00 0.000E+00 0.000E+00
 0.000E+00 0.000E+00 0.000E+00 0.000E+00
      78.860975     2.184631    0.157131
 6
       4
     2     2     2     2
     0     1     1     1
 1.710E+00 1.625E+00 1.625E+00 1.625E+00
 0.000E+00 0.000E+00 0.000E+00 0.000E+00
 0.000E+00 0.000E+00 0.000E+00 0.000E+00
 0.000E+00 0.000E+00 0.000E+00 0.000E+00
      78.712122     -2.315561    0.972440
 6
       4
     2     2     2     2
     0     1     1     1
 1.710E+00 1.625E+00 1.625E+00 1.625E+00
 0.000E+00 0.000E+00 0.000E+00 0.000E+00
 0.000E+00 0.000E+00 0.000E+00 0.000E+00
 0.000E+00 0.000E+00 0.000E+00 0.000E+00
      76.267115     2.254776    0.041037
 6
       4
     2     2     2     2
     0     1     1     1
 1.710E+00 1.625E+00 1.625E+00 1.625E+00
 0.000E+00 0.000E+00 0.000E+00 0.000E+00
 0.000E+00 0.000E+00 0.000E+00 0.000E+00
 0.000E+00 0.000E+00 0.000E+00 0.000E+00
      74.690588     0.073463    0.272000
 6
       4
     2     2     2     2
     0     1     1     1
 1.710E+00 1.625E+00 1.625E+00 1.625E+00
 0.000E+00 0.000E+00 0.000E+00 0.000E+00
 0.000E+00 0.000E+00 0.000E+00 0.000E+00
 0.000E+00 0.000E+00 0.000E+00 0.000E+00
      76.026963     -2.279416    0.743441
 6
       4
     2     2     2     2
     0     1     1     1
 1.710E+00 1.625E+00 1.625E+00 1.625E+00
 0.000E+00 0.000E+00 0.000E+00 0.000E+00
 0.000E+00 0.000E+00 0.000E+00 0.000E+00
 0.000E+00 0.000E+00 0.000E+00 0.000E+00
      82.887987     -0.179254    0.740990
 6
       4
     2     2     2     2
     0     1     1     1
 1.710E+00 1.625E+00 1.625E+00 1.625E+00
 0.000E+00 0.000E+00 0.000E+00 0.000E+00
 0.000E+00 0.000E+00 0.000E+00 0.000E+00
 0.000E+00 0.000E+00 0.000E+00 0.000E+00
      85.123412     -0.027475    0.290723
 6
       4
     2     2     2     2
     0     1     1     1
 1.710E+00 1.625E+00 1.625E+00 1.625E+00
 0.000E+00 0.000E+00 0.000E+00 0.000E+00
 0.000E+00 0.000E+00 0.000E+00 0.000E+00
 0.000E+00 0.000E+00 0.000E+00 0.000E+00
      87.754576     0.010102    -0.013684
 6
       4
     2     2     2     2
     0     1     1     1
 1.710E+00 1.625E+00 1.625E+00 1.625E+00
 0.000E+00 0.000E+00 0.000E+00 0.000E+00
 0.000E+00 0.000E+00 0.000E+00 0.000E+00
 0.000E+00 0.000E+00 0.000E+00 0.000E+00
      89.066408     2.264570    -0.674704
 6
       4
     2     2     2     2
     0     1     1     1
 1.710E+00 1.625E+00 1.625E+00 1.625E+00
 0.000E+00 0.000E+00 0.000E+00 0.000E+00
 0.000E+00 0.000E+00 0.000E+00 0.000E+00
 0.000E+00 0.000E+00 0.000E+00 0.000E+00
      89.312267     -2.119982    0.594003
 6
       4
     2     2     2     2
     0     1     1     1
 1.710E+00 1.625E+00 1.625E+00 1.625E+00
 0.000E+00 0.000E+00 0.000E+00 0.000E+00
 0.000E+00 0.000E+00 0.000E+00 0.000E+00
 0.000E+00 0.000E+00 0.000E+00 0.000E+00
      91.668100     2.285608    -0.754078
 6
       4
     2     2     2     2
     0     1     1     1
 1.710E+00 1.625E+00 1.625E+00 1.625E+00
 0.000E+00 0.000E+00 0.000E+00 0.000E+00
 0.000E+00 0.000E+00 0.000E+00 0.000E+00
 0.000E+00 0.000E+00 0.000E+00 0.000E+00
      91.911822     -2.102623    0.702464
 6
       4
     2     2     2     2
     0     1     1     1
 1.710E+00 1.625E+00 1.625E+00 1.625E+00
 0.000E+00 0.000E+00 0.000E+00 0.000E+00
 0.000E+00 0.000E+00 0.000E+00 0.000E+00
 0.000E+00 0.000E+00 0.000E+00 0.000E+00
      93.259181     0.188621    -0.137200
 6
       4
     2     2     2     2
     0     1     1     1
 1.710E+00 1.625E+00 1.625E+00 1.625E+00
 0.000E+00 0.000E+00 0.000E+00 0.000E+00
 0.000E+00 0.000E+00 0.000E+00 0.000E+00
 0.000E+00 0.000E+00 0.000E+00 0.000E+00
      96.002738     0.360136    -0.153090
 6
       4
     2     2     2     2
     0     1     1     1
 1.710E+00 1.625E+00 1.625E+00 1.625E+00
 0.000E+00 0.000E+00 0.000E+00 0.000E+00
 0.000E+00 0.000E+00 0.000E+00 0.000E+00
 0.000E+00 0.000E+00 0.000E+00 0.000E+00
      98.250023     0.373245    -0.407262
 6
       4
     2     2     2     2
     0     1     1     1
 1.710E+00 1.625E+00 1.625E+00 1.625E+00
 0.000E+00 0.000E+00 0.000E+00 0.000E+00
 0.000E+00 0.000E+00 0.000E+00 0.000E+00
 0.000E+00 0.000E+00 0.000E+00 0.000E+00
      100.981760     0.493527    -0.214510
 6
       4
     2     2     2     2
     0     1     1     1
 1.710E+00 1.625E+00 1.625E+00 1.625E+00
 0.000E+00 0.000E+00 0.000E+00 0.000E+00
 0.000E+00 0.000E+00 0.000E+00 0.000E+00
 0.000E+00 0.000E+00 0.000E+00 0.000E+00
      102.456079     -1.393941    0.806924
 6
       4
     2     2     2     2
     0     1     1     1
 1.710E+00 1.625E+00 1.625E+00 1.625E+00
 0.000E+00 0.000E+00 0.000E+00 0.000E+00
 0.000E+00 0.000E+00 0.000E+00 0.000E+00
 0.000E+00 0.000E+00 0.000E+00 0.000E+00
      102.320767     2.912810    -0.736685
 6
       4
     2     2     2     2
     0     1     1     1
 1.710E+00 1.625E+00 1.625E+00 1.625E+00
 0.000E+00 0.000E+00 0.000E+00 0.000E+00
 0.000E+00 0.000E+00 0.000E+00 0.000E+00
 0.000E+00 0.000E+00 0.000E+00 0.000E+00
      104.900746     3.160206    -0.328276
 6
       4
     2     2     2     2
     0     1     1     1
 1.710E+00 1.625E+00 1.625E+00 1.625E+00
 0.000E+00 0.000E+00 0.000E+00 0.000E+00
 0.000E+00 0.000E+00 0.000E+00 0.000E+00
 0.000E+00 0.000E+00 0.000E+00 0.000E+00
      105.149800     -1.191897    0.975501
 6
       4
     2     2     2     2
     0     1     1     1
 1.710E+00 1.625E+00 1.625E+00 1.625E+00
 0.000E+00 0.000E+00 0.000E+00 0.000E+00
 0.000E+00 0.000E+00 0.000E+00 0.000E+00
 0.000E+00 0.000E+00 0.000E+00 0.000E+00
      106.453857     1.002757    0.326841
 6
       4
     2     2     2     2
     0     1     1     1
 1.710E+00 1.625E+00 1.625E+00 1.625E+00
 0.000E+00 0.000E+00 0.000E+00 0.000E+00
 0.000E+00 0.000E+00 0.000E+00 0.000E+00
 0.000E+00 0.000E+00 0.000E+00 0.000E+00
      109.179692     1.140319    0.231089
 6
       4
     2     2     2     2
     0     1     1     1
 1.710E+00 1.625E+00 1.625E+00 1.625E+00
 0.000E+00 0.000E+00 0.000E+00 0.000E+00
 0.000E+00 0.000E+00 0.000E+00 0.000E+00
 0.000E+00 0.000E+00 0.000E+00 0.000E+00
      111.457613     0.951708    0.079319
 6
       4
     2     2     2     2
     0     1     1     1
 1.710E+00 1.625E+00 1.625E+00 1.625E+00
 0.000E+00 0.000E+00 0.000E+00 0.000E+00
 0.000E+00 0.000E+00 0.000E+00 0.000E+00
 0.000E+00 0.000E+00 0.000E+00 0.000E+00
      114.172641     0.794968    -0.037772
 6
       4
     2     2     2     2
     0     1     1     1
 1.710E+00 1.625E+00 1.625E+00 1.625E+00
 0.000E+00 0.000E+00 0.000E+00 0.000E+00
 0.000E+00 0.000E+00 0.000E+00 0.000E+00
 0.000E+00 0.000E+00 0.000E+00 0.000E+00
      115.552846     -1.579165    -0.765012
 6
       4
     2     2     2     2
     0     1     1     1
 1.710E+00 1.625E+00 1.625E+00 1.625E+00
 0.000E+00 0.000E+00 0.000E+00 0.000E+00
 0.000E+00 0.000E+00 0.000E+00 0.000E+00
 0.000E+00 0.000E+00 0.000E+00 0.000E+00
      115.794065     2.830828    0.361280
 6
       4
     2     2     2     2
     0     1     1     1
 1.710E+00 1.625E+00 1.625E+00 1.625E+00
 0.000E+00 0.000E+00 0.000E+00 0.000E+00
 0.000E+00 0.000E+00 0.000E+00 0.000E+00
 0.000E+00 0.000E+00 0.000E+00 0.000E+00
      118.497763     2.654912    0.432394
 6
       4
     2     2     2     2
     0     1     1     1
 1.710E+00 1.625E+00 1.625E+00 1.625E+00
 0.000E+00 0.000E+00 0.000E+00 0.000E+00
 0.000E+00 0.000E+00 0.000E+00 0.000E+00
 0.000E+00 0.000E+00 0.000E+00 0.000E+00
      118.151408     -1.728307    -0.704016
 6
       4
     2     2     2     2
     0     1     1     1
 1.710E+00 1.625E+00 1.625E+00 1.625E+00
 0.000E+00 0.000E+00 0.000E+00 0.000E+00
 0.000E+00 0.000E+00 0.000E+00 0.000E+00
 0.000E+00 0.000E+00 0.000E+00 0.000E+00
      119.742111     0.302955    0.024377
 6
       4
     2     2     2     2
     0     1     1     1
 1.710E+00 1.625E+00 1.625E+00 1.625E+00
 0.000E+00 0.000E+00 0.000E+00 0.000E+00
 0.000E+00 0.000E+00 0.000E+00 0.000E+00
 0.000E+00 0.000E+00 0.000E+00 0.000E+00
      122.349463     0.221408    0.042131
 6
       4
     2     2     2     2
     0     1     1     1
 1.710E+00 1.625E+00 1.625E+00 1.625E+00
 0.000E+00 0.000E+00 0.000E+00 0.000E+00
 0.000E+00 0.000E+00 0.000E+00 0.000E+00
 0.000E+00 0.000E+00 0.000E+00 0.000E+00
      124.647322     0.242556    -0.196078
 6
       4
     2     2     2     2
     0     1     1     1
 1.710E+00 1.625E+00 1.625E+00 1.625E+00
 0.000E+00 0.000E+00 0.000E+00 0.000E+00
 0.000E+00 0.000E+00 0.000E+00 0.000E+00
 0.000E+00 0.000E+00 0.000E+00 0.000E+00
      127.371997     0.097776    -0.098079
 6
       4
     2     2     2     2
     0     1     1     1
 1.710E+00 1.625E+00 1.625E+00 1.625E+00
 0.000E+00 0.000E+00 0.000E+00 0.000E+00
 0.000E+00 0.000E+00 0.000E+00 0.000E+00
 0.000E+00 0.000E+00 0.000E+00 0.000E+00
      128.585277     -2.171006    -0.781411
 6
       4
     2     2     2     2
     0     1     1     1
 1.710E+00 1.625E+00 1.625E+00 1.625E+00
 0.000E+00 0.000E+00 0.000E+00 0.000E+00
 0.000E+00 0.000E+00 0.000E+00 0.000E+00
 0.000E+00 0.000E+00 0.000E+00 0.000E+00
      128.924088     2.089485    0.734157
 6
       4
     2     2     2     2
     0     1     1     1
 1.710E+00 1.625E+00 1.625E+00 1.625E+00
 0.000E+00 0.000E+00 0.000E+00 0.000E+00
 0.000E+00 0.000E+00 0.000E+00 0.000E+00
 0.000E+00 0.000E+00 0.000E+00 0.000E+00
      131.525025     1.837953    0.937160
 6
       4
     2     2     2     2
     0     1     1     1
 1.710E+00 1.625E+00 1.625E+00 1.625E+00
 0.000E+00 0.000E+00 0.000E+00 0.000E+00
 0.000E+00 0.000E+00 0.000E+00 0.000E+00
 0.000E+00 0.000E+00 0.000E+00 0.000E+00
      131.166091     -2.465405    -0.692220
 6
       4
     2     2     2     2
     0     1     1     1
 1.710E+00 1.625E+00 1.625E+00 1.625E+00
 0.000E+00 0.000E+00 0.000E+00 0.000E+00
 0.000E+00 0.000E+00 0.000E+00 0.000E+00
 0.000E+00 0.000E+00 0.000E+00 0.000E+00
      132.792548     -0.442723    0.204952
 6
       4
     2     2     2     2
     0     1     1     1
 1.710E+00 1.625E+00 1.625E+00 1.625E+00
 0.000E+00 0.000E+00 0.000E+00 0.000E+00
 0.000E+00 0.000E+00 0.000E+00 0.000E+00
 0.000E+00 0.000E+00 0.000E+00 0.000E+00
      135.474507     -0.773722    0.211377
 1
       1
     1
     0
 1.300E+00
 0.000E+00
 0.000E+00
 0.000E+00
      75.223542     3.981768    -0.375916
 1
       1
     1
     0
 1.300E+00
 0.000E+00
 0.000E+00
 0.000E+00
      79.906689     3.814265    -0.011488
 6
       4
     2     2     2     2
     0     1     1     1
 1.710E+00 1.625E+00 1.625E+00 1.625E+00
 0.000E+00 0.000E+00 0.000E+00 0.000E+00
 0.000E+00 0.000E+00 0.000E+00 0.000E+00
 0.000E+00 0.000E+00 0.000E+00 0.000E+00
      71.952474     0.163488    -0.017283
 1
       1
     1
     0
 1.300E+00
 0.000E+00
 0.000E+00
 0.000E+00
      75.044209     -4.025347    1.073837
 1
       1
     1
     0
 1.300E+00
 0.000E+00
 0.000E+00
 0.000E+00
      79.398814     -4.035087    1.236266
 1
       1
     1
     0
 1.300E+00
 0.000E+00
 0.000E+00
 0.000E+00
      88.096669     3.973315    -1.166299
 1
       1
     1
     0
 1.300E+00
 0.000E+00
 0.000E+00
 0.000E+00
      88.421645     -3.853072    1.050372
 1
       1
     1
     0
 1.300E+00
 0.000E+00
 0.000E+00
 0.000E+00
      92.485265     3.951459    -1.439937
 1
       1
     1
     0
 1.300E+00
 0.000E+00
 0.000E+00
 0.000E+00
      92.876327     -3.780161    1.155535
 1
       1
     1
     0
 1.300E+00
 0.000E+00
 0.000E+00
 0.000E+00
      101.422790     4.552250    -1.450442
 1
       1
     1
     0
 1.300E+00
 0.000E+00
 0.000E+00
 0.000E+00
      105.662044     4.924554    -0.569374
 1
       1
     1
     0
 1.300E+00
 0.000E+00
 0.000E+00
 0.000E+00
      101.684304     -3.087833    1.394920
 1
       1
     1
     0
 1.300E+00
 0.000E+00
 0.000E+00
 0.000E+00
      106.149076     -2.747469    1.565082
 1
       1
     1
     0
 1.300E+00
 0.000E+00
 0.000E+00
 0.000E+00
      115.037931     4.600525    0.805713
 1
       1
     1
     0
 1.300E+00
 0.000E+00
 0.000E+00
 0.000E+00
      114.477329     -3.074998    -1.283230
 1
       1
     1
     0
 1.300E+00
 0.000E+00
 0.000E+00
 0.000E+00
      119.546124     4.320985    0.735576
 1
       1
     1
     0
 1.300E+00
 0.000E+00
 0.000E+00
 0.000E+00
      119.088370     -3.368011    -1.055873
 1
       1
     1
     0
 1.300E+00
 0.000E+00
 0.000E+00
 0.000E+00
      128.113620     3.858626    1.214225
 1
       1
     1
     0
 1.300E+00
 0.000E+00
 0.000E+00
 0.000E+00
      127.659691     -3.836380    -1.322776
 1
       1
     1
     0
 1.300E+00
 0.000E+00
 0.000E+00
 0.000E+00
      132.822677     3.254288    1.619015
 1
       1
     1
     0
 1.300E+00
 0.000E+00
 0.000E+00
 0.000E+00
      132.001047     -4.106773    -1.245488
 1
       1
     1
     0
 1.300E+00
 0.000E+00
 0.000E+00
 0.000E+00
      140.494351     1.598920    3.096333
 1
       1
     1
     0
 1.300E+00
 0.000E+00
 0.000E+00
 0.000E+00
      140.430750     -4.433422    -1.890136
 1
       1
     1
     0
 1.300E+00
 0.000E+00
 0.000E+00
 0.000E+00
      147.933353     -0.993920    0.301394
 1
       1
     1
     0
 1.300E+00
 0.000E+00
 0.000E+00
 0.000E+00
      145.417142     1.765257    2.656469
 1
       1
     1
     0
 1.300E+00
 0.000E+00
 0.000E+00
 0.000E+00
      145.366648     -4.318011    -2.278936
 6
       4
     2     2     2     2
     0     1     1     1
 1.710E+00 1.625E+00 1.625E+00 1.625E+00
 0.000E+00 0.000E+00 0.000E+00 0.000E+00
 0.000E+00 0.000E+00 0.000E+00 0.000E+00
 0.000E+00 0.000E+00 0.000E+00 0.000E+00
      137.659841     -1.141357    0.255839
 6
       4
     2     2     2     2
     0     1     1     1
 1.710E+00 1.625E+00 1.625E+00 1.625E+00
 0.000E+00 0.000E+00 0.000E+00 0.000E+00
 0.000E+00 0.000E+00 0.000E+00 0.000E+00
 0.000E+00 0.000E+00 0.000E+00 0.000E+00
      140.230802     -1.310189    0.339937
 6
       4
     2     2     2     2
     0     1     1     1
 1.710E+00 1.625E+00 1.625E+00 1.625E+00
 0.000E+00 0.000E+00 0.000E+00 0.000E+00
 0.000E+00 0.000E+00 0.000E+00 0.000E+00
 0.000E+00 0.000E+00 0.000E+00 0.000E+00
      141.698261     -3.163509    -1.032293
 6
       4
     2     2     2     2
     0     1     1     1
 1.710E+00 1.625E+00 1.625E+00 1.625E+00
 0.000E+00 0.000E+00 0.000E+00 0.000E+00
 0.000E+00 0.000E+00 0.000E+00 0.000E+00
 0.000E+00 0.000E+00 0.000E+00 0.000E+00
      141.661342     0.433894    1.883533
 6
       4
     2     2     2     2
     0     1     1     1
 1.710E+00 1.625E+00 1.625E+00 1.625E+00
 0.000E+00 0.000E+00 0.000E+00 0.000E+00
 0.000E+00 0.000E+00 0.000E+00 0.000E+00
 0.000E+00 0.000E+00 0.000E+00 0.000E+00
      144.363283     0.524509    1.745183
 6
       4
     2     2     2     2
     0     1     1     1
 1.710E+00 1.625E+00 1.625E+00 1.625E+00
 0.000E+00 0.000E+00 0.000E+00 0.000E+00
 0.000E+00 0.000E+00 0.000E+00 0.000E+00
 0.000E+00 0.000E+00 0.000E+00 0.000E+00
      144.254471     -3.140864    -1.214291
 6
       4
     2     2     2     2
     0     1     1     1
 1.710E+00 1.625E+00 1.625E+00 1.625E+00
 0.000E+00 0.000E+00 0.000E+00 0.000E+00
 0.000E+00 0.000E+00 0.000E+00 0.000E+00
 0.000E+00 0.000E+00 0.000E+00 0.000E+00
      145.786542     -1.274703    0.233124
# LCAO coefficients .. are not included.
         1
        1        -0.000249949194280   k=         1
        2        -0.001139175384369   k=         1
        3        -0.000381567617224   k=         1
        4        -0.009156534031119   k=         1
        5        -0.000610788329671   k=         1
        6        -0.001049171539750   k=         1
        7        0.004521897649902   k=         1
        8        -0.008722379572476   k=         1
        9        0.001268196537060   k=         1
        10        0.002989988495763   k=         1
        11        0.009334418514448   k=         1
        12        -0.015976419310303   k=         1
        13        0.000220283966068   k=         1
        14        -0.000397685002681   k=         1
        15        -0.003128067079770   k=         1
        16        0.006674546874371   k=         1
        17        -0.000393314624787   k=         1
        18        0.000232233516479   k=         1
        19        -0.003916792669226   k=         1
        20        0.013827678345446   k=         1
        21        -0.000506553922435   k=         1
        22        -0.001448330934510   k=         1
        23        -0.000731529689161   k=         1
        24        -0.000135732275733   k=         1
        25        0.000070363834512   k=         1
        26        0.002199550930815   k=         1
        27        0.006166901589836   k=         1
        28        0.025113577305188   k=         1
        29        -0.000082668191417   k=         1
        30        0.000006200988483   k=         1
        31        0.001938741071791   k=         1
        32        0.012849424952115   k=         1
        33        0.000017733419777   k=         1
        34        0.003772905452745   k=         1
        35        -0.008782293434356   k=         1
        36        -0.035386487778750   k=         1
        37        0.000181347159441   k=         1
        38        0.002375884703360   k=         1
        39        -0.002724789928751   k=         1
        40        -0.015304055845731   k=         1
        41        0.000272950947107   k=         1
        42        0.002820148572491   k=         1
        43        -0.002784980134347   k=         1
        44        -0.013442163748759   k=         1
        45        0.001435677008362   k=         1
        46        -0.001964526010938   k=         1
        47        0.003782222114241   k=         1
        48        0.027786056176749   k=         1
        49        -0.001075371274189   k=         1
        50        -0.004549636334287   k=         1
        51        0.002520707850772   k=         1
        52        0.025421623163634   k=         1
        53        -0.000096928707327   k=         1
        54        0.000169994402864   k=         1
        55        0.007875311125764   k=         1
        56        0.026885180929442   k=         1
        57        0.000596173198052   k=         1
        58        0.000511048610935   k=         1
        59        -0.019431562631479   k=         1
        60        -0.035637924361718   k=         1
        61        -0.000060536653210   k=         1
        62        0.000888651490413   k=         1
        63        -0.010223831276222   k=         1
        64        -0.027015230681707   k=         1
        65        -0.000026386425186   k=         1
        66        0.000797878551364   k=         1
        67        0.027399324920738   k=         1
        68        0.047112213676490   k=         1
        69        0.000138919589391   k=         1
        70        0.001144715043519   k=         1
        71        0.017616059474339   k=         1
        72        0.021061534189650   k=         1
        73        -0.000524556468784   k=         1
        74        0.005391324233814   k=         1
        75        0.014992930555682   k=         1
        76        0.019580788748832   k=         1
        77        0.002103721718175   k=         1
        78        -0.004857168487211   k=         1
        79        -0.022596008150900   k=         1
        80        -0.027759923006472   k=         1
        81        -0.002066569004437   k=         1
        82        -0.005164460367266   k=         1
        83        -0.024647011008037   k=         1
        84        -0.024449385166784   k=         1
        85        0.000734233611063   k=         1
        86        -0.005760271832764   k=         1
        87        -0.026390539418078   k=         1
        88        -0.037681520945374   k=         1
        89        -0.002546399933229   k=         1
        90        0.001454084202847   k=         1
        91        0.019386121714575   k=         1
        92        0.049430958423731   k=         1
        93        0.002117771375892   k=         1
        94        0.001093752807969   k=         1
        95        0.022995331018683   k=         1
        96        0.037028698428960   k=         1
        97        0.000436808394268   k=         1
        98        -0.001935858821977   k=         1
        99        -0.017223894221303   k=         1
        100        -0.052563638485718   k=         1
        101        0.001985802143412   k=         1
        102        0.000377382033217   k=         1
        103        -0.006810185792841   k=         1
        104        -0.032473945255399   k=         1
        105        -0.001609702748918   k=         1
        106        0.001584158048082   k=         1
        107        -0.007968718919962   k=         1
        108        -0.037941823882919   k=         1
        109        0.001070995236703   k=         1
        110        0.001264937376173   k=         1
        111        0.008612644035156   k=         1
        112        0.037551451840311   k=         1
        113        -0.000003810414427   k=         1
        114        -0.003070685111604   k=         1
        115        0.007516165101826   k=         1
        116        0.031585261213431   k=         1
        117        -0.000818855427154   k=         1
        118        0.001758173722911   k=         1
        119        0.020772205037614   k=         1
        120        0.050815341331724   k=         1
        121        0.001048174693250   k=         1
        122        -0.001556768166237   k=         1
        123        -0.021721882919184   k=         1
        124        -0.038303634196659   k=         1
        125        -0.001344331316263   k=         1
        126        -0.003188465559027   k=         1
        127        -0.018948395908600   k=         1
        128        -0.042964389105743   k=         1
        129        -0.000126426496699   k=         1
        130        0.003634726626334   k=         1
        131        0.026312449029398   k=         1
        132        0.043881058704530   k=         1
        133        0.000617809833063   k=         1
        134        0.001063322546979   k=         1
        135        0.019191833011215   k=         1
        136        0.026730980326966   k=         1
        137        -0.002074941925439   k=         1
        138        -0.003717367343163   k=         1
        139        0.019474794281005   k=         1
        140        0.032373888543946   k=         1
        141        -0.000125753929150   k=         1
        142        0.005896938035968   k=         1
        143        -0.012030610944075   k=         1
        144        -0.021705860209903   k=         1
        145        -0.000071379090046   k=         1
        146        -0.000338715827005   k=         1
        147        -0.019887506103715   k=         1
        148        -0.037514457156075   k=         1
        149        -0.000080369483897   k=         1
        150        0.004181345682077   k=         1
        151        -0.018308665243823   k=         1
        152        -0.046446294222773   k=         1
        153        0.002492485628508   k=         1
        154        -0.001139804516544   k=         1
        155        0.015864483242267   k=         1
        156        0.050836944652282   k=         1
        157        -0.000558950982214   k=         1
        158        0.001089213371412   k=         1
        159        -0.000495002617025   k=         1
        160        0.001463489342630   k=         1
        161        -0.000174637478278   k=         1
        162        0.000732575416287   k=         1
        163        -0.001283450102364   k=         1
        164        -0.001182514807776   k=         1
        165        -0.000066194277300   k=         1
        166        0.000964742453038   k=         1
        167        -0.001451813431179   k=         1
        168        -0.002942883790805   k=         1
        169        0.001553664182699   k=         1
        170        0.001291868487327   k=         1
        171        -0.001834538406495   k=         1
        172        -0.002290389328888   k=         1
        173        0.001174350014549   k=         1
        174        0.001760927549657   k=         1
        175        0.000400520730072   k=         1
        176        -0.001115888424326   k=         1
        177        0.000949766350564   k=         1
        178        0.000429187914930   k=         1
        179        0.001646009394091   k=         1
        180        0.000627719444199   k=         1
        181        0.004913504986857   k=         1
        182        -0.014541392272512   k=         1
        183        -0.083166786348027   k=         1
        184        0.000177384562486   k=         1
        185        -0.000164817421038   k=         1
        186        -0.002322134144431   k=         1
        187        -0.000148729387204   k=         1
        188        0.015317539866556   k=         1
        189        0.042328671558497   k=         1
        190        0.000062999610668   k=         1
        191        0.001433613682825   k=         1
        192        -0.017945284765299   k=         1
        193        -0.060209245379824   k=         1
        194        0.000588772226956   k=         1
        195        -0.002514800035252   k=         1
        196        -0.010165299189954   k=         1
        197        -0.027558514080900   k=         1
        198        0.000090051967631   k=         1
        199        -0.002165508790219   k=         1
        200        -0.009900368022501   k=         1
        201        -0.040663855780929   k=         1
        202        -0.001517678775961   k=         1
        203        0.001335541177964   k=         1
        204        0.014732662578281   k=         1
        205        0.050285830877561   k=         1
        206        0.001564996751416   k=         1
        207        0.003568597779343   k=         1
        208        0.018944596989477   k=         1
        209        0.046618877690704   k=         1
        210        -0.000159199909543   k=         1
        211        0.000275467213095   k=         1
        212        0.015380996171367   k=         1
        213        0.050730290974857   k=         1
        214        -0.000646414869666   k=         1
        215        0.005537089450169   k=         1
        216        -0.020696925114647   k=         1
        217        -0.094411015912080   k=         1
        218        0.001236513967659   k=         1
        219        0.003264843514871   k=         1
        220        -0.014279296442447   k=         1
        221        -0.091311958425844   k=         1
        222        0.001417875411372   k=         1
        223        0.007973763824385   k=         1
        224        -0.008058335830055   k=         1
        225        -0.090255098769760   k=         1
        226        0.000596103882601   k=         1
        227        -0.001651330468680   k=         1
        228        0.007954464713140   k=         1
        229        0.043455060783527   k=         1
        230        0.000614783931033   k=         1
        231        -0.013585813622977   k=         1
        232        0.020282165150678   k=         1
        233        0.121738997442839   k=         1
        234        -0.001731653170692   k=         1
        235        -0.002917904737314   k=         1
        236        0.010293220108932   k=         1
        237        0.063210730181105   k=         1
        238        0.007467699248639   k=         1
        239        0.010519762981827   k=         1
        240        0.033329219160758   k=         1
        241        0.125436283424715   k=         1
        242        -0.002496664758468   k=         1
        243        0.024856138560870   k=         1
        244        0.025084831056637   k=         1
        245        0.097888181194262   k=         1
        246        0.004400241794215   k=         1
        247        -0.018110021117867   k=         1
        248        -0.038504684477736   k=         1
        249        -0.137758634086467   k=         1
        250        -0.001957023848895   k=         1
        251        0.002278776911126   k=         1
        252        -0.022510858198040   k=         1
        253        -0.089095475759203   k=         1
        254        -0.000821808935738   k=         1
        255        0.011300504747437   k=         1
        256        -0.025952449623953   k=         1
        257        -0.080164046077748   k=         1
        258        0.002817119557675   k=         1
        259        -0.000307712914985   k=         1
        260        0.030988295065918   k=         1
        261        0.089324721283750   k=         1
        262        0.003899116785558   k=         1
        263        -0.010072917471680   k=         1
        264        0.025424128180052   k=         1
        265        0.086926936325177   k=         1
        266        -0.002534059661087   k=         1
        267        0.005934934799691   k=         1
        268        0.049617170852574   k=         1
        269        0.136702789864419   k=         1
        270        -0.005745966767695   k=         1
        271        -0.013368310141785   k=         1
        272        -0.043224244266180   k=         1
        273        -0.110656853327466   k=         1
        274        0.006021194863529   k=         1
        275        -0.004337311583796   k=         1
        276        -0.042287934161182   k=         1
        277        -0.113591512197890   k=         1
        278        -0.004118456644283   k=         1
        279        -0.018077402685612   k=         1
        280        0.048691722428184   k=         1
        281        0.133237270322542   k=         1
        282        0.002585277291934   k=         1
        283        -0.014256999623241   k=         1
        284        0.041266100017487   k=         1
        285        0.084905375952545   k=         1
        286        -0.002273815286664   k=         1
        287        -0.029270982324891   k=         1
        288        0.024703084214065   k=         1
        289        0.078768857298290   k=         1
        290        0.004681930070885   k=         1
        291        0.033018357724803   k=         1
        292        -0.029757748965503   k=         1
        293        -0.068818347838135   k=         1
        294        -0.004300206759442   k=         1
        295        0.004127419742021   k=         1
        296        -0.048440155589931   k=         1
        297        -0.107742766254692   k=         1
        298        0.001278828690925   k=         1
        299        -0.005887594028627   k=         1
        300        -0.023714400537222   k=         1
        301        -0.136262039112452   k=         1
        302        -0.004206639321189   k=         1
        303        0.014218067170418   k=         1
        304        -0.022500329341868   k=         1
        305        0.149700633044203   k=         1
        306        0.002010898931623   k=         1
        307        0.011762939272128   k=         1
        308        0.007931255643365   k=         1
        309        0.130532394394596   k=         1
        310        -0.003577585184545   k=         1
        311        -0.008611533991935   k=         1
        312        0.038091840299426   k=         1
        313        -0.175034557111370   k=         1
        314        0.004118008835914   k=         1
        315        0.001834495710789   k=         1
        316        0.044791837973552   k=         1
        317        -0.107107019220296   k=         1
        318        -0.001249297225453   k=         1
        319        0.011853319199664   k=         1
        320        0.028511509273994   k=         1
        321        -0.095513332593570   k=         1
        322        -0.000176238090951   k=         1
        323        -0.013619786989995   k=         1
        324        -0.019617133692062   k=         1
        325        0.149717412429184   k=         1
        326        -0.001145169456692   k=         1
        327        -0.007167301655924   k=         1
        328        -0.025448382847229   k=         1
        329        0.087398054148832   k=         1
        330        0.004525590704957   k=         1
        331        -0.005871452453153   k=         1
        332        -0.042972335751262   k=         1
        333        0.159993349506376   k=         1
        334        -0.006876523654541   k=         1
        335        -0.011957042499166   k=         1
        336        0.046319010116506   k=         1
        337        -0.143050263491867   k=         1
        338        0.008235951622875   k=         1
        339        -0.011793896247111   k=         1
        340        0.047153997112089   k=         1
        341        -0.163205758377049   k=         1
        342        -0.000985053142075   k=         1
        343        -0.006013392936539   k=         1
        344        -0.051048176886711   k=         1
        345        0.146683802723748   k=         1
        346        -0.000290912732825   k=         1
        347        -0.009143868713324   k=         1
        348        -0.030023342676530   k=         1
        349        0.106178339125311   k=         1
        350        0.000170895489817   k=         1
        351        -0.021683270635153   k=         1
        352        -0.038991848174108   k=         1
        353        0.111498292388428   k=         1
        354        0.000158084815647   k=         1
        355        0.018290268229793   k=         1
        356        0.028566800572919   k=         1
        357        -0.091364115027973   k=         1
        358        -0.000794197791205   k=         1
        359        0.006895806439813   k=         1
        360        0.031027322732022   k=         1
        361        -0.090737417582701   k=         1
        362        -0.002261520629942   k=         1
        363        0.006898975574614   k=         1
        364        0.068808752931106   k=         1
        365        -0.164938754455137   k=         1
        366        -0.002037262280574   k=         1
        367        -0.004295515974445   k=         1
        368        -0.050236668697473   k=         1
        369        0.089614184583498   k=         1
        370        -0.001072561806543   k=         1
        371        0.000177582050060   k=         1
        372        0.000363842467862   k=         1
        373        0.006828727745910   k=         1
        374        -0.013263553086827   k=         1
        375        -0.051574974650484   k=         1
        376        0.001580419813845   k=         1
        377        -0.001338920343367   k=         1
        378        -0.002465134864401   k=         1
        379        -0.003245986669573   k=         1
        380        -0.003839054499216   k=         1
        381        -0.002989583312333   k=         1
        382        0.006213657326202   k=         1
        383        0.001553311773819   k=         1
        384        -0.004211761983165   k=         1
        385        0.009337915951588   k=         1
        386        -0.005122326657346   k=         1
        387        -0.005116553927862   k=         1
        388        -0.001187652370674   k=         1
        389        0.003736639910112   k=         1
        390        0.003667480483086   k=         1
        391        -0.000050620109462   k=         1
        392        0.001339880307438   k=         1
        393        0.003730905513832   k=         1
        394        0.006242932286048   k=         1
        395        -0.001069050186618   k=         1
        396        -0.003169447835304   k=         1
        397        -0.003975590334939   k=         1
        398        0.006392724787589   k=         1
        399        -0.001297567235122   k=         1
        400        -0.017537026805824   k=         1
        401        -0.055524232624690   k=         1
        402        0.127142001011779   k=         1
        403        0.000509079192766   k=         1
        404        0.012190288469805   k=         1
        405        0.044839165089699   k=         1
        406        -0.073111661412114   k=         1
        407        0.003837432684737   k=         1
        408        -0.014947558164582   k=         1
        409        0.063253374064401   k=         1
        410        -0.060993359081569   k=         1
        411        -0.003237518243052   k=         1
        412        -0.004782833936663   k=         1
        413        0.087755155800112   k=         1
        414        -0.080126409260032   k=         1
        415        -0.000205945086987   k=         1
        416        0.005013714021142   k=         1
        417        -0.020228664672822   k=         1
        418        0.019827764354614   k=         1
        419        -0.002386101116866   k=         1
        420        0.007169428896719   k=         1
        421        -0.025494786614307   k=         1
        422        0.026159861760791   k=         1
        423        0.001768843510502   k=         1
        424        0.004356111801888   k=         1
        425        -0.082705844666514   k=         1
        426        0.110931550587207   k=         1
