# file_format= v0.04.05
       144       426
    188.97268778      0.00000000      0.00000000    0
      0.00000000    188.97268778      0.00000000    0
      0.00000000      0.00000000    188.97268778    0
 6
       4
     2     2     2     2
     0     1     1     1
 1.710E+00 1.625E+00 1.625E+00 1.625E+00
 0.000E+00 0.000E+00 0.000E+00 0.000E+00
 0.000E+00 0.000E+00 0.000E+00 0.000E+00
 0.000E+00 0.000E+00 0.000E+00 0.000E+00
      1.157892     -0.941683    -0.078359
 6
       4
     2     2     2     2
     0     1     1     1
 1.710E+00 1.625E+00 1.625E+00 1.625E+00
 0.000E+00 0.000E+00 0.000E+00 0.000E+00
 0.000E+00 0.000E+00 0.000E+00 0.000E+00
 0.000E+00 0.000E+00 0.000E+00 0.000E+00
      -0.716270     1.069341    0.616776
 6
       4
     2     2     2     2
     0     1     1     1
 1.710E+00 1.625E+00 1.625E+00 1.625E+00
 0.000E+00 0.000E+00 0.000E+00 0.000E+00
 0.000E+00 0.000E+00 0.000E+00 0.000E+00
 0.000E+00 0.000E+00 0.000E+00 0.000E+00
      0.322640     -3.269666    -0.676849
 6
       4
     2     2     2     2
     0     1     1     1
 1.710E+00 1.625E+00 1.625E+00 1.625E+00
 0.000E+00 0.000E+00 0.000E+00 0.000E+00
 0.000E+00 0.000E+00 0.000E+00 0.000E+00
 0.000E+00 0.000E+00 0.000E+00 0.000E+00
      -3.204796     0.502221    0.295901
 6
       4
     2     2     2     2
     0     1     1     1
 1.710E+00 1.625E+00 1.625E+00 1.625E+00
 0.000E+00 0.000E+00 0.000E+00 0.000E+00
 0.000E+00 0.000E+00 0.000E+00 0.000E+00
 0.000E+00 0.000E+00 0.000E+00 0.000E+00
      -3.895241     -1.917626    -0.414938
 6
       4
     2     2     2     2
     0     1     1     1
 1.710E+00 1.625E+00 1.625E+00 1.625E+00
 0.000E+00 0.000E+00 0.000E+00 0.000E+00
 0.000E+00 0.000E+00 0.000E+00 0.000E+00
 0.000E+00 0.000E+00 0.000E+00 0.000E+00
      -2.121756     -3.785758    -0.919522
 6
       4
     2     2     2     2
     0     1     1     1
 1.710E+00 1.625E+00 1.625E+00 1.625E+00
 0.000E+00 0.000E+00 0.000E+00 0.000E+00
 0.000E+00 0.000E+00 0.000E+00 0.000E+00
 0.000E+00 0.000E+00 0.000E+00 0.000E+00
      3.942282     -0.297881    -0.059394
 6
       4
     2     2     2     2
     0     1     1     1
 1.710E+00 1.625E+00 1.625E+00 1.625E+00
 0.000E+00 0.000E+00 0.000E+00 0.000E+00
 0.000E+00 0.000E+00 0.000E+00 0.000E+00
 0.000E+00 0.000E+00 0.000E+00 0.000E+00
      6.176713     -0.354484    -0.173545
 6
       4
     2     2     2     2
     0     1     1     1
 1.710E+00 1.625E+00 1.625E+00 1.625E+00
 0.000E+00 0.000E+00 0.000E+00 0.000E+00
 0.000E+00 0.000E+00 0.000E+00 0.000E+00
 0.000E+00 0.000E+00 0.000E+00 0.000E+00
      8.933060     0.104252    -0.092719
 6
       4
     2     2     2     2
     0     1     1     1
 1.710E+00 1.625E+00 1.625E+00 1.625E+00
 0.000E+00 0.000E+00 0.000E+00 0.000E+00
 0.000E+00 0.000E+00 0.000E+00 0.000E+00
 0.000E+00 0.000E+00 0.000E+00 0.000E+00
      9.981089     2.599356    -0.353377
 6
       4
     2     2     2     2
     0     1     1     1
 1.710E+00 1.625E+00 1.625E+00 1.625E+00
 0.000E+00 0.000E+00 0.000E+00 0.000E+00
 0.000E+00 0.000E+00 0.000E+00 0.000E+00
 0.000E+00 0.000E+00 0.000E+00 0.000E+00
      10.551776     -1.974716    0.511961
 6
       4
     2     2     2     2
     0     1     1     1
 1.710E+00 1.625E+00 1.625E+00 1.625E+00
 0.000E+00 0.000E+00 0.000E+00 0.000E+00
 0.000E+00 0.000E+00 0.000E+00 0.000E+00
 0.000E+00 0.000E+00 0.000E+00 0.000E+00
      12.567764     2.974597    -0.093192
 6
       4
     2     2     2     2
     0     1     1     1
 1.710E+00 1.625E+00 1.625E+00 1.625E+00
 0.000E+00 0.000E+00 0.000E+00 0.000E+00
 0.000E+00 0.000E+00 0.000E+00 0.000E+00
 0.000E+00 0.000E+00 0.000E+00 0.000E+00
      13.106236     -1.613958    0.782936
 6
       4
     2     2     2     2
     0     1     1     1
 1.710E+00 1.625E+00 1.625E+00 1.625E+00
 0.000E+00 0.000E+00 0.000E+00 0.000E+00
 0.000E+00 0.000E+00 0.000E+00 0.000E+00
 0.000E+00 0.000E+00 0.000E+00 0.000E+00
      14.137892     0.813104    0.307736
 6
       4
     2     2     2     2
     0     1     1     1
 1.710E+00 1.625E+00 1.625E+00 1.625E+00
 0.000E+00 0.000E+00 0.000E+00 0.000E+00
 0.000E+00 0.000E+00 0.000E+00 0.000E+00
 0.000E+00 0.000E+00 0.000E+00 0.000E+00
      16.927939     1.064490    0.193574
 6
       4
     2     2     2     2
     0     1     1     1
 1.710E+00 1.625E+00 1.625E+00 1.625E+00
 0.000E+00 0.000E+00 0.000E+00 0.000E+00
 0.000E+00 0.000E+00 0.000E+00 0.000E+00
 0.000E+00 0.000E+00 0.000E+00 0.000E+00
      19.157437     1.189103    0.230129
 6
       4
     2     2     2     2
     0     1     1     1
 1.710E+00 1.625E+00 1.625E+00 1.625E+00
 0.000E+00 0.000E+00 0.000E+00 0.000E+00
 0.000E+00 0.000E+00 0.000E+00 0.000E+00
 0.000E+00 0.000E+00 0.000E+00 0.000E+00
      21.934187     1.301719    0.272667
 6
       4
     2     2     2     2
     0     1     1     1
 1.710E+00 1.625E+00 1.625E+00 1.625E+00
 0.000E+00 0.000E+00 0.000E+00 0.000E+00
 0.000E+00 0.000E+00 0.000E+00 0.000E+00
 0.000E+00 0.000E+00 0.000E+00 0.000E+00
      23.134783     -0.673338    1.588421
 6
       4
     2     2     2     2
     0     1     1     1
 1.710E+00 1.625E+00 1.625E+00 1.625E+00
 0.000E+00 0.000E+00 0.000E+00 0.000E+00
 0.000E+00 0.000E+00 0.000E+00 0.000E+00
 0.000E+00 0.000E+00 0.000E+00 0.000E+00
      23.334333     3.171230    -0.971108
 6
       4
     2     2     2     2
     0     1     1     1
 1.710E+00 1.625E+00 1.625E+00 1.625E+00
 0.000E+00 0.000E+00 0.000E+00 0.000E+00
 0.000E+00 0.000E+00 0.000E+00 0.000E+00
 0.000E+00 0.000E+00 0.000E+00 0.000E+00
      26.063541     2.913035    -1.260789
 6
       4
     2     2     2     2
     0     1     1     1
 1.710E+00 1.625E+00 1.625E+00 1.625E+00
 0.000E+00 0.000E+00 0.000E+00 0.000E+00
 0.000E+00 0.000E+00 0.000E+00 0.000E+00
 0.000E+00 0.000E+00 0.000E+00 0.000E+00
      25.836829     -0.893394    1.421938
 6
       4
     2     2     2     2
     0     1     1     1
 1.710E+00 1.625E+00 1.625E+00 1.625E+00
 0.000E+00 0.000E+00 0.000E+00 0.000E+00
 0.000E+00 0.000E+00 0.000E+00 0.000E+00
 0.000E+00 0.000E+00 0.000E+00 0.000E+00
      27.212472     0.812497    -0.107289
 6
       4
     2     2     2     2
     0     1     1     1
 1.710E+00 1.625E+00 1.625E+00 1.625E+00
 0.000E+00 0.000E+00 0.000E+00 0.000E+00
 0.000E+00 0.000E+00 0.000E+00 0.000E+00
 0.000E+00 0.000E+00 0.000E+00 0.000E+00
      30.018233     0.523344    -0.160111
 6
       4
     2     2     2     2
     0     1     1     1
 1.710E+00 1.625E+00 1.625E+00 1.625E+00
 0.000E+00 0.000E+00 0.000E+00 0.000E+00
 0.000E+00 0.000E+00 0.000E+00 0.000E+00
 0.000E+00 0.000E+00 0.000E+00 0.000E+00
      32.281462     0.158028    -0.124522
 6
       4
     2     2     2     2
     0     1     1     1
 1.710E+00 1.625E+00 1.625E+00 1.625E+00
 0.000E+00 0.000E+00 0.000E+00 0.000E+00
 0.000E+00 0.000E+00 0.000E+00 0.000E+00
 0.000E+00 0.000E+00 0.000E+00 0.000E+00
      35.207409     -0.061429    -0.200232
 6
       4
     2     2     2     2
     0     1     1     1
 1.710E+00 1.625E+00 1.625E+00 1.625E+00
 0.000E+00 0.000E+00 0.000E+00 0.000E+00
 0.000E+00 0.000E+00 0.000E+00 0.000E+00
 0.000E+00 0.000E+00 0.000E+00 0.000E+00
      36.279077     -2.296533    0.508958
 6
       4
     2     2     2     2
     0     1     1     1
 1.710E+00 1.625E+00 1.625E+00 1.625E+00
 0.000E+00 0.000E+00 0.000E+00 0.000E+00
 0.000E+00 0.000E+00 0.000E+00 0.000E+00
 0.000E+00 0.000E+00 0.000E+00 0.000E+00
      36.743517     2.093038    -0.898971
 6
       4
     2     2     2     2
     0     1     1     1
 1.710E+00 1.625E+00 1.625E+00 1.625E+00
 0.000E+00 0.000E+00 0.000E+00 0.000E+00
 0.000E+00 0.000E+00 0.000E+00 0.000E+00
 0.000E+00 0.000E+00 0.000E+00 0.000E+00
      39.372617     1.898685    -0.939538
 6
       4
     2     2     2     2
     0     1     1     1
 1.710E+00 1.625E+00 1.625E+00 1.625E+00
 0.000E+00 0.000E+00 0.000E+00 0.000E+00
 0.000E+00 0.000E+00 0.000E+00 0.000E+00
 0.000E+00 0.000E+00 0.000E+00 0.000E+00
      39.006212     -2.460091    0.565036
 6
       4
     2     2     2     2
     0     1     1     1
 1.710E+00 1.625E+00 1.625E+00 1.625E+00
 0.000E+00 0.000E+00 0.000E+00 0.000E+00
 0.000E+00 0.000E+00 0.000E+00 0.000E+00
 0.000E+00 0.000E+00 0.000E+00 0.000E+00
      40.484603     -0.431411    -0.090599
 6
       4
     2     2     2     2
     0     1     1     1
 1.710E+00 1.625E+00 1.625E+00 1.625E+00
 0.000E+00 0.000E+00 0.000E+00 0.000E+00
 0.000E+00 0.000E+00 0.000E+00 0.000E+00
 0.000E+00 0.000E+00 0.000E+00 0.000E+00
      43.339017     -0.638761    0.032462
 6
       4
     2     2     2     2
     0     1     1     1
 1.710E+00 1.625E+00 1.625E+00 1.625E+00
 0.000E+00 0.000E+00 0.000E+00 0.000E+00
 0.000E+00 0.000E+00 0.000E+00 0.000E+00
 0.000E+00 0.000E+00 0.000E+00 0.000E+00
      45.554710     -0.417078    -0.081275
 6
       4
     2     2     2     2
     0     1     1     1
 1.710E+00 1.625E+00 1.625E+00 1.625E+00
 0.000E+00 0.000E+00 0.000E+00 0.000E+00
 0.000E+00 0.000E+00 0.000E+00 0.000E+00
 0.000E+00 0.000E+00 0.000E+00 0.000E+00
      48.331636     -0.362041    -0.358859
 6
       4
     2     2     2     2
     0     1     1     1
 1.710E+00 1.625E+00 1.625E+00 1.625E+00
 0.000E+00 0.000E+00 0.000E+00 0.000E+00
 0.000E+00 0.000E+00 0.000E+00 0.000E+00
 0.000E+00 0.000E+00 0.000E+00 0.000E+00
      49.844887     -2.463483    0.685901
 6
       4
     2     2     2     2
     0     1     1     1
 1.710E+00 1.625E+00 1.625E+00 1.625E+00
 0.000E+00 0.000E+00 0.000E+00 0.000E+00
 0.000E+00 0.000E+00 0.000E+00 0.000E+00
 0.000E+00 0.000E+00 0.000E+00 0.000E+00
      49.488188     1.601006    -1.564965
 6
       4
     2     2     2     2
     0     1     1     1
 1.710E+00 1.625E+00 1.625E+00 1.625E+00
 0.000E+00 0.000E+00 0.000E+00 0.000E+00
 0.000E+00 0.000E+00 0.000E+00 0.000E+00
 0.000E+00 0.000E+00 0.000E+00 0.000E+00
      52.253868     1.777091    -1.483076
 6
       4
     2     2     2     2
     0     1     1     1
 1.710E+00 1.625E+00 1.625E+00 1.625E+00
 0.000E+00 0.000E+00 0.000E+00 0.000E+00
 0.000E+00 0.000E+00 0.000E+00 0.000E+00
 0.000E+00 0.000E+00 0.000E+00 0.000E+00
      52.440165     -2.416185    0.681167
 6
       4
     2     2     2     2
     0     1     1     1
 1.710E+00 1.625E+00 1.625E+00 1.625E+00
 0.000E+00 0.000E+00 0.000E+00 0.000E+00
 0.000E+00 0.000E+00 0.000E+00 0.000E+00
 0.000E+00 0.000E+00 0.000E+00 0.000E+00
      53.719815     -0.227892    -0.425791
 6
       4
     2     2     2     2
     0     1     1     1
 1.710E+00 1.625E+00 1.625E+00 1.625E+00
 0.000E+00 0.000E+00 0.000E+00 0.000E+00
 0.000E+00 0.000E+00 0.000E+00 0.000E+00
 0.000E+00 0.000E+00 0.000E+00 0.000E+00
      56.462994     -0.069011    -0.295374
 1
       1
     1
     0
 1.300E+00
 0.000E+00
 0.000E+00
 0.000E+00
      -4.676979     2.125401    0.764721
 1
       1
     1
     0
 1.300E+00
 0.000E+00
 0.000E+00
 0.000E+00
      -0.068489     3.094232    1.189044
 1
       1
     1
     0
 1.300E+00
 0.000E+00
 0.000E+00
 0.000E+00
      -5.832356     -1.994572    -0.630596
 1
       1
     1
     0
 1.300E+00
 0.000E+00
 0.000E+00
 0.000E+00
      -2.939102     -5.654937    -1.530912
 1
       1
     1
     0
 1.300E+00
 0.000E+00
 0.000E+00
 0.000E+00
      1.755758     -4.842999    -1.107136
 1
       1
     1
     0
 1.300E+00
 0.000E+00
 0.000E+00
 0.000E+00
      8.555377     4.137701    -0.848147
 1
       1
     1
     0
 1.300E+00
 0.000E+00
 0.000E+00
 0.000E+00
      9.658195     -3.936492    0.875140
 1
       1
     1
     0
 1.300E+00
 0.000E+00
 0.000E+00
 0.000E+00
      13.361096     4.936949    -0.263694
 1
       1
     1
     0
 1.300E+00
 0.000E+00
 0.000E+00
 0.000E+00
      14.405871     -3.307534    1.284679
 1
       1
     1
     0
 1.300E+00
 0.000E+00
 0.000E+00
 0.000E+00
      22.344865     4.902926    -1.781581
 1
       1
     1
     0
 1.300E+00
 0.000E+00
 0.000E+00
 0.000E+00
      27.267179     4.347747    -2.378995
 1
       1
     1
     0
 1.300E+00
 0.000E+00
 0.000E+00
 0.000E+00
      21.861597     -2.028022    2.686346
 1
       1
     1
     0
 1.300E+00
 0.000E+00
 0.000E+00
 0.000E+00
      26.885791     -2.381607    2.558560
 1
       1
     1
     0
 1.300E+00
 0.000E+00
 0.000E+00
 0.000E+00
      35.698564     3.913970    -1.279738
 1
       1
     1
     0
 1.300E+00
 0.000E+00
 0.000E+00
 0.000E+00
      35.091329     -3.986024    1.055818
 1
       1
     1
     0
 1.300E+00
 0.000E+00
 0.000E+00
 0.000E+00
      40.700115     3.503187    -1.485457
 1
       1
     1
     0
 1.300E+00
 0.000E+00
 0.000E+00
 0.000E+00
      39.865247     -4.248694    1.397214
 1
       1
     1
     0
 1.300E+00
 0.000E+00
 0.000E+00
 0.000E+00
      48.392887     3.083753    -2.634482
 1
       1
     1
     0
 1.300E+00
 0.000E+00
 0.000E+00
 0.000E+00
      48.674150     -4.078237    1.486247
 1
       1
     1
     0
 1.300E+00
 0.000E+00
 0.000E+00
 0.000E+00
      53.204657     3.546568    -2.284180
 1
       1
     1
     0
 1.300E+00
 0.000E+00
 0.000E+00
 0.000E+00
      53.639727     -3.947129    1.572706
 1
       1
     1
     0
 1.300E+00
 0.000E+00
 0.000E+00
 0.000E+00
      61.641881     4.418591    -1.294886
 1
       1
     1
     0
 1.300E+00
 0.000E+00
 0.000E+00
 0.000E+00
      62.070369     -3.690470    0.989551
 6
       4
     2     2     2     2
     0     1     1     1
 1.710E+00 1.625E+00 1.625E+00 1.625E+00
 0.000E+00 0.000E+00 0.000E+00 0.000E+00
 0.000E+00 0.000E+00 0.000E+00 0.000E+00
 0.000E+00 0.000E+00 0.000E+00 0.000E+00
      69.845474     0.512284    -0.222111
 1
       1
     1
     0
 1.300E+00
 0.000E+00
 0.000E+00
 0.000E+00
      66.581731     4.564081    -1.455312
 1
       1
     1
     0
 1.300E+00
 0.000E+00
 0.000E+00
 0.000E+00
      66.768369     -3.383360    1.097045
 6
       4
     2     2     2     2
     0     1     1     1
 1.710E+00 1.625E+00 1.625E+00 1.625E+00
 0.000E+00 0.000E+00 0.000E+00 0.000E+00
 0.000E+00 0.000E+00 0.000E+00 0.000E+00
 0.000E+00 0.000E+00 0.000E+00 0.000E+00
      58.770091     0.231886    -0.264896
 6
       4
     2     2     2     2
     0     1     1     1
 1.710E+00 1.625E+00 1.625E+00 1.625E+00
 0.000E+00 0.000E+00 0.000E+00 0.000E+00
 0.000E+00 0.000E+00 0.000E+00 0.000E+00
 0.000E+00 0.000E+00 0.000E+00 0.000E+00
      61.610169     0.340986    -0.144050
 6
       4
     2     2     2     2
     0     1     1     1
 1.710E+00 1.625E+00 1.625E+00 1.625E+00
 0.000E+00 0.000E+00 0.000E+00 0.000E+00
 0.000E+00 0.000E+00 0.000E+00 0.000E+00
 0.000E+00 0.000E+00 0.000E+00 0.000E+00
      63.027676     -1.750935    0.546369
 6
       4
     2     2     2     2
     0     1     1     1
 1.710E+00 1.625E+00 1.625E+00 1.625E+00
 0.000E+00 0.000E+00 0.000E+00 0.000E+00
 0.000E+00 0.000E+00 0.000E+00 0.000E+00
 0.000E+00 0.000E+00 0.000E+00 0.000E+00
      62.891052     2.687143    -0.851887
 6
       4
     2     2     2     2
     0     1     1     1
 1.710E+00 1.625E+00 1.625E+00 1.625E+00
 0.000E+00 0.000E+00 0.000E+00 0.000E+00
 0.000E+00 0.000E+00 0.000E+00 0.000E+00
 0.000E+00 0.000E+00 0.000E+00 0.000E+00
      65.415373     2.836620    -0.965805
 6
       4
     2     2     2     2
     0     1     1     1
 1.710E+00 1.625E+00 1.625E+00 1.625E+00
 0.000E+00 0.000E+00 0.000E+00 0.000E+00
 0.000E+00 0.000E+00 0.000E+00 0.000E+00
 0.000E+00 0.000E+00 0.000E+00 0.000E+00
      65.749875     -1.598436    0.435939
 6
       4
     2     2     2     2
     0     1     1     1
 1.710E+00 1.625E+00 1.625E+00 1.625E+00
 0.000E+00 0.000E+00 0.000E+00 0.000E+00
 0.000E+00 0.000E+00 0.000E+00 0.000E+00
 0.000E+00 0.000E+00 0.000E+00 0.000E+00
      66.966190     0.513682    -0.383862
 6
       4
     2     2     2     2
     0     1     1     1
 1.710E+00 1.625E+00 1.625E+00 1.625E+00
 0.000E+00 0.000E+00 0.000E+00 0.000E+00
 0.000E+00 0.000E+00 0.000E+00 0.000E+00
 0.000E+00 0.000E+00 0.000E+00 0.000E+00
      80.104134     -0.041381    0.752137
 6
       4
     2     2     2     2
     0     1     1     1
 1.710E+00 1.625E+00 1.625E+00 1.625E+00
 0.000E+00 0.000E+00 0.000E+00 0.000E+00
 0.000E+00 0.000E+00 0.000E+00 0.000E+00
 0.000E+00 0.000E+00 0.000E+00 0.000E+00
      78.828217     2.212674    0.335300
 6
       4
     2     2     2     2
     0     1     1     1
 1.710E+00 1.625E+00 1.625E+00 1.625E+00
 0.000E+00 0.000E+00 0.000E+00 0.000E+00
 0.000E+00 0.000E+00 0.000E+00 0.000E+00
 0.000E+00 0.000E+00 0.000E+00 0.000E+00
      78.727307     -2.354568    0.983022
 6
       4
     2     2     2     2
     0     1     1     1
 1.710E+00 1.625E+00 1.625E+00 1.625E+00
 0.000E+00 0.000E+00 0.000E+00 0.000E+00
 0.000E+00 0.000E+00 0.000E+00 0.000E+00
 0.000E+00 0.000E+00 0.000E+00 0.000E+00
      76.199440     2.275990    0.081999
 6
       4
     2     2     2     2
     0     1     1     1
 1.710E+00 1.625E+00 1.625E+00 1.625E+00
 0.000E+00 0.000E+00 0.000E+00 0.000E+00
 0.000E+00 0.000E+00 0.000E+00 0.000E+00
 0.000E+00 0.000E+00 0.000E+00 0.000E+00
      74.783202     -0.000814    0.276934
 6
       4
     2     2     2     2
     0     1     1     1
 1.710E+00 1.625E+00 1.625E+00 1.625E+00
 0.000E+00 0.000E+00 0.000E+00 0.000E+00
 0.000E+00 0.000E+00 0.000E+00 0.000E+00
 0.000E+00 0.000E+00 0.000E+00 0.000E+00
      76.095855     -2.284074    0.734926
 6
       4
     2     2     2     2
     0     1     1     1
 1.710E+00 1.625E+00 1.625E+00 1.625E+00
 0.000E+00 0.000E+00 0.000E+00 0.000E+00
 0.000E+00 0.000E+00 0.000E+00 0.000E+00
 0.000E+00 0.000E+00 0.000E+00 0.000E+00
      82.874774     -0.165837    0.720082
 6
       4
     2     2     2     2
     0     1     1     1
 1.710E+00 1.625E+00 1.625E+00 1.625E+00
 0.000E+00 0.000E+00 0.000E+00 0.000E+00
 0.000E+00 0.000E+00 0.000E+00 0.000E+00
 0.000E+00 0.000E+00 0.000E+00 0.000E+00
      85.108489     0.001172    0.188026
 6
       4
     2     2     2     2
     0     1     1     1
 1.710E+00 1.625E+00 1.625E+00 1.625E+00
 0.000E+00 0.000E+00 0.000E+00 0.000E+00
 0.000E+00 0.000E+00 0.000E+00 0.000E+00
 0.000E+00 0.000E+00 0.000E+00 0.000E+00
      87.869193     -0.030103    0.105653
 6
       4
     2     2     2     2
     0     1     1     1
 1.710E+00 1.625E+00 1.625E+00 1.625E+00
 0.000E+00 0.000E+00 0.000E+00 0.000E+00
 0.000E+00 0.000E+00 0.000E+00 0.000E+00
 0.000E+00 0.000E+00 0.000E+00 0.000E+00
      89.117132     2.177017    -0.574709
 6
       4
     2     2     2     2
     0     1     1     1
 1.710E+00 1.625E+00 1.625E+00 1.625E+00
 0.000E+00 0.000E+00 0.000E+00 0.000E+00
 0.000E+00 0.000E+00 0.000E+00 0.000E+00
 0.000E+00 0.000E+00 0.000E+00 0.000E+00
      89.267443     -2.275253    0.683614
 6
       4
     2     2     2     2
     0     1     1     1
 1.710E+00 1.625E+00 1.625E+00 1.625E+00
 0.000E+00 0.000E+00 0.000E+00 0.000E+00
 0.000E+00 0.000E+00 0.000E+00 0.000E+00
 0.000E+00 0.000E+00 0.000E+00 0.000E+00
      91.810975     2.309619    -0.645719
 6
       4
     2     2     2     2
     0     1     1     1
 1.710E+00 1.625E+00 1.625E+00 1.625E+00
 0.000E+00 0.000E+00 0.000E+00 0.000E+00
 0.000E+00 0.000E+00 0.000E+00 0.000E+00
 0.000E+00 0.000E+00 0.000E+00 0.000E+00
      91.961784     -2.092889    0.625734
 6
       4
     2     2     2     2
     0     1     1     1
 1.710E+00 1.625E+00 1.625E+00 1.625E+00
 0.000E+00 0.000E+00 0.000E+00 0.000E+00
 0.000E+00 0.000E+00 0.000E+00 0.000E+00
 0.000E+00 0.000E+00 0.000E+00 0.000E+00
      93.199515     0.125654    -0.055188
 6
       4
     2     2     2     2
     0     1     1     1
 1.710E+00 1.625E+00 1.625E+00 1.625E+00
 0.000E+00 0.000E+00 0.000E+00 0.000E+00
 0.000E+00 0.000E+00 0.000E+00 0.000E+00
 0.000E+00 0.000E+00 0.000E+00 0.000E+00
      95.952937     0.342388    -0.185734
 6
       4
     2     2     2     2
     0     1     1     1
 1.710E+00 1.625E+00 1.625E+00 1.625E+00
 0.000E+00 0.000E+00 0.000E+00 0.000E+00
 0.000E+00 0.000E+00 0.000E+00 0.000E+00
 0.000E+00 0.000E+00 0.000E+00 0.000E+00
      98.183709     0.391132    -0.450649
 6
       4
     2     2     2     2
     0     1     1     1
 1.710E+00 1.625E+00 1.625E+00 1.625E+00
 0.000E+00 0.000E+00 0.000E+00 0.000E+00
 0.000E+00 0.000E+00 0.000E+00 0.000E+00
 0.000E+00 0.000E+00 0.000E+00 0.000E+00
      100.968116     0.754586    -0.255323
 6
       4
     2     2     2     2
     0     1     1     1
 1.710E+00 1.625E+00 1.625E+00 1.625E+00
 0.000E+00 0.000E+00 0.000E+00 0.000E+00
 0.000E+00 0.000E+00 0.000E+00 0.000E+00
 0.000E+00 0.000E+00 0.000E+00 0.000E+00
      102.552825     -1.270425    0.834548
 6
       4
     2     2     2     2
     0     1     1     1
 1.710E+00 1.625E+00 1.625E+00 1.625E+00
 0.000E+00 0.000E+00 0.000E+00 0.000E+00
 0.000E+00 0.000E+00 0.000E+00 0.000E+00
 0.000E+00 0.000E+00 0.000E+00 0.000E+00
      102.135842     3.019251    -0.674530
 6
       4
     2     2     2     2
     0     1     1     1
 1.710E+00 1.625E+00 1.625E+00 1.625E+00
 0.000E+00 0.000E+00 0.000E+00 0.000E+00
 0.000E+00 0.000E+00 0.000E+00 0.000E+00
 0.000E+00 0.000E+00 0.000E+00 0.000E+00
      104.870580     3.295007    -0.361261
 6
       4
     2     2     2     2
     0     1     1     1
 1.710E+00 1.625E+00 1.625E+00 1.625E+00
 0.000E+00 0.000E+00 0.000E+00 0.000E+00
 0.000E+00 0.000E+00 0.000E+00 0.000E+00
 0.000E+00 0.000E+00 0.000E+00 0.000E+00
      105.114990     -1.075422    0.983098
 6
       4
     2     2     2     2
     0     1     1     1
 1.710E+00 1.625E+00 1.625E+00 1.625E+00
 0.000E+00 0.000E+00 0.000E+00 0.000E+00
 0.000E+00 0.000E+00 0.000E+00 0.000E+00
 0.000E+00 0.000E+00 0.000E+00 0.000E+00
      106.405533     1.247956    0.330324
 6
       4
     2     2     2     2
     0     1     1     1
 1.710E+00 1.625E+00 1.625E+00 1.625E+00
 0.000E+00 0.000E+00 0.000E+00 0.000E+00
 0.000E+00 0.000E+00 0.000E+00 0.000E+00
 0.000E+00 0.000E+00 0.000E+00 0.000E+00
      109.203298     1.194328    0.275505
 6
       4
     2     2     2     2
     0     1     1     1
 1.710E+00 1.625E+00 1.625E+00 1.625E+00
 0.000E+00 0.000E+00 0.000E+00 0.000E+00
 0.000E+00 0.000E+00 0.000E+00 0.000E+00
 0.000E+00 0.000E+00 0.000E+00 0.000E+00
      111.454019     0.862174    0.022650
 6
       4
     2     2     2     2
     0     1     1     1
 1.710E+00 1.625E+00 1.625E+00 1.625E+00
 0.000E+00 0.000E+00 0.000E+00 0.000E+00
 0.000E+00 0.000E+00 0.000E+00 0.000E+00
 0.000E+00 0.000E+00 0.000E+00 0.000E+00
      114.242281     0.630898    -0.067023
 6
       4
     2     2     2     2
     0     1     1     1
 1.710E+00 1.625E+00 1.625E+00 1.625E+00
 0.000E+00 0.000E+00 0.000E+00 0.000E+00
 0.000E+00 0.000E+00 0.000E+00 0.000E+00
 0.000E+00 0.000E+00 0.000E+00 0.000E+00
      115.414478     -1.601441    -0.698649
 6
       4
     2     2     2     2
     0     1     1     1
 1.710E+00 1.625E+00 1.625E+00 1.625E+00
 0.000E+00 0.000E+00 0.000E+00 0.000E+00
 0.000E+00 0.000E+00 0.000E+00 0.000E+00
 0.000E+00 0.000E+00 0.000E+00 0.000E+00
      115.721793     2.898654    0.468223
 6
       4
     2     2     2     2
     0     1     1     1
 1.710E+00 1.625E+00 1.625E+00 1.625E+00
 0.000E+00 0.000E+00 0.000E+00 0.000E+00
 0.000E+00 0.000E+00 0.000E+00 0.000E+00
 0.000E+00 0.000E+00 0.000E+00 0.000E+00
      118.304561     2.690008    0.341475
 6
       4
     2     2     2     2
     0     1     1     1
 1.710E+00 1.625E+00 1.625E+00 1.625E+00
 0.000E+00 0.000E+00 0.000E+00 0.000E+00
 0.000E+00 0.000E+00 0.000E+00 0.000E+00
 0.000E+00 0.000E+00 0.000E+00 0.000E+00
      118.048611     -1.804839    -0.820103
 6
       4
     2     2     2     2
     0     1     1     1
 1.710E+00 1.625E+00 1.625E+00 1.625E+00
 0.000E+00 0.000E+00 0.000E+00 0.000E+00
 0.000E+00 0.000E+00 0.000E+00 0.000E+00
 0.000E+00 0.000E+00 0.000E+00 0.000E+00
      119.547328     0.350556    -0.150519
 6
       4
     2     2     2     2
     0     1     1     1
 1.710E+00 1.625E+00 1.625E+00 1.625E+00
 0.000E+00 0.000E+00 0.000E+00 0.000E+00
 0.000E+00 0.000E+00 0.000E+00 0.000E+00
 0.000E+00 0.000E+00 0.000E+00 0.000E+00
      122.312551     0.253828    -0.034363
 6
       4
     2     2     2     2
     0     1     1     1
 1.710E+00 1.625E+00 1.625E+00 1.625E+00
 0.000E+00 0.000E+00 0.000E+00 0.000E+00
 0.000E+00 0.000E+00 0.000E+00 0.000E+00
 0.000E+00 0.000E+00 0.000E+00 0.000E+00
      124.658706     0.395138    -0.229150
 6
       4
     2     2     2     2
     0     1     1     1
 1.710E+00 1.625E+00 1.625E+00 1.625E+00
 0.000E+00 0.000E+00 0.000E+00 0.000E+00
 0.000E+00 0.000E+00 0.000E+00 0.000E+00
 0.000E+00 0.000E+00 0.000E+00 0.000E+00
      127.300639     0.184146    -0.052429
 6
       4
     2     2     2     2
     0     1     1     1
 1.710E+00 1.625E+00 1.625E+00 1.625E+00
 0.000E+00 0.000E+00 0.000E+00 0.000E+00
 0.000E+00 0.000E+00 0.000E+00 0.000E+00
 0.000E+00 0.000E+00 0.000E+00 0.000E+00
      128.454506     -2.188932    -0.658980
 6
       4
     2     2     2     2
     0     1     1     1
 1.710E+00 1.625E+00 1.625E+00 1.625E+00
 0.000E+00 0.000E+00 0.000E+00 0.000E+00
 0.000E+00 0.000E+00 0.000E+00 0.000E+00
 0.000E+00 0.000E+00 0.000E+00 0.000E+00
      128.854782     2.184510    0.842325
 6
       4
     2     2     2     2
     0     1     1     1
 1.710E+00 1.625E+00 1.625E+00 1.625E+00
 0.000E+00 0.000E+00 0.000E+00 0.000E+00
 0.000E+00 0.000E+00 0.000E+00 0.000E+00
 0.000E+00 0.000E+00 0.000E+00 0.000E+00
      131.479711     1.876394    1.039115
 6
       4
     2     2     2     2
     0     1     1     1
 1.710E+00 1.625E+00 1.625E+00 1.625E+00
 0.000E+00 0.000E+00 0.000E+00 0.000E+00
 0.000E+00 0.000E+00 0.000E+00 0.000E+00
 0.000E+00 0.000E+00 0.000E+00 0.000E+00
      131.120085     -2.424396    -0.562042
 6
       4
     2     2     2     2
     0     1     1     1
 1.710E+00 1.625E+00 1.625E+00 1.625E+00
 0.000E+00 0.000E+00 0.000E+00 0.000E+00
 0.000E+00 0.000E+00 0.000E+00 0.000E+00
 0.000E+00 0.000E+00 0.000E+00 0.000E+00
      132.632898     -0.404348    0.261362
 6
       4
     2     2     2     2
     0     1     1     1
 1.710E+00 1.625E+00 1.625E+00 1.625E+00
 0.000E+00 0.000E+00 0.000E+00 0.000E+00
 0.000E+00 0.000E+00 0.000E+00 0.000E+00
 0.000E+00 0.000E+00 0.000E+00 0.000E+00
      135.394302     -0.701780    0.185856
 1
       1
     1
     0
 1.300E+00
 0.000E+00
 0.000E+00
 0.000E+00
      75.217400     4.192958    -0.216910
 1
       1
     1
     0
 1.300E+00
 0.000E+00
 0.000E+00
 0.000E+00
      80.051686     3.976206    0.108954
 6
       4
     2     2     2     2
     0     1     1     1
 1.710E+00 1.625E+00 1.625E+00 1.625E+00
 0.000E+00 0.000E+00 0.000E+00 0.000E+00
 0.000E+00 0.000E+00 0.000E+00 0.000E+00
 0.000E+00 0.000E+00 0.000E+00 0.000E+00
      71.970713     0.077798    -0.008872
 1
       1
     1
     0
 1.300E+00
 0.000E+00
 0.000E+00
 0.000E+00
      74.923514     -4.080024    0.712971
 1
       1
     1
     0
 1.300E+00
 0.000E+00
 0.000E+00
 0.000E+00
      79.649687     -4.312752    1.369428
 1
       1
     1
     0
 1.300E+00
 0.000E+00
 0.000E+00
 0.000E+00
      87.918349     4.000792    -0.918567
 1
       1
     1
     0
 1.300E+00
 0.000E+00
 0.000E+00
 0.000E+00
      88.217253     -4.012572    1.319753
 1
       1
     1
     0
 1.300E+00
 0.000E+00
 0.000E+00
 0.000E+00
      92.914306     4.157994    -0.945239
 1
       1
     1
     0
 1.300E+00
 0.000E+00
 0.000E+00
 0.000E+00
      93.144341     -3.761010    1.322362
 1
       1
     1
     0
 1.300E+00
 0.000E+00
 0.000E+00
 0.000E+00
      100.905370     4.729918    -1.232489
 1
       1
     1
     0
 1.300E+00
 0.000E+00
 0.000E+00
 0.000E+00
      105.557206     5.293856    -0.841858
 1
       1
     1
     0
 1.300E+00
 0.000E+00
 0.000E+00
 0.000E+00
      101.469158     -2.973943    1.498243
 1
       1
     1
     0
 1.300E+00
 0.000E+00
 0.000E+00
 0.000E+00
      106.325461     -2.662669    1.729555
 1
       1
     1
     0
 1.300E+00
 0.000E+00
 0.000E+00
 0.000E+00
      114.753369     4.793753    0.749497
 1
       1
     1
     0
 1.300E+00
 0.000E+00
 0.000E+00
 0.000E+00
      114.133569     -3.224661    -1.276965
 1
       1
     1
     0
 1.300E+00
 0.000E+00
 0.000E+00
 0.000E+00
      119.513485     4.455672    0.700159
 1
       1
     1
     0
 1.300E+00
 0.000E+00
 0.000E+00
 0.000E+00
      119.009621     -3.534778    -1.610349
 1
       1
     1
     0
 1.300E+00
 0.000E+00
 0.000E+00
 0.000E+00
      127.876879     4.071653    1.325465
 1
       1
     1
     0
 1.300E+00
 0.000E+00
 0.000E+00
 0.000E+00
      127.141180     -3.757395    -1.363186
 1
       1
     1
     0
 1.300E+00
 0.000E+00
 0.000E+00
 0.000E+00
      132.646039     3.573190    1.665750
 1
       1
     1
     0
 1.300E+00
 0.000E+00
 0.000E+00
 0.000E+00
      132.017435     -4.280583    -1.177399
 1
       1
     1
     0
 1.300E+00
 0.000E+00
 0.000E+00
 0.000E+00
      140.746642     2.097698    2.786501
 1
       1
     1
     0
 1.300E+00
 0.000E+00
 0.000E+00
 0.000E+00
      140.596689     -4.681919    -2.348482
 1
       1
     1
     0
 1.300E+00
 0.000E+00
 0.000E+00
 0.000E+00
      147.882157     -1.158933    -0.119659
 1
       1
     1
     0
 1.300E+00
 0.000E+00
 0.000E+00
 0.000E+00
      145.496905     2.020922    2.831072
 1
       1
     1
     0
 1.300E+00
 0.000E+00
 0.000E+00
 0.000E+00
      145.438097     -4.597622    -2.363875
 6
       4
     2     2     2     2
     0     1     1     1
 1.710E+00 1.625E+00 1.625E+00 1.625E+00
 0.000E+00 0.000E+00 0.000E+00 0.000E+00
 0.000E+00 0.000E+00 0.000E+00 0.000E+00
 0.000E+00 0.000E+00 0.000E+00 0.000E+00
      137.554032     -1.197198    0.154975
 6
       4
     2     2     2     2
     0     1     1     1
 1.710E+00 1.625E+00 1.625E+00 1.625E+00
 0.000E+00 0.000E+00 0.000E+00 0.000E+00
 0.000E+00 0.000E+00 0.000E+00 0.000E+00
 0.000E+00 0.000E+00 0.000E+00 0.000E+00
      140.381020     -1.430279    0.369646
 6
       4
     2     2     2     2
     0     1     1     1
 1.710E+00 1.625E+00 1.625E+00 1.625E+00
 0.000E+00 0.000E+00 0.000E+00 0.000E+00
 0.000E+00 0.000E+00 0.000E+00 0.000E+00
 0.000E+00 0.000E+00 0.000E+00 0.000E+00
      141.564684     -3.251221    -1.028313
 6
       4
     2     2     2     2
     0     1     1     1
 1.710E+00 1.625E+00 1.625E+00 1.625E+00
 0.000E+00 0.000E+00 0.000E+00 0.000E+00
 0.000E+00 0.000E+00 0.000E+00 0.000E+00
 0.000E+00 0.000E+00 0.000E+00 0.000E+00
      141.731760     0.488473    1.839988
 6
       4
     2     2     2     2
     0     1     1     1
 1.710E+00 1.625E+00 1.625E+00 1.625E+00
 0.000E+00 0.000E+00 0.000E+00 0.000E+00
 0.000E+00 0.000E+00 0.000E+00 0.000E+00
 0.000E+00 0.000E+00 0.000E+00 0.000E+00
      144.214435     0.536055    1.817280
 6
       4
     2     2     2     2
     0     1     1     1
 1.710E+00 1.625E+00 1.625E+00 1.625E+00
 0.000E+00 0.000E+00 0.000E+00 0.000E+00
 0.000E+00 0.000E+00 0.000E+00 0.000E+00
 0.000E+00 0.000E+00 0.000E+00 0.000E+00
      144.307270     -3.118367    -1.023474
 6
       4
     2     2     2     2
     0     1     1     1
 1.710E+00 1.625E+00 1.625E+00 1.625E+00
 0.000E+00 0.000E+00 0.000E+00 0.000E+00
 0.000E+00 0.000E+00 0.000E+00 0.000E+00
 0.000E+00 0.000E+00 0.000E+00 0.000E+00
      145.444274     -1.299606    0.174734
# LCAO coefficients .. are not included.
         1
        1        -0.000472473393394   k=         1
        2        0.001982966692634   k=         1
        3        -0.004181079498317   k=         1
        4        0.029355088614382   k=         1
        5        0.001988703014550   k=         1
        6        0.002724396059987   k=         1
        7        -0.012742496629493   k=         1
        8        0.031687367645603   k=         1
        9        -0.001452769618834   k=         1
        10        -0.002972203981656   k=         1
        11        -0.011680178595739   k=         1
        12        0.024677830216158   k=         1
        13        -0.000222049875595   k=         1
        14        -0.000423948302517   k=         1
        15        0.002134054454144   k=         1
        16        -0.005636061662071   k=         1
        17        -0.000557427418459   k=         1
        18        0.003034733538087   k=         1
        19        0.010572317762016   k=         1
        20        -0.038056482883791   k=         1
        21        0.000807865414467   k=         1
        22        0.001594062467473   k=         1
        23        0.005488477100806   k=         1
        24        -0.013948282558865   k=         1
        25        -0.001190239214479   k=         1
        26        -0.002863957486270   k=         1
        27        -0.007806497292905   k=         1
        28        -0.057002666279901   k=         1
        29        -0.000836073357482   k=         1
        30        -0.003430885835168   k=         1
        31        -0.000540387280677   k=         1
        32        -0.033988853483793   k=         1
        33        -0.000698389706445   k=         1
        34        -0.005832079550436   k=         1
        35        0.013407000144677   k=         1
        36        0.080381337014351   k=         1
        37        -0.001176380247094   k=         1
        38        -0.009925112880863   k=         1
        39        0.005916731423680   k=         1
        40        0.037702580379653   k=         1
        41        -0.001535915141237   k=         1
        42        -0.013402370886560   k=         1
        43        0.009161694011718   k=         1
        44        0.035993230823252   k=         1
        45        -0.001376998969911   k=         1
        46        0.008311314367228   k=         1
        47        -0.004804357079160   k=         1
        48        -0.051996905227578   k=         1
        49        0.001092965118119   k=         1
        50        0.014398933324395   k=         1
        51        -0.004332398063396   k=         1
        52        -0.050761644687542   k=         1
        53        -0.000005308971375   k=         1
        54        -0.009852396248123   k=         1
        55        -0.017979643777281   k=         1
        56        -0.071618372276775   k=         1
        57        -0.003446088176666   k=         1
        58        0.007138482006260   k=         1
        59        0.033885707688326   k=         1
        60        0.063011571376436   k=         1
        61        -0.001936927281404   k=         1
        62        -0.011245039808791   k=         1
        63        0.020521664900292   k=         1
        64        0.061201769179688   k=         1
        65        -0.001075784018820   k=         1
        66        0.010392352278679   k=         1
        67        -0.044517756996430   k=         1
        68        -0.073943762275493   k=         1
        69        -0.001165527970569   k=         1
        70        -0.008759844630545   k=         1
        71        -0.028866486399987   k=         1
        72        -0.039953921371703   k=         1
        73        0.001626955154584   k=         1
        74        -0.015603996522884   k=         1
        75        -0.030839731633123   k=         1
        76        -0.044563040880328   k=         1
        77        -0.003831816383310   k=         1
        78        0.014789763803089   k=         1
        79        0.034993606241552   k=         1
        80        0.049100408803479   k=         1
        81        0.000789367003113   k=         1
        82        0.014748618553089   k=         1
        83        0.042758037184005   k=         1
        84        0.042739460994278   k=         1
        85        -0.001518049761134   k=         1
        86        0.006894805846336   k=         1
        87        0.044145423741526   k=         1
        88        0.069677485240758   k=         1
        89        -0.001716016215804   k=         1
        90        -0.000625720461707   k=         1
        91        -0.033169042129858   k=         1
        92        -0.088439425783551   k=         1
        93        0.000803877283110   k=         1
        94        -0.003991521437558   k=         1
        95        -0.037610657050146   k=         1
        96        -0.071216183098854   k=         1
        97        -0.000735887483769   k=         1
        98        0.007637628266907   k=         1
        99        0.040383518092184   k=         1
        100        0.125255192790903   k=         1
        101        -0.000347856139427   k=         1
        102        0.003149012556217   k=         1
        103        0.019145265654800   k=         1
        104        0.065829651844049   k=         1
        105        0.002642277871752   k=         1
        106        0.006900222238434   k=         1
        107        0.012075959521484   k=         1
        108        0.062052684075155   k=         1
        109        -0.000961702492101   k=         1
        110        -0.006759241732245   k=         1
        111        -0.020892731748482   k=         1
        112        -0.078508239746041   k=         1
        113        0.002780145314160   k=         1
        114        0.005370275306632   k=         1
        115        -0.041333899953022   k=         1
        116        -0.106725421129128   k=         1
        117        0.000758354609240   k=         1
        118        0.016362372563159   k=         1
        119        -0.044161406449456   k=         1
        120        -0.108558393756961   k=         1
        121        -0.002057698497633   k=         1
        122        -0.011456085510294   k=         1
        123        0.078459690533880   k=         1
        124        0.149666914867926   k=         1
        125        0.008285685353123   k=         1
        126        0.022234757831831   k=         1
        127        0.049673677099680   k=         1
        128        0.106335441510553   k=         1
        129        -0.001915078595525   k=         1
        130        -0.035249547959742   k=         1
        131        -0.111619936928017   k=         1
        132        -0.196431542998892   k=         1
        133        -0.003278696929305   k=         1
        134        0.009115867324821   k=         1
        135        -0.062864273889151   k=         1
        136        -0.106262495817553   k=         1
        137        0.000839895822338   k=         1
        138        0.019503587264954   k=         1
        139        -0.062237556544459   k=         1
        140        -0.099459684519730   k=         1
        141        0.003537144279007   k=         1
        142        -0.031448889432160   k=         1
        143        0.091891275523960   k=         1
        144        0.181125448020431   k=         1
        145        0.003185460675397   k=         1
        146        -0.008738705608791   k=         1
        147        0.058086901635850   k=         1
        148        0.099823417872099   k=         1
        149        -0.002921519353104   k=         1
        150        -0.004622558328772   k=         1
        151        0.094244410095077   k=         1
        152        0.199566291029339   k=         1
        153        0.002037084908036   k=         1
        154        0.005364895615724   k=         1
        155        -0.072012953639812   k=         1
        156        -0.186040260634336   k=         1
        157        0.002208373600615   k=         1
        158        -0.001566987920755   k=         1
        159        0.000265893014356   k=         1
        160        -0.002067233262528   k=         1
        161        0.000356684382610   k=         1
        162        0.000765015949796   k=         1
        163        0.003521110476508   k=         1
        164        0.004009522364772   k=         1
        165        0.004568888480597   k=         1
        166        0.002386442616827   k=         1
        167        0.003811507689849   k=         1
        168        0.007165710731259   k=         1
        169        -0.000092210189356   k=         1
        170        -0.003015492911096   k=         1
        171        0.000410674397745   k=         1
        172        -0.000353104005411   k=         1
        173        -0.003750569536100   k=         1
        174        -0.009380651168138   k=         1
        175        -0.003902435197147   k=         1
        176        -0.002377207920603   k=         1
        177        -0.005719006962522   k=         1
        178        -0.008206318089934   k=         1
        179        -0.004455063816689   k=         1
        180        0.002491653362582   k=         1
        181        -0.011193791255714   k=         1
        182        0.029202160488917   k=         1
        183        0.135283990554604   k=         1
        184        0.002026011017034   k=         1
        185        -0.006199247452966   k=         1
        186        0.002476439875441   k=         1
        187        0.022443194797465   k=         1
        188        -0.085202809748499   k=         1
        189        -0.196925538856373   k=         1
        190        0.000934638925731   k=         1
        191        -0.016302812597040   k=         1
        192        0.070252702074769   k=         1
        193        0.198181567084862   k=         1
        194        0.002808555023873   k=         1
        195        0.012043079735760   k=         1
        196        0.043004592709845   k=         1
        197        0.183744649515271   k=         1
        198        0.002358273571035   k=         1
        199        0.006608549978012   k=         1
        200        0.024201029714279   k=         1
        201        0.102467119022299   k=         1
        202        0.000884388680791   k=         1
        203        -0.009272079381451   k=         1
        204        -0.025825736172701   k=         1
        205        -0.105181927690715   k=         1
        206        -0.000409316589568   k=         1
        207        -0.013274510547684   k=         1
        208        -0.048016679848687   k=         1
        209        -0.120411525287556   k=         1
        210        0.007948387039460   k=         1
        211        0.003191747226373   k=         1
        212        -0.070828047686187   k=         1
        213        -0.213607968462517   k=         1
        214        0.001766769369710   k=         1
        215        0.004574178541871   k=         1
        216        0.029825131568725   k=         1
        217        0.170618065384299   k=         1
        218        0.001010995552681   k=         1
        219        -0.012704377281938   k=         1
        220        0.017155490114313   k=         1
        221        0.095775638928720   k=         1
        222        -0.002639585976953   k=         1
        223        -0.019271008367834   k=         1
        224        0.008357919159987   k=         1
        225        0.108184689616854   k=         1
        226        -0.000372081795856   k=         1
        227        0.020520565047489   k=         1
        228        -0.008742007318392   k=         1
        229        -0.121041352355360   k=         1
        230        0.000627162853188   k=         1
        231        0.013960073149353   k=         1
        232        -0.030782683128883   k=         1
        233        -0.168660660786937   k=         1
        234        0.002288780177112   k=         1
        235        0.016905609131117   k=         1
        236        -0.004657107307696   k=         1
        237        -0.102089312421591   k=         1
        238        -0.005297270714756   k=         1
        239        -0.023536588090227   k=         1
        240        -0.030001050169825   k=         1
        241        -0.119226865060167   k=         1
        242        0.008969922577948   k=         1
        243        -0.025536598843581   k=         1
        244        -0.030064577453955   k=         1
        245        -0.144190439112374   k=         1
        246        0.001663338770637   k=         1
        247        0.009362837094891   k=         1
        248        0.030133376802675   k=         1
        249        0.112799284233839   k=         1
        250        -0.002635782896644   k=         1
        251        0.000445537533370   k=         1
        252        0.021749409888017   k=         1
        253        0.091724494296245   k=         1
        254        -0.001598340759330   k=         1
        255        -0.004423736378060   k=         1
        256        0.035141806473218   k=         1
        257        0.097451379421833   k=         1
        258        0.002040625528298   k=         1
        259        0.004503045485815   k=         1
        260        -0.016764700725330   k=         1
        261        -0.070810255171370   k=         1
        262        0.001381706635832   k=         1
        263        0.006839560413987   k=         1
        264        -0.018440132896737   k=         1
        265        -0.058427604988649   k=         1
        266        -0.001825288974816   k=         1
        267        -0.007511759822093   k=         1
        268        -0.036645931500497   k=         1
        269        -0.123942898675438   k=         1
        270        0.002627011436946   k=         1
        271        0.011565840017783   k=         1
        272        0.022749888289722   k=         1
        273        0.067417337121107   k=         1
        274        -0.006305990703234   k=         1
        275        0.000237198107303   k=         1
        276        0.028448536543756   k=         1
        277        0.096267899340583   k=         1
        278        0.001823019742012   k=         1
        279        0.012041440573609   k=         1
        280        -0.022097925892739   k=         1
        281        -0.067919676410773   k=         1
        282        -0.000615486642797   k=         1
        283        0.007698655225296   k=         1
        284        -0.024945021862622   k=         1
        285        -0.048495049522518   k=         1
        286        0.001440431642770   k=         1
        287        0.012972011435098   k=         1
        288        -0.014467618636968   k=         1
        289        -0.064240392993962   k=         1
        290        -0.001046230990719   k=         1
        291        -0.010546249695621   k=         1
        292        0.015751922425602   k=         1
        293        0.048328758420637   k=         1
        294        -0.000189228500768   k=         1
        295        -0.003015338341636   k=         1
        296        0.011903148982294   k=         1
        297        0.028539233551904   k=         1
        298        0.001466401714075   k=         1
        299        0.000652972294252   k=         1
        300        0.021003890115722   k=         1
        301        0.081086415681319   k=         1
        302        -0.000562296373303   k=         1
        303        -0.005633905013163   k=         1
        304        -0.001149032964833   k=         1
        305        -0.044480983803762   k=         1
        306        0.002407488765884   k=         1
        307        -0.007062030366175   k=         1
        308        -0.012698756357721   k=         1
        309        -0.060555854372347   k=         1
        310        -0.000418024855326   k=         1
        311        0.001197148329436   k=         1
        312        -0.005241391966216   k=         1
        313        0.043036554420725   k=         1
        314        -0.000694449980647   k=         1
        315        0.003974992121520   k=         1
        316        -0.014664867575699   k=         1
        317        0.030289640247238   k=         1
        318        0.003479764358476   k=         1
        319        -0.004442960416950   k=         1
        320        -0.012635171184906   k=         1
        321        0.033505788853925   k=         1
        322        -0.000940007719340   k=         1
        323        0.000330219073076   k=         1
        324        0.005611415740585   k=         1
        325        -0.019629472854556   k=         1
        326        0.000099441348743   k=         1
        327        -0.002704691370859   k=         1
        328        0.011609983804187   k=         1
        329        -0.026290772384944   k=         1
        330        -0.000336953902362   k=         1
        331        0.003253011757902   k=         1
        332        0.010722168819637   k=         1
        333        -0.048516682661420   k=         1
        334        0.002370400619728   k=         1
        335        0.000067466362986   k=         1
        336        -0.006354130165513   k=         1
        337        0.025046002089711   k=         1
        338        -0.002462442347957   k=         1
        339        0.002318048536313   k=         1
        340        -0.008967338928219   k=         1
        341        0.037881210648480   k=         1
        342        0.000667823975389   k=         1
        343        0.000367311116266   k=         1
        344        0.005510596304659   k=         1
        345        -0.018708286892725   k=         1
        346        -0.000207398682033   k=         1
        347        0.003100920520259   k=         1
        348        0.007402712030112   k=         1
        349        -0.023334873751428   k=         1
        350        -0.000466261783660   k=         1
        351        0.005388478580152   k=         1
        352        0.008741200780604   k=         1
        353        -0.021109665076092   k=         1
        354        0.000345097450514   k=         1
        355        -0.002313519812989   k=         1
        356        -0.002636833723529   k=         1
        357        0.008725431369687   k=         1
        358        0.000044724207284   k=         1
        359        -0.001363470830429   k=         1
        360        -0.002980224211829   k=         1
        361        0.007913055157398   k=         1
        362        0.000231480224647   k=         1
        363        0.000568975585495   k=         1
        364        -0.009983473490765   k=         1
        365        0.025829218372911   k=         1
        366        0.000395287322692   k=         1
        367        -0.000766462334670   k=         1
        368        0.002608477149083   k=         1
        369        -0.005934248555676   k=         1
        370        -0.000311597364889   k=         1
        371        -0.007554062244442   k=         1
        372        -0.000153791993388   k=         1
        373        -0.007360774967047   k=         1
        374        0.043148559718693   k=         1
        375        0.147690985072515   k=         1
        376        -0.006654361327889   k=         1
        377        0.000446527733223   k=         1
        378        0.002228753650424   k=         1
        379        0.001858337504404   k=         1
        380        0.001871367711870   k=         1
        381        0.003331125979045   k=         1
        382        -0.000667740995267   k=         1
        383        -0.002001733629108   k=         1
        384        0.001678532066708   k=         1
        385        -0.004242524673936   k=         1
        386        -0.001575612124109   k=         1
        387        0.001758181767357   k=         1
        388        0.002216108276705   k=         1
        389        -0.003288881471179   k=         1
        390        -0.000281887754615   k=         1
        391        -0.000354428392565   k=         1
        392        -0.001262169556886   k=         1
        393        -0.000831090838598   k=         1
        394        -0.000235425210167   k=         1
        395        -0.000041918693922   k=         1
        396        -0.000069682261184   k=         1
        397        0.000447529525232   k=         1
        398        -0.000293592987436   k=         1
        399        0.000189081531360   k=         1
        400        0.002247136233588   k=         1
        401        0.005699743400449   k=         1
        402        -0.015883872803295   k=         1
        403        0.000107384855724   k=         1
        404        -0.001201560541702   k=         1
        405        -0.002054603409705   k=         1
        406        0.004030417484175   k=         1
        407        -0.000280258165240   k=         1
        408        0.000574408969865   k=         1
        409        -0.006849119086940   k=         1
        410        0.006629911537429   k=         1
        411        0.000344740892561   k=         1
        412        -0.000761729487387   k=         1
        413        -0.003335730085916   k=         1
        414        0.003775822444456   k=         1
        415        -0.000054410044488   k=         1
        416        0.000000373381160   k=         1
        417        0.000919627775601   k=         1
        418        -0.001166919095899   k=         1
        419        0.000183597826902   k=         1
        420        -0.000511419876681   k=         1
        421        0.000929705041529   k=         1
        422        -0.000949301641970   k=         1
        423        0.000189609858572   k=         1
        424        -0.001251729233866   k=         1
        425        0.004426846662243   k=         1
        426        -0.005886820185218   k=         1
