# file_format= v0.04.05
       144       426
    188.97268778      0.00000000      0.00000000    0
      0.00000000    188.97268778      0.00000000    0
      0.00000000      0.00000000    188.97268778    0
 6
       4
     2     2     2     2
     0     1     1     1
 1.710E+00 1.625E+00 1.625E+00 1.625E+00
 0.000E+00 0.000E+00 0.000E+00 0.000E+00
 0.000E+00 0.000E+00 0.000E+00 0.000E+00
 0.000E+00 0.000E+00 0.000E+00 0.000E+00
      0.821946     -0.588364    -0.244704
 6
       4
     2     2     2     2
     0     1     1     1
 1.710E+00 1.625E+00 1.625E+00 1.625E+00
 0.000E+00 0.000E+00 0.000E+00 0.000E+00
 0.000E+00 0.000E+00 0.000E+00 0.000E+00
 0.000E+00 0.000E+00 0.000E+00 0.000E+00
      -0.979345     1.312692    0.532755
 6
       4
     2     2     2     2
     0     1     1     1
 1.710E+00 1.625E+00 1.625E+00 1.625E+00
 0.000E+00 0.000E+00 0.000E+00 0.000E+00
 0.000E+00 0.000E+00 0.000E+00 0.000E+00
 0.000E+00 0.000E+00 0.000E+00 0.000E+00
      -0.243302     -2.907689    -1.088911
 6
       4
     2     2     2     2
     0     1     1     1
 1.710E+00 1.625E+00 1.625E+00 1.625E+00
 0.000E+00 0.000E+00 0.000E+00 0.000E+00
 0.000E+00 0.000E+00 0.000E+00 0.000E+00
 0.000E+00 0.000E+00 0.000E+00 0.000E+00
      -3.568332     0.843162    0.491610
 6
       4
     2     2     2     2
     0     1     1     1
 1.710E+00 1.625E+00 1.625E+00 1.625E+00
 0.000E+00 0.000E+00 0.000E+00 0.000E+00
 0.000E+00 0.000E+00 0.000E+00 0.000E+00
 0.000E+00 0.000E+00 0.000E+00 0.000E+00
      -4.689616     -1.515632    -0.260206
 6
       4
     2     2     2     2
     0     1     1     1
 1.710E+00 1.625E+00 1.625E+00 1.625E+00
 0.000E+00 0.000E+00 0.000E+00 0.000E+00
 0.000E+00 0.000E+00 0.000E+00 0.000E+00
 0.000E+00 0.000E+00 0.000E+00 0.000E+00
      -2.868640     -3.448066    -1.087473
 6
       4
     2     2     2     2
     0     1     1     1
 1.710E+00 1.625E+00 1.625E+00 1.625E+00
 0.000E+00 0.000E+00 0.000E+00 0.000E+00
 0.000E+00 0.000E+00 0.000E+00 0.000E+00
 0.000E+00 0.000E+00 0.000E+00 0.000E+00
      3.565257     -0.089089    -0.051690
 6
       4
     2     2     2     2
     0     1     1     1
 1.710E+00 1.625E+00 1.625E+00 1.625E+00
 0.000E+00 0.000E+00 0.000E+00 0.000E+00
 0.000E+00 0.000E+00 0.000E+00 0.000E+00
 0.000E+00 0.000E+00 0.000E+00 0.000E+00
      5.827511     0.581164    -0.034933
 6
       4
     2     2     2     2
     0     1     1     1
 1.710E+00 1.625E+00 1.625E+00 1.625E+00
 0.000E+00 0.000E+00 0.000E+00 0.000E+00
 0.000E+00 0.000E+00 0.000E+00 0.000E+00
 0.000E+00 0.000E+00 0.000E+00 0.000E+00
      8.584417     0.820708    0.053967
 6
       4
     2     2     2     2
     0     1     1     1
 1.710E+00 1.625E+00 1.625E+00 1.625E+00
 0.000E+00 0.000E+00 0.000E+00 0.000E+00
 0.000E+00 0.000E+00 0.000E+00 0.000E+00
 0.000E+00 0.000E+00 0.000E+00 0.000E+00
      9.828886     3.103191    -0.744359
 6
       4
     2     2     2     2
     0     1     1     1
 1.710E+00 1.625E+00 1.625E+00 1.625E+00
 0.000E+00 0.000E+00 0.000E+00 0.000E+00
 0.000E+00 0.000E+00 0.000E+00 0.000E+00
 0.000E+00 0.000E+00 0.000E+00 0.000E+00
      10.163098     -1.225973    0.957178
 6
       4
     2     2     2     2
     0     1     1     1
 1.710E+00 1.625E+00 1.625E+00 1.625E+00
 0.000E+00 0.000E+00 0.000E+00 0.000E+00
 0.000E+00 0.000E+00 0.000E+00 0.000E+00
 0.000E+00 0.000E+00 0.000E+00 0.000E+00
      12.481693     3.312748    -0.727639
 6
       4
     2     2     2     2
     0     1     1     1
 1.710E+00 1.625E+00 1.625E+00 1.625E+00
 0.000E+00 0.000E+00 0.000E+00 0.000E+00
 0.000E+00 0.000E+00 0.000E+00 0.000E+00
 0.000E+00 0.000E+00 0.000E+00 0.000E+00
      12.819132     -0.980575    1.007388
 6
       4
     2     2     2     2
     0     1     1     1
 1.710E+00 1.625E+00 1.625E+00 1.625E+00
 0.000E+00 0.000E+00 0.000E+00 0.000E+00
 0.000E+00 0.000E+00 0.000E+00 0.000E+00
 0.000E+00 0.000E+00 0.000E+00 0.000E+00
      14.043939     1.282103    0.156908
 6
       4
     2     2     2     2
     0     1     1     1
 1.710E+00 1.625E+00 1.625E+00 1.625E+00
 0.000E+00 0.000E+00 0.000E+00 0.000E+00
 0.000E+00 0.000E+00 0.000E+00 0.000E+00
 0.000E+00 0.000E+00 0.000E+00 0.000E+00
      16.789110     1.435525    0.119064
 6
       4
     2     2     2     2
     0     1     1     1
 1.710E+00 1.625E+00 1.625E+00 1.625E+00
 0.000E+00 0.000E+00 0.000E+00 0.000E+00
 0.000E+00 0.000E+00 0.000E+00 0.000E+00
 0.000E+00 0.000E+00 0.000E+00 0.000E+00
      19.115922     1.311009    0.248389
 6
       4
     2     2     2     2
     0     1     1     1
 1.710E+00 1.625E+00 1.625E+00 1.625E+00
 0.000E+00 0.000E+00 0.000E+00 0.000E+00
 0.000E+00 0.000E+00 0.000E+00 0.000E+00
 0.000E+00 0.000E+00 0.000E+00 0.000E+00
      21.883257     1.258454    0.170327
 6
       4
     2     2     2     2
     0     1     1     1
 1.710E+00 1.625E+00 1.625E+00 1.625E+00
 0.000E+00 0.000E+00 0.000E+00 0.000E+00
 0.000E+00 0.000E+00 0.000E+00 0.000E+00
 0.000E+00 0.000E+00 0.000E+00 0.000E+00
      23.128903     -0.586425    1.677102
 6
       4
     2     2     2     2
     0     1     1     1
 1.710E+00 1.625E+00 1.625E+00 1.625E+00
 0.000E+00 0.000E+00 0.000E+00 0.000E+00
 0.000E+00 0.000E+00 0.000E+00 0.000E+00
 0.000E+00 0.000E+00 0.000E+00 0.000E+00
      23.339615     2.871174    -1.432930
 6
       4
     2     2     2     2
     0     1     1     1
 1.710E+00 1.625E+00 1.625E+00 1.625E+00
 0.000E+00 0.000E+00 0.000E+00 0.000E+00
 0.000E+00 0.000E+00 0.000E+00 0.000E+00
 0.000E+00 0.000E+00 0.000E+00 0.000E+00
      26.008119     2.533087    -1.578252
 6
       4
     2     2     2     2
     0     1     1     1
 1.710E+00 1.625E+00 1.625E+00 1.625E+00
 0.000E+00 0.000E+00 0.000E+00 0.000E+00
 0.000E+00 0.000E+00 0.000E+00 0.000E+00
 0.000E+00 0.000E+00 0.000E+00 0.000E+00
      25.821191     -0.928307    1.545254
 6
       4
     2     2     2     2
     0     1     1     1
 1.710E+00 1.625E+00 1.625E+00 1.625E+00
 0.000E+00 0.000E+00 0.000E+00 0.000E+00
 0.000E+00 0.000E+00 0.000E+00 0.000E+00
 0.000E+00 0.000E+00 0.000E+00 0.000E+00
      27.244061     0.663626    -0.059504
 6
       4
     2     2     2     2
     0     1     1     1
 1.710E+00 1.625E+00 1.625E+00 1.625E+00
 0.000E+00 0.000E+00 0.000E+00 0.000E+00
 0.000E+00 0.000E+00 0.000E+00 0.000E+00
 0.000E+00 0.000E+00 0.000E+00 0.000E+00
      30.000543     0.340893    -0.051937
 6
       4
     2     2     2     2
     0     1     1     1
 1.710E+00 1.625E+00 1.625E+00 1.625E+00
 0.000E+00 0.000E+00 0.000E+00 0.000E+00
 0.000E+00 0.000E+00 0.000E+00 0.000E+00
 0.000E+00 0.000E+00 0.000E+00 0.000E+00
      32.235723     0.138524    0.336830
 6
       4
     2     2     2     2
     0     1     1     1
 1.710E+00 1.625E+00 1.625E+00 1.625E+00
 0.000E+00 0.000E+00 0.000E+00 0.000E+00
 0.000E+00 0.000E+00 0.000E+00 0.000E+00
 0.000E+00 0.000E+00 0.000E+00 0.000E+00
      34.938254     0.029640    0.296130
 6
       4
     2     2     2     2
     0     1     1     1
 1.710E+00 1.625E+00 1.625E+00 1.625E+00
 0.000E+00 0.000E+00 0.000E+00 0.000E+00
 0.000E+00 0.000E+00 0.000E+00 0.000E+00
 0.000E+00 0.000E+00 0.000E+00 0.000E+00
      36.354845     -2.282103    0.691844
 6
       4
     2     2     2     2
     0     1     1     1
 1.710E+00 1.625E+00 1.625E+00 1.625E+00
 0.000E+00 0.000E+00 0.000E+00 0.000E+00
 0.000E+00 0.000E+00 0.000E+00 0.000E+00
 0.000E+00 0.000E+00 0.000E+00 0.000E+00
      36.335024     2.285414    -0.281437
 6
       4
     2     2     2     2
     0     1     1     1
 1.710E+00 1.625E+00 1.625E+00 1.625E+00
 0.000E+00 0.000E+00 0.000E+00 0.000E+00
 0.000E+00 0.000E+00 0.000E+00 0.000E+00
 0.000E+00 0.000E+00 0.000E+00 0.000E+00
      39.020905     2.190674    -0.456773
 6
       4
     2     2     2     2
     0     1     1     1
 1.710E+00 1.625E+00 1.625E+00 1.625E+00
 0.000E+00 0.000E+00 0.000E+00 0.000E+00
 0.000E+00 0.000E+00 0.000E+00 0.000E+00
 0.000E+00 0.000E+00 0.000E+00 0.000E+00
      39.023802     -2.345690    0.635092
 6
       4
     2     2     2     2
     0     1     1     1
 1.710E+00 1.625E+00 1.625E+00 1.625E+00
 0.000E+00 0.000E+00 0.000E+00 0.000E+00
 0.000E+00 0.000E+00 0.000E+00 0.000E+00
 0.000E+00 0.000E+00 0.000E+00 0.000E+00
      40.419963     -0.087804    -0.034597
 6
       4
     2     2     2     2
     0     1     1     1
 1.710E+00 1.625E+00 1.625E+00 1.625E+00
 0.000E+00 0.000E+00 0.000E+00 0.000E+00
 0.000E+00 0.000E+00 0.000E+00 0.000E+00
 0.000E+00 0.000E+00 0.000E+00 0.000E+00
      43.150738     -0.244655    -0.265898
 6
       4
     2     2     2     2
     0     1     1     1
 1.710E+00 1.625E+00 1.625E+00 1.625E+00
 0.000E+00 0.000E+00 0.000E+00 0.000E+00
 0.000E+00 0.000E+00 0.000E+00 0.000E+00
 0.000E+00 0.000E+00 0.000E+00 0.000E+00
      45.477938     -0.518361    -0.308617
 6
       4
     2     2     2     2
     0     1     1     1
 1.710E+00 1.625E+00 1.625E+00 1.625E+00
 0.000E+00 0.000E+00 0.000E+00 0.000E+00
 0.000E+00 0.000E+00 0.000E+00 0.000E+00
 0.000E+00 0.000E+00 0.000E+00 0.000E+00
      48.297511     -0.478947    -0.256364
 6
       4
     2     2     2     2
     0     1     1     1
 1.710E+00 1.625E+00 1.625E+00 1.625E+00
 0.000E+00 0.000E+00 0.000E+00 0.000E+00
 0.000E+00 0.000E+00 0.000E+00 0.000E+00
 0.000E+00 0.000E+00 0.000E+00 0.000E+00
      49.694888     -2.462028    0.946469
 6
       4
     2     2     2     2
     0     1     1     1
 1.710E+00 1.625E+00 1.625E+00 1.625E+00
 0.000E+00 0.000E+00 0.000E+00 0.000E+00
 0.000E+00 0.000E+00 0.000E+00 0.000E+00
 0.000E+00 0.000E+00 0.000E+00 0.000E+00
      49.522159     1.781324    -1.173454
 6
       4
     2     2     2     2
     0     1     1     1
 1.710E+00 1.625E+00 1.625E+00 1.625E+00
 0.000E+00 0.000E+00 0.000E+00 0.000E+00
 0.000E+00 0.000E+00 0.000E+00 0.000E+00
 0.000E+00 0.000E+00 0.000E+00 0.000E+00
      52.136703     1.984095    -1.014734
 6
       4
     2     2     2     2
     0     1     1     1
 1.710E+00 1.625E+00 1.625E+00 1.625E+00
 0.000E+00 0.000E+00 0.000E+00 0.000E+00
 0.000E+00 0.000E+00 0.000E+00 0.000E+00
 0.000E+00 0.000E+00 0.000E+00 0.000E+00
      52.383830     -2.103012    1.143726
 6
       4
     2     2     2     2
     0     1     1     1
 1.710E+00 1.625E+00 1.625E+00 1.625E+00
 0.000E+00 0.000E+00 0.000E+00 0.000E+00
 0.000E+00 0.000E+00 0.000E+00 0.000E+00
 0.000E+00 0.000E+00 0.000E+00 0.000E+00
      53.588392     0.049834    0.170947
 6
       4
     2     2     2     2
     0     1     1     1
 1.710E+00 1.625E+00 1.625E+00 1.625E+00
 0.000E+00 0.000E+00 0.000E+00 0.000E+00
 0.000E+00 0.000E+00 0.000E+00 0.000E+00
 0.000E+00 0.000E+00 0.000E+00 0.000E+00
      56.363799     0.197516    0.231820
 1
       1
     1
     0
 1.300E+00
 0.000E+00
 0.000E+00
 0.000E+00
      -4.853279     2.445094    1.015818
 1
       1
     1
     0
 1.300E+00
 0.000E+00
 0.000E+00
 0.000E+00
      -0.280059     3.099566    1.137470
 1
       1
     1
     0
 1.300E+00
 0.000E+00
 0.000E+00
 0.000E+00
      -7.265598     -1.938855    -0.282287
 1
       1
     1
     0
 1.300E+00
 0.000E+00
 0.000E+00
 0.000E+00
      -3.610535     -5.273981    -1.769872
 1
       1
     1
     0
 1.300E+00
 0.000E+00
 0.000E+00
 0.000E+00
      1.122964     -4.411182    -1.895650
 1
       1
     1
     0
 1.300E+00
 0.000E+00
 0.000E+00
 0.000E+00
      8.743911     4.803721    -1.498783
 1
       1
     1
     0
 1.300E+00
 0.000E+00
 0.000E+00
 0.000E+00
      9.341382     -2.997383    1.647945
 1
       1
     1
     0
 1.300E+00
 0.000E+00
 0.000E+00
 0.000E+00
      13.406678     5.022495    -1.523605
 1
       1
     1
     0
 1.300E+00
 0.000E+00
 0.000E+00
 0.000E+00
      13.967439     -2.496751    1.774371
 1
       1
     1
     0
 1.300E+00
 0.000E+00
 0.000E+00
 0.000E+00
      22.320578     4.340689    -2.635684
 1
       1
     1
     0
 1.300E+00
 0.000E+00
 0.000E+00
 0.000E+00
      27.124379     3.684410    -2.754523
 1
       1
     1
     0
 1.300E+00
 0.000E+00
 0.000E+00
 0.000E+00
      21.989526     -1.784224    2.954483
 1
       1
     1
     0
 1.300E+00
 0.000E+00
 0.000E+00
 0.000E+00
      26.833867     -2.419771    2.641969
 1
       1
     1
     0
 1.300E+00
 0.000E+00
 0.000E+00
 0.000E+00
      35.400018     4.069039    -0.622602
 1
       1
     1
     0
 1.300E+00
 0.000E+00
 0.000E+00
 0.000E+00
      35.205580     -3.974859    1.236467
 1
       1
     1
     0
 1.300E+00
 0.000E+00
 0.000E+00
 0.000E+00
      40.087349     4.040064    -0.889018
 1
       1
     1
     0
 1.300E+00
 0.000E+00
 0.000E+00
 0.000E+00
      40.161069     -4.141062    0.974932
 1
       1
     1
     0
 1.300E+00
 0.000E+00
 0.000E+00
 0.000E+00
      48.207029     3.224466    -1.993646
 1
       1
     1
     0
 1.300E+00
 0.000E+00
 0.000E+00
 0.000E+00
      48.652802     -4.158650    1.790667
 1
       1
     1
     0
 1.300E+00
 0.000E+00
 0.000E+00
 0.000E+00
      53.186151     3.702019    -1.891145
 1
       1
     1
     0
 1.300E+00
 0.000E+00
 0.000E+00
 0.000E+00
      53.564415     -3.521873    2.111975
 1
       1
     1
     0
 1.300E+00
 0.000E+00
 0.000E+00
 0.000E+00
      61.757122     4.159121    -1.374921
 1
       1
     1
     0
 1.300E+00
 0.000E+00
 0.000E+00
 0.000E+00
      61.526275     -3.792096    1.044412
 6
       4
     2     2     2     2
     0     1     1     1
 1.710E+00 1.625E+00 1.625E+00 1.625E+00
 0.000E+00 0.000E+00 0.000E+00 0.000E+00
 0.000E+00 0.000E+00 0.000E+00 0.000E+00
 0.000E+00 0.000E+00 0.000E+00 0.000E+00
      69.525640     -0.010749    0.122970
 1
       1
     1
     0
 1.300E+00
 0.000E+00
 0.000E+00
 0.000E+00
      66.579164     3.861116    -1.327517
 1
       1
     1
     0
 1.300E+00
 0.000E+00
 0.000E+00
 0.000E+00
      66.369972     -3.960594    0.845469
 6
       4
     2     2     2     2
     0     1     1     1
 1.710E+00 1.625E+00 1.625E+00 1.625E+00
 0.000E+00 0.000E+00 0.000E+00 0.000E+00
 0.000E+00 0.000E+00 0.000E+00 0.000E+00
 0.000E+00 0.000E+00 0.000E+00 0.000E+00
      58.659780     0.130555    0.050715
 6
       4
     2     2     2     2
     0     1     1     1
 1.710E+00 1.625E+00 1.625E+00 1.625E+00
 0.000E+00 0.000E+00 0.000E+00 0.000E+00
 0.000E+00 0.000E+00 0.000E+00 0.000E+00
 0.000E+00 0.000E+00 0.000E+00 0.000E+00
      61.379071     0.175748    -0.098716
 6
       4
     2     2     2     2
     0     1     1     1
 1.710E+00 1.625E+00 1.625E+00 1.625E+00
 0.000E+00 0.000E+00 0.000E+00 0.000E+00
 0.000E+00 0.000E+00 0.000E+00 0.000E+00
 0.000E+00 0.000E+00 0.000E+00 0.000E+00
      62.709321     -2.138098    0.609563
 6
       4
     2     2     2     2
     0     1     1     1
 1.710E+00 1.625E+00 1.625E+00 1.625E+00
 0.000E+00 0.000E+00 0.000E+00 0.000E+00
 0.000E+00 0.000E+00 0.000E+00 0.000E+00
 0.000E+00 0.000E+00 0.000E+00 0.000E+00
      62.796793     2.312480    -0.838829
 6
       4
     2     2     2     2
     0     1     1     1
 1.710E+00 1.625E+00 1.625E+00 1.625E+00
 0.000E+00 0.000E+00 0.000E+00 0.000E+00
 0.000E+00 0.000E+00 0.000E+00 0.000E+00
 0.000E+00 0.000E+00 0.000E+00 0.000E+00
      65.502276     2.227460    -0.860929
 6
       4
     2     2     2     2
     0     1     1     1
 1.710E+00 1.625E+00 1.625E+00 1.625E+00
 0.000E+00 0.000E+00 0.000E+00 0.000E+00
 0.000E+00 0.000E+00 0.000E+00 0.000E+00
 0.000E+00 0.000E+00 0.000E+00 0.000E+00
      65.314299     -2.263814    0.599013
 6
       4
     2     2     2     2
     0     1     1     1
 1.710E+00 1.625E+00 1.625E+00 1.625E+00
 0.000E+00 0.000E+00 0.000E+00 0.000E+00
 0.000E+00 0.000E+00 0.000E+00 0.000E+00
 0.000E+00 0.000E+00 0.000E+00 0.000E+00
      66.795574     -0.003165    -0.008200
 6
       4
     2     2     2     2
     0     1     1     1
 1.710E+00 1.625E+00 1.625E+00 1.625E+00
 0.000E+00 0.000E+00 0.000E+00 0.000E+00
 0.000E+00 0.000E+00 0.000E+00 0.000E+00
 0.000E+00 0.000E+00 0.000E+00 0.000E+00
      80.024174     -0.187678    0.259346
 6
       4
     2     2     2     2
     0     1     1     1
 1.710E+00 1.625E+00 1.625E+00 1.625E+00
 0.000E+00 0.000E+00 0.000E+00 0.000E+00
 0.000E+00 0.000E+00 0.000E+00 0.000E+00
 0.000E+00 0.000E+00 0.000E+00 0.000E+00
      78.782062     2.138098    -0.436404
 6
       4
     2     2     2     2
     0     1     1     1
 1.710E+00 1.625E+00 1.625E+00 1.625E+00
 0.000E+00 0.000E+00 0.000E+00 0.000E+00
 0.000E+00 0.000E+00 0.000E+00 0.000E+00
 0.000E+00 0.000E+00 0.000E+00 0.000E+00
      78.388268     -2.259982    0.940632
 6
       4
     2     2     2     2
     0     1     1     1
 1.710E+00 1.625E+00 1.625E+00 1.625E+00
 0.000E+00 0.000E+00 0.000E+00 0.000E+00
 0.000E+00 0.000E+00 0.000E+00 0.000E+00
 0.000E+00 0.000E+00 0.000E+00 0.000E+00
      76.113304     2.395762    -0.473817
 6
       4
     2     2     2     2
     0     1     1     1
 1.710E+00 1.625E+00 1.625E+00 1.625E+00
 0.000E+00 0.000E+00 0.000E+00 0.000E+00
 0.000E+00 0.000E+00 0.000E+00 0.000E+00
 0.000E+00 0.000E+00 0.000E+00 0.000E+00
      74.560949     0.218449    0.155855
 6
       4
     2     2     2     2
     0     1     1     1
 1.710E+00 1.625E+00 1.625E+00 1.625E+00
 0.000E+00 0.000E+00 0.000E+00 0.000E+00
 0.000E+00 0.000E+00 0.000E+00 0.000E+00
 0.000E+00 0.000E+00 0.000E+00 0.000E+00
      75.736996     -2.078302    0.883778
 6
       4
     2     2     2     2
     0     1     1     1
 1.710E+00 1.625E+00 1.625E+00 1.625E+00
 0.000E+00 0.000E+00 0.000E+00 0.000E+00
 0.000E+00 0.000E+00 0.000E+00 0.000E+00
 0.000E+00 0.000E+00 0.000E+00 0.000E+00
      82.798699     -0.220363    0.277126
 6
       4
     2     2     2     2
     0     1     1     1
 1.710E+00 1.625E+00 1.625E+00 1.625E+00
 0.000E+00 0.000E+00 0.000E+00 0.000E+00
 0.000E+00 0.000E+00 0.000E+00 0.000E+00
 0.000E+00 0.000E+00 0.000E+00 0.000E+00
      85.113570     -0.146182    0.184872
 6
       4
     2     2     2     2
     0     1     1     1
 1.710E+00 1.625E+00 1.625E+00 1.625E+00
 0.000E+00 0.000E+00 0.000E+00 0.000E+00
 0.000E+00 0.000E+00 0.000E+00 0.000E+00
 0.000E+00 0.000E+00 0.000E+00 0.000E+00
      87.888880     0.106669    -0.014969
 6
       4
     2     2     2     2
     0     1     1     1
 1.710E+00 1.625E+00 1.625E+00 1.625E+00
 0.000E+00 0.000E+00 0.000E+00 0.000E+00
 0.000E+00 0.000E+00 0.000E+00 0.000E+00
 0.000E+00 0.000E+00 0.000E+00 0.000E+00
      89.115613     2.281769    -1.031180
 6
       4
     2     2     2     2
     0     1     1     1
 1.710E+00 1.625E+00 1.625E+00 1.625E+00
 0.000E+00 0.000E+00 0.000E+00 0.000E+00
 0.000E+00 0.000E+00 0.000E+00 0.000E+00
 0.000E+00 0.000E+00 0.000E+00 0.000E+00
      89.480162     -1.953287    0.779414
 6
       4
     2     2     2     2
     0     1     1     1
 1.710E+00 1.625E+00 1.625E+00 1.625E+00
 0.000E+00 0.000E+00 0.000E+00 0.000E+00
 0.000E+00 0.000E+00 0.000E+00 0.000E+00
 0.000E+00 0.000E+00 0.000E+00 0.000E+00
      91.824004     2.396552    -1.275008
 6
       4
     2     2     2     2
     0     1     1     1
 1.710E+00 1.625E+00 1.625E+00 1.625E+00
 0.000E+00 0.000E+00 0.000E+00 0.000E+00
 0.000E+00 0.000E+00 0.000E+00 0.000E+00
 0.000E+00 0.000E+00 0.000E+00 0.000E+00
      92.158216     -1.906015    0.467475
 6
       4
     2     2     2     2
     0     1     1     1
 1.710E+00 1.625E+00 1.625E+00 1.625E+00
 0.000E+00 0.000E+00 0.000E+00 0.000E+00
 0.000E+00 0.000E+00 0.000E+00 0.000E+00
 0.000E+00 0.000E+00 0.000E+00 0.000E+00
      93.384895     0.342828    -0.446922
 6
       4
     2     2     2     2
     0     1     1     1
 1.710E+00 1.625E+00 1.625E+00 1.625E+00
 0.000E+00 0.000E+00 0.000E+00 0.000E+00
 0.000E+00 0.000E+00 0.000E+00 0.000E+00
 0.000E+00 0.000E+00 0.000E+00 0.000E+00
      96.166219     0.489171    -0.425328
 6
       4
     2     2     2     2
     0     1     1     1
 1.710E+00 1.625E+00 1.625E+00 1.625E+00
 0.000E+00 0.000E+00 0.000E+00 0.000E+00
 0.000E+00 0.000E+00 0.000E+00 0.000E+00
 0.000E+00 0.000E+00 0.000E+00 0.000E+00
      98.455527     0.319122    0.002358
 6
       4
     2     2     2     2
     0     1     1     1
 1.710E+00 1.625E+00 1.625E+00 1.625E+00
 0.000E+00 0.000E+00 0.000E+00 0.000E+00
 0.000E+00 0.000E+00 0.000E+00 0.000E+00
 0.000E+00 0.000E+00 0.000E+00 0.000E+00
      101.233041     0.206477    0.171564
 6
       4
     2     2     2     2
     0     1     1     1
 1.710E+00 1.625E+00 1.625E+00 1.625E+00
 0.000E+00 0.000E+00 0.000E+00 0.000E+00
 0.000E+00 0.000E+00 0.000E+00 0.000E+00
 0.000E+00 0.000E+00 0.000E+00 0.000E+00
      102.571902     -2.062424    0.819446
 6
       4
     2     2     2     2
     0     1     1     1
 1.710E+00 1.625E+00 1.625E+00 1.625E+00
 0.000E+00 0.000E+00 0.000E+00 0.000E+00
 0.000E+00 0.000E+00 0.000E+00 0.000E+00
 0.000E+00 0.000E+00 0.000E+00 0.000E+00
      102.610757     2.435294    -0.595944
 6
       4
     2     2     2     2
     0     1     1     1
 1.710E+00 1.625E+00 1.625E+00 1.625E+00
 0.000E+00 0.000E+00 0.000E+00 0.000E+00
 0.000E+00 0.000E+00 0.000E+00 0.000E+00
 0.000E+00 0.000E+00 0.000E+00 0.000E+00
      105.242344     2.429897    -0.763068
 6
       4
     2     2     2     2
     0     1     1     1
 1.710E+00 1.625E+00 1.625E+00 1.625E+00
 0.000E+00 0.000E+00 0.000E+00 0.000E+00
 0.000E+00 0.000E+00 0.000E+00 0.000E+00
 0.000E+00 0.000E+00 0.000E+00 0.000E+00
      105.269998     -2.044924    0.713927
 6
       4
     2     2     2     2
     0     1     1     1
 1.710E+00 1.625E+00 1.625E+00 1.625E+00
 0.000E+00 0.000E+00 0.000E+00 0.000E+00
 0.000E+00 0.000E+00 0.000E+00 0.000E+00
 0.000E+00 0.000E+00 0.000E+00 0.000E+00
      106.635631     0.138506    -0.108149
 6
       4
     2     2     2     2
     0     1     1     1
 1.710E+00 1.625E+00 1.625E+00 1.625E+00
 0.000E+00 0.000E+00 0.000E+00 0.000E+00
 0.000E+00 0.000E+00 0.000E+00 0.000E+00
 0.000E+00 0.000E+00 0.000E+00 0.000E+00
      109.373170     0.403455    -0.123376
 6
       4
     2     2     2     2
     0     1     1     1
 1.710E+00 1.625E+00 1.625E+00 1.625E+00
 0.000E+00 0.000E+00 0.000E+00 0.000E+00
 0.000E+00 0.000E+00 0.000E+00 0.000E+00
 0.000E+00 0.000E+00 0.000E+00 0.000E+00
      111.592175     0.972459    0.213093
 6
       4
     2     2     2     2
     0     1     1     1
 1.710E+00 1.625E+00 1.625E+00 1.625E+00
 0.000E+00 0.000E+00 0.000E+00 0.000E+00
 0.000E+00 0.000E+00 0.000E+00 0.000E+00
 0.000E+00 0.000E+00 0.000E+00 0.000E+00
      114.338487     0.908894    0.206817
 6
       4
     2     2     2     2
     0     1     1     1
 1.710E+00 1.625E+00 1.625E+00 1.625E+00
 0.000E+00 0.000E+00 0.000E+00 0.000E+00
 0.000E+00 0.000E+00 0.000E+00 0.000E+00
 0.000E+00 0.000E+00 0.000E+00 0.000E+00
      115.496190     -1.500066    -0.299051
 6
       4
     2     2     2     2
     0     1     1     1
 1.710E+00 1.625E+00 1.625E+00 1.625E+00
 0.000E+00 0.000E+00 0.000E+00 0.000E+00
 0.000E+00 0.000E+00 0.000E+00 0.000E+00
 0.000E+00 0.000E+00 0.000E+00 0.000E+00
      115.903027     3.111689    0.659494
 6
       4
     2     2     2     2
     0     1     1     1
 1.710E+00 1.625E+00 1.625E+00 1.625E+00
 0.000E+00 0.000E+00 0.000E+00 0.000E+00
 0.000E+00 0.000E+00 0.000E+00 0.000E+00
 0.000E+00 0.000E+00 0.000E+00 0.000E+00
      118.530540     2.868572    0.725279
 6
       4
     2     2     2     2
     0     1     1     1
 1.710E+00 1.625E+00 1.625E+00 1.625E+00
 0.000E+00 0.000E+00 0.000E+00 0.000E+00
 0.000E+00 0.000E+00 0.000E+00 0.000E+00
 0.000E+00 0.000E+00 0.000E+00 0.000E+00
      118.156191     -1.684713    -0.324666
 6
       4
     2     2     2     2
     0     1     1     1
 1.710E+00 1.625E+00 1.625E+00 1.625E+00
 0.000E+00 0.000E+00 0.000E+00 0.000E+00
 0.000E+00 0.000E+00 0.000E+00 0.000E+00
 0.000E+00 0.000E+00 0.000E+00 0.000E+00
      119.742873     0.501429    0.222292
 6
       4
     2     2     2     2
     0     1     1     1
 1.710E+00 1.625E+00 1.625E+00 1.625E+00
 0.000E+00 0.000E+00 0.000E+00 0.000E+00
 0.000E+00 0.000E+00 0.000E+00 0.000E+00
 0.000E+00 0.000E+00 0.000E+00 0.000E+00
      122.492653     0.143663    0.183538
 6
       4
     2     2     2     2
     0     1     1     1
 1.710E+00 1.625E+00 1.625E+00 1.625E+00
 0.000E+00 0.000E+00 0.000E+00 0.000E+00
 0.000E+00 0.000E+00 0.000E+00 0.000E+00
 0.000E+00 0.000E+00 0.000E+00 0.000E+00
      124.754829     -0.226125    -0.077367
 6
       4
     2     2     2     2
     0     1     1     1
 1.710E+00 1.625E+00 1.625E+00 1.625E+00
 0.000E+00 0.000E+00 0.000E+00 0.000E+00
 0.000E+00 0.000E+00 0.000E+00 0.000E+00
 0.000E+00 0.000E+00 0.000E+00 0.000E+00
      127.543032     -0.375322    -0.250572
 6
       4
     2     2     2     2
     0     1     1     1
 1.710E+00 1.625E+00 1.625E+00 1.625E+00
 0.000E+00 0.000E+00 0.000E+00 0.000E+00
 0.000E+00 0.000E+00 0.000E+00 0.000E+00
 0.000E+00 0.000E+00 0.000E+00 0.000E+00
      128.815918     -2.538871    -1.174177
 6
       4
     2     2     2     2
     0     1     1     1
 1.710E+00 1.625E+00 1.625E+00 1.625E+00
 0.000E+00 0.000E+00 0.000E+00 0.000E+00
 0.000E+00 0.000E+00 0.000E+00 0.000E+00
 0.000E+00 0.000E+00 0.000E+00 0.000E+00
      129.010027     1.722748    0.552641
 6
       4
     2     2     2     2
     0     1     1     1
 1.710E+00 1.625E+00 1.625E+00 1.625E+00
 0.000E+00 0.000E+00 0.000E+00 0.000E+00
 0.000E+00 0.000E+00 0.000E+00 0.000E+00
 0.000E+00 0.000E+00 0.000E+00 0.000E+00
      131.741960     1.598336    0.624171
 6
       4
     2     2     2     2
     0     1     1     1
 1.710E+00 1.625E+00 1.625E+00 1.625E+00
 0.000E+00 0.000E+00 0.000E+00 0.000E+00
 0.000E+00 0.000E+00 0.000E+00 0.000E+00
 0.000E+00 0.000E+00 0.000E+00 0.000E+00
      131.459085     -2.732487    -1.174820
 6
       4
     2     2     2     2
     0     1     1     1
 1.710E+00 1.625E+00 1.625E+00 1.625E+00
 0.000E+00 0.000E+00 0.000E+00 0.000E+00
 0.000E+00 0.000E+00 0.000E+00 0.000E+00
 0.000E+00 0.000E+00 0.000E+00 0.000E+00
      132.993900     -0.702307    -0.207687
 6
       4
     2     2     2     2
     0     1     1     1
 1.710E+00 1.625E+00 1.625E+00 1.625E+00
 0.000E+00 0.000E+00 0.000E+00 0.000E+00
 0.000E+00 0.000E+00 0.000E+00 0.000E+00
 0.000E+00 0.000E+00 0.000E+00 0.000E+00
      135.734042     -0.934674    0.056599
 1
       1
     1
     0
 1.300E+00
 0.000E+00
 0.000E+00
 0.000E+00
      75.243503     4.063107    -0.979265
 1
       1
     1
     0
 1.300E+00
 0.000E+00
 0.000E+00
 0.000E+00
      79.917663     3.883583    -0.885427
 6
       4
     2     2     2     2
     0     1     1     1
 1.710E+00 1.625E+00 1.625E+00 1.625E+00
 0.000E+00 0.000E+00 0.000E+00 0.000E+00
 0.000E+00 0.000E+00 0.000E+00 0.000E+00
 0.000E+00 0.000E+00 0.000E+00 0.000E+00
      71.862118     0.334695    0.090172
 1
       1
     1
     0
 1.300E+00
 0.000E+00
 0.000E+00
 0.000E+00
      74.530409     -3.661063    1.419761
 1
       1
     1
     0
 1.300E+00
 0.000E+00
 0.000E+00
 0.000E+00
      79.328274     -4.209367    1.403048
 1
       1
     1
     0
 1.300E+00
 0.000E+00
 0.000E+00
 0.000E+00
      87.973145     3.866022    -1.521409
 1
       1
     1
     0
 1.300E+00
 0.000E+00
 0.000E+00
 0.000E+00
      88.565622     -3.608693    1.684150
 1
       1
     1
     0
 1.300E+00
 0.000E+00
 0.000E+00
 0.000E+00
      92.746793     4.151943    -2.001488
 1
       1
     1
     0
 1.300E+00
 0.000E+00
 0.000E+00
 0.000E+00
      93.379171     -3.514114    1.026599
 1
       1
     1
     0
 1.300E+00
 0.000E+00
 0.000E+00
 0.000E+00
      101.523671     4.071966    -1.133335
 1
       1
     1
     0
 1.300E+00
 0.000E+00
 0.000E+00
 0.000E+00
      106.492570     4.054681    -1.296881
 1
       1
     1
     0
 1.300E+00
 0.000E+00
 0.000E+00
 0.000E+00
      101.566160     -3.873318    1.423818
 1
       1
     1
     0
 1.300E+00
 0.000E+00
 0.000E+00
 0.000E+00
      106.370062     -3.798043    1.355017
 1
       1
     1
     0
 1.300E+00
 0.000E+00
 0.000E+00
 0.000E+00
      114.958616     4.975630    0.977230
 1
       1
     1
     0
 1.300E+00
 0.000E+00
 0.000E+00
 0.000E+00
      114.323492     -3.254310    -0.844651
 1
       1
     1
     0
 1.300E+00
 0.000E+00
 0.000E+00
 0.000E+00
      119.717592     4.558469    1.005733
 1
       1
     1
     0
 1.300E+00
 0.000E+00
 0.000E+00
 0.000E+00
      119.098559     -3.593390    -0.828607
 1
       1
     1
     0
 1.300E+00
 0.000E+00
 0.000E+00
 0.000E+00
      128.154189     3.461300    1.065036
 1
       1
     1
     0
 1.300E+00
 0.000E+00
 0.000E+00
 0.000E+00
      127.808350     -4.165336    -1.800718
 1
       1
     1
     0
 1.300E+00
 0.000E+00
 0.000E+00
 0.000E+00
      132.858816     3.077627    1.233702
 1
       1
     1
     0
 1.300E+00
 0.000E+00
 0.000E+00
 0.000E+00
      132.505139     -4.424657    -1.814847
 1
       1
     1
     0
 1.300E+00
 0.000E+00
 0.000E+00
 0.000E+00
      141.469013     1.780120    3.376205
 1
       1
     1
     0
 1.300E+00
 0.000E+00
 0.000E+00
 0.000E+00
      140.920556     -3.978238    -2.511251
 1
       1
     1
     0
 1.300E+00
 0.000E+00
 0.000E+00
 0.000E+00
      148.848068     -1.713942    0.102017
 1
       1
     1
     0
 1.300E+00
 0.000E+00
 0.000E+00
 0.000E+00
      146.078234     1.670660    3.258177
 1
       1
     1
     0
 1.300E+00
 0.000E+00
 0.000E+00
 0.000E+00
      145.604429     -4.166387    -2.857026
 6
       4
     2     2     2     2
     0     1     1     1
 1.710E+00 1.625E+00 1.625E+00 1.625E+00
 0.000E+00 0.000E+00 0.000E+00 0.000E+00
 0.000E+00 0.000E+00 0.000E+00 0.000E+00
 0.000E+00 0.000E+00 0.000E+00 0.000E+00
      138.071493     -0.937688    0.440064
 6
       4
     2     2     2     2
     0     1     1     1
 1.710E+00 1.625E+00 1.625E+00 1.625E+00
 0.000E+00 0.000E+00 0.000E+00 0.000E+00
 0.000E+00 0.000E+00 0.000E+00 0.000E+00
 0.000E+00 0.000E+00 0.000E+00 0.000E+00
      140.797340     -1.017693    0.459776
 6
       4
     2     2     2     2
     0     1     1     1
 1.710E+00 1.625E+00 1.625E+00 1.625E+00
 0.000E+00 0.000E+00 0.000E+00 0.000E+00
 0.000E+00 0.000E+00 0.000E+00 0.000E+00
 0.000E+00 0.000E+00 0.000E+00 0.000E+00
      142.067466     -2.783200    -1.270193
 6
       4
     2     2     2     2
     0     1     1     1
 1.710E+00 1.625E+00 1.625E+00 1.625E+00
 0.000E+00 0.000E+00 0.000E+00 0.000E+00
 0.000E+00 0.000E+00 0.000E+00 0.000E+00
 0.000E+00 0.000E+00 0.000E+00 0.000E+00
      142.277901     0.525695    2.029182
 6
       4
     2     2     2     2
     0     1     1     1
 1.710E+00 1.625E+00 1.625E+00 1.625E+00
 0.000E+00 0.000E+00 0.000E+00 0.000E+00
 0.000E+00 0.000E+00 0.000E+00 0.000E+00
 0.000E+00 0.000E+00 0.000E+00 0.000E+00
      145.008664     0.345654    1.892381
 6
       4
     2     2     2     2
     0     1     1     1
 1.710E+00 1.625E+00 1.625E+00 1.625E+00
 0.000E+00 0.000E+00 0.000E+00 0.000E+00
 0.000E+00 0.000E+00 0.000E+00 0.000E+00
 0.000E+00 0.000E+00 0.000E+00 0.000E+00
      144.725045     -2.909966    -1.465067
 6
       4
     2     2     2     2
     0     1     1     1
 1.710E+00 1.625E+00 1.625E+00 1.625E+00
 0.000E+00 0.000E+00 0.000E+00 0.000E+00
 0.000E+00 0.000E+00 0.000E+00 0.000E+00
 0.000E+00 0.000E+00 0.000E+00 0.000E+00
      146.212397     -1.379251    0.182285
# LCAO coefficients .. are not included.
         1
        1        0.000106653405354   k=         1
        2        0.001547614029983   k=         1
        3        0.000608858117086   k=         1
        4        -0.013063925967733   k=         1
        5        -0.001891024545915   k=         1
        6        -0.005428896045975   k=         1
        7        0.009600131933762   k=         1
        8        -0.013795924108361   k=         1
        9        0.001563776384855   k=         1
        10        0.000381024862401   k=         1
        11        0.010189986775017   k=         1
        12        -0.012556093483087   k=         1
        13        0.000646998678081   k=         1
        14        0.001563678649757   k=         1
        15        -0.001771192009376   k=         1
        16        0.003612696760542   k=         1
        17        -0.000010852033547   k=         1
        18        0.000788219554524   k=         1
        19        -0.005642537022321   k=         1
        20        0.019376212304871   k=         1
        21        -0.000247894116513   k=         1
        22        0.000442706538074   k=         1
        23        -0.002727555434035   k=         1
        24        0.004728708628925   k=         1
        25        0.000572806863677   k=         1
        26        -0.005124818834070   k=         1
        27        0.010368449785977   k=         1
        28        0.034391403212209   k=         1
        29        -0.000086438089320   k=         1
        30        -0.000323527459989   k=         1
        31        0.003441347571704   k=         1
        32        0.018901079126117   k=         1
        33        0.000428230202086   k=         1
        34        0.001876943364452   k=         1
        35        -0.015390409242054   k=         1
        36        -0.043303329644154   k=         1
        37        -0.000075194488271   k=         1
        38        0.000178642454390   k=         1
        39        -0.008148481537342   k=         1
        40        -0.018848693063573   k=         1
        41        0.000227300545810   k=         1
        42        0.003322975888999   k=         1
        43        -0.008172699640188   k=         1
        44        -0.018582317437668   k=         1
        45        0.001137026344895   k=         1
        46        0.001090750109922   k=         1
        47        0.012121520288216   k=         1
        48        0.031227071381735   k=         1
        49        -0.001200098542254   k=         1
        50        -0.004822025794325   k=         1
        51        0.010383107104224   k=         1
        52        0.030990280504039   k=         1
        53        0.000341688534185   k=         1
        54        0.000276701334233   k=         1
        55        0.015664132075148   k=         1
        56        0.033889135695875   k=         1
        57        0.000249584987182   k=         1
        58        0.000326809863002   k=         1
        59        -0.032462470317791   k=         1
        60        -0.040925530452520   k=         1
        61        0.000674522643044   k=         1
        62        0.002195543109327   k=         1
        63        -0.020463716720937   k=         1
        64        -0.034422524804141   k=         1
        65        0.000145909232463   k=         1
        66        0.001416590196731   k=         1
        67        0.039831423412834   k=         1
        68        0.048014419896807   k=         1
        69        0.001869766262169   k=         1
        70        0.008382982966511   k=         1
        71        0.023854197935322   k=         1
        72        0.024036575783818   k=         1
        73        -0.000682318186301   k=         1
        74        0.006930754214483   k=         1
        75        0.023645098892130   k=         1
        76        0.021729556321442   k=         1
        77        0.002647918180022   k=         1
        78        -0.005351809207704   k=         1
        79        -0.033925035402503   k=         1
        80        -0.031002206397532   k=         1
        81        -0.002928296082047   k=         1
        82        -0.014828083837143   k=         1
        83        -0.035265231430230   k=         1
        84        -0.028391298324561   k=         1
        85        0.000513439157787   k=         1
        86        0.000645258515381   k=         1
        87        -0.032060696239065   k=         1
        88        -0.045120345731939   k=         1
        89        -0.003975808762435   k=         1
        90        -0.010377170790788   k=         1
        91        0.023731052925263   k=         1
        92        0.076203581815908   k=         1
        93        0.003559790236236   k=         1
        94        -0.001903185305698   k=         1
        95        0.025651126589643   k=         1
        96        0.049300571558621   k=         1
        97        -0.000920017290780   k=         1
        98        -0.005601549029283   k=         1
        99        -0.023186464133487   k=         1
        100        -0.096702043647346   k=         1
        101        0.003402202052159   k=         1
        102        -0.002469564690127   k=         1
        103        -0.007916204384514   k=         1
        104        -0.049713047972022   k=         1
        105        -0.000706392350111   k=         1
        106        -0.000895207905995   k=         1
        107        -0.009413000805600   k=         1
        108        -0.052840072475675   k=         1
        109        0.000674744022936   k=         1
        110        0.004991730898686   k=         1
        111        0.012234656151750   k=         1
        112        0.071024672808262   k=         1
        113        -0.001109674095766   k=         1
        114        -0.000629728848181   k=         1
        115        0.011446440093837   k=         1
        116        0.068341285901196   k=         1
        117        0.000327959289191   k=         1
        118        0.011799109984781   k=         1
        119        0.024324481126549   k=         1
        120        0.083456021786482   k=         1
        121        0.000921331688335   k=         1
        122        -0.013292953740219   k=         1
        123        -0.037960402536720   k=         1
        124        -0.093923986878971   k=         1
        125        0.000037672390689   k=         1
        126        -0.001082360776843   k=         1
        127        -0.028624161611862   k=         1
        128        -0.084000510230648   k=         1
        129        -0.002055411857284   k=         1
        130        -0.009866208368156   k=         1
        131        0.049467347214952   k=         1
        132        0.112647856567822   k=         1
        133        0.000026322133756   k=         1
        134        -0.014008619172207   k=         1
        135        0.038514287263584   k=         1
        136        0.060983173161968   k=         1
        137        -0.001017579387096   k=         1
        138        -0.007215956384691   k=         1
        139        0.029923676868514   k=         1
        140        0.058566456318825   k=         1
        141        0.002050430235022   k=         1
        142        0.011679025028795   k=         1
        143        -0.043875451565841   k=         1
        144        -0.066085116569885   k=         1
        145        -0.001042348722936   k=         1
        146        0.014605693226478   k=         1
        147        -0.043988301951710   k=         1
        148        -0.077186115629887   k=         1
        149        -0.001570305530588   k=         1
        150        0.005638203540935   k=         1
        151        -0.047355614675017   k=         1
        152        -0.098817389019363   k=         1
        153        0.003815895815905   k=         1
        154        0.006319423120836   k=         1
        155        0.049069587702119   k=         1
        156        0.124598158216179   k=         1
        157        -0.002385824800644   k=         1
        158        0.000876328079232   k=         1
        159        0.000487695520163   k=         1
        160        0.001813926230293   k=         1
        161        -0.001732327126831   k=         1
        162        0.000290237538120   k=         1
        163        -0.000694630574883   k=         1
        164        -0.000239533704628   k=         1
        165        -0.000490834930172   k=         1
        166        0.001098419106745   k=         1
        167        -0.003409586857596   k=         1
        168        -0.004879168438662   k=         1
        169        0.000132728289400   k=         1
        170        0.001100719888348   k=         1
        171        -0.002788475757425   k=         1
        172        -0.002880488429798   k=         1
        173        0.001060501334324   k=         1
        174        0.004366479260065   k=         1
        175        -0.001309931819536   k=         1
        176        -0.000740814127959   k=         1
        177        0.004279892485455   k=         1
        178        0.002947766209481   k=         1
        179        -0.003834311703404   k=         1
        180        -0.002268435798758   k=         1
        181        0.010198518779344   k=         1
        182        -0.043926810560087   k=         1
        183        -0.131243176972283   k=         1
        184        -0.001084404926173   k=         1
        185        0.005301242691675   k=         1
        186        -0.003156429902304   k=         1
        187        0.009366363323113   k=         1
        188        0.043782219326328   k=         1
        189        0.095478473211876   k=         1
        190        0.001906135560050   k=         1
        191        -0.007600735570656   k=         1
        192        -0.056057334399408   k=         1
        193        -0.146834883867666   k=         1
        194        -0.001164396878340   k=         1
        195        -0.004844583346879   k=         1
        196        -0.019110811132868   k=         1
        197        -0.082341205542420   k=         1
        198        -0.002236114074575   k=         1
        199        -0.001089482480148   k=         1
        200        -0.023151824319349   k=         1
        201        -0.091739442539953   k=         1
        202        -0.000439858476931   k=         1
        203        0.000041005390617   k=         1
        204        0.033314338500140   k=         1
        205        0.115215982656386   k=         1
        206        0.001342062887680   k=         1
        207        0.004542527166418   k=         1
        208        0.016837999462308   k=         1
        209        0.093262971228163   k=         1
        210        0.001974416054326   k=         1
        211        -0.012503325438552   k=         1
        212        0.052330309430391   k=         1
        213        0.140887733708891   k=         1
        214        0.000654279396923   k=         1
        215        -0.000976627159791   k=         1
        216        -0.047987400170256   k=         1
        217        -0.142845352164382   k=         1
        218        -0.000517003919776   k=         1
        219        -0.001279609704034   k=         1
        220        -0.017569404396585   k=         1
        221        -0.074798398825940   k=         1
        222        -0.000238585595409   k=         1
        223        -0.001000839505580   k=         1
        224        -0.019768972650220   k=         1
        225        -0.080395156200934   k=         1
        226        0.001270019883842   k=         1
        227        0.000217635021260   k=         1
        228        0.028720556053306   k=         1
        229        0.103294876167214   k=         1
        230        -0.001298940636373   k=         1
        231        -0.000396490714151   k=         1
        232        0.041136762111136   k=         1
        233        0.125703808794599   k=         1
        234        -0.000844727049853   k=         1
        235        0.002194327384402   k=         1
        236        0.029878785856656   k=         1
        237        0.099226846624857   k=         1
        238        0.001150231347725   k=         1
        239        0.000812711397836   k=         1
        240        0.034609470658675   k=         1
        241        0.087051157719454   k=         1
        242        -0.002076282906769   k=         1
        243        0.000928683227802   k=         1
        244        0.039637295817261   k=         1
        245        0.114369690616465   k=         1
        246        -0.000133927193667   k=         1
        247        -0.002750552569009   k=         1
        248        -0.037908630730358   k=         1
        249        -0.089144852926230   k=         1
        250        0.000929137436832   k=         1
        251        -0.011833457740456   k=         1
        252        -0.031497269284561   k=         1
        253        -0.071433085368912   k=         1
        254        -0.001278039732169   k=         1
        255        -0.012601969353617   k=         1
        256        -0.033183557841978   k=         1
        257        -0.068081892606072   k=         1
        258        -0.001061353628858   k=         1
        259        0.007412488907989   k=         1
        260        0.023385944360122   k=         1
        261        0.059766122044526   k=         1
        262        -0.000434299227884   k=         1
        263        0.010236930227038   k=         1
        264        0.024554831077652   k=         1
        265        0.052983944873381   k=         1
        266        0.001073203178700   k=         1
        267        -0.005780469051457   k=         1
        268        0.038300904916026   k=         1
        269        0.099891740893188   k=         1
        270        0.001312030995355   k=         1
        271        0.012727473709214   k=         1
        272        -0.024830411225333   k=         1
        273        -0.072870215834513   k=         1
        274        -0.002052581740363   k=         1
        275        0.012142244410851   k=         1
        276        -0.031405183582700   k=         1
        277        -0.083459354566645   k=         1
        278        0.001462818476142   k=         1
        279        -0.002634909272841   k=         1
        280        0.023929550116593   k=         1
        281        0.078682050894992   k=         1
        282        -0.000270592616593   k=         1
        283        0.006988392414720   k=         1
        284        0.017872332315188   k=         1
        285        0.063312887999576   k=         1
        286        0.000071509194379   k=         1
        287        0.004777526092051   k=         1
        288        0.020097428053404   k=         1
        289        0.053254122495203   k=         1
        290        0.002010979131573   k=         1
        291        -0.002649492430974   k=         1
        292        -0.016311284142603   k=         1
        293        -0.044873727467750   k=         1
        294        -0.001070234823113   k=         1
        295        -0.007532603022088   k=         1
        296        -0.022863916808026   k=         1
        297        -0.046791081361520   k=         1
        298        0.002011484592989   k=         1
        299        0.000037106899598   k=         1
        300        -0.025044190181807   k=         1
        301        -0.086869459781940   k=         1
        302        -0.003201604485400   k=         1
        303        -0.006527203214687   k=         1
        304        -0.001535185333655   k=         1
        305        0.060391373342506   k=         1
        306        0.005665216076155   k=         1
        307        -0.010290688802457   k=         1
        308        0.013769382913471   k=         1
        309        0.072662214520168   k=         1
        310        -0.000348406835885   k=         1
        311        0.002780393157274   k=         1
        312        0.006796721067983   k=         1
        313        -0.061517058633547   k=         1
        314        0.001733707266774   k=         1
        315        -0.004430204866482   k=         1
        316        0.018735193364669   k=         1
        317        -0.043735989680307   k=         1
        318        -0.001537270540276   k=         1
        319        0.005251591790268   k=         1
        320        0.013102032444664   k=         1
        321        -0.049211624119396   k=         1
        322        0.000847933811892   k=         1
        323        -0.001654604530798   k=         1
        324        -0.006102406946471   k=         1
        325        0.033169347313152   k=         1
        326        -0.000396883957650   k=         1
        327        0.002747149316161   k=         1
        328        -0.009374901303667   k=         1
        329        0.035220697366102   k=         1
        330        -0.000588835777706   k=         1
        331        -0.002391165773872   k=         1
        332        -0.015709998818021   k=         1
        333        0.069140909993228   k=         1
        334        -0.001009453210449   k=         1
        335        0.000389598988876   k=         1
        336        0.011630843213790   k=         1
        337        -0.035730143172606   k=         1
        338        0.000413651504552   k=         1
        339        -0.005390510656265   k=         1
        340        0.014736920226197   k=         1
        341        -0.052759586722992   k=         1
        342        -0.000196024089272   k=         1
        343        0.003437181581676   k=         1
        344        -0.013356655788010   k=         1
        345        0.033302667515032   k=         1
        346        0.000016615683171   k=         1
        347        0.000697870078706   k=         1
        348        -0.011616625492905   k=         1
        349        0.029323806247072   k=         1
        350        0.001035546312489   k=         1
        351        -0.002518740154102   k=         1
        352        -0.011760544099521   k=         1
        353        0.031099407605473   k=         1
        354        -0.000521661740584   k=         1
        355        0.002338834419688   k=         1
        356        0.007316839986471   k=         1
        357        -0.020277297557303   k=         1
        358        -0.000460525034835   k=         1
        359        0.000145807890466   k=         1
        360        0.007015038319962   k=         1
        361        -0.019964765781350   k=         1
        362        0.000419152760739   k=         1
        363        0.005960029277216   k=         1
        364        0.017982726197194   k=         1
        365        -0.040477239375419   k=         1
        366        -0.000226054227663   k=         1
        367        -0.003865689702483   k=         1
        368        -0.010718177228890   k=         1
        369        0.018429234385112   k=         1
        370        -0.002145488541863   k=         1
        371        0.001741264368888   k=         1
        372        0.000440884292081   k=         1
        373        0.002353348079726   k=         1
        374        -0.049182264051691   k=         1
        375        -0.136714219592661   k=         1
        376        0.001124901470794   k=         1
        377        -0.001542816899725   k=         1
        378        0.001403350634163   k=         1
        379        0.002501159196874   k=         1
        380        0.003438048117365   k=         1
        381        0.001808741782646   k=         1
        382        -0.000014069636872   k=         1
        383        -0.002067498505410   k=         1
        384        -0.003457703975864   k=         1
        385        -0.000764258802441   k=         1
        386        0.001048120648365   k=         1
        387        -0.000535167558812   k=         1
        388        -0.001325714318986   k=         1
        389        0.003425605629682   k=         1
        390        0.000800457224064   k=         1
        391        -0.000013347028120   k=         1
        392        -0.000374844485319   k=         1
        393        -0.000142070435111   k=         1
        394        0.000812573743528   k=         1
        395        -0.000225007527581   k=         1
        396        -0.000659606533147   k=         1
        397        -0.000579006413925   k=         1
        398        0.001521918460733   k=         1
        399        0.001034933382099   k=         1
        400        -0.003642622106950   k=         1
        401        -0.015463970629427   k=         1
        402        0.032907089173822   k=         1
        403        0.000039119165607   k=         1
        404        0.000725733642447   k=         1
        405        0.008736296079513   k=         1
        406        -0.012383525709899   k=         1
        407        0.000874705465512   k=         1
        408        -0.002826198501733   k=         1
        409        0.016970647651183   k=         1
        410        -0.012011498169205   k=         1
        411        -0.000749289222018   k=         1
        412        0.001114909305214   k=         1
        413        0.016221758378772   k=         1
        414        -0.012806982761354   k=         1
        415        0.000177989820449   k=         1
        416        -0.000051218648099   k=         1
        417        -0.005293030889938   k=         1
        418        0.004626612201514   k=         1
        419        -0.000322045052449   k=         1
        420        0.001225594878676   k=         1
        421        -0.003164565512522   k=         1
        422        0.002436900632077   k=         1
        423        -0.000049308758476   k=         1
        424        -0.001553177173231   k=         1
        425        -0.016602750623954   k=         1
        426        0.016776355860172   k=         1
