# file_format= v0.04.05
       144       426
    188.97268778      0.00000000      0.00000000    0
      0.00000000    188.97268778      0.00000000    0
      0.00000000      0.00000000    188.97268778    0
 6
       4
     2     2     2     2
     0     1     1     1
 1.710E+00 1.625E+00 1.625E+00 1.625E+00
 0.000E+00 0.000E+00 0.000E+00 0.000E+00
 0.000E+00 0.000E+00 0.000E+00 0.000E+00
 0.000E+00 0.000E+00 0.000E+00 0.000E+00
      1.247724     -0.773261    0.022244
 6
       4
     2     2     2     2
     0     1     1     1
 1.710E+00 1.625E+00 1.625E+00 1.625E+00
 0.000E+00 0.000E+00 0.000E+00 0.000E+00
 0.000E+00 0.000E+00 0.000E+00 0.000E+00
 0.000E+00 0.000E+00 0.000E+00 0.000E+00
      -0.607711     1.093016    0.545065
 6
       4
     2     2     2     2
     0     1     1     1
 1.710E+00 1.625E+00 1.625E+00 1.625E+00
 0.000E+00 0.000E+00 0.000E+00 0.000E+00
 0.000E+00 0.000E+00 0.000E+00 0.000E+00
 0.000E+00 0.000E+00 0.000E+00 0.000E+00
      0.372798     -3.284304    -0.727233
 6
       4
     2     2     2     2
     0     1     1     1
 1.710E+00 1.625E+00 1.625E+00 1.625E+00
 0.000E+00 0.000E+00 0.000E+00 0.000E+00
 0.000E+00 0.000E+00 0.000E+00 0.000E+00
 0.000E+00 0.000E+00 0.000E+00 0.000E+00
      -3.260605     0.591378    0.397670
 6
       4
     2     2     2     2
     0     1     1     1
 1.710E+00 1.625E+00 1.625E+00 1.625E+00
 0.000E+00 0.000E+00 0.000E+00 0.000E+00
 0.000E+00 0.000E+00 0.000E+00 0.000E+00
 0.000E+00 0.000E+00 0.000E+00 0.000E+00
      -4.138349     -1.901652    -0.487574
 6
       4
     2     2     2     2
     0     1     1     1
 1.710E+00 1.625E+00 1.625E+00 1.625E+00
 0.000E+00 0.000E+00 0.000E+00 0.000E+00
 0.000E+00 0.000E+00 0.000E+00 0.000E+00
 0.000E+00 0.000E+00 0.000E+00 0.000E+00
      -2.328188     -3.746769    -0.974874
 6
       4
     2     2     2     2
     0     1     1     1
 1.710E+00 1.625E+00 1.625E+00 1.625E+00
 0.000E+00 0.000E+00 0.000E+00 0.000E+00
 0.000E+00 0.000E+00 0.000E+00 0.000E+00
 0.000E+00 0.000E+00 0.000E+00 0.000E+00
      3.822045     -0.254147    -0.061344
 6
       4
     2     2     2     2
     0     1     1     1
 1.710E+00 1.625E+00 1.625E+00 1.625E+00
 0.000E+00 0.000E+00 0.000E+00 0.000E+00
 0.000E+00 0.000E+00 0.000E+00 0.000E+00
 0.000E+00 0.000E+00 0.000E+00 0.000E+00
      6.119946     -0.163168    -0.183069
 6
       4
     2     2     2     2
     0     1     1     1
 1.710E+00 1.625E+00 1.625E+00 1.625E+00
 0.000E+00 0.000E+00 0.000E+00 0.000E+00
 0.000E+00 0.000E+00 0.000E+00 0.000E+00
 0.000E+00 0.000E+00 0.000E+00 0.000E+00
      8.830756     0.186928    -0.074495
 6
       4
     2     2     2     2
     0     1     1     1
 1.710E+00 1.625E+00 1.625E+00 1.625E+00
 0.000E+00 0.000E+00 0.000E+00 0.000E+00
 0.000E+00 0.000E+00 0.000E+00 0.000E+00
 0.000E+00 0.000E+00 0.000E+00 0.000E+00
      9.875239     2.606909    -0.454923
 6
       4
     2     2     2     2
     0     1     1     1
 1.710E+00 1.625E+00 1.625E+00 1.625E+00
 0.000E+00 0.000E+00 0.000E+00 0.000E+00
 0.000E+00 0.000E+00 0.000E+00 0.000E+00
 0.000E+00 0.000E+00 0.000E+00 0.000E+00
      10.441681     -1.902166    0.569996
 6
       4
     2     2     2     2
     0     1     1     1
 1.710E+00 1.625E+00 1.625E+00 1.625E+00
 0.000E+00 0.000E+00 0.000E+00 0.000E+00
 0.000E+00 0.000E+00 0.000E+00 0.000E+00
 0.000E+00 0.000E+00 0.000E+00 0.000E+00
      12.519898     2.943980    -0.126084
 6
       4
     2     2     2     2
     0     1     1     1
 1.710E+00 1.625E+00 1.625E+00 1.625E+00
 0.000E+00 0.000E+00 0.000E+00 0.000E+00
 0.000E+00 0.000E+00 0.000E+00 0.000E+00
 0.000E+00 0.000E+00 0.000E+00 0.000E+00
      13.055372     -1.582198    0.786914
 6
       4
     2     2     2     2
     0     1     1     1
 1.710E+00 1.625E+00 1.625E+00 1.625E+00
 0.000E+00 0.000E+00 0.000E+00 0.000E+00
 0.000E+00 0.000E+00 0.000E+00 0.000E+00
 0.000E+00 0.000E+00 0.000E+00 0.000E+00
      14.108267     0.873019    0.297496
 6
       4
     2     2     2     2
     0     1     1     1
 1.710E+00 1.625E+00 1.625E+00 1.625E+00
 0.000E+00 0.000E+00 0.000E+00 0.000E+00
 0.000E+00 0.000E+00 0.000E+00 0.000E+00
 0.000E+00 0.000E+00 0.000E+00 0.000E+00
      16.787256     1.208614    0.226918
 6
       4
     2     2     2     2
     0     1     1     1
 1.710E+00 1.625E+00 1.625E+00 1.625E+00
 0.000E+00 0.000E+00 0.000E+00 0.000E+00
 0.000E+00 0.000E+00 0.000E+00 0.000E+00
 0.000E+00 0.000E+00 0.000E+00 0.000E+00
      19.104769     1.216596    0.308558
 6
       4
     2     2     2     2
     0     1     1     1
 1.710E+00 1.625E+00 1.625E+00 1.625E+00
 0.000E+00 0.000E+00 0.000E+00 0.000E+00
 0.000E+00 0.000E+00 0.000E+00 0.000E+00
 0.000E+00 0.000E+00 0.000E+00 0.000E+00
      21.832341     1.331760    0.229415
 6
       4
     2     2     2     2
     0     1     1     1
 1.710E+00 1.625E+00 1.625E+00 1.625E+00
 0.000E+00 0.000E+00 0.000E+00 0.000E+00
 0.000E+00 0.000E+00 0.000E+00 0.000E+00
 0.000E+00 0.000E+00 0.000E+00 0.000E+00
      23.227098     -0.638540    1.486697
 6
       4
     2     2     2     2
     0     1     1     1
 1.710E+00 1.625E+00 1.625E+00 1.625E+00
 0.000E+00 0.000E+00 0.000E+00 0.000E+00
 0.000E+00 0.000E+00 0.000E+00 0.000E+00
 0.000E+00 0.000E+00 0.000E+00 0.000E+00
      23.367637     3.206355    -1.058967
 6
       4
     2     2     2     2
     0     1     1     1
 1.710E+00 1.625E+00 1.625E+00 1.625E+00
 0.000E+00 0.000E+00 0.000E+00 0.000E+00
 0.000E+00 0.000E+00 0.000E+00 0.000E+00
 0.000E+00 0.000E+00 0.000E+00 0.000E+00
      25.905074     2.815045    -1.269197
 6
       4
     2     2     2     2
     0     1     1     1
 1.710E+00 1.625E+00 1.625E+00 1.625E+00
 0.000E+00 0.000E+00 0.000E+00 0.000E+00
 0.000E+00 0.000E+00 0.000E+00 0.000E+00
 0.000E+00 0.000E+00 0.000E+00 0.000E+00
      25.765140     -0.823968    1.493779
 6
       4
     2     2     2     2
     0     1     1     1
 1.710E+00 1.625E+00 1.625E+00 1.625E+00
 0.000E+00 0.000E+00 0.000E+00 0.000E+00
 0.000E+00 0.000E+00 0.000E+00 0.000E+00
 0.000E+00 0.000E+00 0.000E+00 0.000E+00
      27.342988     0.772851    -0.086720
 6
       4
     2     2     2     2
     0     1     1     1
 1.710E+00 1.625E+00 1.625E+00 1.625E+00
 0.000E+00 0.000E+00 0.000E+00 0.000E+00
 0.000E+00 0.000E+00 0.000E+00 0.000E+00
 0.000E+00 0.000E+00 0.000E+00 0.000E+00
      30.028579     0.490788    -0.230295
 6
       4
     2     2     2     2
     0     1     1     1
 1.710E+00 1.625E+00 1.625E+00 1.625E+00
 0.000E+00 0.000E+00 0.000E+00 0.000E+00
 0.000E+00 0.000E+00 0.000E+00 0.000E+00
 0.000E+00 0.000E+00 0.000E+00 0.000E+00
      32.415139     0.160260    -0.059018
 6
       4
     2     2     2     2
     0     1     1     1
 1.710E+00 1.625E+00 1.625E+00 1.625E+00
 0.000E+00 0.000E+00 0.000E+00 0.000E+00
 0.000E+00 0.000E+00 0.000E+00 0.000E+00
 0.000E+00 0.000E+00 0.000E+00 0.000E+00
      35.083475     -0.070181    -0.172396
 6
       4
     2     2     2     2
     0     1     1     1
 1.710E+00 1.625E+00 1.625E+00 1.625E+00
 0.000E+00 0.000E+00 0.000E+00 0.000E+00
 0.000E+00 0.000E+00 0.000E+00 0.000E+00
 0.000E+00 0.000E+00 0.000E+00 0.000E+00
      36.435871     -2.369637    0.518012
 6
       4
     2     2     2     2
     0     1     1     1
 1.710E+00 1.625E+00 1.625E+00 1.625E+00
 0.000E+00 0.000E+00 0.000E+00 0.000E+00
 0.000E+00 0.000E+00 0.000E+00 0.000E+00
 0.000E+00 0.000E+00 0.000E+00 0.000E+00
      36.671720     2.061922    -0.783452
 6
       4
     2     2     2     2
     0     1     1     1
 1.710E+00 1.625E+00 1.625E+00 1.625E+00
 0.000E+00 0.000E+00 0.000E+00 0.000E+00
 0.000E+00 0.000E+00 0.000E+00 0.000E+00
 0.000E+00 0.000E+00 0.000E+00 0.000E+00
      39.331116     1.911949    -0.823529
 6
       4
     2     2     2     2
     0     1     1     1
 1.710E+00 1.625E+00 1.625E+00 1.625E+00
 0.000E+00 0.000E+00 0.000E+00 0.000E+00
 0.000E+00 0.000E+00 0.000E+00 0.000E+00
 0.000E+00 0.000E+00 0.000E+00 0.000E+00
      39.010026     -2.411683    0.658498
 6
       4
     2     2     2     2
     0     1     1     1
 1.710E+00 1.625E+00 1.625E+00 1.625E+00
 0.000E+00 0.000E+00 0.000E+00 0.000E+00
 0.000E+00 0.000E+00 0.000E+00 0.000E+00
 0.000E+00 0.000E+00 0.000E+00 0.000E+00
      40.638858     -0.349019    -0.090040
 6
       4
     2     2     2     2
     0     1     1     1
 1.710E+00 1.625E+00 1.625E+00 1.625E+00
 0.000E+00 0.000E+00 0.000E+00 0.000E+00
 0.000E+00 0.000E+00 0.000E+00 0.000E+00
 0.000E+00 0.000E+00 0.000E+00 0.000E+00
      43.318690     -0.547699    -0.056860
 6
       4
     2     2     2     2
     0     1     1     1
 1.710E+00 1.625E+00 1.625E+00 1.625E+00
 0.000E+00 0.000E+00 0.000E+00 0.000E+00
 0.000E+00 0.000E+00 0.000E+00 0.000E+00
 0.000E+00 0.000E+00 0.000E+00 0.000E+00
      45.626313     -0.416974    -0.145358
 6
       4
     2     2     2     2
     0     1     1     1
 1.710E+00 1.625E+00 1.625E+00 1.625E+00
 0.000E+00 0.000E+00 0.000E+00 0.000E+00
 0.000E+00 0.000E+00 0.000E+00 0.000E+00
 0.000E+00 0.000E+00 0.000E+00 0.000E+00
      48.270006     -0.506602    -0.324196
 6
       4
     2     2     2     2
     0     1     1     1
 1.710E+00 1.625E+00 1.625E+00 1.625E+00
 0.000E+00 0.000E+00 0.000E+00 0.000E+00
 0.000E+00 0.000E+00 0.000E+00 0.000E+00
 0.000E+00 0.000E+00 0.000E+00 0.000E+00
      49.770422     -2.460945    0.741551
 6
       4
     2     2     2     2
     0     1     1     1
 1.710E+00 1.625E+00 1.625E+00 1.625E+00
 0.000E+00 0.000E+00 0.000E+00 0.000E+00
 0.000E+00 0.000E+00 0.000E+00 0.000E+00
 0.000E+00 0.000E+00 0.000E+00 0.000E+00
      49.603969     1.500219    -1.556263
 6
       4
     2     2     2     2
     0     1     1     1
 1.710E+00 1.625E+00 1.625E+00 1.625E+00
 0.000E+00 0.000E+00 0.000E+00 0.000E+00
 0.000E+00 0.000E+00 0.000E+00 0.000E+00
 0.000E+00 0.000E+00 0.000E+00 0.000E+00
      52.165196     1.812621    -1.348575
 6
       4
     2     2     2     2
     0     1     1     1
 1.710E+00 1.625E+00 1.625E+00 1.625E+00
 0.000E+00 0.000E+00 0.000E+00 0.000E+00
 0.000E+00 0.000E+00 0.000E+00 0.000E+00
 0.000E+00 0.000E+00 0.000E+00 0.000E+00
      52.359143     -2.322303    0.638642
 6
       4
     2     2     2     2
     0     1     1     1
 1.710E+00 1.625E+00 1.625E+00 1.625E+00
 0.000E+00 0.000E+00 0.000E+00 0.000E+00
 0.000E+00 0.000E+00 0.000E+00 0.000E+00
 0.000E+00 0.000E+00 0.000E+00 0.000E+00
      53.644557     -0.132761    -0.375893
 6
       4
     2     2     2     2
     0     1     1     1
 1.710E+00 1.625E+00 1.625E+00 1.625E+00
 0.000E+00 0.000E+00 0.000E+00 0.000E+00
 0.000E+00 0.000E+00 0.000E+00 0.000E+00
 0.000E+00 0.000E+00 0.000E+00 0.000E+00
      56.391746     0.041217    -0.151129
 1
       1
     1
     0
 1.300E+00
 0.000E+00
 0.000E+00
 0.000E+00
      -4.824576     2.024405    0.851053
 1
       1
     1
     0
 1.300E+00
 0.000E+00
 0.000E+00
 0.000E+00
      0.244527     2.996792    1.252450
 1
       1
     1
     0
 1.300E+00
 0.000E+00
 0.000E+00
 0.000E+00
      -5.958894     -2.402441    -0.509374
 1
       1
     1
     0
 1.300E+00
 0.000E+00
 0.000E+00
 0.000E+00
      -2.904626     -5.725106    -1.508272
 1
       1
     1
     0
 1.300E+00
 0.000E+00
 0.000E+00
 0.000E+00
      1.781409     -4.810218    -1.182755
 1
       1
     1
     0
 1.300E+00
 0.000E+00
 0.000E+00
 0.000E+00
      8.779695     4.368835    -0.965820
 1
       1
     1
     0
 1.300E+00
 0.000E+00
 0.000E+00
 0.000E+00
      9.499065     -3.839353    0.922581
 1
       1
     1
     0
 1.300E+00
 0.000E+00
 0.000E+00
 0.000E+00
      13.458097     4.819243    -0.513484
 1
       1
     1
     0
 1.300E+00
 0.000E+00
 0.000E+00
 0.000E+00
      14.436520     -3.175463    1.363982
 1
       1
     1
     0
 1.300E+00
 0.000E+00
 0.000E+00
 0.000E+00
      22.453681     4.946430    -1.956165
 1
       1
     1
     0
 1.300E+00
 0.000E+00
 0.000E+00
 0.000E+00
      27.003234     4.339801    -2.400933
 1
       1
     1
     0
 1.300E+00
 0.000E+00
 0.000E+00
 0.000E+00
      22.172909     -2.078249    2.729622
 1
       1
     1
     0
 1.300E+00
 0.000E+00
 0.000E+00
 0.000E+00
      26.680202     -2.420289    2.619716
 1
       1
     1
     0
 1.300E+00
 0.000E+00
 0.000E+00
 0.000E+00
      35.815816     3.967716    -1.256152
 1
       1
     1
     0
 1.300E+00
 0.000E+00
 0.000E+00
 0.000E+00
      35.329659     -4.093075    1.150624
 1
       1
     1
     0
 1.300E+00
 0.000E+00
 0.000E+00
 0.000E+00
      40.420475     3.676976    -1.399610
 1
       1
     1
     0
 1.300E+00
 0.000E+00
 0.000E+00
 0.000E+00
      40.020046     -4.212439    1.265200
 1
       1
     1
     0
 1.300E+00
 0.000E+00
 0.000E+00
 0.000E+00
      48.377664     3.001259    -2.462245
 1
       1
     1
     0
 1.300E+00
 0.000E+00
 0.000E+00
 0.000E+00
      48.851601     -4.031753    1.888012
 1
       1
     1
     0
 1.300E+00
 0.000E+00
 0.000E+00
 0.000E+00
      53.142150     3.556595    -2.213279
 1
       1
     1
     0
 1.300E+00
 0.000E+00
 0.000E+00
 0.000E+00
      53.534573     -3.865470    1.562219
 1
       1
     1
     0
 1.300E+00
 0.000E+00
 0.000E+00
 0.000E+00
      61.662371     4.372284    -1.150099
 1
       1
     1
     0
 1.300E+00
 0.000E+00
 0.000E+00
 0.000E+00
      62.103842     -3.612772    1.170135
 6
       4
     2     2     2     2
     0     1     1     1
 1.710E+00 1.625E+00 1.625E+00 1.625E+00
 0.000E+00 0.000E+00 0.000E+00 0.000E+00
 0.000E+00 0.000E+00 0.000E+00 0.000E+00
 0.000E+00 0.000E+00 0.000E+00 0.000E+00
      69.741281     0.461911    -0.243066
 1
       1
     1
     0
 1.300E+00
 0.000E+00
 0.000E+00
 0.000E+00
      66.333243     4.573284    -1.344909
 1
       1
     1
     0
 1.300E+00
 0.000E+00
 0.000E+00
 0.000E+00
      66.798807     -3.363219    0.944381
 6
       4
     2     2     2     2
     0     1     1     1
 1.710E+00 1.625E+00 1.625E+00 1.625E+00
 0.000E+00 0.000E+00 0.000E+00 0.000E+00
 0.000E+00 0.000E+00 0.000E+00 0.000E+00
 0.000E+00 0.000E+00 0.000E+00 0.000E+00
      58.719552     0.179225    -0.245748
 6
       4
     2     2     2     2
     0     1     1     1
 1.710E+00 1.625E+00 1.625E+00 1.625E+00
 0.000E+00 0.000E+00 0.000E+00 0.000E+00
 0.000E+00 0.000E+00 0.000E+00 0.000E+00
 0.000E+00 0.000E+00 0.000E+00 0.000E+00
      61.453861     0.297284    -0.141873
 6
       4
     2     2     2     2
     0     1     1     1
 1.710E+00 1.625E+00 1.625E+00 1.625E+00
 0.000E+00 0.000E+00 0.000E+00 0.000E+00
 0.000E+00 0.000E+00 0.000E+00 0.000E+00
 0.000E+00 0.000E+00 0.000E+00 0.000E+00
      63.017390     -1.702624    0.482281
 6
       4
     2     2     2     2
     0     1     1     1
 1.710E+00 1.625E+00 1.625E+00 1.625E+00
 0.000E+00 0.000E+00 0.000E+00 0.000E+00
 0.000E+00 0.000E+00 0.000E+00 0.000E+00
 0.000E+00 0.000E+00 0.000E+00 0.000E+00
      62.843342     2.578219    -0.818735
 6
       4
     2     2     2     2
     0     1     1     1
 1.710E+00 1.625E+00 1.625E+00 1.625E+00
 0.000E+00 0.000E+00 0.000E+00 0.000E+00
 0.000E+00 0.000E+00 0.000E+00 0.000E+00
 0.000E+00 0.000E+00 0.000E+00 0.000E+00
      65.497719     2.648723    -0.938419
 6
       4
     2     2     2     2
     0     1     1     1
 1.710E+00 1.625E+00 1.625E+00 1.625E+00
 0.000E+00 0.000E+00 0.000E+00 0.000E+00
 0.000E+00 0.000E+00 0.000E+00 0.000E+00
 0.000E+00 0.000E+00 0.000E+00 0.000E+00
      65.662657     -1.621961    0.488838
 6
       4
     2     2     2     2
     0     1     1     1
 1.710E+00 1.625E+00 1.625E+00 1.625E+00
 0.000E+00 0.000E+00 0.000E+00 0.000E+00
 0.000E+00 0.000E+00 0.000E+00 0.000E+00
 0.000E+00 0.000E+00 0.000E+00 0.000E+00
      67.092117     0.494662    -0.369406
 6
       4
     2     2     2     2
     0     1     1     1
 1.710E+00 1.625E+00 1.625E+00 1.625E+00
 0.000E+00 0.000E+00 0.000E+00 0.000E+00
 0.000E+00 0.000E+00 0.000E+00 0.000E+00
 0.000E+00 0.000E+00 0.000E+00 0.000E+00
      80.216075     -0.161167    0.717790
 6
       4
     2     2     2     2
     0     1     1     1
 1.710E+00 1.625E+00 1.625E+00 1.625E+00
 0.000E+00 0.000E+00 0.000E+00 0.000E+00
 0.000E+00 0.000E+00 0.000E+00 0.000E+00
 0.000E+00 0.000E+00 0.000E+00 0.000E+00
      78.869379     2.191685    0.193718
 6
       4
     2     2     2     2
     0     1     1     1
 1.710E+00 1.625E+00 1.625E+00 1.625E+00
 0.000E+00 0.000E+00 0.000E+00 0.000E+00
 0.000E+00 0.000E+00 0.000E+00 0.000E+00
 0.000E+00 0.000E+00 0.000E+00 0.000E+00
      78.690849     -2.327678    0.986439
 6
       4
     2     2     2     2
     0     1     1     1
 1.710E+00 1.625E+00 1.625E+00 1.625E+00
 0.000E+00 0.000E+00 0.000E+00 0.000E+00
 0.000E+00 0.000E+00 0.000E+00 0.000E+00
 0.000E+00 0.000E+00 0.000E+00 0.000E+00
      76.245606     2.259387    0.059177
 6
       4
     2     2     2     2
     0     1     1     1
 1.710E+00 1.625E+00 1.625E+00 1.625E+00
 0.000E+00 0.000E+00 0.000E+00 0.000E+00
 0.000E+00 0.000E+00 0.000E+00 0.000E+00
 0.000E+00 0.000E+00 0.000E+00 0.000E+00
      74.683203     0.035963    0.274324
 6
       4
     2     2     2     2
     0     1     1     1
 1.710E+00 1.625E+00 1.625E+00 1.625E+00
 0.000E+00 0.000E+00 0.000E+00 0.000E+00
 0.000E+00 0.000E+00 0.000E+00 0.000E+00
 0.000E+00 0.000E+00 0.000E+00 0.000E+00
      76.063616     -2.248366    0.733726
 6
       4
     2     2     2     2
     0     1     1     1
 1.710E+00 1.625E+00 1.625E+00 1.625E+00
 0.000E+00 0.000E+00 0.000E+00 0.000E+00
 0.000E+00 0.000E+00 0.000E+00 0.000E+00
 0.000E+00 0.000E+00 0.000E+00 0.000E+00
      82.865159     -0.180692    0.756404
 6
       4
     2     2     2     2
     0     1     1     1
 1.710E+00 1.625E+00 1.625E+00 1.625E+00
 0.000E+00 0.000E+00 0.000E+00 0.000E+00
 0.000E+00 0.000E+00 0.000E+00 0.000E+00
 0.000E+00 0.000E+00 0.000E+00 0.000E+00
      85.142602     -0.000486    0.239082
 6
       4
     2     2     2     2
     0     1     1     1
 1.710E+00 1.625E+00 1.625E+00 1.625E+00
 0.000E+00 0.000E+00 0.000E+00 0.000E+00
 0.000E+00 0.000E+00 0.000E+00 0.000E+00
 0.000E+00 0.000E+00 0.000E+00 0.000E+00
      87.773564     0.000654    0.027318
 6
       4
     2     2     2     2
     0     1     1     1
 1.710E+00 1.625E+00 1.625E+00 1.625E+00
 0.000E+00 0.000E+00 0.000E+00 0.000E+00
 0.000E+00 0.000E+00 0.000E+00 0.000E+00
 0.000E+00 0.000E+00 0.000E+00 0.000E+00
      89.111898     2.232951    -0.652154
 6
       4
     2     2     2     2
     0     1     1     1
 1.710E+00 1.625E+00 1.625E+00 1.625E+00
 0.000E+00 0.000E+00 0.000E+00 0.000E+00
 0.000E+00 0.000E+00 0.000E+00 0.000E+00
 0.000E+00 0.000E+00 0.000E+00 0.000E+00
      89.325401     -2.155983    0.600290
 6
       4
     2     2     2     2
     0     1     1     1
 1.710E+00 1.625E+00 1.625E+00 1.625E+00
 0.000E+00 0.000E+00 0.000E+00 0.000E+00
 0.000E+00 0.000E+00 0.000E+00 0.000E+00
 0.000E+00 0.000E+00 0.000E+00 0.000E+00
      91.667820     2.264848    -0.708953
 6
       4
     2     2     2     2
     0     1     1     1
 1.710E+00 1.625E+00 1.625E+00 1.625E+00
 0.000E+00 0.000E+00 0.000E+00 0.000E+00
 0.000E+00 0.000E+00 0.000E+00 0.000E+00
 0.000E+00 0.000E+00 0.000E+00 0.000E+00
      91.893096     -2.109140    0.701958
 6
       4
     2     2     2     2
     0     1     1     1
 1.710E+00 1.625E+00 1.625E+00 1.625E+00
 0.000E+00 0.000E+00 0.000E+00 0.000E+00
 0.000E+00 0.000E+00 0.000E+00 0.000E+00
 0.000E+00 0.000E+00 0.000E+00 0.000E+00
      93.252686     0.171939    -0.129335
 6
       4
     2     2     2     2
     0     1     1     1
 1.710E+00 1.625E+00 1.625E+00 1.625E+00
 0.000E+00 0.000E+00 0.000E+00 0.000E+00
 0.000E+00 0.000E+00 0.000E+00 0.000E+00
 0.000E+00 0.000E+00 0.000E+00 0.000E+00
      95.947267     0.373705    -0.144275
 6
       4
     2     2     2     2
     0     1     1     1
 1.710E+00 1.625E+00 1.625E+00 1.625E+00
 0.000E+00 0.000E+00 0.000E+00 0.000E+00
 0.000E+00 0.000E+00 0.000E+00 0.000E+00
 0.000E+00 0.000E+00 0.000E+00 0.000E+00
      98.264276     0.365709    -0.437995
 6
       4
     2     2     2     2
     0     1     1     1
 1.710E+00 1.625E+00 1.625E+00 1.625E+00
 0.000E+00 0.000E+00 0.000E+00 0.000E+00
 0.000E+00 0.000E+00 0.000E+00 0.000E+00
 0.000E+00 0.000E+00 0.000E+00 0.000E+00
      100.962258     0.573430    -0.260605
 6
       4
     2     2     2     2
     0     1     1     1
 1.710E+00 1.625E+00 1.625E+00 1.625E+00
 0.000E+00 0.000E+00 0.000E+00 0.000E+00
 0.000E+00 0.000E+00 0.000E+00 0.000E+00
 0.000E+00 0.000E+00 0.000E+00 0.000E+00
      102.476651     -1.338208    0.821112
 6
       4
     2     2     2     2
     0     1     1     1
 1.710E+00 1.625E+00 1.625E+00 1.625E+00
 0.000E+00 0.000E+00 0.000E+00 0.000E+00
 0.000E+00 0.000E+00 0.000E+00 0.000E+00
 0.000E+00 0.000E+00 0.000E+00 0.000E+00
      102.292722     2.925929    -0.699815
 6
       4
     2     2     2     2
     0     1     1     1
 1.710E+00 1.625E+00 1.625E+00 1.625E+00
 0.000E+00 0.000E+00 0.000E+00 0.000E+00
 0.000E+00 0.000E+00 0.000E+00 0.000E+00
 0.000E+00 0.000E+00 0.000E+00 0.000E+00
      104.839475     3.179112    -0.333414
 6
       4
     2     2     2     2
     0     1     1     1
 1.710E+00 1.625E+00 1.625E+00 1.625E+00
 0.000E+00 0.000E+00 0.000E+00 0.000E+00
 0.000E+00 0.000E+00 0.000E+00 0.000E+00
 0.000E+00 0.000E+00 0.000E+00 0.000E+00
      105.150312     -1.162367    0.977274
 6
       4
     2     2     2     2
     0     1     1     1
 1.710E+00 1.625E+00 1.625E+00 1.625E+00
 0.000E+00 0.000E+00 0.000E+00 0.000E+00
 0.000E+00 0.000E+00 0.000E+00 0.000E+00
 0.000E+00 0.000E+00 0.000E+00 0.000E+00
      106.453705     1.122006    0.322799
 6
       4
     2     2     2     2
     0     1     1     1
 1.710E+00 1.625E+00 1.625E+00 1.625E+00
 0.000E+00 0.000E+00 0.000E+00 0.000E+00
 0.000E+00 0.000E+00 0.000E+00 0.000E+00
 0.000E+00 0.000E+00 0.000E+00 0.000E+00
      109.157450     1.150660    0.248661
 6
       4
     2     2     2     2
     0     1     1     1
 1.710E+00 1.625E+00 1.625E+00 1.625E+00
 0.000E+00 0.000E+00 0.000E+00 0.000E+00
 0.000E+00 0.000E+00 0.000E+00 0.000E+00
 0.000E+00 0.000E+00 0.000E+00 0.000E+00
      111.500483     0.918341    0.053455
 6
       4
     2     2     2     2
     0     1     1     1
 1.710E+00 1.625E+00 1.625E+00 1.625E+00
 0.000E+00 0.000E+00 0.000E+00 0.000E+00
 0.000E+00 0.000E+00 0.000E+00 0.000E+00
 0.000E+00 0.000E+00 0.000E+00 0.000E+00
      114.169181     0.782023    -0.030901
 6
       4
     2     2     2     2
     0     1     1     1
 1.710E+00 1.625E+00 1.625E+00 1.625E+00
 0.000E+00 0.000E+00 0.000E+00 0.000E+00
 0.000E+00 0.000E+00 0.000E+00 0.000E+00
 0.000E+00 0.000E+00 0.000E+00 0.000E+00
      115.511893     -1.589176    -0.734918
 6
       4
     2     2     2     2
     0     1     1     1
 1.710E+00 1.625E+00 1.625E+00 1.625E+00
 0.000E+00 0.000E+00 0.000E+00 0.000E+00
 0.000E+00 0.000E+00 0.000E+00 0.000E+00
 0.000E+00 0.000E+00 0.000E+00 0.000E+00
      115.773192     2.830407    0.385710
 6
       4
     2     2     2     2
     0     1     1     1
 1.710E+00 1.625E+00 1.625E+00 1.625E+00
 0.000E+00 0.000E+00 0.000E+00 0.000E+00
 0.000E+00 0.000E+00 0.000E+00 0.000E+00
 0.000E+00 0.000E+00 0.000E+00 0.000E+00
      118.457587     2.642735    0.396143
 6
       4
     2     2     2     2
     0     1     1     1
 1.710E+00 1.625E+00 1.625E+00 1.625E+00
 0.000E+00 0.000E+00 0.000E+00 0.000E+00
 0.000E+00 0.000E+00 0.000E+00 0.000E+00
 0.000E+00 0.000E+00 0.000E+00 0.000E+00
      118.152211     -1.733175    -0.736602
 6
       4
     2     2     2     2
     0     1     1     1
 1.710E+00 1.625E+00 1.625E+00 1.625E+00
 0.000E+00 0.000E+00 0.000E+00 0.000E+00
 0.000E+00 0.000E+00 0.000E+00 0.000E+00
 0.000E+00 0.000E+00 0.000E+00 0.000E+00
      119.658173     0.323674    -0.014322
 6
       4
     2     2     2     2
     0     1     1     1
 1.710E+00 1.625E+00 1.625E+00 1.625E+00
 0.000E+00 0.000E+00 0.000E+00 0.000E+00
 0.000E+00 0.000E+00 0.000E+00 0.000E+00
 0.000E+00 0.000E+00 0.000E+00 0.000E+00
      122.341820     0.233428    0.036829
 6
       4
     2     2     2     2
     0     1     1     1
 1.710E+00 1.625E+00 1.625E+00 1.625E+00
 0.000E+00 0.000E+00 0.000E+00 0.000E+00
 0.000E+00 0.000E+00 0.000E+00 0.000E+00
 0.000E+00 0.000E+00 0.000E+00 0.000E+00
      124.657391     0.286322    -0.221931
 6
       4
     2     2     2     2
     0     1     1     1
 1.710E+00 1.625E+00 1.625E+00 1.625E+00
 0.000E+00 0.000E+00 0.000E+00 0.000E+00
 0.000E+00 0.000E+00 0.000E+00 0.000E+00
 0.000E+00 0.000E+00 0.000E+00 0.000E+00
      127.351779     0.112229    -0.094226
 6
       4
     2     2     2     2
     0     1     1     1
 1.710E+00 1.625E+00 1.625E+00 1.625E+00
 0.000E+00 0.000E+00 0.000E+00 0.000E+00
 0.000E+00 0.000E+00 0.000E+00 0.000E+00
 0.000E+00 0.000E+00 0.000E+00 0.000E+00
      128.546715     -2.162568    -0.745436
 6
       4
     2     2     2     2
     0     1     1     1
 1.710E+00 1.625E+00 1.625E+00 1.625E+00
 0.000E+00 0.000E+00 0.000E+00 0.000E+00
 0.000E+00 0.000E+00 0.000E+00 0.000E+00
 0.000E+00 0.000E+00 0.000E+00 0.000E+00
      128.905175     2.111576    0.776704
 6
       4
     2     2     2     2
     0     1     1     1
 1.710E+00 1.625E+00 1.625E+00 1.625E+00
 0.000E+00 0.000E+00 0.000E+00 0.000E+00
 0.000E+00 0.000E+00 0.000E+00 0.000E+00
 0.000E+00 0.000E+00 0.000E+00 0.000E+00
      131.491677     1.839747    0.970104
 6
       4
     2     2     2     2
     0     1     1     1
 1.710E+00 1.625E+00 1.625E+00 1.625E+00
 0.000E+00 0.000E+00 0.000E+00 0.000E+00
 0.000E+00 0.000E+00 0.000E+00 0.000E+00
 0.000E+00 0.000E+00 0.000E+00 0.000E+00
      131.140020     -2.427259    -0.651961
 6
       4
     2     2     2     2
     0     1     1     1
 1.710E+00 1.625E+00 1.625E+00 1.625E+00
 0.000E+00 0.000E+00 0.000E+00 0.000E+00
 0.000E+00 0.000E+00 0.000E+00 0.000E+00
 0.000E+00 0.000E+00 0.000E+00 0.000E+00
      132.780852     -0.448330    0.230813
 6
       4
     2     2     2     2
     0     1     1     1
 1.710E+00 1.625E+00 1.625E+00 1.625E+00
 0.000E+00 0.000E+00 0.000E+00 0.000E+00
 0.000E+00 0.000E+00 0.000E+00 0.000E+00
 0.000E+00 0.000E+00 0.000E+00 0.000E+00
      135.424609     -0.745839    0.193132
 1
       1
     1
     0
 1.300E+00
 0.000E+00
 0.000E+00
 0.000E+00
      75.241166     4.144235    -0.351931
 1
       1
     1
     0
 1.300E+00
 0.000E+00
 0.000E+00
 0.000E+00
      79.875966     4.079174    0.038966
 6
       4
     2     2     2     2
     0     1     1     1
 1.710E+00 1.625E+00 1.625E+00 1.625E+00
 0.000E+00 0.000E+00 0.000E+00 0.000E+00
 0.000E+00 0.000E+00 0.000E+00 0.000E+00
 0.000E+00 0.000E+00 0.000E+00 0.000E+00
      72.012274     0.123112    -0.011537
 1
       1
     1
     0
 1.300E+00
 0.000E+00
 0.000E+00
 0.000E+00
      75.001301     -4.084289    0.991637
 1
       1
     1
     0
 1.300E+00
 0.000E+00
 0.000E+00
 0.000E+00
      79.801915     -4.199438    1.207512
 1
       1
     1
     0
 1.300E+00
 0.000E+00
 0.000E+00
 0.000E+00
      88.005420     4.085293    -1.079351
 1
       1
     1
     0
 1.300E+00
 0.000E+00
 0.000E+00
 0.000E+00
      88.359617     -3.986504    1.190068
 1
       1
     1
     0
 1.300E+00
 0.000E+00
 0.000E+00
 0.000E+00
      92.576663     4.163229    -1.337546
 1
       1
     1
     0
 1.300E+00
 0.000E+00
 0.000E+00
 0.000E+00
      93.015231     -3.872415    1.220574
 1
       1
     1
     0
 1.300E+00
 0.000E+00
 0.000E+00
 0.000E+00
      101.242469     4.688110    -1.435082
 1
       1
     1
     0
 1.300E+00
 0.000E+00
 0.000E+00
 0.000E+00
      105.876765     5.049875    -0.583738
 1
       1
     1
     0
 1.300E+00
 0.000E+00
 0.000E+00
 0.000E+00
      101.613040     -3.147652    1.549900
 1
       1
     1
     0
 1.300E+00
 0.000E+00
 0.000E+00
 0.000E+00
      106.234904     -2.868905    1.635548
 1
       1
     1
     0
 1.300E+00
 0.000E+00
 0.000E+00
 0.000E+00
      114.885105     4.755507    0.816169
 1
       1
     1
     0
 1.300E+00
 0.000E+00
 0.000E+00
 0.000E+00
      114.463250     -3.302234    -1.432437
 1
       1
     1
     0
 1.300E+00
 0.000E+00
 0.000E+00
 0.000E+00
      119.697561     4.381167    0.668037
 1
       1
     1
     0
 1.300E+00
 0.000E+00
 0.000E+00
 0.000E+00
      119.053227     -3.580071    -1.347620
 1
       1
     1
     0
 1.300E+00
 0.000E+00
 0.000E+00
 0.000E+00
      128.130905     4.102261    1.229735
 1
       1
     1
     0
 1.300E+00
 0.000E+00
 0.000E+00
 0.000E+00
      127.381809     -3.934060    -1.304540
 1
       1
     1
     0
 1.300E+00
 0.000E+00
 0.000E+00
 0.000E+00
      132.715658     3.477258    1.630584
 1
       1
     1
     0
 1.300E+00
 0.000E+00
 0.000E+00
 0.000E+00
      132.108416     -4.255786    -1.253777
 1
       1
     1
     0
 1.300E+00
 0.000E+00
 0.000E+00
 0.000E+00
      140.458308     1.796294    3.003523
 1
       1
     1
     0
 1.300E+00
 0.000E+00
 0.000E+00
 0.000E+00
      140.495033     -4.711673    -2.165492
 1
       1
     1
     0
 1.300E+00
 0.000E+00
 0.000E+00
 0.000E+00
      147.964411     -0.996112    0.256203
 1
       1
     1
     0
 1.300E+00
 0.000E+00
 0.000E+00
 0.000E+00
      145.443615     2.096313    2.786826
 1
       1
     1
     0
 1.300E+00
 0.000E+00
 0.000E+00
 0.000E+00
      145.278604     -4.620824    -2.572726
 6
       4
     2     2     2     2
     0     1     1     1
 1.710E+00 1.625E+00 1.625E+00 1.625E+00
 0.000E+00 0.000E+00 0.000E+00 0.000E+00
 0.000E+00 0.000E+00 0.000E+00 0.000E+00
 0.000E+00 0.000E+00 0.000E+00 0.000E+00
      137.691530     -1.179627    0.211426
 6
       4
     2     2     2     2
     0     1     1     1
 1.710E+00 1.625E+00 1.625E+00 1.625E+00
 0.000E+00 0.000E+00 0.000E+00 0.000E+00
 0.000E+00 0.000E+00 0.000E+00 0.000E+00
 0.000E+00 0.000E+00 0.000E+00 0.000E+00
      140.272563     -1.349924    0.336313
 6
       4
     2     2     2     2
     0     1     1     1
 1.710E+00 1.625E+00 1.625E+00 1.625E+00
 0.000E+00 0.000E+00 0.000E+00 0.000E+00
 0.000E+00 0.000E+00 0.000E+00 0.000E+00
 0.000E+00 0.000E+00 0.000E+00 0.000E+00
      141.584866     -3.176799    -1.015219
 6
       4
     2     2     2     2
     0     1     1     1
 1.710E+00 1.625E+00 1.625E+00 1.625E+00
 0.000E+00 0.000E+00 0.000E+00 0.000E+00
 0.000E+00 0.000E+00 0.000E+00 0.000E+00
 0.000E+00 0.000E+00 0.000E+00 0.000E+00
      141.683196     0.463975    1.900205
 6
       4
     2     2     2     2
     0     1     1     1
 1.710E+00 1.625E+00 1.625E+00 1.625E+00
 0.000E+00 0.000E+00 0.000E+00 0.000E+00
 0.000E+00 0.000E+00 0.000E+00 0.000E+00
 0.000E+00 0.000E+00 0.000E+00 0.000E+00
      144.350227     0.493891    1.747626
 6
       4
     2     2     2     2
     0     1     1     1
 1.710E+00 1.625E+00 1.625E+00 1.625E+00
 0.000E+00 0.000E+00 0.000E+00 0.000E+00
 0.000E+00 0.000E+00 0.000E+00 0.000E+00
 0.000E+00 0.000E+00 0.000E+00 0.000E+00
      144.307602     -3.136482    -1.155225
 6
       4
     2     2     2     2
     0     1     1     1
 1.710E+00 1.625E+00 1.625E+00 1.625E+00
 0.000E+00 0.000E+00 0.000E+00 0.000E+00
 0.000E+00 0.000E+00 0.000E+00 0.000E+00
 0.000E+00 0.000E+00 0.000E+00 0.000E+00
      145.654994     -1.247533    0.234247
# LCAO coefficients .. are not included.
         1
        1        0.000333391376325   k=         1
        2        0.001440472243723   k=         1
        3        0.000339079319065   k=         1
        4        0.013660079476055   k=         1
        5        0.000980994066024   k=         1
        6        0.001612682219872   k=         1
        7        -0.008289424878491   k=         1
        8        0.016807666265953   k=         1
        9        -0.001580517605932   k=         1
        10        -0.004144675306627   k=         1
        11        -0.013051916673638   k=         1
        12        0.022464063919898   k=         1
        13        -0.000285814588293   k=         1
        14        0.000349474753438   k=         1
        15        0.002884084474237   k=         1
        16        -0.005927907147754   k=         1
        17        0.000631117319190   k=         1
        18        -0.000628568719321   k=         1
        19        0.006293726957222   k=         1
        20        -0.022698783453627   k=         1
        21        0.000603472738752   k=         1
        22        0.002028974100248   k=         1
        23        0.001494559203016   k=         1
        24        -0.002355012585905   k=         1
        25        -0.000209387284384   k=         1
        26        -0.003180370829692   k=         1
        27        -0.007677658254358   k=         1
        28        -0.037274908452245   k=         1
        29        0.000011511107856   k=         1
        30        -0.000563502543029   k=         1
        31        -0.002274253852763   k=         1
        32        -0.019870339778894   k=         1
        33        -0.000156468753380   k=         1
        34        -0.004951866978342   k=         1
        35        0.010509265764080   k=         1
        36        0.049933838886803   k=         1
        37        -0.000162529744111   k=         1
        38        -0.003745930304737   k=         1
        39        0.004082966794610   k=         1
        40        0.020826500615687   k=         1
        41        -0.000711859266322   k=         1
        42        -0.005309008488816   k=         1
        43        0.004423243001476   k=         1
        44        0.018128306572738   k=         1
        45        -0.002827579161974   k=         1
        46        0.002886209506044   k=         1
        47        -0.005939437351409   k=         1
        48        -0.042970008716004   k=         1
        49        0.001813732898882   k=         1
        50        0.008525829155707   k=         1
        51        -0.004117984774057   k=         1
        52        -0.038294230823557   k=         1
        53        0.000341504733191   k=         1
        54        -0.002298844024680   k=         1
        55        -0.010380447221040   k=         1
        56        -0.036006277610165   k=         1
        57        -0.001456770777667   k=         1
        58        0.000093116643708   k=         1
        59        0.035441196028328   k=         1
        60        0.061959735085430   k=         1
        61        -0.000298627110100   k=         1
        62        -0.003382496414386   k=         1
        63        0.016228648163923   k=         1
        64        0.040300789633047   k=         1
        65        -0.000457711290913   k=         1
        66        0.001078156413256   k=         1
        67        -0.046968828168758   k=         1
        68        -0.079386356318269   k=         1
        69        -0.000010942302019   k=         1
        70        -0.004050234732380   k=         1
        71        -0.026156585903401   k=         1
        72        -0.032319649847608   k=         1
        73        0.000914409700200   k=         1
        74        -0.009999602172758   k=         1
        75        -0.023081541038835   k=         1
        76        -0.032468682722149   k=         1
        77        -0.003657514064062   k=         1
        78        0.009823748366692   k=         1
        79        0.037232419475008   k=         1
        80        0.049278529077849   k=         1
        81        0.003442548891394   k=         1
        82        0.010895330904954   k=         1
        83        0.042297556129499   k=         1
        84        0.041959595763142   k=         1
        85        -0.001861284009229   k=         1
        86        0.008317404626119   k=         1
        87        0.043080336303885   k=         1
        88        0.062153510195669   k=         1
        89        0.003235189734283   k=         1
        90        -0.001146447806786   k=         1
        91        -0.032860339476899   k=         1
        92        -0.084053484017706   k=         1
        93        -0.003318190220709   k=         1
        94        -0.003050769174225   k=         1
        95        -0.041491684043277   k=         1
        96        -0.067900816796288   k=         1
        97        -0.000895927936887   k=         1
        98        0.004391537720315   k=         1
        99        0.027938848207196   k=         1
        100        0.086223578736559   k=         1
        101        -0.003158988267299   k=         1
        102        0.000652433470597   k=         1
        103        0.013595147830403   k=         1
        104        0.054956913101676   k=         1
        105        0.002445527065813   k=         1
        106        -0.000567904434490   k=         1
        107        0.011902794811055   k=         1
        108        0.063011799969044   k=         1
        109        -0.001452459205375   k=         1
        110        -0.002289326658363   k=         1
        111        -0.014813582209872   k=         1
        112        -0.058346727876286   k=         1
        113        -0.000091642711730   k=         1
        114        0.004221915328767   k=         1
        115        -0.015938101577443   k=         1
        116        -0.053401219597702   k=         1
        117        0.001056377350289   k=         1
        118        0.000728965716590   k=         1
        119        -0.033818953324739   k=         1
        120        -0.084267828271090   k=         1
        121        -0.001798838986733   k=         1
        122        -0.000355173043897   k=         1
        123        0.035131872674422   k=         1
        124        0.067280461767091   k=         1
        125        0.003242744876023   k=         1
        126        0.007173509116875   k=         1
        127        0.031909515907995   k=         1
        128        0.075039203493458   k=         1
        129        -0.000489611879006   k=         1
        130        -0.008587393518833   k=         1
        131        -0.036433680641027   k=         1
        132        -0.066917989632205   k=         1
        133        -0.000952742058188   k=         1
        134        -0.000354407141991   k=         1
        135        -0.032568568607291   k=         1
        136        -0.042885480369143   k=         1
        137        0.003343346207833   k=         1
        138        0.006534219287914   k=         1
        139        -0.036056522819845   k=         1
        140        -0.054984926908520   k=         1
        141        0.001258974286083   k=         1
        142        -0.008627649690528   k=         1
        143        0.020322428094911   k=         1
        144        0.035114033369001   k=         1
        145        0.000438814013542   k=         1
        146        -0.000995314595902   k=         1
        147        0.026046104097757   k=         1
        148        0.042636999759310   k=         1
        149        -0.001193939888460   k=         1
        150        -0.006293738644566   k=         1
        151        0.030576944515754   k=         1
        152        0.079894237982411   k=         1
        153        -0.002237914433560   k=         1
        154        0.001002039115181   k=         1
        155        -0.019533043472755   k=         1
        156        -0.056037356650856   k=         1
        157        0.001071881567403   k=         1
        158        -0.001530823720169   k=         1
        159        0.000419754318318   k=         1
        160        -0.002215437872204   k=         1
        161        0.000287081343929   k=         1
        162        -0.000796591136117   k=         1
        163        0.002060932893500   k=         1
        164        0.001838007634142   k=         1
        165        0.001102616887693   k=         1
        166        -0.000629283281167   k=         1
        167        0.002565570407592   k=         1
        168        0.006241862328065   k=         1
        169        -0.002160045778371   k=         1
        170        -0.001688770278429   k=         1
        171        0.002402379483144   k=         1
        172        0.003368982232430   k=         1
        173        -0.002140505225971   k=         1
        174        -0.004491051987247   k=         1
        175        0.000500281547165   k=         1
        176        0.003027798567475   k=         1
        177        -0.003379006866760   k=         1
        178        -0.001901237915206   k=         1
        179        -0.000685896414531   k=         1
        180        0.000395340952647   k=         1
        181        -0.003252770804407   k=         1
        182        0.012259006295833   k=         1
        183        0.055109280610874   k=         1
        184        0.001216810108691   k=         1
        185        -0.000853175434271   k=         1
        186        0.003082082151878   k=         1
        187        0.001498894492652   k=         1
        188        -0.024940358737407   k=         1
        189        -0.065722668590161   k=         1
        190        0.000357547927665   k=         1
        191        -0.002011041891358   k=         1
        192        0.020176782114486   k=         1
        193        0.059909161221237   k=         1
        194        -0.000793625289218   k=         1
        195        0.002711828358761   k=         1
        196        0.013066613442714   k=         1
        197        0.043113926982115   k=         1
        198        -0.000058147963683   k=         1
        199        0.002881581492171   k=         1
        200        0.009955758354752   k=         1
        201        0.046073111261251   k=         1
        202        0.000759591469065   k=         1
        203        -0.002031009485597   k=         1
        204        -0.008323484181117   k=         1
        205        -0.038410780354834   k=         1
        206        -0.001543446009408   k=         1
        207        -0.003507306603335   k=         1
        208        -0.016352845033364   k=         1
        209        -0.045987123373903   k=         1
        210        0.001652569769239   k=         1
        211        -0.000255159354288   k=         1
        212        -0.022592291739054   k=         1
        213        -0.062993558753679   k=         1
        214        0.000394438077565   k=         1
        215        -0.003096554069615   k=         1
        216        0.013317846684024   k=         1
        217        0.062115479828783   k=         1
        218        -0.000367842112254   k=         1
        219        -0.002273254288143   k=         1
        220        0.004908673211539   k=         1
        221        0.038117019790186   k=         1
        222        -0.000376772865034   k=         1
        223        -0.003193212376558   k=         1
        224        0.001807136606798   k=         1
        225        0.037626157605601   k=         1
        226        -0.001125513933312   k=         1
        227        0.003871374618088   k=         1
        228        -0.004682730739724   k=         1
        229        -0.039967659150678   k=         1
        230        -0.000098073365152   k=         1
        231        0.006271579159637   k=         1
        232        -0.011246583357600   k=         1
        233        -0.057984773986216   k=         1
        234        0.001521447646533   k=         1
        235        0.002472538223564   k=         1
        236        -0.005379749239412   k=         1
        237        -0.047447778003201   k=         1
        238        -0.003110498272329   k=         1
        239        -0.004459315514991   k=         1
        240        -0.011329370387143   k=         1
        241        -0.043910490086064   k=         1
        242        0.002789360498222   k=         1
        243        -0.012656982922771   k=         1
        244        -0.013197482566463   k=         1
        245        -0.055158165253258   k=         1
        246        -0.000682803786135   k=         1
        247        0.005899618831684   k=         1
        248        0.010565376954856   k=         1
        249        0.038368363932154   k=         1
        250        0.000038045884201   k=         1
        251        0.000180776067335   k=         1
        252        0.009386172745842   k=         1
        253        0.039836127873138   k=         1
        254        -0.000094138331142   k=         1
        255        -0.003250379366555   k=         1
        256        0.012391819633129   k=         1
        257        0.035248288733443   k=         1
        258        -0.000580823243809   k=         1
        259        0.000563012509886   k=         1
        260        -0.005624802274604   k=         1
        261        -0.019751784105235   k=         1
        262        -0.001036544950648   k=         1
        263        0.002494468806231   k=         1
        264        -0.006148749639721   k=         1
        265        -0.019560157159474   k=         1
        266        0.001080237427284   k=         1
        267        -0.000789308672430   k=         1
        268        -0.018242871365935   k=         1
        269        -0.052932753394097   k=         1
        270        0.000775454423970   k=         1
        271        0.002426312368993   k=         1
        272        0.005603538885142   k=         1
        273        0.015861714676145   k=         1
        274        -0.002437950422929   k=         1
        275        0.002259622597291   k=         1
        276        0.013768113478265   k=         1
        277        0.039721857426170   k=         1
        278        0.000588420915925   k=         1
        279        0.000089329117772   k=         1
        280        -0.003278542992797   k=         1
        281        -0.009528257256130   k=         1
        282        -0.000407500512681   k=         1
        283        0.004413528877948   k=         1
        284        -0.010689380789693   k=         1
        285        -0.020192074728889   k=         1
        286        -0.000110519084372   k=         1
        287        0.005027531308022   k=         1
        288        -0.004802911577572   k=         1
        289        -0.019021952918073   k=         1
        290        0.000746570666444   k=         1
        291        -0.000601275274486   k=         1
        292        -0.000785359901885   k=         1
        293        0.002680927605157   k=         1
        294        -0.000455269354712   k=         1
        295        -0.002316391563231   k=         1
        296        -0.000656226617804   k=         1
        297        0.002633423294849   k=         1
        298        0.000193094362450   k=         1
        299        0.000332294600316   k=         1
        300        0.007426341783067   k=         1
        301        0.022551924972458   k=         1
        302        0.000172704023082   k=         1
        303        -0.000472637972059   k=         1
        304        -0.005518654356307   k=         1
        305        0.006080815681985   k=         1
        306        0.000520205586190   k=         1
        307        -0.001358305923957   k=         1
        308        -0.007062953690547   k=         1
        309        -0.012666790650850   k=         1
        310        -0.000113581439785   k=         1
        311        -0.000179153581487   k=         1
        312        0.004853786161145   k=         1
        313        -0.011273282106920   k=         1
        314        -0.000831225663164   k=         1
        315        0.001796933011762   k=         1
        316        -0.002187776547638   k=         1
        317        -0.000439483416426   k=         1
        318        0.000959769960665   k=         1
        319        -0.001267048387385   k=         1
        320        -0.002704364527362   k=         1
        321        0.002463446733267   k=         1
        322        -0.000328411745025   k=         1
        323        -0.000477122184475   k=         1
        324        -0.001013867492053   k=         1
        325        0.012419377049909   k=         1
        326        0.000339614285316   k=         1
        327        -0.000669866092013   k=         1
        328        -0.002220915085968   k=         1
        329        0.007992187454046   k=         1
        330        0.000170461337851   k=         1
        331        0.000424996286335   k=         1
        332        -0.001812516872946   k=         1
        333        0.003501939896452   k=         1
        334        -0.001003065213338   k=         1
        335        -0.001571830359810   k=         1
        336        0.006079172182600   k=         1
        337        -0.017091721704805   k=         1
        338        0.000514058436543   k=         1
        339        -0.000516263179215   k=         1
        340        0.003239090157443   k=         1
        341        -0.008658376144606   k=         1
        342        -0.000144730993160   k=         1
        343        -0.001820415881708   k=         1
        344        -0.007148637221294   k=         1
        345        0.019441656841681   k=         1
        346        0.000044359627181   k=         1
        347        -0.000962179987713   k=         1
        348        -0.002319403310864   k=         1
        349        0.009728699998194   k=         1
        350        -0.000088662527835   k=         1
        351        -0.001966902920644   k=         1
        352        -0.002660019579315   k=         1
        353        0.009675007132315   k=         1
        354        0.000114021984853   k=         1
        355        0.002241493322152   k=         1
        356        0.003477831226793   k=         1
        357        -0.013070315616336   k=         1
        358        -0.000121028333296   k=         1
        359        0.000704792372543   k=         1
        360        0.004405319467589   k=         1
        361        -0.013508578394240   k=         1
        362        -0.000301137363657   k=         1
        363        0.000203328842856   k=         1
        364        0.007880333316079   k=         1
        365        -0.017284715952501   k=         1
        366        -0.000361538376911   k=         1
        367        -0.000489402278924   k=         1
        368        -0.007936816995575   k=         1
        369        0.013711909273198   k=         1
        370        0.001192772538005   k=         1
        371        -0.001333258896784   k=         1
        372        -0.000665470001231   k=         1
        373        -0.005636645622598   k=         1
        374        0.019181666342632   k=         1
        375        0.058925440870856   k=         1
        376        -0.001592852780666   k=         1
        377        0.001542872937544   k=         1
        378        0.000720582432900   k=         1
        379        0.001047163195794   k=         1
        380        0.001583840414185   k=         1
        381        0.001170202598701   k=         1
        382        0.000005420751686   k=         1
        383        -0.001325283880817   k=         1
        384        -0.000597954190629   k=         1
        385        -0.001513786627663   k=         1
        386        -0.001215840138689   k=         1
        387        0.000219266159312   k=         1
        388        0.000918211850470   k=         1
        389        -0.001183047763521   k=         1
        390        0.000678868660005   k=         1
        391        -0.000358214124444   k=         1
        392        -0.000158258027895   k=         1
        393        0.000744781138427   k=         1
        394        0.000620162758450   k=         1
        395        0.000217187319627   k=         1
        396        -0.000392353522197   k=         1
        397        -0.000357202916025   k=         1
        398        0.000591879943376   k=         1
        399        -0.000231148688808   k=         1
        400        -0.002739827990271   k=         1
        401        -0.007896391982451   k=         1
        402        0.016937222634298   k=         1
        403        0.000055407086570   k=         1
        404        0.001986448192576   k=         1
        405        0.006301995219402   k=         1
        406        -0.009569498222069   k=         1
        407        0.000357019302453   k=         1
        408        -0.001758013781425   k=         1
        409        0.008797406340642   k=         1
        410        -0.009426523782352   k=         1
        411        -0.000465648931019   k=         1
        412        -0.000164516188252   k=         1
        413        0.009813595261274   k=         1
        414        -0.010691711080998   k=         1
        415        0.000039892417506   k=         1
        416        0.000534476750968   k=         1
        417        -0.001837322256527   k=         1
        418        0.002094699550510   k=         1
        419        -0.000231889142714   k=         1
        420        0.001387764167163   k=         1
        421        -0.003670142713768   k=         1
        422        0.004151436812203   k=         1
        423        -0.000020698230095   k=         1
        424        0.000947814769541   k=         1
        425        -0.009789012941793   k=         1
        426        0.012421366306349   k=         1
