# file_format= v0.04.05
       144       426
    188.97268778      0.00000000      0.00000000    0
      0.00000000    188.97268778      0.00000000    0
      0.00000000      0.00000000    188.97268778    0
 6
       4
     2     2     2     2
     0     1     1     1
 1.710E+00 1.625E+00 1.625E+00 1.625E+00
 0.000E+00 0.000E+00 0.000E+00 0.000E+00
 0.000E+00 0.000E+00 0.000E+00 0.000E+00
 0.000E+00 0.000E+00 0.000E+00 0.000E+00
      0.867297     -0.731492    -0.151681
 6
       4
     2     2     2     2
     0     1     1     1
 1.710E+00 1.625E+00 1.625E+00 1.625E+00
 0.000E+00 0.000E+00 0.000E+00 0.000E+00
 0.000E+00 0.000E+00 0.000E+00 0.000E+00
 0.000E+00 0.000E+00 0.000E+00 0.000E+00
      -0.949875     1.250475    0.538115
 6
       4
     2     2     2     2
     0     1     1     1
 1.710E+00 1.625E+00 1.625E+00 1.625E+00
 0.000E+00 0.000E+00 0.000E+00 0.000E+00
 0.000E+00 0.000E+00 0.000E+00 0.000E+00
 0.000E+00 0.000E+00 0.000E+00 0.000E+00
      -0.053827     -3.103603    -1.057939
 6
       4
     2     2     2     2
     0     1     1     1
 1.710E+00 1.625E+00 1.625E+00 1.625E+00
 0.000E+00 0.000E+00 0.000E+00 0.000E+00
 0.000E+00 0.000E+00 0.000E+00 0.000E+00
 0.000E+00 0.000E+00 0.000E+00 0.000E+00
      -3.512009     0.813329    0.425515
 6
       4
     2     2     2     2
     0     1     1     1
 1.710E+00 1.625E+00 1.625E+00 1.625E+00
 0.000E+00 0.000E+00 0.000E+00 0.000E+00
 0.000E+00 0.000E+00 0.000E+00 0.000E+00
 0.000E+00 0.000E+00 0.000E+00 0.000E+00
      -4.375776     -1.574714    -0.279428
 6
       4
     2     2     2     2
     0     1     1     1
 1.710E+00 1.625E+00 1.625E+00 1.625E+00
 0.000E+00 0.000E+00 0.000E+00 0.000E+00
 0.000E+00 0.000E+00 0.000E+00 0.000E+00
 0.000E+00 0.000E+00 0.000E+00 0.000E+00
      -2.582796     -3.613903    -1.079243
 6
       4
     2     2     2     2
     0     1     1     1
 1.710E+00 1.625E+00 1.625E+00 1.625E+00
 0.000E+00 0.000E+00 0.000E+00 0.000E+00
 0.000E+00 0.000E+00 0.000E+00 0.000E+00
 0.000E+00 0.000E+00 0.000E+00 0.000E+00
      3.570065     -0.180516    -0.059902
 6
       4
     2     2     2     2
     0     1     1     1
 1.710E+00 1.625E+00 1.625E+00 1.625E+00
 0.000E+00 0.000E+00 0.000E+00 0.000E+00
 0.000E+00 0.000E+00 0.000E+00 0.000E+00
 0.000E+00 0.000E+00 0.000E+00 0.000E+00
      5.802681     0.188149    0.141799
 6
       4
     2     2     2     2
     0     1     1     1
 1.710E+00 1.625E+00 1.625E+00 1.625E+00
 0.000E+00 0.000E+00 0.000E+00 0.000E+00
 0.000E+00 0.000E+00 0.000E+00 0.000E+00
 0.000E+00 0.000E+00 0.000E+00 0.000E+00
      8.538464     0.663863    0.049811
 6
       4
     2     2     2     2
     0     1     1     1
 1.710E+00 1.625E+00 1.625E+00 1.625E+00
 0.000E+00 0.000E+00 0.000E+00 0.000E+00
 0.000E+00 0.000E+00 0.000E+00 0.000E+00
 0.000E+00 0.000E+00 0.000E+00 0.000E+00
      9.775658     2.927724    -0.723123
 6
       4
     2     2     2     2
     0     1     1     1
 1.710E+00 1.625E+00 1.625E+00 1.625E+00
 0.000E+00 0.000E+00 0.000E+00 0.000E+00
 0.000E+00 0.000E+00 0.000E+00 0.000E+00
 0.000E+00 0.000E+00 0.000E+00 0.000E+00
      10.163763     -1.376692    0.678759
 6
       4
     2     2     2     2
     0     1     1     1
 1.710E+00 1.625E+00 1.625E+00 1.625E+00
 0.000E+00 0.000E+00 0.000E+00 0.000E+00
 0.000E+00 0.000E+00 0.000E+00 0.000E+00
 0.000E+00 0.000E+00 0.000E+00 0.000E+00
      12.505458     3.159943    -0.653707
 6
       4
     2     2     2     2
     0     1     1     1
 1.710E+00 1.625E+00 1.625E+00 1.625E+00
 0.000E+00 0.000E+00 0.000E+00 0.000E+00
 0.000E+00 0.000E+00 0.000E+00 0.000E+00
 0.000E+00 0.000E+00 0.000E+00 0.000E+00
      12.784013     -1.184074    0.887170
 6
       4
     2     2     2     2
     0     1     1     1
 1.710E+00 1.625E+00 1.625E+00 1.625E+00
 0.000E+00 0.000E+00 0.000E+00 0.000E+00
 0.000E+00 0.000E+00 0.000E+00 0.000E+00
 0.000E+00 0.000E+00 0.000E+00 0.000E+00
      14.115210     1.118759    0.246887
 6
       4
     2     2     2     2
     0     1     1     1
 1.710E+00 1.625E+00 1.625E+00 1.625E+00
 0.000E+00 0.000E+00 0.000E+00 0.000E+00
 0.000E+00 0.000E+00 0.000E+00 0.000E+00
 0.000E+00 0.000E+00 0.000E+00 0.000E+00
      16.861893     1.301039    0.429743
 6
       4
     2     2     2     2
     0     1     1     1
 1.710E+00 1.625E+00 1.625E+00 1.625E+00
 0.000E+00 0.000E+00 0.000E+00 0.000E+00
 0.000E+00 0.000E+00 0.000E+00 0.000E+00
 0.000E+00 0.000E+00 0.000E+00 0.000E+00
      19.151655     1.456799    0.392424
 6
       4
     2     2     2     2
     0     1     1     1
 1.710E+00 1.625E+00 1.625E+00 1.625E+00
 0.000E+00 0.000E+00 0.000E+00 0.000E+00
 0.000E+00 0.000E+00 0.000E+00 0.000E+00
 0.000E+00 0.000E+00 0.000E+00 0.000E+00
      21.878363     1.333410    0.201222
 6
       4
     2     2     2     2
     0     1     1     1
 1.710E+00 1.625E+00 1.625E+00 1.625E+00
 0.000E+00 0.000E+00 0.000E+00 0.000E+00
 0.000E+00 0.000E+00 0.000E+00 0.000E+00
 0.000E+00 0.000E+00 0.000E+00 0.000E+00
      23.175994     -0.559582    1.618274
 6
       4
     2     2     2     2
     0     1     1     1
 1.710E+00 1.625E+00 1.625E+00 1.625E+00
 0.000E+00 0.000E+00 0.000E+00 0.000E+00
 0.000E+00 0.000E+00 0.000E+00 0.000E+00
 0.000E+00 0.000E+00 0.000E+00 0.000E+00
      23.346024     2.868506    -1.414328
 6
       4
     2     2     2     2
     0     1     1     1
 1.710E+00 1.625E+00 1.625E+00 1.625E+00
 0.000E+00 0.000E+00 0.000E+00 0.000E+00
 0.000E+00 0.000E+00 0.000E+00 0.000E+00
 0.000E+00 0.000E+00 0.000E+00 0.000E+00
      26.108953     2.685743    -1.459020
 6
       4
     2     2     2     2
     0     1     1     1
 1.710E+00 1.625E+00 1.625E+00 1.625E+00
 0.000E+00 0.000E+00 0.000E+00 0.000E+00
 0.000E+00 0.000E+00 0.000E+00 0.000E+00
 0.000E+00 0.000E+00 0.000E+00 0.000E+00
      25.838235     -0.928398    1.367417
 6
       4
     2     2     2     2
     0     1     1     1
 1.710E+00 1.625E+00 1.625E+00 1.625E+00
 0.000E+00 0.000E+00 0.000E+00 0.000E+00
 0.000E+00 0.000E+00 0.000E+00 0.000E+00
 0.000E+00 0.000E+00 0.000E+00 0.000E+00
      27.340941     0.781812    -0.079459
 6
       4
     2     2     2     2
     0     1     1     1
 1.710E+00 1.625E+00 1.625E+00 1.625E+00
 0.000E+00 0.000E+00 0.000E+00 0.000E+00
 0.000E+00 0.000E+00 0.000E+00 0.000E+00
 0.000E+00 0.000E+00 0.000E+00 0.000E+00
      30.036936     0.571173    0.037434
 6
       4
     2     2     2     2
     0     1     1     1
 1.710E+00 1.625E+00 1.625E+00 1.625E+00
 0.000E+00 0.000E+00 0.000E+00 0.000E+00
 0.000E+00 0.000E+00 0.000E+00 0.000E+00
 0.000E+00 0.000E+00 0.000E+00 0.000E+00
      32.300867     -0.090166    0.019795
 6
       4
     2     2     2     2
     0     1     1     1
 1.710E+00 1.625E+00 1.625E+00 1.625E+00
 0.000E+00 0.000E+00 0.000E+00 0.000E+00
 0.000E+00 0.000E+00 0.000E+00 0.000E+00
 0.000E+00 0.000E+00 0.000E+00 0.000E+00
      35.003103     -0.191393    0.077337
 6
       4
     2     2     2     2
     0     1     1     1
 1.710E+00 1.625E+00 1.625E+00 1.625E+00
 0.000E+00 0.000E+00 0.000E+00 0.000E+00
 0.000E+00 0.000E+00 0.000E+00 0.000E+00
 0.000E+00 0.000E+00 0.000E+00 0.000E+00
      36.403171     -2.259407    0.793322
 6
       4
     2     2     2     2
     0     1     1     1
 1.710E+00 1.625E+00 1.625E+00 1.625E+00
 0.000E+00 0.000E+00 0.000E+00 0.000E+00
 0.000E+00 0.000E+00 0.000E+00 0.000E+00
 0.000E+00 0.000E+00 0.000E+00 0.000E+00
      36.410069     2.129133    -0.429219
 6
       4
     2     2     2     2
     0     1     1     1
 1.710E+00 1.625E+00 1.625E+00 1.625E+00
 0.000E+00 0.000E+00 0.000E+00 0.000E+00
 0.000E+00 0.000E+00 0.000E+00 0.000E+00
 0.000E+00 0.000E+00 0.000E+00 0.000E+00
      39.088702     2.243944    -0.456924
 6
       4
     2     2     2     2
     0     1     1     1
 1.710E+00 1.625E+00 1.625E+00 1.625E+00
 0.000E+00 0.000E+00 0.000E+00 0.000E+00
 0.000E+00 0.000E+00 0.000E+00 0.000E+00
 0.000E+00 0.000E+00 0.000E+00 0.000E+00
      39.088173     -2.247362    0.602796
 6
       4
     2     2     2     2
     0     1     1     1
 1.710E+00 1.625E+00 1.625E+00 1.625E+00
 0.000E+00 0.000E+00 0.000E+00 0.000E+00
 0.000E+00 0.000E+00 0.000E+00 0.000E+00
 0.000E+00 0.000E+00 0.000E+00 0.000E+00
      40.503185     -0.092498    -0.085041
 6
       4
     2     2     2     2
     0     1     1     1
 1.710E+00 1.625E+00 1.625E+00 1.625E+00
 0.000E+00 0.000E+00 0.000E+00 0.000E+00
 0.000E+00 0.000E+00 0.000E+00 0.000E+00
 0.000E+00 0.000E+00 0.000E+00 0.000E+00
      43.245661     -0.334404    -0.235569
 6
       4
     2     2     2     2
     0     1     1     1
 1.710E+00 1.625E+00 1.625E+00 1.625E+00
 0.000E+00 0.000E+00 0.000E+00 0.000E+00
 0.000E+00 0.000E+00 0.000E+00 0.000E+00
 0.000E+00 0.000E+00 0.000E+00 0.000E+00
      45.500456     -0.677907    -0.375258
 6
       4
     2     2     2     2
     0     1     1     1
 1.710E+00 1.625E+00 1.625E+00 1.625E+00
 0.000E+00 0.000E+00 0.000E+00 0.000E+00
 0.000E+00 0.000E+00 0.000E+00 0.000E+00
 0.000E+00 0.000E+00 0.000E+00 0.000E+00
      48.166409     -0.539602    -0.357846
 6
       4
     2     2     2     2
     0     1     1     1
 1.710E+00 1.625E+00 1.625E+00 1.625E+00
 0.000E+00 0.000E+00 0.000E+00 0.000E+00
 0.000E+00 0.000E+00 0.000E+00 0.000E+00
 0.000E+00 0.000E+00 0.000E+00 0.000E+00
      49.851210     -2.509978    0.767926
 6
       4
     2     2     2     2
     0     1     1     1
 1.710E+00 1.625E+00 1.625E+00 1.625E+00
 0.000E+00 0.000E+00 0.000E+00 0.000E+00
 0.000E+00 0.000E+00 0.000E+00 0.000E+00
 0.000E+00 0.000E+00 0.000E+00 0.000E+00
      49.496707     1.634656    -1.232950
 6
       4
     2     2     2     2
     0     1     1     1
 1.710E+00 1.625E+00 1.625E+00 1.625E+00
 0.000E+00 0.000E+00 0.000E+00 0.000E+00
 0.000E+00 0.000E+00 0.000E+00 0.000E+00
 0.000E+00 0.000E+00 0.000E+00 0.000E+00
      52.179541     1.826656    -1.138993
 6
       4
     2     2     2     2
     0     1     1     1
 1.710E+00 1.625E+00 1.625E+00 1.625E+00
 0.000E+00 0.000E+00 0.000E+00 0.000E+00
 0.000E+00 0.000E+00 0.000E+00 0.000E+00
 0.000E+00 0.000E+00 0.000E+00 0.000E+00
      52.403069     -2.051443    1.157219
 6
       4
     2     2     2     2
     0     1     1     1
 1.710E+00 1.625E+00 1.625E+00 1.625E+00
 0.000E+00 0.000E+00 0.000E+00 0.000E+00
 0.000E+00 0.000E+00 0.000E+00 0.000E+00
 0.000E+00 0.000E+00 0.000E+00 0.000E+00
      53.749520     0.001576    0.002940
 6
       4
     2     2     2     2
     0     1     1     1
 1.710E+00 1.625E+00 1.625E+00 1.625E+00
 0.000E+00 0.000E+00 0.000E+00 0.000E+00
 0.000E+00 0.000E+00 0.000E+00 0.000E+00
 0.000E+00 0.000E+00 0.000E+00 0.000E+00
      56.390705     0.177814    0.011028
 1
       1
     1
     0
 1.300E+00
 0.000E+00
 0.000E+00
 0.000E+00
      -4.806219     2.115803    1.050400
 1
       1
     1
     0
 1.300E+00
 0.000E+00
 0.000E+00
 0.000E+00
      -0.059655     2.935687    1.151270
 1
       1
     1
     0
 1.300E+00
 0.000E+00
 0.000E+00
 0.000E+00
      -7.109015     -2.037276    -0.220926
 1
       1
     1
     0
 1.300E+00
 0.000E+00
 0.000E+00
 0.000E+00
      -3.446955     -5.290055    -1.529030
 1
       1
     1
     0
 1.300E+00
 0.000E+00
 0.000E+00
 0.000E+00
      1.189615     -4.470748    -1.467578
 1
       1
     1
     0
 1.300E+00
 0.000E+00
 0.000E+00
 0.000E+00
      8.989916     4.535201    -1.332952
 1
       1
     1
     0
 1.300E+00
 0.000E+00
 0.000E+00
 0.000E+00
      9.429627     -3.134523    1.055321
 1
       1
     1
     0
 1.300E+00
 0.000E+00
 0.000E+00
 0.000E+00
      13.337697     4.828261    -1.089408
 1
       1
     1
     0
 1.300E+00
 0.000E+00
 0.000E+00
 0.000E+00
      13.822730     -2.777395    1.380144
 1
       1
     1
     0
 1.300E+00
 0.000E+00
 0.000E+00
 0.000E+00
      22.456113     4.144526    -2.476424
 1
       1
     1
     0
 1.300E+00
 0.000E+00
 0.000E+00
 0.000E+00
      27.104706     4.041523    -2.584584
 1
       1
     1
     0
 1.300E+00
 0.000E+00
 0.000E+00
 0.000E+00
      22.205161     -1.764660    2.756795
 1
       1
     1
     0
 1.300E+00
 0.000E+00
 0.000E+00
 0.000E+00
      26.756264     -2.280306    2.361447
 1
       1
     1
     0
 1.300E+00
 0.000E+00
 0.000E+00
 0.000E+00
      35.462938     3.820104    -0.838774
 1
       1
     1
     0
 1.300E+00
 0.000E+00
 0.000E+00
 0.000E+00
      35.471616     -3.868528    1.267910
 1
       1
     1
     0
 1.300E+00
 0.000E+00
 0.000E+00
 0.000E+00
      39.940175     3.881747    -0.780580
 1
       1
     1
     0
 1.300E+00
 0.000E+00
 0.000E+00
 0.000E+00
      40.123499     -3.788224    0.960015
 1
       1
     1
     0
 1.300E+00
 0.000E+00
 0.000E+00
 0.000E+00
      48.279846     2.961705    -1.822448
 1
       1
     1
     0
 1.300E+00
 0.000E+00
 0.000E+00
 0.000E+00
      49.051920     -4.124025    1.298593
 1
       1
     1
     0
 1.300E+00
 0.000E+00
 0.000E+00
 0.000E+00
      52.897206     3.456120    -1.746031
 1
       1
     1
     0
 1.300E+00
 0.000E+00
 0.000E+00
 0.000E+00
      53.424020     -3.403366    2.126408
 1
       1
     1
     0
 1.300E+00
 0.000E+00
 0.000E+00
 0.000E+00
      61.864957     3.838332    -1.438707
 1
       1
     1
     0
 1.300E+00
 0.000E+00
 0.000E+00
 0.000E+00
      61.892417     -3.623584    1.152650
 6
       4
     2     2     2     2
     0     1     1     1
 1.710E+00 1.625E+00 1.625E+00 1.625E+00
 0.000E+00 0.000E+00 0.000E+00 0.000E+00
 0.000E+00 0.000E+00 0.000E+00 0.000E+00
 0.000E+00 0.000E+00 0.000E+00 0.000E+00
      69.527897     0.260843    0.046442
 1
       1
     1
     0
 1.300E+00
 0.000E+00
 0.000E+00
 0.000E+00
      66.462865     4.004001    -1.403804
 1
       1
     1
     0
 1.300E+00
 0.000E+00
 0.000E+00
 0.000E+00
      66.618164     -3.491664    1.151251
 6
       4
     2     2     2     2
     0     1     1     1
 1.710E+00 1.625E+00 1.625E+00 1.625E+00
 0.000E+00 0.000E+00 0.000E+00 0.000E+00
 0.000E+00 0.000E+00 0.000E+00 0.000E+00
 0.000E+00 0.000E+00 0.000E+00 0.000E+00
      58.705209     0.322287    0.000410
 6
       4
     2     2     2     2
     0     1     1     1
 1.710E+00 1.625E+00 1.625E+00 1.625E+00
 0.000E+00 0.000E+00 0.000E+00 0.000E+00
 0.000E+00 0.000E+00 0.000E+00 0.000E+00
 0.000E+00 0.000E+00 0.000E+00 0.000E+00
      61.390653     0.162407    -0.042950
 6
       4
     2     2     2     2
     0     1     1     1
 1.710E+00 1.625E+00 1.625E+00 1.625E+00
 0.000E+00 0.000E+00 0.000E+00 0.000E+00
 0.000E+00 0.000E+00 0.000E+00 0.000E+00
 0.000E+00 0.000E+00 0.000E+00 0.000E+00
      62.801037     -2.016886    0.510387
 6
       4
     2     2     2     2
     0     1     1     1
 1.710E+00 1.625E+00 1.625E+00 1.625E+00
 0.000E+00 0.000E+00 0.000E+00 0.000E+00
 0.000E+00 0.000E+00 0.000E+00 0.000E+00
 0.000E+00 0.000E+00 0.000E+00 0.000E+00
      62.853534     2.336652    -0.878985
 6
       4
     2     2     2     2
     0     1     1     1
 1.710E+00 1.625E+00 1.625E+00 1.625E+00
 0.000E+00 0.000E+00 0.000E+00 0.000E+00
 0.000E+00 0.000E+00 0.000E+00 0.000E+00
 0.000E+00 0.000E+00 0.000E+00 0.000E+00
      65.421293     2.373071    -0.833163
 6
       4
     2     2     2     2
     0     1     1     1
 1.710E+00 1.625E+00 1.625E+00 1.625E+00
 0.000E+00 0.000E+00 0.000E+00 0.000E+00
 0.000E+00 0.000E+00 0.000E+00 0.000E+00
 0.000E+00 0.000E+00 0.000E+00 0.000E+00
      65.446030     -2.032448    0.450308
 6
       4
     2     2     2     2
     0     1     1     1
 1.710E+00 1.625E+00 1.625E+00 1.625E+00
 0.000E+00 0.000E+00 0.000E+00 0.000E+00
 0.000E+00 0.000E+00 0.000E+00 0.000E+00
 0.000E+00 0.000E+00 0.000E+00 0.000E+00
      66.864560     0.095055    -0.130546
 6
       4
     2     2     2     2
     0     1     1     1
 1.710E+00 1.625E+00 1.625E+00 1.625E+00
 0.000E+00 0.000E+00 0.000E+00 0.000E+00
 0.000E+00 0.000E+00 0.000E+00 0.000E+00
 0.000E+00 0.000E+00 0.000E+00 0.000E+00
      80.053190     -0.235912    0.464600
 6
       4
     2     2     2     2
     0     1     1     1
 1.710E+00 1.625E+00 1.625E+00 1.625E+00
 0.000E+00 0.000E+00 0.000E+00 0.000E+00
 0.000E+00 0.000E+00 0.000E+00 0.000E+00
 0.000E+00 0.000E+00 0.000E+00 0.000E+00
      78.860397     2.069212    -0.074965
 6
       4
     2     2     2     2
     0     1     1     1
 1.710E+00 1.625E+00 1.625E+00 1.625E+00
 0.000E+00 0.000E+00 0.000E+00 0.000E+00
 0.000E+00 0.000E+00 0.000E+00 0.000E+00
 0.000E+00 0.000E+00 0.000E+00 0.000E+00
      78.448252     -2.326141    0.960245
 6
       4
     2     2     2     2
     0     1     1     1
 1.710E+00 1.625E+00 1.625E+00 1.625E+00
 0.000E+00 0.000E+00 0.000E+00 0.000E+00
 0.000E+00 0.000E+00 0.000E+00 0.000E+00
 0.000E+00 0.000E+00 0.000E+00 0.000E+00
      76.179483     2.322575    -0.310877
 6
       4
     2     2     2     2
     0     1     1     1
 1.710E+00 1.625E+00 1.625E+00 1.625E+00
 0.000E+00 0.000E+00 0.000E+00 0.000E+00
 0.000E+00 0.000E+00 0.000E+00 0.000E+00
 0.000E+00 0.000E+00 0.000E+00 0.000E+00
      74.554696     0.189914    0.151683
 6
       4
     2     2     2     2
     0     1     1     1
 1.710E+00 1.625E+00 1.625E+00 1.625E+00
 0.000E+00 0.000E+00 0.000E+00 0.000E+00
 0.000E+00 0.000E+00 0.000E+00 0.000E+00
 0.000E+00 0.000E+00 0.000E+00 0.000E+00
      75.811173     -2.067965    0.826247
 6
       4
     2     2     2     2
     0     1     1     1
 1.710E+00 1.625E+00 1.625E+00 1.625E+00
 0.000E+00 0.000E+00 0.000E+00 0.000E+00
 0.000E+00 0.000E+00 0.000E+00 0.000E+00
 0.000E+00 0.000E+00 0.000E+00 0.000E+00
      82.843104     -0.354452    0.396723
 6
       4
     2     2     2     2
     0     1     1     1
 1.710E+00 1.625E+00 1.625E+00 1.625E+00
 0.000E+00 0.000E+00 0.000E+00 0.000E+00
 0.000E+00 0.000E+00 0.000E+00 0.000E+00
 0.000E+00 0.000E+00 0.000E+00 0.000E+00
      85.134408     0.058521    0.268706
 6
       4
     2     2     2     2
     0     1     1     1
 1.710E+00 1.625E+00 1.625E+00 1.625E+00
 0.000E+00 0.000E+00 0.000E+00 0.000E+00
 0.000E+00 0.000E+00 0.000E+00 0.000E+00
 0.000E+00 0.000E+00 0.000E+00 0.000E+00
      87.867874     0.092151    0.079059
 6
       4
     2     2     2     2
     0     1     1     1
 1.710E+00 1.625E+00 1.625E+00 1.625E+00
 0.000E+00 0.000E+00 0.000E+00 0.000E+00
 0.000E+00 0.000E+00 0.000E+00 0.000E+00
 0.000E+00 0.000E+00 0.000E+00 0.000E+00
      89.119553     2.232156    -0.897935
 6
       4
     2     2     2     2
     0     1     1     1
 1.710E+00 1.625E+00 1.625E+00 1.625E+00
 0.000E+00 0.000E+00 0.000E+00 0.000E+00
 0.000E+00 0.000E+00 0.000E+00 0.000E+00
 0.000E+00 0.000E+00 0.000E+00 0.000E+00
      89.450346     -1.986903    0.771265
 6
       4
     2     2     2     2
     0     1     1     1
 1.710E+00 1.625E+00 1.625E+00 1.625E+00
 0.000E+00 0.000E+00 0.000E+00 0.000E+00
 0.000E+00 0.000E+00 0.000E+00 0.000E+00
 0.000E+00 0.000E+00 0.000E+00 0.000E+00
      91.794152     2.375850    -1.118980
 6
       4
     2     2     2     2
     0     1     1     1
 1.710E+00 1.625E+00 1.625E+00 1.625E+00
 0.000E+00 0.000E+00 0.000E+00 0.000E+00
 0.000E+00 0.000E+00 0.000E+00 0.000E+00
 0.000E+00 0.000E+00 0.000E+00 0.000E+00
      92.083265     -1.905783    0.398243
 6
       4
     2     2     2     2
     0     1     1     1
 1.710E+00 1.625E+00 1.625E+00 1.625E+00
 0.000E+00 0.000E+00 0.000E+00 0.000E+00
 0.000E+00 0.000E+00 0.000E+00 0.000E+00
 0.000E+00 0.000E+00 0.000E+00 0.000E+00
      93.364004     0.280762    -0.487606
 6
       4
     2     2     2     2
     0     1     1     1
 1.710E+00 1.625E+00 1.625E+00 1.625E+00
 0.000E+00 0.000E+00 0.000E+00 0.000E+00
 0.000E+00 0.000E+00 0.000E+00 0.000E+00
 0.000E+00 0.000E+00 0.000E+00 0.000E+00
      96.069650     0.455067    -0.262097
 6
       4
     2     2     2     2
     0     1     1     1
 1.710E+00 1.625E+00 1.625E+00 1.625E+00
 0.000E+00 0.000E+00 0.000E+00 0.000E+00
 0.000E+00 0.000E+00 0.000E+00 0.000E+00
 0.000E+00 0.000E+00 0.000E+00 0.000E+00
      98.341773     0.307661    0.030132
 6
       4
     2     2     2     2
     0     1     1     1
 1.710E+00 1.625E+00 1.625E+00 1.625E+00
 0.000E+00 0.000E+00 0.000E+00 0.000E+00
 0.000E+00 0.000E+00 0.000E+00 0.000E+00
 0.000E+00 0.000E+00 0.000E+00 0.000E+00
      101.051160     0.387022    0.034453
 6
       4
     2     2     2     2
     0     1     1     1
 1.710E+00 1.625E+00 1.625E+00 1.625E+00
 0.000E+00 0.000E+00 0.000E+00 0.000E+00
 0.000E+00 0.000E+00 0.000E+00 0.000E+00
 0.000E+00 0.000E+00 0.000E+00 0.000E+00
      102.569079     -1.788119    0.688964
 6
       4
     2     2     2     2
     0     1     1     1
 1.710E+00 1.625E+00 1.625E+00 1.625E+00
 0.000E+00 0.000E+00 0.000E+00 0.000E+00
 0.000E+00 0.000E+00 0.000E+00 0.000E+00
 0.000E+00 0.000E+00 0.000E+00 0.000E+00
      102.450440     2.531768    -0.610036
 6
       4
     2     2     2     2
     0     1     1     1
 1.710E+00 1.625E+00 1.625E+00 1.625E+00
 0.000E+00 0.000E+00 0.000E+00 0.000E+00
 0.000E+00 0.000E+00 0.000E+00 0.000E+00
 0.000E+00 0.000E+00 0.000E+00 0.000E+00
      105.125221     2.554411    -0.718752
 6
       4
     2     2     2     2
     0     1     1     1
 1.710E+00 1.625E+00 1.625E+00 1.625E+00
 0.000E+00 0.000E+00 0.000E+00 0.000E+00
 0.000E+00 0.000E+00 0.000E+00 0.000E+00
 0.000E+00 0.000E+00 0.000E+00 0.000E+00
      105.240830     -1.713330    0.813998
 6
       4
     2     2     2     2
     0     1     1     1
 1.710E+00 1.625E+00 1.625E+00 1.625E+00
 0.000E+00 0.000E+00 0.000E+00 0.000E+00
 0.000E+00 0.000E+00 0.000E+00 0.000E+00
 0.000E+00 0.000E+00 0.000E+00 0.000E+00
      106.648857     0.508820    0.193306
 6
       4
     2     2     2     2
     0     1     1     1
 1.710E+00 1.625E+00 1.625E+00 1.625E+00
 0.000E+00 0.000E+00 0.000E+00 0.000E+00
 0.000E+00 0.000E+00 0.000E+00 0.000E+00
 0.000E+00 0.000E+00 0.000E+00 0.000E+00
      109.332864     0.623521    0.336696
 6
       4
     2     2     2     2
     0     1     1     1
 1.710E+00 1.625E+00 1.625E+00 1.625E+00
 0.000E+00 0.000E+00 0.000E+00 0.000E+00
 0.000E+00 0.000E+00 0.000E+00 0.000E+00
 0.000E+00 0.000E+00 0.000E+00 0.000E+00
      111.591171     0.959580    -0.124714
 6
       4
     2     2     2     2
     0     1     1     1
 1.710E+00 1.625E+00 1.625E+00 1.625E+00
 0.000E+00 0.000E+00 0.000E+00 0.000E+00
 0.000E+00 0.000E+00 0.000E+00 0.000E+00
 0.000E+00 0.000E+00 0.000E+00 0.000E+00
      114.332765     0.967598    0.006555
 6
       4
     2     2     2     2
     0     1     1     1
 1.710E+00 1.625E+00 1.625E+00 1.625E+00
 0.000E+00 0.000E+00 0.000E+00 0.000E+00
 0.000E+00 0.000E+00 0.000E+00 0.000E+00
 0.000E+00 0.000E+00 0.000E+00 0.000E+00
      115.503849     -1.373961    -0.463525
 6
       4
     2     2     2     2
     0     1     1     1
 1.710E+00 1.625E+00 1.625E+00 1.625E+00
 0.000E+00 0.000E+00 0.000E+00 0.000E+00
 0.000E+00 0.000E+00 0.000E+00 0.000E+00
 0.000E+00 0.000E+00 0.000E+00 0.000E+00
      115.909460     3.023153    0.572271
 6
       4
     2     2     2     2
     0     1     1     1
 1.710E+00 1.625E+00 1.625E+00 1.625E+00
 0.000E+00 0.000E+00 0.000E+00 0.000E+00
 0.000E+00 0.000E+00 0.000E+00 0.000E+00
 0.000E+00 0.000E+00 0.000E+00 0.000E+00
      118.552625     2.726323    0.612585
 6
       4
     2     2     2     2
     0     1     1     1
 1.710E+00 1.625E+00 1.625E+00 1.625E+00
 0.000E+00 0.000E+00 0.000E+00 0.000E+00
 0.000E+00 0.000E+00 0.000E+00 0.000E+00
 0.000E+00 0.000E+00 0.000E+00 0.000E+00
      118.145518     -1.721064    -0.458928
 6
       4
     2     2     2     2
     0     1     1     1
 1.710E+00 1.625E+00 1.625E+00 1.625E+00
 0.000E+00 0.000E+00 0.000E+00 0.000E+00
 0.000E+00 0.000E+00 0.000E+00 0.000E+00
 0.000E+00 0.000E+00 0.000E+00 0.000E+00
      119.767853     0.425615    0.156806
 6
       4
     2     2     2     2
     0     1     1     1
 1.710E+00 1.625E+00 1.625E+00 1.625E+00
 0.000E+00 0.000E+00 0.000E+00 0.000E+00
 0.000E+00 0.000E+00 0.000E+00 0.000E+00
 0.000E+00 0.000E+00 0.000E+00 0.000E+00
      122.415694     0.143081    0.133205
 6
       4
     2     2     2     2
     0     1     1     1
 1.710E+00 1.625E+00 1.625E+00 1.625E+00
 0.000E+00 0.000E+00 0.000E+00 0.000E+00
 0.000E+00 0.000E+00 0.000E+00 0.000E+00
 0.000E+00 0.000E+00 0.000E+00 0.000E+00
      124.732776     -0.076105    0.048398
 6
       4
     2     2     2     2
     0     1     1     1
 1.710E+00 1.625E+00 1.625E+00 1.625E+00
 0.000E+00 0.000E+00 0.000E+00 0.000E+00
 0.000E+00 0.000E+00 0.000E+00 0.000E+00
 0.000E+00 0.000E+00 0.000E+00 0.000E+00
      127.418191     -0.233289    -0.137614
 6
       4
     2     2     2     2
     0     1     1     1
 1.710E+00 1.625E+00 1.625E+00 1.625E+00
 0.000E+00 0.000E+00 0.000E+00 0.000E+00
 0.000E+00 0.000E+00 0.000E+00 0.000E+00
 0.000E+00 0.000E+00 0.000E+00 0.000E+00
      128.703902     -2.333967    -1.116422
 6
       4
     2     2     2     2
     0     1     1     1
 1.710E+00 1.625E+00 1.625E+00 1.625E+00
 0.000E+00 0.000E+00 0.000E+00 0.000E+00
 0.000E+00 0.000E+00 0.000E+00 0.000E+00
 0.000E+00 0.000E+00 0.000E+00 0.000E+00
      128.973738     1.823346    0.536678
 6
       4
     2     2     2     2
     0     1     1     1
 1.710E+00 1.625E+00 1.625E+00 1.625E+00
 0.000E+00 0.000E+00 0.000E+00 0.000E+00
 0.000E+00 0.000E+00 0.000E+00 0.000E+00
 0.000E+00 0.000E+00 0.000E+00 0.000E+00
      131.630028     1.722073    0.551380
 6
       4
     2     2     2     2
     0     1     1     1
 1.710E+00 1.625E+00 1.625E+00 1.625E+00
 0.000E+00 0.000E+00 0.000E+00 0.000E+00
 0.000E+00 0.000E+00 0.000E+00 0.000E+00
 0.000E+00 0.000E+00 0.000E+00 0.000E+00
      131.382217     -2.590427    -1.069290
 6
       4
     2     2     2     2
     0     1     1     1
 1.710E+00 1.625E+00 1.625E+00 1.625E+00
 0.000E+00 0.000E+00 0.000E+00 0.000E+00
 0.000E+00 0.000E+00 0.000E+00 0.000E+00
 0.000E+00 0.000E+00 0.000E+00 0.000E+00
      132.957717     -0.636437    -0.000705
 6
       4
     2     2     2     2
     0     1     1     1
 1.710E+00 1.625E+00 1.625E+00 1.625E+00
 0.000E+00 0.000E+00 0.000E+00 0.000E+00
 0.000E+00 0.000E+00 0.000E+00 0.000E+00
 0.000E+00 0.000E+00 0.000E+00 0.000E+00
      135.672783     -0.881338    0.319908
 1
       1
     1
     0
 1.300E+00
 0.000E+00
 0.000E+00
 0.000E+00
      75.294492     4.116774    -0.808584
 1
       1
     1
     0
 1.300E+00
 0.000E+00
 0.000E+00
 0.000E+00
      79.723945     3.700696    -0.516895
 6
       4
     2     2     2     2
     0     1     1     1
 1.710E+00 1.625E+00 1.625E+00 1.625E+00
 0.000E+00 0.000E+00 0.000E+00 0.000E+00
 0.000E+00 0.000E+00 0.000E+00 0.000E+00
 0.000E+00 0.000E+00 0.000E+00 0.000E+00
      71.788426     0.276580    -0.012986
 1
       1
     1
     0
 1.300E+00
 0.000E+00
 0.000E+00
 0.000E+00
      74.640843     -3.613842    1.205384
 1
       1
     1
     0
 1.300E+00
 0.000E+00
 0.000E+00
 0.000E+00
      79.244943     -3.927083    1.564209
 1
       1
     1
     0
 1.300E+00
 0.000E+00
 0.000E+00
 0.000E+00
      87.923088     3.682953    -1.606469
 1
       1
     1
     0
 1.300E+00
 0.000E+00
 0.000E+00
 0.000E+00
      88.701019     -3.675067    1.341001
 1
       1
     1
     0
 1.300E+00
 0.000E+00
 0.000E+00
 0.000E+00
      92.596328     3.954830    -1.825704
 1
       1
     1
     0
 1.300E+00
 0.000E+00
 0.000E+00
 0.000E+00
      93.237083     -3.398228    0.815596
 1
       1
     1
     0
 1.300E+00
 0.000E+00
 0.000E+00
 0.000E+00
      101.546238     4.241118    -1.082494
 1
       1
     1
     0
 1.300E+00
 0.000E+00
 0.000E+00
 0.000E+00
      106.234250     3.975435    -1.294217
 1
       1
     1
     0
 1.300E+00
 0.000E+00
 0.000E+00
 0.000E+00
      101.807510     -3.479025    1.038873
 1
       1
     1
     0
 1.300E+00
 0.000E+00
 0.000E+00
 0.000E+00
      106.163069     -3.280190    1.309227
 1
       1
     1
     0
 1.300E+00
 0.000E+00
 0.000E+00
 0.000E+00
      115.151179     4.742953    0.950258
 1
       1
     1
     0
 1.300E+00
 0.000E+00
 0.000E+00
 0.000E+00
      114.519069     -2.966605    -0.688265
 1
       1
     1
     0
 1.300E+00
 0.000E+00
 0.000E+00
 0.000E+00
      119.658532     4.252486    1.115879
 1
       1
     1
     0
 1.300E+00
 0.000E+00
 0.000E+00
 0.000E+00
      118.833321     -3.441019    -0.747774
 1
       1
     1
     0
 1.300E+00
 0.000E+00
 0.000E+00
 0.000E+00
      128.412820     3.601903    1.251679
 1
       1
     1
     0
 1.300E+00
 0.000E+00
 0.000E+00
 0.000E+00
      127.867485     -3.913630    -1.989687
 1
       1
     1
     0
 1.300E+00
 0.000E+00
 0.000E+00
 0.000E+00
      132.893884     3.209921    1.114576
 1
       1
     1
     0
 1.300E+00
 0.000E+00
 0.000E+00
 0.000E+00
      132.457465     -4.033091    -1.634097
 1
       1
     1
     0
 1.300E+00
 0.000E+00
 0.000E+00
 0.000E+00
      141.218637     1.853825    3.121774
 1
       1
     1
     0
 1.300E+00
 0.000E+00
 0.000E+00
 0.000E+00
      140.937442     -4.082046    -2.495377
 1
       1
     1
     0
 1.300E+00
 0.000E+00
 0.000E+00
 0.000E+00
      148.861532     -1.376306    -0.032590
 1
       1
     1
     0
 1.300E+00
 0.000E+00
 0.000E+00
 0.000E+00
      145.646133     1.680367    3.044577
 1
       1
     1
     0
 1.300E+00
 0.000E+00
 0.000E+00
 0.000E+00
      145.399127     -4.222829    -2.576970
 6
       4
     2     2     2     2
     0     1     1     1
 1.710E+00 1.625E+00 1.625E+00 1.625E+00
 0.000E+00 0.000E+00 0.000E+00 0.000E+00
 0.000E+00 0.000E+00 0.000E+00 0.000E+00
 0.000E+00 0.000E+00 0.000E+00 0.000E+00
      137.915615     -1.131192    0.452536
 6
       4
     2     2     2     2
     0     1     1     1
 1.710E+00 1.625E+00 1.625E+00 1.625E+00
 0.000E+00 0.000E+00 0.000E+00 0.000E+00
 0.000E+00 0.000E+00 0.000E+00 0.000E+00
 0.000E+00 0.000E+00 0.000E+00 0.000E+00
      140.682087     -1.218518    0.434584
 6
       4
     2     2     2     2
     0     1     1     1
 1.710E+00 1.625E+00 1.625E+00 1.625E+00
 0.000E+00 0.000E+00 0.000E+00 0.000E+00
 0.000E+00 0.000E+00 0.000E+00 0.000E+00
 0.000E+00 0.000E+00 0.000E+00 0.000E+00
      141.812282     -2.885120    -1.250127
 6
       4
     2     2     2     2
     0     1     1     1
 1.710E+00 1.625E+00 1.625E+00 1.625E+00
 0.000E+00 0.000E+00 0.000E+00 0.000E+00
 0.000E+00 0.000E+00 0.000E+00 0.000E+00
 0.000E+00 0.000E+00 0.000E+00 0.000E+00
      142.153753     0.533464    1.909411
 6
       4
     2     2     2     2
     0     1     1     1
 1.710E+00 1.625E+00 1.625E+00 1.625E+00
 0.000E+00 0.000E+00 0.000E+00 0.000E+00
 0.000E+00 0.000E+00 0.000E+00 0.000E+00
 0.000E+00 0.000E+00 0.000E+00 0.000E+00
      144.765462     0.471978    1.869049
 6
       4
     2     2     2     2
     0     1     1     1
 1.710E+00 1.625E+00 1.625E+00 1.625E+00
 0.000E+00 0.000E+00 0.000E+00 0.000E+00
 0.000E+00 0.000E+00 0.000E+00 0.000E+00
 0.000E+00 0.000E+00 0.000E+00 0.000E+00
      144.604163     -2.925577    -1.329573
 6
       4
     2     2     2     2
     0     1     1     1
 1.710E+00 1.625E+00 1.625E+00 1.625E+00
 0.000E+00 0.000E+00 0.000E+00 0.000E+00
 0.000E+00 0.000E+00 0.000E+00 0.000E+00
 0.000E+00 0.000E+00 0.000E+00 0.000E+00
      145.948538     -1.420044    0.219497
# LCAO coefficients .. are not included.
         1
        1        -0.000038594081849   k=         1
        2        0.002526698843342   k=         1
        3        0.002321340679663   k=         1
        4        -0.019064076946936   k=         1
        5        -0.002026632801491   k=         1
        6        -0.004825719914773   k=         1
        7        0.013586903989755   k=         1
        8        -0.022319779321787   k=         1
        9        0.002284826479300   k=         1
        10        0.001889675918360   k=         1
        11        0.011273905768084   k=         1
        12        -0.015964361032750   k=         1
        13        0.000546911520125   k=         1
        14        0.001622766147083   k=         1
        15        -0.002629426420664   k=         1
        16        0.004465670485361   k=         1
        17        0.000229935830664   k=         1
        18        0.002143977379505   k=         1
        19        -0.007370093276870   k=         1
        20        0.028600055175037   k=         1
        21        -0.000504609561617   k=         1
        22        0.000269475450375   k=         1
        23        -0.003659833133723   k=         1
        24        0.008045616698130   k=         1
        25        -0.001369728759211   k=         1
        26        -0.006702731186896   k=         1
        27        0.011393547260887   k=         1
        28        0.042864142785059   k=         1
        29        0.001607829156469   k=         1
        30        0.000669464882178   k=         1
        31        0.002615995781749   k=         1
        32        0.023790648833425   k=         1
        33        -0.000715838349007   k=         1
        34        -0.001656271926934   k=         1
        35        -0.021322002781820   k=         1
        36        -0.061253777725266   k=         1
        37        -0.000410504595988   k=         1
        38        -0.000492463571632   k=         1
        39        -0.007875204993498   k=         1
        40        -0.024488319457618   k=         1
        41        0.000166922234106   k=         1
        42        0.004524998603878   k=         1
        43        -0.005245555813431   k=         1
        44        -0.024714592005777   k=         1
        45        0.001947642242423   k=         1
        46        0.000382706141987   k=         1
        47        0.011163668694836   k=         1
        48        0.056135251967544   k=         1
        49        -0.001083102011990   k=         1
        50        -0.010245855558842   k=         1
        51        0.006106237938947   k=         1
        52        0.048186551733385   k=         1
        53        -0.000618189484940   k=         1
        54        -0.007194892727904   k=         1
        55        0.023653109620921   k=         1
        56        0.044468129924636   k=         1
        57        0.000275980005921   k=         1
        58        0.008498914686835   k=         1
        59        -0.056309081664996   k=         1
        60        -0.067546465440137   k=         1
        61        -0.001145357248817   k=         1
        62        -0.003964744635352   k=         1
        63        -0.031473809168143   k=         1
        64        -0.046850368183623   k=         1
        65        0.000596069863145   k=         1
        66        0.015369882287447   k=         1
        67        0.073228913690255   k=         1
        68        0.084565065159341   k=         1
        69        0.002987851309376   k=         1
        70        0.011025923342770   k=         1
        71        0.032541063575712   k=         1
        72        0.034434682387812   k=         1
        73        -0.002137304674546   k=         1
        74        0.002568283116013   k=         1
        75        0.041324920722481   k=         1
        76        0.040004570965811   k=         1
        77        0.003611039429742   k=         1
        78        0.003886832226758   k=         1
        79        -0.069288498199153   k=         1
        80        -0.069784005800414   k=         1
        81        -0.001975102601283   k=         1
        82        -0.020862498515956   k=         1
        83        -0.061924179616171   k=         1
        84        -0.062254592508992   k=         1
        85        -0.000605306546888   k=         1
        86        -0.002533431208818   k=         1
        87        -0.045192895985011   k=         1
        88        -0.078654258568024   k=         1
        89        0.009524784542083   k=         1
        90        0.007960236965813   k=         1
        91        0.048883230860900   k=         1
        92        0.149929081536173   k=         1
        93        -0.007212119108926   k=         1
        94        0.007398363875713   k=         1
        95        0.043540201534222   k=         1
        96        0.101356965642815   k=         1
        97        0.005306311424710   k=         1
        98        0.006455176111895   k=         1
        99        -0.056156498866303   k=         1
        100        -0.169020843364691   k=         1
        101        -0.000228207892360   k=         1
        102        -0.002750305146749   k=         1
        103        -0.024283323883252   k=         1
        104        -0.087960082910479   k=         1
        105        -0.001806208725466   k=         1
        106        0.007005947370796   k=         1
        107        -0.015682544065207   k=         1
        108        -0.098618463369436   k=         1
        109        0.002887281897622   k=         1
        110        0.002200279695282   k=         1
        111        0.014797988497531   k=         1
        112        0.114591820653748   k=         1
        113        -0.004694579662309   k=         1
        114        0.007279346741415   k=         1
        115        0.032701065841075   k=         1
        116        0.153546572473654   k=         1
        117        -0.001339010287732   k=         1
        118        0.020323131313208   k=         1
        119        0.041332421749985   k=         1
        120        0.153330321543482   k=         1
        121        -0.003172244993798   k=         1
        122        -0.030357526227414   k=         1
        123        -0.078685945897852   k=         1
        124        -0.194187487594418   k=         1
        125        0.001234378103537   k=         1
        126        -0.011570186471054   k=         1
        127        -0.049442924395088   k=         1
        128        -0.151206030790335   k=         1
        129        0.000983456823665   k=         1
        130        -0.010866548623277   k=         1
        131        0.100049112701952   k=         1
        132        0.221402621071003   k=         1
        133        -0.002003831129370   k=         1
        134        -0.045224197166032   k=         1
        135        0.058093380641082   k=         1
        136        0.127451187221523   k=         1
        137        -0.002784471078774   k=         1
        138        -0.013963518906305   k=         1
        139        0.054358975690697   k=         1
        140        0.139126751443922   k=         1
        141        0.006816302712405   k=         1
        142        0.024241332931142   k=         1
        143        -0.077721644653400   k=         1
        144        -0.158221842476052   k=         1
        145        -0.006961292097179   k=         1
        146        0.037764733245457   k=         1
        147        -0.066855798741781   k=         1
        148        -0.110162666866084   k=         1
        149        0.002912419878641   k=         1
        150        0.005244166041981   k=         1
        151        -0.122357954627873   k=         1
        152        -0.186261042424707   k=         1
        153        -0.007469991497338   k=         1
        154        0.001025688031002   k=         1
        155        0.075940598648143   k=         1
        156        0.181041988026141   k=         1
        157        -0.002299450610409   k=         1
        158        0.000946882955960   k=         1
        159        -0.000028165664785   k=         1
        160        0.002275414671275   k=         1
        161        -0.001383973871705   k=         1
        162        0.001623680140894   k=         1
        163        -0.004209754108484   k=         1
        164        -0.001483400408680   k=         1
        165        0.001954225880730   k=         1
        166        0.004033761101194   k=         1
        167        -0.004048541978342   k=         1
        168        -0.003449949628511   k=         1
        169        0.001133355552631   k=         1
        170        0.006016445285322   k=         1
        171        -0.001984940129909   k=         1
        172        -0.005956280851415   k=         1
        173        -0.000394296817626   k=         1
        174        0.003069569290548   k=         1
        175        0.002787058977862   k=         1
        176        0.007997163939476   k=         1
        177        0.004343490848807   k=         1
        178        -0.003157411592238   k=         1
        179        0.001229825854005   k=         1
        180        -0.005904079367226   k=         1
        181        0.006440976303239   k=         1
        182        -0.028134537256572   k=         1
        183        -0.110549016753619   k=         1
        184        0.003397459787327   k=         1
        185        0.003516978022126   k=         1
        186        0.006065941319975   k=         1
        187        0.001840350100993   k=         1
        188        0.111613587935651   k=         1
        189        0.188551411027792   k=         1
        190        -0.005428218348772   k=         1
        191        -0.011280929866623   k=         1
        192        -0.061158392506513   k=         1
        193        -0.183320263489471   k=         1
        194        0.005573223446059   k=         1
        195        -0.021729008425354   k=         1
        196        -0.047649662492264   k=         1
        197        -0.168341920197606   k=         1
        198        -0.002617959362847   k=         1
        199        0.004179985687808   k=         1
        200        -0.040386496494264   k=         1
        201        -0.122382246794311   k=         1
        202        0.001766236853018   k=         1
        203        -0.004444594079316   k=         1
        204        0.036424658189123   k=         1
        205        0.098665602544067   k=         1
        206        -0.004089627320033   k=         1
        207        0.003825715875338   k=         1
        208        0.046803838541184   k=         1
        209        0.109335433397993   k=         1
        210        -0.001897071952745   k=         1
        211        -0.019347334068573   k=         1
        212        0.052483201142070   k=         1
        213        0.214072988509882   k=         1
        214        -0.000453549339810   k=         1
        215        -0.005468219265169   k=         1
        216        -0.027573431176987   k=         1
        217        -0.131086817899786   k=         1
        218        -0.000860305838276   k=         1
        219        0.006930299755933   k=         1
        220        -0.016736130984374   k=         1
        221        -0.058349165180551   k=         1
        222        0.001076588774208   k=         1
        223        0.006675726000362   k=         1
        224        -0.019602408548863   k=         1
        225        -0.060762327696546   k=         1
        226        -0.001191851641883   k=         1
        227        -0.011831527141592   k=         1
        228        0.027038807805091   k=         1
        229        0.108212370146760   k=         1
        230        -0.001130097749468   k=         1
        231        0.000215200724575   k=         1
        232        0.026180622719572   k=         1
        233        0.106511907487408   k=         1
        234        0.000155570046184   k=         1
        235        -0.008099404611518   k=         1
        236        0.030068809565252   k=         1
        237        0.096695203983523   k=         1
        238        -0.002960442539342   k=         1
        239        0.004761530843357   k=         1
        240        0.020314153616351   k=         1
        241        0.069176554735462   k=         1
        242        0.000681957781722   k=         1
        243        0.000696149895886   k=         1
        244        0.022140027228240   k=         1
        245        0.101032208128190   k=         1
        246        -0.000060676581933   k=         1
        247        -0.001221209720372   k=         1
        248        -0.020884311540087   k=         1
        249        -0.061350623933796   k=         1
        250        -0.000530176198948   k=         1
        251        -0.008589347917374   k=         1
        252        -0.031628019662488   k=         1
        253        -0.054963707332784   k=         1
        254        -0.004247905563226   k=         1
        255        -0.008432738502665   k=         1
        256        -0.023637444996093   k=         1
        257        -0.055511195031332   k=         1
        258        0.000713738678711   k=         1
        259        0.006883516602373   k=         1
        260        0.013915129973092   k=         1
        261        0.036034942828838   k=         1
        262        0.000738966668462   k=         1
        263        0.008732203801017   k=         1
        264        0.015995449368860   k=         1
        265        0.033564118313226   k=         1
        266        -0.003612419620948   k=         1
        267        -0.006314536031034   k=         1
        268        0.023675223629134   k=         1
        269        0.077526614321240   k=         1
        270        -0.001098337961568   k=         1
        271        0.008465223496172   k=         1
        272        -0.011740365037172   k=         1
        273        -0.037898262175908   k=         1
        274        -0.001516053082711   k=         1
        275        0.003754407832725   k=         1
        276        -0.018657653665211   k=         1
        277        -0.060979165766272   k=         1
        278        -0.000592673771883   k=         1
        279        0.000707649771634   k=         1
        280        0.010344221044782   k=         1
        281        0.033018103454227   k=         1
        282        0.000011695592920   k=         1
        283        -0.001575584899936   k=         1
        284        0.008253814765099   k=         1
        285        0.038330980700801   k=         1
        286        0.000794194467254   k=         1
        287        0.002571058915856   k=         1
        288        0.009897192529779   k=         1
        289        0.036064608382197   k=         1
        290        0.000360608675160   k=         1
        291        -0.001184713071979   k=         1
        292        -0.007858561335197   k=         1
        293        -0.019700077667840   k=         1
        294        -0.000265434648661   k=         1
        295        0.001420133142540   k=         1
        296        -0.004187664539242   k=         1
        297        -0.016635517548964   k=         1
        298        -0.000698941835710   k=         1
        299        0.004807184700445   k=         1
        300        -0.017980947225298   k=         1
        301        -0.043811021483140   k=         1
        302        0.002006303625209   k=         1
        303        0.000226311072460   k=         1
        304        0.005688487304195   k=         1
        305        0.015813169505966   k=         1
        306        -0.003077178117681   k=         1
        307        0.002650010334100   k=         1
        308        0.015030037556651   k=         1
        309        0.033116488028015   k=         1
        310        0.000434791689565   k=         1
        311        -0.000717255798806   k=         1
        312        -0.001354532840858   k=         1
        313        -0.011557460660522   k=         1
        314        0.001775151942265   k=         1
        315        -0.002666760160215   k=         1
        316        0.006276281113899   k=         1
        317        -0.013122362309879   k=         1
        318        -0.001692650918318   k=         1
        319        0.004400421771853   k=         1
        320        0.007891983383625   k=         1
        321        -0.013865353503686   k=         1
        322        0.000386566053526   k=         1
        323        -0.001408203381803   k=         1
        324        -0.002114611699983   k=         1
        325        0.005430352107186   k=         1
        326        -0.000606695728162   k=         1
        327        0.000626769509539   k=         1
        328        -0.001926503910990   k=         1
        329        0.005030659173616   k=         1
        330        0.000353550252418   k=         1
        331        -0.001084777748119   k=         1
        332        -0.003322818721556   k=         1
        333        0.016804972227680   k=         1
        334        -0.000015228263053   k=         1
        335        0.000197301489740   k=         1
        336        0.000836356670545   k=         1
        337        -0.004230934475639   k=         1
        338        -0.000089637282187   k=         1
        339        -0.000780557132323   k=         1
        340        0.002828537554433   k=         1
        341        -0.012318777855773   k=         1
        342        0.000022359753246   k=         1
        343        0.000334345467018   k=         1
        344        -0.000464955686771   k=         1
        345        0.002419080208135   k=         1
        346        -0.000125416818964   k=         1
        347        0.000057590836149   k=         1
        348        -0.003224199858669   k=         1
        349        0.005332935081167   k=         1
        350        0.000225127286747   k=         1
        351        -0.000095927494267   k=         1
        352        -0.002553187629031   k=         1
        353        0.005271574431432   k=         1
        354        -0.000051227662655   k=         1
        355        -0.000078968042141   k=         1
        356        0.000485180082840   k=         1
        357        -0.000830680195633   k=         1
        358        0.000034809116527   k=         1
        359        0.000053857329661   k=         1
        360        0.000602755925777   k=         1
        361        -0.000784424214718   k=         1
        362        -0.000120098549926   k=         1
        363        0.001249030696734   k=         1
        364        0.001753295040366   k=         1
        365        -0.006039663182717   k=         1
        366        0.000069470253819   k=         1
        367        -0.000183291838326   k=         1
        368        0.000110509905759   k=         1
        369        0.000367787306638   k=         1
        370        0.002145041168071   k=         1
        371        0.001598406341803   k=         1
        372        0.005113528618876   k=         1
        373        -0.003878387487502   k=         1
        374        -0.043384959704775   k=         1
        375        -0.173442748283638   k=         1
        376        0.000114300616194   k=         1
        377        0.003641367169867   k=         1
        378        0.000605445133002   k=         1
        379        0.003334183742304   k=         1
        380        0.004261878887920   k=         1
        381        0.000264884900597   k=         1
        382        -0.000413486266803   k=         1
        383        0.000039852949213   k=         1
        384        0.000706590162853   k=         1
        385        -0.001630598646119   k=         1
        386        0.001036166179123   k=         1
        387        -0.000571703653472   k=         1
        388        -0.001728012994684   k=         1
        389        0.001389411858386   k=         1
        390        -0.000175734854098   k=         1
        391        0.000202188179607   k=         1
        392        0.000098863183817   k=         1
        393        -0.000451379441014   k=         1
        394        0.000039645114321   k=         1
        395        -0.000001629189076   k=         1
        396        -0.000067274614888   k=         1
        397        -0.000078966435260   k=         1
        398        0.000106204361448   k=         1
        399        0.000004339291749   k=         1
        400        -0.000111451372677   k=         1
        401        -0.000983507693631   k=         1
        402        0.003471759809245   k=         1
        403        0.000015731242951   k=         1
        404        -0.000002266879544   k=         1
        405        -0.000199864834459   k=         1
        406        -0.000115387779411   k=         1
        407        0.000120455531728   k=         1
        408        -0.000226130070398   k=         1
        409        0.001229318675813   k=         1
        410        -0.000799440873131   k=         1
        411        -0.000096081905228   k=         1
        412        0.000194545009137   k=         1
        413        0.000868521101617   k=         1
        414        -0.000608897562560   k=         1
        415        0.000019315342804   k=         1
        416        -0.000044298425568   k=         1
        417        0.000052478245205   k=         1
        418        -0.000095175396752   k=         1
        419        -0.000038644723218   k=         1
        420        0.000088841502474   k=         1
        421        -0.000005609159214   k=         1
        422        -0.000047268425441   k=         1
        423        0.000042829079946   k=         1
        424        0.000036488793688   k=         1
        425        -0.000676206411115   k=         1
        426        0.000764158197958   k=         1
