# file_format= v0.04.05
       144       426
    188.97268778      0.00000000      0.00000000    0
      0.00000000    188.97268778      0.00000000    0
      0.00000000      0.00000000    188.97268778    0
 6
       4
     2     2     2     2
     0     1     1     1
 1.710E+00 1.625E+00 1.625E+00 1.625E+00
 0.000E+00 0.000E+00 0.000E+00 0.000E+00
 0.000E+00 0.000E+00 0.000E+00 0.000E+00
 0.000E+00 0.000E+00 0.000E+00 0.000E+00
      0.996456     -0.685789    -0.145944
 6
       4
     2     2     2     2
     0     1     1     1
 1.710E+00 1.625E+00 1.625E+00 1.625E+00
 0.000E+00 0.000E+00 0.000E+00 0.000E+00
 0.000E+00 0.000E+00 0.000E+00 0.000E+00
 0.000E+00 0.000E+00 0.000E+00 0.000E+00
      -0.733049     1.150955    0.540065
 6
       4
     2     2     2     2
     0     1     1     1
 1.710E+00 1.625E+00 1.625E+00 1.625E+00
 0.000E+00 0.000E+00 0.000E+00 0.000E+00
 0.000E+00 0.000E+00 0.000E+00 0.000E+00
 0.000E+00 0.000E+00 0.000E+00 0.000E+00
      0.075854     -3.146959    -0.832320
 6
       4
     2     2     2     2
     0     1     1     1
 1.710E+00 1.625E+00 1.625E+00 1.625E+00
 0.000E+00 0.000E+00 0.000E+00 0.000E+00
 0.000E+00 0.000E+00 0.000E+00 0.000E+00
 0.000E+00 0.000E+00 0.000E+00 0.000E+00
      -3.424403     0.641853    0.443812
 6
       4
     2     2     2     2
     0     1     1     1
 1.710E+00 1.625E+00 1.625E+00 1.625E+00
 0.000E+00 0.000E+00 0.000E+00 0.000E+00
 0.000E+00 0.000E+00 0.000E+00 0.000E+00
 0.000E+00 0.000E+00 0.000E+00 0.000E+00
      -4.083607     -1.779151    -0.387039
 6
       4
     2     2     2     2
     0     1     1     1
 1.710E+00 1.625E+00 1.625E+00 1.625E+00
 0.000E+00 0.000E+00 0.000E+00 0.000E+00
 0.000E+00 0.000E+00 0.000E+00 0.000E+00
 0.000E+00 0.000E+00 0.000E+00 0.000E+00
      -2.496302     -3.592171    -1.019702
 6
       4
     2     2     2     2
     0     1     1     1
 1.710E+00 1.625E+00 1.625E+00 1.625E+00
 0.000E+00 0.000E+00 0.000E+00 0.000E+00
 0.000E+00 0.000E+00 0.000E+00 0.000E+00
 0.000E+00 0.000E+00 0.000E+00 0.000E+00
      3.684951     -0.296793    0.001470
 6
       4
     2     2     2     2
     0     1     1     1
 1.710E+00 1.625E+00 1.625E+00 1.625E+00
 0.000E+00 0.000E+00 0.000E+00 0.000E+00
 0.000E+00 0.000E+00 0.000E+00 0.000E+00
 0.000E+00 0.000E+00 0.000E+00 0.000E+00
      5.902877     0.181888    -0.072093
 6
       4
     2     2     2     2
     0     1     1     1
 1.710E+00 1.625E+00 1.625E+00 1.625E+00
 0.000E+00 0.000E+00 0.000E+00 0.000E+00
 0.000E+00 0.000E+00 0.000E+00 0.000E+00
 0.000E+00 0.000E+00 0.000E+00 0.000E+00
      8.694803     0.393076    0.026811
 6
       4
     2     2     2     2
     0     1     1     1
 1.710E+00 1.625E+00 1.625E+00 1.625E+00
 0.000E+00 0.000E+00 0.000E+00 0.000E+00
 0.000E+00 0.000E+00 0.000E+00 0.000E+00
 0.000E+00 0.000E+00 0.000E+00 0.000E+00
      9.840349     2.758476    -0.584286
 6
       4
     2     2     2     2
     0     1     1     1
 1.710E+00 1.625E+00 1.625E+00 1.625E+00
 0.000E+00 0.000E+00 0.000E+00 0.000E+00
 0.000E+00 0.000E+00 0.000E+00 0.000E+00
 0.000E+00 0.000E+00 0.000E+00 0.000E+00
      10.174323     -1.689064    0.675942
 6
       4
     2     2     2     2
     0     1     1     1
 1.710E+00 1.625E+00 1.625E+00 1.625E+00
 0.000E+00 0.000E+00 0.000E+00 0.000E+00
 0.000E+00 0.000E+00 0.000E+00 0.000E+00
 0.000E+00 0.000E+00 0.000E+00 0.000E+00
      12.448912     3.074049    -0.500554
 6
       4
     2     2     2     2
     0     1     1     1
 1.710E+00 1.625E+00 1.625E+00 1.625E+00
 0.000E+00 0.000E+00 0.000E+00 0.000E+00
 0.000E+00 0.000E+00 0.000E+00 0.000E+00
 0.000E+00 0.000E+00 0.000E+00 0.000E+00
      12.864606     -1.387390    0.739575
 6
       4
     2     2     2     2
     0     1     1     1
 1.710E+00 1.625E+00 1.625E+00 1.625E+00
 0.000E+00 0.000E+00 0.000E+00 0.000E+00
 0.000E+00 0.000E+00 0.000E+00 0.000E+00
 0.000E+00 0.000E+00 0.000E+00 0.000E+00
      13.973322     1.003227    0.286312
 6
       4
     2     2     2     2
     0     1     1     1
 1.710E+00 1.625E+00 1.625E+00 1.625E+00
 0.000E+00 0.000E+00 0.000E+00 0.000E+00
 0.000E+00 0.000E+00 0.000E+00 0.000E+00
 0.000E+00 0.000E+00 0.000E+00 0.000E+00
      16.805777     1.287055    0.522145
 6
       4
     2     2     2     2
     0     1     1     1
 1.710E+00 1.625E+00 1.625E+00 1.625E+00
 0.000E+00 0.000E+00 0.000E+00 0.000E+00
 0.000E+00 0.000E+00 0.000E+00 0.000E+00
 0.000E+00 0.000E+00 0.000E+00 0.000E+00
      19.053691     1.554067    0.317308
 6
       4
     2     2     2     2
     0     1     1     1
 1.710E+00 1.625E+00 1.625E+00 1.625E+00
 0.000E+00 0.000E+00 0.000E+00 0.000E+00
 0.000E+00 0.000E+00 0.000E+00 0.000E+00
 0.000E+00 0.000E+00 0.000E+00 0.000E+00
      21.911409     1.311678    0.235290
 6
       4
     2     2     2     2
     0     1     1     1
 1.710E+00 1.625E+00 1.625E+00 1.625E+00
 0.000E+00 0.000E+00 0.000E+00 0.000E+00
 0.000E+00 0.000E+00 0.000E+00 0.000E+00
 0.000E+00 0.000E+00 0.000E+00 0.000E+00
      23.208314     -0.719534    1.572951
 6
       4
     2     2     2     2
     0     1     1     1
 1.710E+00 1.625E+00 1.625E+00 1.625E+00
 0.000E+00 0.000E+00 0.000E+00 0.000E+00
 0.000E+00 0.000E+00 0.000E+00 0.000E+00
 0.000E+00 0.000E+00 0.000E+00 0.000E+00
      23.420863     2.959912    -1.302753
 6
       4
     2     2     2     2
     0     1     1     1
 1.710E+00 1.625E+00 1.625E+00 1.625E+00
 0.000E+00 0.000E+00 0.000E+00 0.000E+00
 0.000E+00 0.000E+00 0.000E+00 0.000E+00
 0.000E+00 0.000E+00 0.000E+00 0.000E+00
      26.004888     2.814089    -1.404021
 6
       4
     2     2     2     2
     0     1     1     1
 1.710E+00 1.625E+00 1.625E+00 1.625E+00
 0.000E+00 0.000E+00 0.000E+00 0.000E+00
 0.000E+00 0.000E+00 0.000E+00 0.000E+00
 0.000E+00 0.000E+00 0.000E+00 0.000E+00
      25.745608     -0.866540    1.464360
 6
       4
     2     2     2     2
     0     1     1     1
 1.710E+00 1.625E+00 1.625E+00 1.625E+00
 0.000E+00 0.000E+00 0.000E+00 0.000E+00
 0.000E+00 0.000E+00 0.000E+00 0.000E+00
 0.000E+00 0.000E+00 0.000E+00 0.000E+00
      27.336908     0.912520    -0.019789
 6
       4
     2     2     2     2
     0     1     1     1
 1.710E+00 1.625E+00 1.625E+00 1.625E+00
 0.000E+00 0.000E+00 0.000E+00 0.000E+00
 0.000E+00 0.000E+00 0.000E+00 0.000E+00
 0.000E+00 0.000E+00 0.000E+00 0.000E+00
      30.117489     0.517724    -0.157306
 6
       4
     2     2     2     2
     0     1     1     1
 1.710E+00 1.625E+00 1.625E+00 1.625E+00
 0.000E+00 0.000E+00 0.000E+00 0.000E+00
 0.000E+00 0.000E+00 0.000E+00 0.000E+00
 0.000E+00 0.000E+00 0.000E+00 0.000E+00
      32.306839     0.078386    -0.156796
 6
       4
     2     2     2     2
     0     1     1     1
 1.710E+00 1.625E+00 1.625E+00 1.625E+00
 0.000E+00 0.000E+00 0.000E+00 0.000E+00
 0.000E+00 0.000E+00 0.000E+00 0.000E+00
 0.000E+00 0.000E+00 0.000E+00 0.000E+00
      35.196918     -0.166079    0.059804
 6
       4
     2     2     2     2
     0     1     1     1
 1.710E+00 1.625E+00 1.625E+00 1.625E+00
 0.000E+00 0.000E+00 0.000E+00 0.000E+00
 0.000E+00 0.000E+00 0.000E+00 0.000E+00
 0.000E+00 0.000E+00 0.000E+00 0.000E+00
      36.499328     -2.391216    0.706334
 6
       4
     2     2     2     2
     0     1     1     1
 1.710E+00 1.625E+00 1.625E+00 1.625E+00
 0.000E+00 0.000E+00 0.000E+00 0.000E+00
 0.000E+00 0.000E+00 0.000E+00 0.000E+00
 0.000E+00 0.000E+00 0.000E+00 0.000E+00
      36.557199     2.128519    -0.616325
 6
       4
     2     2     2     2
     0     1     1     1
 1.710E+00 1.625E+00 1.625E+00 1.625E+00
 0.000E+00 0.000E+00 0.000E+00 0.000E+00
 0.000E+00 0.000E+00 0.000E+00 0.000E+00
 0.000E+00 0.000E+00 0.000E+00 0.000E+00
      39.141615     2.081798    -0.574841
 6
       4
     2     2     2     2
     0     1     1     1
 1.710E+00 1.625E+00 1.625E+00 1.625E+00
 0.000E+00 0.000E+00 0.000E+00 0.000E+00
 0.000E+00 0.000E+00 0.000E+00 0.000E+00
 0.000E+00 0.000E+00 0.000E+00 0.000E+00
      39.157432     -2.414756    0.647080
 6
       4
     2     2     2     2
     0     1     1     1
 1.710E+00 1.625E+00 1.625E+00 1.625E+00
 0.000E+00 0.000E+00 0.000E+00 0.000E+00
 0.000E+00 0.000E+00 0.000E+00 0.000E+00
 0.000E+00 0.000E+00 0.000E+00 0.000E+00
      40.486639     -0.220225    0.036763
 6
       4
     2     2     2     2
     0     1     1     1
 1.710E+00 1.625E+00 1.625E+00 1.625E+00
 0.000E+00 0.000E+00 0.000E+00 0.000E+00
 0.000E+00 0.000E+00 0.000E+00 0.000E+00
 0.000E+00 0.000E+00 0.000E+00 0.000E+00
      43.273843     -0.171742    -0.280367
 6
       4
     2     2     2     2
     0     1     1     1
 1.710E+00 1.625E+00 1.625E+00 1.625E+00
 0.000E+00 0.000E+00 0.000E+00 0.000E+00
 0.000E+00 0.000E+00 0.000E+00 0.000E+00
 0.000E+00 0.000E+00 0.000E+00 0.000E+00
      45.486234     -0.685748    -0.375747
 6
       4
     2     2     2     2
     0     1     1     1
 1.710E+00 1.625E+00 1.625E+00 1.625E+00
 0.000E+00 0.000E+00 0.000E+00 0.000E+00
 0.000E+00 0.000E+00 0.000E+00 0.000E+00
 0.000E+00 0.000E+00 0.000E+00 0.000E+00
      48.275753     -0.571060    -0.307729
 6
       4
     2     2     2     2
     0     1     1     1
 1.710E+00 1.625E+00 1.625E+00 1.625E+00
 0.000E+00 0.000E+00 0.000E+00 0.000E+00
 0.000E+00 0.000E+00 0.000E+00 0.000E+00
 0.000E+00 0.000E+00 0.000E+00 0.000E+00
      49.842585     -2.449676    0.828053
 6
       4
     2     2     2     2
     0     1     1     1
 1.710E+00 1.625E+00 1.625E+00 1.625E+00
 0.000E+00 0.000E+00 0.000E+00 0.000E+00
 0.000E+00 0.000E+00 0.000E+00 0.000E+00
 0.000E+00 0.000E+00 0.000E+00 0.000E+00
      49.477108     1.623630    -1.396405
 6
       4
     2     2     2     2
     0     1     1     1
 1.710E+00 1.625E+00 1.625E+00 1.625E+00
 0.000E+00 0.000E+00 0.000E+00 0.000E+00
 0.000E+00 0.000E+00 0.000E+00 0.000E+00
 0.000E+00 0.000E+00 0.000E+00 0.000E+00
      52.098200     1.891196    -1.265512
 6
       4
     2     2     2     2
     0     1     1     1
 1.710E+00 1.625E+00 1.625E+00 1.625E+00
 0.000E+00 0.000E+00 0.000E+00 0.000E+00
 0.000E+00 0.000E+00 0.000E+00 0.000E+00
 0.000E+00 0.000E+00 0.000E+00 0.000E+00
      52.470377     -2.344498    0.908505
 6
       4
     2     2     2     2
     0     1     1     1
 1.710E+00 1.625E+00 1.625E+00 1.625E+00
 0.000E+00 0.000E+00 0.000E+00 0.000E+00
 0.000E+00 0.000E+00 0.000E+00 0.000E+00
 0.000E+00 0.000E+00 0.000E+00 0.000E+00
      53.608873     -0.038203    -0.063907
 6
       4
     2     2     2     2
     0     1     1     1
 1.710E+00 1.625E+00 1.625E+00 1.625E+00
 0.000E+00 0.000E+00 0.000E+00 0.000E+00
 0.000E+00 0.000E+00 0.000E+00 0.000E+00
 0.000E+00 0.000E+00 0.000E+00 0.000E+00
      56.455891     0.190239    -0.047468
 1
       1
     1
     0
 1.300E+00
 0.000E+00
 0.000E+00
 0.000E+00
      -4.776273     1.915303    0.805114
 1
       1
     1
     0
 1.300E+00
 0.000E+00
 0.000E+00
 0.000E+00
      -0.103523     2.902392    1.043911
 1
       1
     1
     0
 1.300E+00
 0.000E+00
 0.000E+00
 0.000E+00
      -6.560012     -2.012063    -0.507507
 1
       1
     1
     0
 1.300E+00
 0.000E+00
 0.000E+00
 0.000E+00
      -3.249229     -5.256025    -1.657122
 1
       1
     1
     0
 1.300E+00
 0.000E+00
 0.000E+00
 0.000E+00
      1.250965     -4.525094    -1.371353
 1
       1
     1
     0
 1.300E+00
 0.000E+00
 0.000E+00
 0.000E+00
      8.689599     4.198372    -1.115326
 1
       1
     1
     0
 1.300E+00
 0.000E+00
 0.000E+00
 0.000E+00
      9.406837     -3.343428    1.136124
 1
       1
     1
     0
 1.300E+00
 0.000E+00
 0.000E+00
 0.000E+00
      13.372425     4.671406    -0.964131
 1
       1
     1
     0
 1.300E+00
 0.000E+00
 0.000E+00
 0.000E+00
      14.015170     -2.796662    1.223783
 1
       1
     1
     0
 1.300E+00
 0.000E+00
 0.000E+00
 0.000E+00
      22.529272     4.294580    -2.302992
 1
       1
     1
     0
 1.300E+00
 0.000E+00
 0.000E+00
 0.000E+00
      26.962705     4.029245    -2.551835
 1
       1
     1
     0
 1.300E+00
 0.000E+00
 0.000E+00
 0.000E+00
      22.275485     -2.002297    2.613179
 1
       1
     1
     0
 1.300E+00
 0.000E+00
 0.000E+00
 0.000E+00
      26.618072     -2.291380    2.357106
 1
       1
     1
     0
 1.300E+00
 0.000E+00
 0.000E+00
 0.000E+00
      35.572465     3.719293    -1.034668
 1
       1
     1
     0
 1.300E+00
 0.000E+00
 0.000E+00
 0.000E+00
      35.613215     -4.006915    1.178040
 1
       1
     1
     0
 1.300E+00
 0.000E+00
 0.000E+00
 0.000E+00
      40.211750     3.572693    -1.050986
 1
       1
     1
     0
 1.300E+00
 0.000E+00
 0.000E+00
 0.000E+00
      40.048392     -4.035090    1.094847
 1
       1
     1
     0
 1.300E+00
 0.000E+00
 0.000E+00
 0.000E+00
      48.350565     2.804860    -2.358614
 1
       1
     1
     0
 1.300E+00
 0.000E+00
 0.000E+00
 0.000E+00
      48.963861     -3.965968    1.576940
 1
       1
     1
     0
 1.300E+00
 0.000E+00
 0.000E+00
 0.000E+00
      52.858758     3.382347    -2.188008
 1
       1
     1
     0
 1.300E+00
 0.000E+00
 0.000E+00
 0.000E+00
      53.449053     -3.775113    1.685203
 1
       1
     1
     0
 1.300E+00
 0.000E+00
 0.000E+00
 0.000E+00
      61.805941     4.103166    -1.382822
 1
       1
     1
     0
 1.300E+00
 0.000E+00
 0.000E+00
 0.000E+00
      61.904942     -3.603566    0.856692
 6
       4
     2     2     2     2
     0     1     1     1
 1.710E+00 1.625E+00 1.625E+00 1.625E+00
 0.000E+00 0.000E+00 0.000E+00 0.000E+00
 0.000E+00 0.000E+00 0.000E+00 0.000E+00
 0.000E+00 0.000E+00 0.000E+00 0.000E+00
      69.700546     0.348602    -0.234228
 1
       1
     1
     0
 1.300E+00
 0.000E+00
 0.000E+00
 0.000E+00
      66.352127     4.154230    -1.403343
 1
       1
     1
     0
 1.300E+00
 0.000E+00
 0.000E+00
 0.000E+00
      66.539864     -3.567215    0.878673
 6
       4
     2     2     2     2
     0     1     1     1
 1.710E+00 1.625E+00 1.625E+00 1.625E+00
 0.000E+00 0.000E+00 0.000E+00 0.000E+00
 0.000E+00 0.000E+00 0.000E+00 0.000E+00
 0.000E+00 0.000E+00 0.000E+00 0.000E+00
      58.676449     0.208150    -0.044146
 6
       4
     2     2     2     2
     0     1     1     1
 1.710E+00 1.625E+00 1.625E+00 1.625E+00
 0.000E+00 0.000E+00 0.000E+00 0.000E+00
 0.000E+00 0.000E+00 0.000E+00 0.000E+00
 0.000E+00 0.000E+00 0.000E+00 0.000E+00
      61.499921     0.246409    -0.161012
 6
       4
     2     2     2     2
     0     1     1     1
 1.710E+00 1.625E+00 1.625E+00 1.625E+00
 0.000E+00 0.000E+00 0.000E+00 0.000E+00
 0.000E+00 0.000E+00 0.000E+00 0.000E+00
 0.000E+00 0.000E+00 0.000E+00 0.000E+00
      62.824007     -1.991992    0.540014
 6
       4
     2     2     2     2
     0     1     1     1
 1.710E+00 1.625E+00 1.625E+00 1.625E+00
 0.000E+00 0.000E+00 0.000E+00 0.000E+00
 0.000E+00 0.000E+00 0.000E+00 0.000E+00
 0.000E+00 0.000E+00 0.000E+00 0.000E+00
      62.756746     2.545525    -0.894834
 6
       4
     2     2     2     2
     0     1     1     1
 1.710E+00 1.625E+00 1.625E+00 1.625E+00
 0.000E+00 0.000E+00 0.000E+00 0.000E+00
 0.000E+00 0.000E+00 0.000E+00 0.000E+00
 0.000E+00 0.000E+00 0.000E+00 0.000E+00
      65.428924     2.539614    -0.890023
 6
       4
     2     2     2     2
     0     1     1     1
 1.710E+00 1.625E+00 1.625E+00 1.625E+00
 0.000E+00 0.000E+00 0.000E+00 0.000E+00
 0.000E+00 0.000E+00 0.000E+00 0.000E+00
 0.000E+00 0.000E+00 0.000E+00 0.000E+00
      65.511091     -1.969164    0.554614
 6
       4
     2     2     2     2
     0     1     1     1
 1.710E+00 1.625E+00 1.625E+00 1.625E+00
 0.000E+00 0.000E+00 0.000E+00 0.000E+00
 0.000E+00 0.000E+00 0.000E+00 0.000E+00
 0.000E+00 0.000E+00 0.000E+00 0.000E+00
      66.882698     0.354584    -0.176725
 6
       4
     2     2     2     2
     0     1     1     1
 1.710E+00 1.625E+00 1.625E+00 1.625E+00
 0.000E+00 0.000E+00 0.000E+00 0.000E+00
 0.000E+00 0.000E+00 0.000E+00 0.000E+00
 0.000E+00 0.000E+00 0.000E+00 0.000E+00
      80.044021     -0.198219    0.570898
 6
       4
     2     2     2     2
     0     1     1     1
 1.710E+00 1.625E+00 1.625E+00 1.625E+00
 0.000E+00 0.000E+00 0.000E+00 0.000E+00
 0.000E+00 0.000E+00 0.000E+00 0.000E+00
 0.000E+00 0.000E+00 0.000E+00 0.000E+00
      78.882439     2.174729    0.021040
 6
       4
     2     2     2     2
     0     1     1     1
 1.710E+00 1.625E+00 1.625E+00 1.625E+00
 0.000E+00 0.000E+00 0.000E+00 0.000E+00
 0.000E+00 0.000E+00 0.000E+00 0.000E+00
 0.000E+00 0.000E+00 0.000E+00 0.000E+00
      78.576957     -2.417364    1.006544
 6
       4
     2     2     2     2
     0     1     1     1
 1.710E+00 1.625E+00 1.625E+00 1.625E+00
 0.000E+00 0.000E+00 0.000E+00 0.000E+00
 0.000E+00 0.000E+00 0.000E+00 0.000E+00
 0.000E+00 0.000E+00 0.000E+00 0.000E+00
      76.278092     2.296382    -0.147041
 6
       4
     2     2     2     2
     0     1     1     1
 1.710E+00 1.625E+00 1.625E+00 1.625E+00
 0.000E+00 0.000E+00 0.000E+00 0.000E+00
 0.000E+00 0.000E+00 0.000E+00 0.000E+00
 0.000E+00 0.000E+00 0.000E+00 0.000E+00
      74.725057     0.153502    0.206432
 6
       4
     2     2     2     2
     0     1     1     1
 1.710E+00 1.625E+00 1.625E+00 1.625E+00
 0.000E+00 0.000E+00 0.000E+00 0.000E+00
 0.000E+00 0.000E+00 0.000E+00 0.000E+00
 0.000E+00 0.000E+00 0.000E+00 0.000E+00
      75.947326     -2.281028    0.833326
 6
       4
     2     2     2     2
     0     1     1     1
 1.710E+00 1.625E+00 1.625E+00 1.625E+00
 0.000E+00 0.000E+00 0.000E+00 0.000E+00
 0.000E+00 0.000E+00 0.000E+00 0.000E+00
 0.000E+00 0.000E+00 0.000E+00 0.000E+00
      82.828381     -0.221311    0.553333
 6
       4
     2     2     2     2
     0     1     1     1
 1.710E+00 1.625E+00 1.625E+00 1.625E+00
 0.000E+00 0.000E+00 0.000E+00 0.000E+00
 0.000E+00 0.000E+00 0.000E+00 0.000E+00
 0.000E+00 0.000E+00 0.000E+00 0.000E+00
      85.072473     -0.130731    0.418315
 6
       4
     2     2     2     2
     0     1     1     1
 1.710E+00 1.625E+00 1.625E+00 1.625E+00
 0.000E+00 0.000E+00 0.000E+00 0.000E+00
 0.000E+00 0.000E+00 0.000E+00 0.000E+00
 0.000E+00 0.000E+00 0.000E+00 0.000E+00
      87.857418     0.067420    0.082880
 6
       4
     2     2     2     2
     0     1     1     1
 1.710E+00 1.625E+00 1.625E+00 1.625E+00
 0.000E+00 0.000E+00 0.000E+00 0.000E+00
 0.000E+00 0.000E+00 0.000E+00 0.000E+00
 0.000E+00 0.000E+00 0.000E+00 0.000E+00
      89.166328     2.326137    -0.903094
 6
       4
     2     2     2     2
     0     1     1     1
 1.710E+00 1.625E+00 1.625E+00 1.625E+00
 0.000E+00 0.000E+00 0.000E+00 0.000E+00
 0.000E+00 0.000E+00 0.000E+00 0.000E+00
 0.000E+00 0.000E+00 0.000E+00 0.000E+00
      89.350098     -2.108847    0.590320
 6
       4
     2     2     2     2
     0     1     1     1
 1.710E+00 1.625E+00 1.625E+00 1.625E+00
 0.000E+00 0.000E+00 0.000E+00 0.000E+00
 0.000E+00 0.000E+00 0.000E+00 0.000E+00
 0.000E+00 0.000E+00 0.000E+00 0.000E+00
      91.750417     2.413775    -1.039606
 6
       4
     2     2     2     2
     0     1     1     1
 1.710E+00 1.625E+00 1.625E+00 1.625E+00
 0.000E+00 0.000E+00 0.000E+00 0.000E+00
 0.000E+00 0.000E+00 0.000E+00 0.000E+00
 0.000E+00 0.000E+00 0.000E+00 0.000E+00
      91.915036     -1.976270    0.535550
 6
       4
     2     2     2     2
     0     1     1     1
 1.710E+00 1.625E+00 1.625E+00 1.625E+00
 0.000E+00 0.000E+00 0.000E+00 0.000E+00
 0.000E+00 0.000E+00 0.000E+00 0.000E+00
 0.000E+00 0.000E+00 0.000E+00 0.000E+00
      93.237015     0.334230    -0.174514
 6
       4
     2     2     2     2
     0     1     1     1
 1.710E+00 1.625E+00 1.625E+00 1.625E+00
 0.000E+00 0.000E+00 0.000E+00 0.000E+00
 0.000E+00 0.000E+00 0.000E+00 0.000E+00
 0.000E+00 0.000E+00 0.000E+00 0.000E+00
      96.042504     0.266304    -0.262940
 6
       4
     2     2     2     2
     0     1     1     1
 1.710E+00 1.625E+00 1.625E+00 1.625E+00
 0.000E+00 0.000E+00 0.000E+00 0.000E+00
 0.000E+00 0.000E+00 0.000E+00 0.000E+00
 0.000E+00 0.000E+00 0.000E+00 0.000E+00
      98.292085     0.405344    -0.151530
 6
       4
     2     2     2     2
     0     1     1     1
 1.710E+00 1.625E+00 1.625E+00 1.625E+00
 0.000E+00 0.000E+00 0.000E+00 0.000E+00
 0.000E+00 0.000E+00 0.000E+00 0.000E+00
 0.000E+00 0.000E+00 0.000E+00 0.000E+00
      101.095990     0.485818    -0.051204
 6
       4
     2     2     2     2
     0     1     1     1
 1.710E+00 1.625E+00 1.625E+00 1.625E+00
 0.000E+00 0.000E+00 0.000E+00 0.000E+00
 0.000E+00 0.000E+00 0.000E+00 0.000E+00
 0.000E+00 0.000E+00 0.000E+00 0.000E+00
      102.523954     -1.708556    0.695364
 6
       4
     2     2     2     2
     0     1     1     1
 1.710E+00 1.625E+00 1.625E+00 1.625E+00
 0.000E+00 0.000E+00 0.000E+00 0.000E+00
 0.000E+00 0.000E+00 0.000E+00 0.000E+00
 0.000E+00 0.000E+00 0.000E+00 0.000E+00
      102.363329     2.710827    -0.752580
 6
       4
     2     2     2     2
     0     1     1     1
 1.710E+00 1.625E+00 1.625E+00 1.625E+00
 0.000E+00 0.000E+00 0.000E+00 0.000E+00
 0.000E+00 0.000E+00 0.000E+00 0.000E+00
 0.000E+00 0.000E+00 0.000E+00 0.000E+00
      105.027446     2.905423    -0.498445
 6
       4
     2     2     2     2
     0     1     1     1
 1.710E+00 1.625E+00 1.625E+00 1.625E+00
 0.000E+00 0.000E+00 0.000E+00 0.000E+00
 0.000E+00 0.000E+00 0.000E+00 0.000E+00
 0.000E+00 0.000E+00 0.000E+00 0.000E+00
      105.152168     -1.593859    0.951585
 6
       4
     2     2     2     2
     0     1     1     1
 1.710E+00 1.625E+00 1.625E+00 1.625E+00
 0.000E+00 0.000E+00 0.000E+00 0.000E+00
 0.000E+00 0.000E+00 0.000E+00 0.000E+00
 0.000E+00 0.000E+00 0.000E+00 0.000E+00
      106.450865     0.824132    0.334310
 6
       4
     2     2     2     2
     0     1     1     1
 1.710E+00 1.625E+00 1.625E+00 1.625E+00
 0.000E+00 0.000E+00 0.000E+00 0.000E+00
 0.000E+00 0.000E+00 0.000E+00 0.000E+00
 0.000E+00 0.000E+00 0.000E+00 0.000E+00
      109.300646     0.885864    0.266404
 6
       4
     2     2     2     2
     0     1     1     1
 1.710E+00 1.625E+00 1.625E+00 1.625E+00
 0.000E+00 0.000E+00 0.000E+00 0.000E+00
 0.000E+00 0.000E+00 0.000E+00 0.000E+00
 0.000E+00 0.000E+00 0.000E+00 0.000E+00
      111.529649     1.008500    0.078686
 6
       4
     2     2     2     2
     0     1     1     1
 1.710E+00 1.625E+00 1.625E+00 1.625E+00
 0.000E+00 0.000E+00 0.000E+00 0.000E+00
 0.000E+00 0.000E+00 0.000E+00 0.000E+00
 0.000E+00 0.000E+00 0.000E+00 0.000E+00
      114.326346     0.874854    -0.205462
 6
       4
     2     2     2     2
     0     1     1     1
 1.710E+00 1.625E+00 1.625E+00 1.625E+00
 0.000E+00 0.000E+00 0.000E+00 0.000E+00
 0.000E+00 0.000E+00 0.000E+00 0.000E+00
 0.000E+00 0.000E+00 0.000E+00 0.000E+00
      115.491297     -1.523675    -0.672557
 6
       4
     2     2     2     2
     0     1     1     1
 1.710E+00 1.625E+00 1.625E+00 1.625E+00
 0.000E+00 0.000E+00 0.000E+00 0.000E+00
 0.000E+00 0.000E+00 0.000E+00 0.000E+00
 0.000E+00 0.000E+00 0.000E+00 0.000E+00
      115.877718     2.999307    0.449441
 6
       4
     2     2     2     2
     0     1     1     1
 1.710E+00 1.625E+00 1.625E+00 1.625E+00
 0.000E+00 0.000E+00 0.000E+00 0.000E+00
 0.000E+00 0.000E+00 0.000E+00 0.000E+00
 0.000E+00 0.000E+00 0.000E+00 0.000E+00
      118.522425     2.781493    0.624900
 6
       4
     2     2     2     2
     0     1     1     1
 1.710E+00 1.625E+00 1.625E+00 1.625E+00
 0.000E+00 0.000E+00 0.000E+00 0.000E+00
 0.000E+00 0.000E+00 0.000E+00 0.000E+00
 0.000E+00 0.000E+00 0.000E+00 0.000E+00
      118.165065     -1.746609    -0.456754
 6
       4
     2     2     2     2
     0     1     1     1
 1.710E+00 1.625E+00 1.625E+00 1.625E+00
 0.000E+00 0.000E+00 0.000E+00 0.000E+00
 0.000E+00 0.000E+00 0.000E+00 0.000E+00
 0.000E+00 0.000E+00 0.000E+00 0.000E+00
      119.685382     0.323241    0.031470
 6
       4
     2     2     2     2
     0     1     1     1
 1.710E+00 1.625E+00 1.625E+00 1.625E+00
 0.000E+00 0.000E+00 0.000E+00 0.000E+00
 0.000E+00 0.000E+00 0.000E+00 0.000E+00
 0.000E+00 0.000E+00 0.000E+00 0.000E+00
      122.564092     0.130990    0.054851
 6
       4
     2     2     2     2
     0     1     1     1
 1.710E+00 1.625E+00 1.625E+00 1.625E+00
 0.000E+00 0.000E+00 0.000E+00 0.000E+00
 0.000E+00 0.000E+00 0.000E+00 0.000E+00
 0.000E+00 0.000E+00 0.000E+00 0.000E+00
      124.781984     0.062153    0.027053
 6
       4
     2     2     2     2
     0     1     1     1
 1.710E+00 1.625E+00 1.625E+00 1.625E+00
 0.000E+00 0.000E+00 0.000E+00 0.000E+00
 0.000E+00 0.000E+00 0.000E+00 0.000E+00
 0.000E+00 0.000E+00 0.000E+00 0.000E+00
      127.570031     -0.047007    -0.160332
 6
       4
     2     2     2     2
     0     1     1     1
 1.710E+00 1.625E+00 1.625E+00 1.625E+00
 0.000E+00 0.000E+00 0.000E+00 0.000E+00
 0.000E+00 0.000E+00 0.000E+00 0.000E+00
 0.000E+00 0.000E+00 0.000E+00 0.000E+00
      128.663757     -2.365315    -1.038816
 6
       4
     2     2     2     2
     0     1     1     1
 1.710E+00 1.625E+00 1.625E+00 1.625E+00
 0.000E+00 0.000E+00 0.000E+00 0.000E+00
 0.000E+00 0.000E+00 0.000E+00 0.000E+00
 0.000E+00 0.000E+00 0.000E+00 0.000E+00
      129.005796     2.047824    0.667378
 6
       4
     2     2     2     2
     0     1     1     1
 1.710E+00 1.625E+00 1.625E+00 1.625E+00
 0.000E+00 0.000E+00 0.000E+00 0.000E+00
 0.000E+00 0.000E+00 0.000E+00 0.000E+00
 0.000E+00 0.000E+00 0.000E+00 0.000E+00
      131.556767     1.836893    0.759562
 6
       4
     2     2     2     2
     0     1     1     1
 1.710E+00 1.625E+00 1.625E+00 1.625E+00
 0.000E+00 0.000E+00 0.000E+00 0.000E+00
 0.000E+00 0.000E+00 0.000E+00 0.000E+00
 0.000E+00 0.000E+00 0.000E+00 0.000E+00
      131.266140     -2.620468    -0.917222
 6
       4
     2     2     2     2
     0     1     1     1
 1.710E+00 1.625E+00 1.625E+00 1.625E+00
 0.000E+00 0.000E+00 0.000E+00 0.000E+00
 0.000E+00 0.000E+00 0.000E+00 0.000E+00
 0.000E+00 0.000E+00 0.000E+00 0.000E+00
      132.773441     -0.481617    0.032131
 6
       4
     2     2     2     2
     0     1     1     1
 1.710E+00 1.625E+00 1.625E+00 1.625E+00
 0.000E+00 0.000E+00 0.000E+00 0.000E+00
 0.000E+00 0.000E+00 0.000E+00 0.000E+00
 0.000E+00 0.000E+00 0.000E+00 0.000E+00
      135.431899     -0.824264    0.346665
 1
       1
     1
     0
 1.300E+00
 0.000E+00
 0.000E+00
 0.000E+00
      75.348988     3.946834    -0.525221
 1
       1
     1
     0
 1.300E+00
 0.000E+00
 0.000E+00
 0.000E+00
      79.908995     3.756377    -0.213843
 6
       4
     2     2     2     2
     0     1     1     1
 1.710E+00 1.625E+00 1.625E+00 1.625E+00
 0.000E+00 0.000E+00 0.000E+00 0.000E+00
 0.000E+00 0.000E+00 0.000E+00 0.000E+00
 0.000E+00 0.000E+00 0.000E+00 0.000E+00
      71.991207     0.315717    0.004813
 1
       1
     1
     0
 1.300E+00
 0.000E+00
 0.000E+00
 0.000E+00
      74.842711     -3.820321    1.033552
 1
       1
     1
     0
 1.300E+00
 0.000E+00
 0.000E+00
 0.000E+00
      79.437799     -4.108782    1.339523
 1
       1
     1
     0
 1.300E+00
 0.000E+00
 0.000E+00
 0.000E+00
      88.161831     3.874927    -1.318694
 1
       1
     1
     0
 1.300E+00
 0.000E+00
 0.000E+00
 0.000E+00
      88.550394     -3.717182    1.237701
 1
       1
     1
     0
 1.300E+00
 0.000E+00
 0.000E+00
 0.000E+00
      92.570282     4.015717    -1.600861
 1
       1
     1
     0
 1.300E+00
 0.000E+00
 0.000E+00
 0.000E+00
      92.965106     -3.466088    1.053467
 1
       1
     1
     0
 1.300E+00
 0.000E+00
 0.000E+00
 0.000E+00
      101.488294     4.267411    -1.404641
 1
       1
     1
     0
 1.300E+00
 0.000E+00
 0.000E+00
 0.000E+00
      105.911375     4.522808    -1.016899
 1
       1
     1
     0
 1.300E+00
 0.000E+00
 0.000E+00
 0.000E+00
      101.583713     -3.300010    1.146308
 1
       1
     1
     0
 1.300E+00
 0.000E+00
 0.000E+00
 0.000E+00
      106.213056     -3.066294    1.490637
 1
       1
     1
     0
 1.300E+00
 0.000E+00
 0.000E+00
 0.000E+00
      114.986446     4.633111    0.800677
 1
       1
     1
     0
 1.300E+00
 0.000E+00
 0.000E+00
 0.000E+00
      114.464347     -3.044919    -1.196707
 1
       1
     1
     0
 1.300E+00
 0.000E+00
 0.000E+00
 0.000E+00
      119.657123     4.217424    1.095767
 1
       1
     1
     0
 1.300E+00
 0.000E+00
 0.000E+00
 0.000E+00
      119.015941     -3.425482    -0.852603
 1
       1
     1
     0
 1.300E+00
 0.000E+00
 0.000E+00
 0.000E+00
      128.267599     3.716263    1.197119
 1
       1
     1
     0
 1.300E+00
 0.000E+00
 0.000E+00
 0.000E+00
      127.676889     -3.853796    -1.637019
 1
       1
     1
     0
 1.300E+00
 0.000E+00
 0.000E+00
 0.000E+00
      132.782986     3.208664    1.310087
 1
       1
     1
     0
 1.300E+00
 0.000E+00
 0.000E+00
 0.000E+00
      132.278228     -4.138370    -1.359561
 1
       1
     1
     0
 1.300E+00
 0.000E+00
 0.000E+00
 0.000E+00
      140.968056     1.788571    2.880891
 1
       1
     1
     0
 1.300E+00
 0.000E+00
 0.000E+00
 0.000E+00
      140.831312     -4.255017    -2.260541
 1
       1
     1
     0
 1.300E+00
 0.000E+00
 0.000E+00
 0.000E+00
      148.033959     -1.106489    0.361724
 1
       1
     1
     0
 1.300E+00
 0.000E+00
 0.000E+00
 0.000E+00
      145.789713     1.620126    2.761007
 1
       1
     1
     0
 1.300E+00
 0.000E+00
 0.000E+00
 0.000E+00
      145.481447     -4.256054    -2.262193
 6
       4
     2     2     2     2
     0     1     1     1
 1.710E+00 1.625E+00 1.625E+00 1.625E+00
 0.000E+00 0.000E+00 0.000E+00 0.000E+00
 0.000E+00 0.000E+00 0.000E+00 0.000E+00
 0.000E+00 0.000E+00 0.000E+00 0.000E+00
      137.710901     -1.095727    0.450675
 6
       4
     2     2     2     2
     0     1     1     1
 1.710E+00 1.625E+00 1.625E+00 1.625E+00
 0.000E+00 0.000E+00 0.000E+00 0.000E+00
 0.000E+00 0.000E+00 0.000E+00 0.000E+00
 0.000E+00 0.000E+00 0.000E+00 0.000E+00
      140.440271     -1.329674    0.328975
 6
       4
     2     2     2     2
     0     1     1     1
 1.710E+00 1.625E+00 1.625E+00 1.625E+00
 0.000E+00 0.000E+00 0.000E+00 0.000E+00
 0.000E+00 0.000E+00 0.000E+00 0.000E+00
 0.000E+00 0.000E+00 0.000E+00 0.000E+00
      141.807580     -3.013782    -1.199173
 6
       4
     2     2     2     2
     0     1     1     1
 1.710E+00 1.625E+00 1.625E+00 1.625E+00
 0.000E+00 0.000E+00 0.000E+00 0.000E+00
 0.000E+00 0.000E+00 0.000E+00 0.000E+00
 0.000E+00 0.000E+00 0.000E+00 0.000E+00
      141.980686     0.481684    1.904043
 6
       4
     2     2     2     2
     0     1     1     1
 1.710E+00 1.625E+00 1.625E+00 1.625E+00
 0.000E+00 0.000E+00 0.000E+00 0.000E+00
 0.000E+00 0.000E+00 0.000E+00 0.000E+00
 0.000E+00 0.000E+00 0.000E+00 0.000E+00
      144.580209     0.447789    1.829797
 6
       4
     2     2     2     2
     0     1     1     1
 1.710E+00 1.625E+00 1.625E+00 1.625E+00
 0.000E+00 0.000E+00 0.000E+00 0.000E+00
 0.000E+00 0.000E+00 0.000E+00 0.000E+00
 0.000E+00 0.000E+00 0.000E+00 0.000E+00
      144.477466     -3.050129    -1.215576
 6
       4
     2     2     2     2
     0     1     1     1
 1.710E+00 1.625E+00 1.625E+00 1.625E+00
 0.000E+00 0.000E+00 0.000E+00 0.000E+00
 0.000E+00 0.000E+00 0.000E+00 0.000E+00
 0.000E+00 0.000E+00 0.000E+00 0.000E+00
      145.797819     -1.271510    0.164452
# LCAO coefficients .. are not included.
         1
        1        0.000345323864277   k=         1
        2        -0.000450636445574   k=         1
        3        0.000810452845168   k=         1
        4        -0.021585059032323   k=         1
        5        -0.002117564851651   k=         1
        6        -0.005561038135348   k=         1
        7        0.011638382321704   k=         1
        8        -0.021637544758061   k=         1
        9        0.001578411769152   k=         1
        10        0.002589469053630   k=         1
        11        0.014823083485983   k=         1
        12        -0.024300882496793   k=         1
        13        0.000677503314321   k=         1
        14        0.001288946872157   k=         1
        15        -0.003579173796972   k=         1
        16        0.009448610114602   k=         1
        17        -0.000054171100838   k=         1
        18        -0.000658954826667   k=         1
        19        -0.008035125371945   k=         1
        20        0.026074603318732   k=         1
        21        -0.000572533153443   k=         1
        22        -0.001138792346704   k=         1
        23        -0.002794860785166   k=         1
        24        0.004134265397752   k=         1
        25        0.001171831446977   k=         1
        26        -0.002030698505505   k=         1
        27        0.011577730088660   k=         1
        28        0.048764638498170   k=         1
        29        -0.001246842555405   k=         1
        30        -0.001367092399042   k=         1
        31        0.003478221932904   k=         1
        32        0.030213298624918   k=         1
        33        0.000178420006422   k=         1
        34        0.003688791319417   k=         1
        35        -0.017962176190801   k=         1
        36        -0.066184572299333   k=         1
        37        -0.000948434170094   k=         1
        38        -0.001922269680821   k=         1
        39        -0.010455334503508   k=         1
        40        -0.031587765663268   k=         1
        41        -0.000375837577673   k=         1
        42        0.000906894268234   k=         1
        43        -0.008930845322949   k=         1
        44        -0.029404444738143   k=         1
        45        0.001791370876839   k=         1
        46        0.002607718185104   k=         1
        47        0.009674620491153   k=         1
        48        0.044776068193324   k=         1
        49        -0.002333984997618   k=         1
        50        -0.005650660274842   k=         1
        51        0.009596513016320   k=         1
        52        0.056087291106152   k=         1
        53        0.000026097909883   k=         1
        54        -0.013321553036952   k=         1
        55        0.018459826990990   k=         1
        56        0.055994762916278   k=         1
        57        -0.003190740591889   k=         1
        58        0.011375398239214   k=         1
        59        -0.048869623326960   k=         1
        60        -0.073526726621890   k=         1
        61        -0.000800215809396   k=         1
        62        -0.010615483992313   k=         1
        63        -0.028644155579881   k=         1
        64        -0.053871652901999   k=         1
        65        0.000220301453883   k=         1
        66        0.019778648834132   k=         1
        67        0.073485859838797   k=         1
        68        0.101407479641531   k=         1
        69        0.000762080219187   k=         1
        70        -0.001102244201619   k=         1
        71        0.034792882301333   k=         1
        72        0.040621155082333   k=         1
        73        -0.002086014683921   k=         1
        74        0.000571616536171   k=         1
        75        0.046323476277224   k=         1
        76        0.051088994141489   k=         1
        77        0.000991093284703   k=         1
        78        0.002393209199278   k=         1
        79        -0.054567103362744   k=         1
        80        -0.054138413416786   k=         1
        81        -0.003128116962125   k=         1
        82        -0.005164355016895   k=         1
        83        -0.047729506040010   k=         1
        84        -0.058371652410480   k=         1
        85        -0.001969318111211   k=         1
        86        -0.017252718601513   k=         1
        87        -0.066255097927099   k=         1
        88        -0.096438411442784   k=         1
        89        -0.000712253531542   k=         1
        90        0.014054547332559   k=         1
        91        0.033618945756932   k=         1
        92        0.087630033044923   k=         1
        93        -0.002523419458367   k=         1
        94        0.002225692615871   k=         1
        95        0.049288219371733   k=         1
        96        0.080892241163413   k=         1
        97        -0.002090735949487   k=         1
        98        0.008822649804299   k=         1
        99        -0.041905756018161   k=         1
        100        -0.124447091991058   k=         1
        101        0.003250292355930   k=         1
        102        -0.000225701219114   k=         1
        103        -0.016092017853588   k=         1
        104        -0.076209861561034   k=         1
        105        0.000346508577731   k=         1
        106        0.006570087684726   k=         1
        107        -0.013718665567514   k=         1
        108        -0.063610785235943   k=         1
        109        0.000286813682377   k=         1
        110        -0.001366327710487   k=         1
        111        0.021808299945968   k=         1
        112        0.072633632017854   k=         1
        113        -0.003751560856742   k=         1
        114        -0.000454412601276   k=         1
        115        0.018438368313155   k=         1
        116        0.089492155777693   k=         1
        117        0.003509177858694   k=         1
        118        0.018096031526935   k=         1
        119        0.033953213383141   k=         1
        120        0.116151012240772   k=         1
        121        -0.002138144892581   k=         1
        122        -0.022572975180983   k=         1
        123        -0.043660054043274   k=         1
        124        -0.107630742861906   k=         1
        125        0.004629806985904   k=         1
        126        -0.001041836773205   k=         1
        127        -0.034519308384328   k=         1
        128        -0.103302992566662   k=         1
        129        -0.000594908071153   k=         1
        130        -0.013508657510234   k=         1
        131        0.060563753318411   k=         1
        132        0.128314731347163   k=         1
        133        0.003464250861163   k=         1
        134        -0.006146649523715   k=         1
        135        0.047023530158866   k=         1
        136        0.071246044718471   k=         1
        137        0.000027503851248   k=         1
        138        -0.008207728837142   k=         1
        139        0.051265558536298   k=         1
        140        0.071024395059853   k=         1
        141        -0.000023512785341   k=         1
        142        0.007304179650948   k=         1
        143        -0.048452204474859   k=         1
        144        -0.069526836662600   k=         1
        145        -0.000220539694840   k=         1
        146        0.001113245378019   k=         1
        147        -0.043222567067821   k=         1
        148        -0.078420374537862   k=         1
        149        -0.001881665197763   k=         1
        150        0.013882557415350   k=         1
        151        -0.056835755148779   k=         1
        152        -0.131682627063420   k=         1
        153        0.000959471863989   k=         1
        154        -0.006170449583842   k=         1
        155        0.038158991969711   k=         1
        156        0.102741222189271   k=         1
        157        -0.001969106509816   k=         1
        158        0.001441693486600   k=         1
        159        -0.000051883163842   k=         1
        160        0.002193983744624   k=         1
        161        -0.000926085075781   k=         1
        162        0.001760008168352   k=         1
        163        -0.001237808089076   k=         1
        164        0.001041494225614   k=         1
        165        0.001758117216196   k=         1
        166        0.005912452697439   k=         1
        167        -0.001114143818561   k=         1
        168        -0.000212810903165   k=         1
        169        0.003585816019054   k=         1
        170        0.000399284111082   k=         1
        171        -0.002743047455692   k=         1
        172        -0.003500369614175   k=         1
        173        0.000660625043505   k=         1
        174        0.003554643846155   k=         1
        175        -0.003915462937231   k=         1
        176        -0.004997810606587   k=         1
        177        0.002778514952889   k=         1
        178        0.000148287344813   k=         1
        179        -0.003014703199974   k=         1
        180        0.005730806492326   k=         1
        181        0.002085269605416   k=         1
        182        -0.032999322806096   k=         1
        183        -0.122708196648181   k=         1
        184        -0.003862623483953   k=         1
        185        0.000694244313281   k=         1
        186        0.001727631506353   k=         1
        187        0.007494623915248   k=         1
        188        0.041746576939706   k=         1
        189        0.098498119814461   k=         1
        190        0.001897980398436   k=         1
        191        -0.008266235896305   k=         1
        192        -0.048088288570473   k=         1
        193        -0.134620520346405   k=         1
        194        -0.000942326119735   k=         1
        195        0.004207140620955   k=         1
        196        -0.017191679204279   k=         1
        197        -0.075613217920536   k=         1
        198        -0.001085286947668   k=         1
        199        0.006339835667714   k=         1
        200        -0.022136974926228   k=         1
        201        -0.087565160086706   k=         1
        202        0.001166590856944   k=         1
        203        -0.004165536326714   k=         1
        204        0.026029416875789   k=         1
        205        0.087432908543030   k=         1
        206        0.002974772790639   k=         1
        207        -0.001012978823739   k=         1
        208        0.024439289809089   k=         1
        209        0.097969895062225   k=         1
        210        0.000232072199072   k=         1
        211        0.004757084618352   k=         1
        212        0.046542647966843   k=         1
        213        0.133155804864186   k=         1
        214        0.000757822041086   k=         1
        215        0.003488313148393   k=         1
        216        -0.034513310236021   k=         1
        217        -0.139865891931195   k=         1
        218        0.000010354907771   k=         1
        219        0.003853428904153   k=         1
        220        -0.015110584895531   k=         1
        221        -0.089501676879936   k=         1
        222        0.000617967351243   k=         1
        223        0.003238132096922   k=         1
        224        -0.010565997555573   k=         1
        225        -0.071570231730157   k=         1
        226        0.000503347158294   k=         1
        227        -0.006151958951057   k=         1
        228        0.014595537814062   k=         1
        229        0.086967671801026   k=         1
        230        0.000354968300492   k=         1
        231        -0.013591511418981   k=         1
        232        0.035434222893251   k=         1
        233        0.135602015645994   k=         1
        234        -0.000849531017117   k=         1
        235        -0.004893124479147   k=         1
        236        0.014545926993954   k=         1
        237        0.100206062176461   k=         1
        238        -0.001043147875866   k=         1
        239        0.000406220025929   k=         1
        240        0.026629274745244   k=         1
        241        0.095429762522406   k=         1
        242        0.003112294706806   k=         1
        243        0.014371328838228   k=         1
        244        0.027443789186068   k=         1
        245        0.109127815763024   k=         1
        246        -0.002648175523854   k=         1
        247        -0.018624549280344   k=         1
        248        -0.035496707809122   k=         1
        249        -0.111594843108622   k=         1
        250        0.002329771948796   k=         1
        251        -0.006135314667026   k=         1
        252        -0.032237692555705   k=         1
        253        -0.084942397519493   k=         1
        254        0.001486262385441   k=         1
        255        0.001360537153129   k=         1
        256        -0.024625932521106   k=         1
        257        -0.069854613213169   k=         1
        258        -0.001045973715917   k=         1
        259        -0.001236375957143   k=         1
        260        0.020693274523293   k=         1
        261        0.052764445253443   k=         1
        262        0.000307791155538   k=         1
        263        -0.004948785783106   k=         1
        264        0.021735898142927   k=         1
        265        0.068187704525150   k=         1
        266        0.004360842555141   k=         1
        267        -0.000475957427199   k=         1
        268        0.044922779959177   k=         1
        269        0.122470355853724   k=         1
        270        0.002653059249341   k=         1
        271        0.000975602770005   k=         1
        272        -0.022257304973434   k=         1
        273        -0.064899375413476   k=         1
        274        -0.003014103447111   k=         1
        275        0.003544181447759   k=         1
        276        -0.032229624441668   k=         1
        277        -0.088408822631728   k=         1
        278        0.001413627511835   k=         1
        279        -0.002782928627475   k=         1
        280        0.021711838287347   k=         1
        281        0.069163487228233   k=         1
        282        -0.000756027320596   k=         1
        283        -0.005866558305662   k=         1
        284        0.015782367505862   k=         1
        285        0.048439337003363   k=         1
        286        -0.001189245909114   k=         1
        287        -0.011118021052705   k=         1
        288        0.023382134361740   k=         1
        289        0.061957087297125   k=         1
        290        0.000682500506762   k=         1
        291        0.009915212718815   k=         1
        292        -0.018079292838485   k=         1
        293        -0.037503615488608   k=         1
        294        -0.001226153680307   k=         1
        295        0.003970091000966   k=         1
        296        -0.014760760602224   k=         1
        297        -0.039950916927864   k=         1
        298        -0.000920155879381   k=         1
        299        0.002751566059701   k=         1
        300        -0.022449804920400   k=         1
        301        -0.083182905807105   k=         1
        302        -0.000658076469318   k=         1
        303        0.004038865027074   k=         1
        304        -0.002530719596958   k=         1
        305        0.049632702173693   k=         1
        306        0.002053538623064   k=         1
        307        0.010089307462996   k=         1
        308        0.011418203518071   k=         1
        309        0.058659515673263   k=         1
        310        0.001696315230323   k=         1
        311        -0.004747559787169   k=         1
        312        0.009626662633316   k=         1
        313        -0.058046374772020   k=         1
        314        0.001179690515259   k=         1
        315        0.005299368406404   k=         1
        316        0.014893470075864   k=         1
        317        -0.044447542409631   k=         1
        318        -0.002159339181074   k=         1
        319        0.010267288433257   k=         1
        320        0.014525782149503   k=         1
        321        -0.029544656847309   k=         1
        322        0.001212924502267   k=         1
        323        -0.008276428438903   k=         1
        324        -0.009460655172870   k=         1
        325        0.036302085806652   k=         1
        326        0.001446786768049   k=         1
        327        -0.004976606615582   k=         1
        328        -0.007922168958470   k=         1
        329        0.032961040427320   k=         1
        330        -0.001418330321249   k=         1
        331        -0.000657106197816   k=         1
        332        -0.012450121772372   k=         1
        333        0.058167868865715   k=         1
        334        0.001619914003179   k=         1
        335        -0.001210972290252   k=         1
        336        0.017526871777795   k=         1
        337        -0.048058151476313   k=         1
        338        -0.001613867752355   k=         1
        339        -0.002880649569449   k=         1
        340        0.012115415958279   k=         1
        341        -0.043544740282562   k=         1
        342        -0.000181130912584   k=         1
        343        0.003497252455279   k=         1
        344        -0.025053625588050   k=         1
        345        0.062176755758512   k=         1
        346        0.000385537941344   k=         1
        347        -0.001059694413952   k=         1
        348        -0.012603799077528   k=         1
        349        0.035310250059854   k=         1
        350        0.001087100644538   k=         1
        351        -0.002553483879015   k=         1
        352        -0.013911466887011   k=         1
        353        0.036779200190210   k=         1
        354        -0.000605599756822   k=         1
        355        0.003913975359773   k=         1
        356        0.012181951854507   k=         1
        357        -0.037884585218024   k=         1
        358        -0.001324627616562   k=         1
        359        0.002463758767911   k=         1
        360        0.011174003718220   k=         1
        361        -0.039795018434955   k=         1
        362        0.001177119386121   k=         1
        363        0.013562455351719   k=         1
        364        0.025332319186324   k=         1
        365        -0.063878590745021   k=         1
        366        0.000658700903122   k=         1
        367        -0.008137199038578   k=         1
        368        -0.019054095871014   k=         1
        369        0.034469259764572   k=         1
        370        -0.002910317030515   k=         1
        371        0.002342614138022   k=         1
        372        -0.003129614368422   k=         1
        373        0.013354750262923   k=         1
        374        -0.036794845487751   k=         1
        375        -0.113700007268440   k=         1
        376        0.001653282821342   k=         1
        377        -0.002313719990483   k=         1
        378        -0.003202917702533   k=         1
        379        -0.002787168763773   k=         1
        380        0.001471493536388   k=         1
        381        0.000030601669730   k=         1
        382        0.003367034533712   k=         1
        383        -0.000274335012831   k=         1
        384        0.000032572706194   k=         1
        385        0.001415858745584   k=         1
        386        -0.000279397538184   k=         1
        387        -0.002162944500673   k=         1
        388        -0.003917520111953   k=         1
        389        0.000150276738672   k=         1
        390        0.001430730331454   k=         1
        391        -0.000465965500200   k=         1
        392        -0.000872489420062   k=         1
        393        0.000046931723339   k=         1
        394        0.000285791599154   k=         1
        395        -0.000937588955294   k=         1
        396        0.001233307612770   k=         1
        397        -0.001725054741316   k=         1
        398        0.000781385335610   k=         1
        399        0.001094329412352   k=         1
        400        -0.000516755590158   k=         1
        401        -0.024746634453610   k=         1
        402        0.055369870330923   k=         1
        403        0.000203110821478   k=         1
        404        -0.001780393504375   k=         1
        405        0.019182823676516   k=         1
        406        -0.025879149419155   k=         1
        407        0.001562813978432   k=         1
        408        -0.002005898040837   k=         1
        409        0.028671000243428   k=         1
        410        -0.027210106406513   k=         1
        411        -0.001929872833967   k=         1
        412        0.003547499487818   k=         1
        413        0.025320395945828   k=         1
        414        -0.025281051899003   k=         1
        415        0.000756468082307   k=         1
        416        -0.001291633285491   k=         1
        417        -0.005528099252909   k=         1
        418        0.005884848657786   k=         1
        419        0.000098469320212   k=         1
        420        0.000266269219709   k=         1
        421        -0.009136188186591   k=         1
        422        0.010544653687631   k=         1
        423        -0.001523518596612   k=         1
        424        0.001576395220294   k=         1
        425        -0.028642633338409   k=         1
        426        0.033430055136021   k=         1
