# file_format= v0.04.05
       144       426
    188.97268778      0.00000000      0.00000000    0
      0.00000000    188.97268778      0.00000000    0
      0.00000000      0.00000000    188.97268778    0
 6
       4
     2     2     2     2
     0     1     1     1
 1.710E+00 1.625E+00 1.625E+00 1.625E+00
 0.000E+00 0.000E+00 0.000E+00 0.000E+00
 0.000E+00 0.000E+00 0.000E+00 0.000E+00
 0.000E+00 0.000E+00 0.000E+00 0.000E+00
      0.866572     -0.725821    -0.152142
 6
       4
     2     2     2     2
     0     1     1     1
 1.710E+00 1.625E+00 1.625E+00 1.625E+00
 0.000E+00 0.000E+00 0.000E+00 0.000E+00
 0.000E+00 0.000E+00 0.000E+00 0.000E+00
 0.000E+00 0.000E+00 0.000E+00 0.000E+00
      -0.946872     1.243245    0.535371
 6
       4
     2     2     2     2
     0     1     1     1
 1.710E+00 1.625E+00 1.625E+00 1.625E+00
 0.000E+00 0.000E+00 0.000E+00 0.000E+00
 0.000E+00 0.000E+00 0.000E+00 0.000E+00
 0.000E+00 0.000E+00 0.000E+00 0.000E+00
      -0.078511     -3.087810    -1.062240
 6
       4
     2     2     2     2
     0     1     1     1
 1.710E+00 1.625E+00 1.625E+00 1.625E+00
 0.000E+00 0.000E+00 0.000E+00 0.000E+00
 0.000E+00 0.000E+00 0.000E+00 0.000E+00
 0.000E+00 0.000E+00 0.000E+00 0.000E+00
      -3.524233     0.808929    0.424818
 6
       4
     2     2     2     2
     0     1     1     1
 1.710E+00 1.625E+00 1.625E+00 1.625E+00
 0.000E+00 0.000E+00 0.000E+00 0.000E+00
 0.000E+00 0.000E+00 0.000E+00 0.000E+00
 0.000E+00 0.000E+00 0.000E+00 0.000E+00
      -4.360926     -1.574036    -0.279286
 6
       4
     2     2     2     2
     0     1     1     1
 1.710E+00 1.625E+00 1.625E+00 1.625E+00
 0.000E+00 0.000E+00 0.000E+00 0.000E+00
 0.000E+00 0.000E+00 0.000E+00 0.000E+00
 0.000E+00 0.000E+00 0.000E+00 0.000E+00
      -2.594909     -3.597014    -1.071609
 6
       4
     2     2     2     2
     0     1     1     1
 1.710E+00 1.625E+00 1.625E+00 1.625E+00
 0.000E+00 0.000E+00 0.000E+00 0.000E+00
 0.000E+00 0.000E+00 0.000E+00 0.000E+00
 0.000E+00 0.000E+00 0.000E+00 0.000E+00
      3.586942     -0.170087    -0.057905
 6
       4
     2     2     2     2
     0     1     1     1
 1.710E+00 1.625E+00 1.625E+00 1.625E+00
 0.000E+00 0.000E+00 0.000E+00 0.000E+00
 0.000E+00 0.000E+00 0.000E+00 0.000E+00
 0.000E+00 0.000E+00 0.000E+00 0.000E+00
      5.785150     0.192561    0.144392
 6
       4
     2     2     2     2
     0     1     1     1
 1.710E+00 1.625E+00 1.625E+00 1.625E+00
 0.000E+00 0.000E+00 0.000E+00 0.000E+00
 0.000E+00 0.000E+00 0.000E+00 0.000E+00
 0.000E+00 0.000E+00 0.000E+00 0.000E+00
      8.539328     0.675785    0.047196
 6
       4
     2     2     2     2
     0     1     1     1
 1.710E+00 1.625E+00 1.625E+00 1.625E+00
 0.000E+00 0.000E+00 0.000E+00 0.000E+00
 0.000E+00 0.000E+00 0.000E+00 0.000E+00
 0.000E+00 0.000E+00 0.000E+00 0.000E+00
      9.775607     2.920976    -0.722042
 6
       4
     2     2     2     2
     0     1     1     1
 1.710E+00 1.625E+00 1.625E+00 1.625E+00
 0.000E+00 0.000E+00 0.000E+00 0.000E+00
 0.000E+00 0.000E+00 0.000E+00 0.000E+00
 0.000E+00 0.000E+00 0.000E+00 0.000E+00
      10.163067     -1.354694    0.679283
 6
       4
     2     2     2     2
     0     1     1     1
 1.710E+00 1.625E+00 1.625E+00 1.625E+00
 0.000E+00 0.000E+00 0.000E+00 0.000E+00
 0.000E+00 0.000E+00 0.000E+00 0.000E+00
 0.000E+00 0.000E+00 0.000E+00 0.000E+00
      12.505175     3.153565    -0.658031
 6
       4
     2     2     2     2
     0     1     1     1
 1.710E+00 1.625E+00 1.625E+00 1.625E+00
 0.000E+00 0.000E+00 0.000E+00 0.000E+00
 0.000E+00 0.000E+00 0.000E+00 0.000E+00
 0.000E+00 0.000E+00 0.000E+00 0.000E+00
      12.783970     -1.173900    0.894914
 6
       4
     2     2     2     2
     0     1     1     1
 1.710E+00 1.625E+00 1.625E+00 1.625E+00
 0.000E+00 0.000E+00 0.000E+00 0.000E+00
 0.000E+00 0.000E+00 0.000E+00 0.000E+00
 0.000E+00 0.000E+00 0.000E+00 0.000E+00
      14.118610     1.126641    0.246853
 6
       4
     2     2     2     2
     0     1     1     1
 1.710E+00 1.625E+00 1.625E+00 1.625E+00
 0.000E+00 0.000E+00 0.000E+00 0.000E+00
 0.000E+00 0.000E+00 0.000E+00 0.000E+00
 0.000E+00 0.000E+00 0.000E+00 0.000E+00
      16.878314     1.305563    0.416894
 6
       4
     2     2     2     2
     0     1     1     1
 1.710E+00 1.625E+00 1.625E+00 1.625E+00
 0.000E+00 0.000E+00 0.000E+00 0.000E+00
 0.000E+00 0.000E+00 0.000E+00 0.000E+00
 0.000E+00 0.000E+00 0.000E+00 0.000E+00
      19.139670     1.446457    0.395503
 6
       4
     2     2     2     2
     0     1     1     1
 1.710E+00 1.625E+00 1.625E+00 1.625E+00
 0.000E+00 0.000E+00 0.000E+00 0.000E+00
 0.000E+00 0.000E+00 0.000E+00 0.000E+00
 0.000E+00 0.000E+00 0.000E+00 0.000E+00
      21.873682     1.331527    0.197354
 6
       4
     2     2     2     2
     0     1     1     1
 1.710E+00 1.625E+00 1.625E+00 1.625E+00
 0.000E+00 0.000E+00 0.000E+00 0.000E+00
 0.000E+00 0.000E+00 0.000E+00 0.000E+00
 0.000E+00 0.000E+00 0.000E+00 0.000E+00
      23.190863     -0.545558    1.613820
 6
       4
     2     2     2     2
     0     1     1     1
 1.710E+00 1.625E+00 1.625E+00 1.625E+00
 0.000E+00 0.000E+00 0.000E+00 0.000E+00
 0.000E+00 0.000E+00 0.000E+00 0.000E+00
 0.000E+00 0.000E+00 0.000E+00 0.000E+00
      23.351051     2.864819    -1.414715
 6
       4
     2     2     2     2
     0     1     1     1
 1.710E+00 1.625E+00 1.625E+00 1.625E+00
 0.000E+00 0.000E+00 0.000E+00 0.000E+00
 0.000E+00 0.000E+00 0.000E+00 0.000E+00
 0.000E+00 0.000E+00 0.000E+00 0.000E+00
      26.098369     2.678418    -1.460002
 6
       4
     2     2     2     2
     0     1     1     1
 1.710E+00 1.625E+00 1.625E+00 1.625E+00
 0.000E+00 0.000E+00 0.000E+00 0.000E+00
 0.000E+00 0.000E+00 0.000E+00 0.000E+00
 0.000E+00 0.000E+00 0.000E+00 0.000E+00
      25.833085     -0.928543    1.364150
 6
       4
     2     2     2     2
     0     1     1     1
 1.710E+00 1.625E+00 1.625E+00 1.625E+00
 0.000E+00 0.000E+00 0.000E+00 0.000E+00
 0.000E+00 0.000E+00 0.000E+00 0.000E+00
 0.000E+00 0.000E+00 0.000E+00 0.000E+00
      27.347565     0.774179    -0.078516
 6
       4
     2     2     2     2
     0     1     1     1
 1.710E+00 1.625E+00 1.625E+00 1.625E+00
 0.000E+00 0.000E+00 0.000E+00 0.000E+00
 0.000E+00 0.000E+00 0.000E+00 0.000E+00
 0.000E+00 0.000E+00 0.000E+00 0.000E+00
      30.039315     0.563877    0.042143
 6
       4
     2     2     2     2
     0     1     1     1
 1.710E+00 1.625E+00 1.625E+00 1.625E+00
 0.000E+00 0.000E+00 0.000E+00 0.000E+00
 0.000E+00 0.000E+00 0.000E+00 0.000E+00
 0.000E+00 0.000E+00 0.000E+00 0.000E+00
      32.284275     -0.086442    0.032859
 6
       4
     2     2     2     2
     0     1     1     1
 1.710E+00 1.625E+00 1.625E+00 1.625E+00
 0.000E+00 0.000E+00 0.000E+00 0.000E+00
 0.000E+00 0.000E+00 0.000E+00 0.000E+00
 0.000E+00 0.000E+00 0.000E+00 0.000E+00
      35.008109     -0.183772    0.080345
 6
       4
     2     2     2     2
     0     1     1     1
 1.710E+00 1.625E+00 1.625E+00 1.625E+00
 0.000E+00 0.000E+00 0.000E+00 0.000E+00
 0.000E+00 0.000E+00 0.000E+00 0.000E+00
 0.000E+00 0.000E+00 0.000E+00 0.000E+00
      36.410108     -2.249386    0.792290
 6
       4
     2     2     2     2
     0     1     1     1
 1.710E+00 1.625E+00 1.625E+00 1.625E+00
 0.000E+00 0.000E+00 0.000E+00 0.000E+00
 0.000E+00 0.000E+00 0.000E+00 0.000E+00
 0.000E+00 0.000E+00 0.000E+00 0.000E+00
      36.399201     2.126735    -0.424221
 6
       4
     2     2     2     2
     0     1     1     1
 1.710E+00 1.625E+00 1.625E+00 1.625E+00
 0.000E+00 0.000E+00 0.000E+00 0.000E+00
 0.000E+00 0.000E+00 0.000E+00 0.000E+00
 0.000E+00 0.000E+00 0.000E+00 0.000E+00
      39.078352     2.234563    -0.447432
 6
       4
     2     2     2     2
     0     1     1     1
 1.710E+00 1.625E+00 1.625E+00 1.625E+00
 0.000E+00 0.000E+00 0.000E+00 0.000E+00
 0.000E+00 0.000E+00 0.000E+00 0.000E+00
 0.000E+00 0.000E+00 0.000E+00 0.000E+00
      39.073086     -2.231576    0.597915
 6
       4
     2     2     2     2
     0     1     1     1
 1.710E+00 1.625E+00 1.625E+00 1.625E+00
 0.000E+00 0.000E+00 0.000E+00 0.000E+00
 0.000E+00 0.000E+00 0.000E+00 0.000E+00
 0.000E+00 0.000E+00 0.000E+00 0.000E+00
      40.496422     -0.087942    -0.090939
 6
       4
     2     2     2     2
     0     1     1     1
 1.710E+00 1.625E+00 1.625E+00 1.625E+00
 0.000E+00 0.000E+00 0.000E+00 0.000E+00
 0.000E+00 0.000E+00 0.000E+00 0.000E+00
 0.000E+00 0.000E+00 0.000E+00 0.000E+00
      43.261276     -0.345786    -0.234683
 6
       4
     2     2     2     2
     0     1     1     1
 1.710E+00 1.625E+00 1.625E+00 1.625E+00
 0.000E+00 0.000E+00 0.000E+00 0.000E+00
 0.000E+00 0.000E+00 0.000E+00 0.000E+00
 0.000E+00 0.000E+00 0.000E+00 0.000E+00
      45.489718     -0.669311    -0.369190
 6
       4
     2     2     2     2
     0     1     1     1
 1.710E+00 1.625E+00 1.625E+00 1.625E+00
 0.000E+00 0.000E+00 0.000E+00 0.000E+00
 0.000E+00 0.000E+00 0.000E+00 0.000E+00
 0.000E+00 0.000E+00 0.000E+00 0.000E+00
      48.158087     -0.553882    -0.361626
 6
       4
     2     2     2     2
     0     1     1     1
 1.710E+00 1.625E+00 1.625E+00 1.625E+00
 0.000E+00 0.000E+00 0.000E+00 0.000E+00
 0.000E+00 0.000E+00 0.000E+00 0.000E+00
 0.000E+00 0.000E+00 0.000E+00 0.000E+00
      49.849836     -2.499085    0.768397
 6
       4
     2     2     2     2
     0     1     1     1
 1.710E+00 1.625E+00 1.625E+00 1.625E+00
 0.000E+00 0.000E+00 0.000E+00 0.000E+00
 0.000E+00 0.000E+00 0.000E+00 0.000E+00
 0.000E+00 0.000E+00 0.000E+00 0.000E+00
      49.513780     1.634896    -1.219293
 6
       4
     2     2     2     2
     0     1     1     1
 1.710E+00 1.625E+00 1.625E+00 1.625E+00
 0.000E+00 0.000E+00 0.000E+00 0.000E+00
 0.000E+00 0.000E+00 0.000E+00 0.000E+00
 0.000E+00 0.000E+00 0.000E+00 0.000E+00
      52.182822     1.835139    -1.142426
 6
       4
     2     2     2     2
     0     1     1     1
 1.710E+00 1.625E+00 1.625E+00 1.625E+00
 0.000E+00 0.000E+00 0.000E+00 0.000E+00
 0.000E+00 0.000E+00 0.000E+00 0.000E+00
 0.000E+00 0.000E+00 0.000E+00 0.000E+00
      52.397702     -2.046339    1.163671
 6
       4
     2     2     2     2
     0     1     1     1
 1.710E+00 1.625E+00 1.625E+00 1.625E+00
 0.000E+00 0.000E+00 0.000E+00 0.000E+00
 0.000E+00 0.000E+00 0.000E+00 0.000E+00
 0.000E+00 0.000E+00 0.000E+00 0.000E+00
      53.751687     -0.000098    0.011501
 6
       4
     2     2     2     2
     0     1     1     1
 1.710E+00 1.625E+00 1.625E+00 1.625E+00
 0.000E+00 0.000E+00 0.000E+00 0.000E+00
 0.000E+00 0.000E+00 0.000E+00 0.000E+00
 0.000E+00 0.000E+00 0.000E+00 0.000E+00
      56.395421     0.180495    0.014827
 1
       1
     1
     0
 1.300E+00
 0.000E+00
 0.000E+00
 0.000E+00
      -4.825355     2.085441    1.035521
 1
       1
     1
     0
 1.300E+00
 0.000E+00
 0.000E+00
 0.000E+00
      -0.104046     2.881205    1.110960
 1
       1
     1
     0
 1.300E+00
 0.000E+00
 0.000E+00
 0.000E+00
      -7.194752     -2.024123    -0.223842
 1
       1
     1
     0
 1.300E+00
 0.000E+00
 0.000E+00
 0.000E+00
      -3.463603     -5.250812    -1.528289
 1
       1
     1
     0
 1.300E+00
 0.000E+00
 0.000E+00
 0.000E+00
      1.175088     -4.511469    -1.500796
 1
       1
     1
     0
 1.300E+00
 0.000E+00
 0.000E+00
 0.000E+00
      8.958443     4.570811    -1.346452
 1
       1
     1
     0
 1.300E+00
 0.000E+00
 0.000E+00
 0.000E+00
      9.441364     -3.074698    1.051738
 1
       1
     1
     0
 1.300E+00
 0.000E+00
 0.000E+00
 0.000E+00
      13.338801     4.816175    -1.074640
 1
       1
     1
     0
 1.300E+00
 0.000E+00
 0.000E+00
 0.000E+00
      13.791589     -2.721479    1.365155
 1
       1
     1
     0
 1.300E+00
 0.000E+00
 0.000E+00
 0.000E+00
      22.454650     4.165731    -2.488036
 1
       1
     1
     0
 1.300E+00
 0.000E+00
 0.000E+00
 0.000E+00
      27.054304     3.965348    -2.547286
 1
       1
     1
     0
 1.300E+00
 0.000E+00
 0.000E+00
 0.000E+00
      22.245010     -1.744176    2.745139
 1
       1
     1
     0
 1.300E+00
 0.000E+00
 0.000E+00
 0.000E+00
      26.720310     -2.274510    2.373176
 1
       1
     1
     0
 1.300E+00
 0.000E+00
 0.000E+00
 0.000E+00
      35.484978     3.771969    -0.802882
 1
       1
     1
     0
 1.300E+00
 0.000E+00
 0.000E+00
 0.000E+00
      35.492580     -3.865977    1.249527
 1
       1
     1
     0
 1.300E+00
 0.000E+00
 0.000E+00
 0.000E+00
      39.955527     3.921221    -0.782256
 1
       1
     1
     0
 1.300E+00
 0.000E+00
 0.000E+00
 0.000E+00
      40.119070     -3.809189    0.993671
 1
       1
     1
     0
 1.300E+00
 0.000E+00
 0.000E+00
 0.000E+00
      48.260266     2.967151    -1.805890
 1
       1
     1
     0
 1.300E+00
 0.000E+00
 0.000E+00
 0.000E+00
      49.046315     -4.166823    1.310574
 1
       1
     1
     0
 1.300E+00
 0.000E+00
 0.000E+00
 0.000E+00
      52.907301     3.528474    -1.754469
 1
       1
     1
     0
 1.300E+00
 0.000E+00
 0.000E+00
 0.000E+00
      53.372002     -3.388572    2.127234
 1
       1
     1
     0
 1.300E+00
 0.000E+00
 0.000E+00
 0.000E+00
      61.863697     3.895598    -1.461660
 1
       1
     1
     0
 1.300E+00
 0.000E+00
 0.000E+00
 0.000E+00
      61.913814     -3.592407    1.142974
 6
       4
     2     2     2     2
     0     1     1     1
 1.710E+00 1.625E+00 1.625E+00 1.625E+00
 0.000E+00 0.000E+00 0.000E+00 0.000E+00
 0.000E+00 0.000E+00 0.000E+00 0.000E+00
 0.000E+00 0.000E+00 0.000E+00 0.000E+00
      69.542421     0.252532    0.056616
 1
       1
     1
     0
 1.300E+00
 0.000E+00
 0.000E+00
 0.000E+00
      66.421979     3.933826    -1.402521
 1
       1
     1
     0
 1.300E+00
 0.000E+00
 0.000E+00
 0.000E+00
      66.583751     -3.456203    1.149949
 6
       4
     2     2     2     2
     0     1     1     1
 1.710E+00 1.625E+00 1.625E+00 1.625E+00
 0.000E+00 0.000E+00 0.000E+00 0.000E+00
 0.000E+00 0.000E+00 0.000E+00 0.000E+00
 0.000E+00 0.000E+00 0.000E+00 0.000E+00
      58.687742     0.319037    0.004021
 6
       4
     2     2     2     2
     0     1     1     1
 1.710E+00 1.625E+00 1.625E+00 1.625E+00
 0.000E+00 0.000E+00 0.000E+00 0.000E+00
 0.000E+00 0.000E+00 0.000E+00 0.000E+00
 0.000E+00 0.000E+00 0.000E+00 0.000E+00
      61.391543     0.166048    -0.049301
 6
       4
     2     2     2     2
     0     1     1     1
 1.710E+00 1.625E+00 1.625E+00 1.625E+00
 0.000E+00 0.000E+00 0.000E+00 0.000E+00
 0.000E+00 0.000E+00 0.000E+00 0.000E+00
 0.000E+00 0.000E+00 0.000E+00 0.000E+00
      62.801791     -2.026548    0.519869
 6
       4
     2     2     2     2
     0     1     1     1
 1.710E+00 1.625E+00 1.625E+00 1.625E+00
 0.000E+00 0.000E+00 0.000E+00 0.000E+00
 0.000E+00 0.000E+00 0.000E+00 0.000E+00
 0.000E+00 0.000E+00 0.000E+00 0.000E+00
      62.851992     2.325119    -0.871047
 6
       4
     2     2     2     2
     0     1     1     1
 1.710E+00 1.625E+00 1.625E+00 1.625E+00
 0.000E+00 0.000E+00 0.000E+00 0.000E+00
 0.000E+00 0.000E+00 0.000E+00 0.000E+00
 0.000E+00 0.000E+00 0.000E+00 0.000E+00
      65.432628     2.362673    -0.832473
 6
       4
     2     2     2     2
     0     1     1     1
 1.710E+00 1.625E+00 1.625E+00 1.625E+00
 0.000E+00 0.000E+00 0.000E+00 0.000E+00
 0.000E+00 0.000E+00 0.000E+00 0.000E+00
 0.000E+00 0.000E+00 0.000E+00 0.000E+00
      65.435391     -2.047673    0.445291
 6
       4
     2     2     2     2
     0     1     1     1
 1.710E+00 1.625E+00 1.625E+00 1.625E+00
 0.000E+00 0.000E+00 0.000E+00 0.000E+00
 0.000E+00 0.000E+00 0.000E+00 0.000E+00
 0.000E+00 0.000E+00 0.000E+00 0.000E+00
      66.869078     0.103047    -0.127700
 6
       4
     2     2     2     2
     0     1     1     1
 1.710E+00 1.625E+00 1.625E+00 1.625E+00
 0.000E+00 0.000E+00 0.000E+00 0.000E+00
 0.000E+00 0.000E+00 0.000E+00 0.000E+00
 0.000E+00 0.000E+00 0.000E+00 0.000E+00
      80.044320     -0.237452    0.458395
 6
       4
     2     2     2     2
     0     1     1     1
 1.710E+00 1.625E+00 1.625E+00 1.625E+00
 0.000E+00 0.000E+00 0.000E+00 0.000E+00
 0.000E+00 0.000E+00 0.000E+00 0.000E+00
 0.000E+00 0.000E+00 0.000E+00 0.000E+00
      78.851593     2.065620    -0.081814
 6
       4
     2     2     2     2
     0     1     1     1
 1.710E+00 1.625E+00 1.625E+00 1.625E+00
 0.000E+00 0.000E+00 0.000E+00 0.000E+00
 0.000E+00 0.000E+00 0.000E+00 0.000E+00
 0.000E+00 0.000E+00 0.000E+00 0.000E+00
      78.441757     -2.310653    0.951052
 6
       4
     2     2     2     2
     0     1     1     1
 1.710E+00 1.625E+00 1.625E+00 1.625E+00
 0.000E+00 0.000E+00 0.000E+00 0.000E+00
 0.000E+00 0.000E+00 0.000E+00 0.000E+00
 0.000E+00 0.000E+00 0.000E+00 0.000E+00
      76.180393     2.320234    -0.317748
 6
       4
     2     2     2     2
     0     1     1     1
 1.710E+00 1.625E+00 1.625E+00 1.625E+00
 0.000E+00 0.000E+00 0.000E+00 0.000E+00
 0.000E+00 0.000E+00 0.000E+00 0.000E+00
 0.000E+00 0.000E+00 0.000E+00 0.000E+00
      74.545648     0.195294    0.148612
 6
       4
     2     2     2     2
     0     1     1     1
 1.710E+00 1.625E+00 1.625E+00 1.625E+00
 0.000E+00 0.000E+00 0.000E+00 0.000E+00
 0.000E+00 0.000E+00 0.000E+00 0.000E+00
 0.000E+00 0.000E+00 0.000E+00 0.000E+00
      75.801539     -2.058505    0.829079
 6
       4
     2     2     2     2
     0     1     1     1
 1.710E+00 1.625E+00 1.625E+00 1.625E+00
 0.000E+00 0.000E+00 0.000E+00 0.000E+00
 0.000E+00 0.000E+00 0.000E+00 0.000E+00
 0.000E+00 0.000E+00 0.000E+00 0.000E+00
      82.863768     -0.353613    0.390763
 6
       4
     2     2     2     2
     0     1     1     1
 1.710E+00 1.625E+00 1.625E+00 1.625E+00
 0.000E+00 0.000E+00 0.000E+00 0.000E+00
 0.000E+00 0.000E+00 0.000E+00 0.000E+00
 0.000E+00 0.000E+00 0.000E+00 0.000E+00
      85.121088     0.060515    0.261822
 6
       4
     2     2     2     2
     0     1     1     1
 1.710E+00 1.625E+00 1.625E+00 1.625E+00
 0.000E+00 0.000E+00 0.000E+00 0.000E+00
 0.000E+00 0.000E+00 0.000E+00 0.000E+00
 0.000E+00 0.000E+00 0.000E+00 0.000E+00
      87.874296     0.090945    0.073716
 6
       4
     2     2     2     2
     0     1     1     1
 1.710E+00 1.625E+00 1.625E+00 1.625E+00
 0.000E+00 0.000E+00 0.000E+00 0.000E+00
 0.000E+00 0.000E+00 0.000E+00 0.000E+00
 0.000E+00 0.000E+00 0.000E+00 0.000E+00
      89.119213     2.240930    -0.900829
 6
       4
     2     2     2     2
     0     1     1     1
 1.710E+00 1.625E+00 1.625E+00 1.625E+00
 0.000E+00 0.000E+00 0.000E+00 0.000E+00
 0.000E+00 0.000E+00 0.000E+00 0.000E+00
 0.000E+00 0.000E+00 0.000E+00 0.000E+00
      89.464290     -1.982648    0.778633
 6
       4
     2     2     2     2
     0     1     1     1
 1.710E+00 1.625E+00 1.625E+00 1.625E+00
 0.000E+00 0.000E+00 0.000E+00 0.000E+00
 0.000E+00 0.000E+00 0.000E+00 0.000E+00
 0.000E+00 0.000E+00 0.000E+00 0.000E+00
      91.783434     2.366268    -1.124372
 6
       4
     2     2     2     2
     0     1     1     1
 1.710E+00 1.625E+00 1.625E+00 1.625E+00
 0.000E+00 0.000E+00 0.000E+00 0.000E+00
 0.000E+00 0.000E+00 0.000E+00 0.000E+00
 0.000E+00 0.000E+00 0.000E+00 0.000E+00
      92.079815     -1.910405    0.392766
 6
       4
     2     2     2     2
     0     1     1     1
 1.710E+00 1.625E+00 1.625E+00 1.625E+00
 0.000E+00 0.000E+00 0.000E+00 0.000E+00
 0.000E+00 0.000E+00 0.000E+00 0.000E+00
 0.000E+00 0.000E+00 0.000E+00 0.000E+00
      93.361911     0.283232    -0.492725
 6
       4
     2     2     2     2
     0     1     1     1
 1.710E+00 1.625E+00 1.625E+00 1.625E+00
 0.000E+00 0.000E+00 0.000E+00 0.000E+00
 0.000E+00 0.000E+00 0.000E+00 0.000E+00
 0.000E+00 0.000E+00 0.000E+00 0.000E+00
      96.090682     0.464219    -0.264193
 6
       4
     2     2     2     2
     0     1     1     1
 1.710E+00 1.625E+00 1.625E+00 1.625E+00
 0.000E+00 0.000E+00 0.000E+00 0.000E+00
 0.000E+00 0.000E+00 0.000E+00 0.000E+00
 0.000E+00 0.000E+00 0.000E+00 0.000E+00
      98.331102     0.303329    0.032008
 6
       4
     2     2     2     2
     0     1     1     1
 1.710E+00 1.625E+00 1.625E+00 1.625E+00
 0.000E+00 0.000E+00 0.000E+00 0.000E+00
 0.000E+00 0.000E+00 0.000E+00 0.000E+00
 0.000E+00 0.000E+00 0.000E+00 0.000E+00
      101.058723     0.373724    0.047256
 6
       4
     2     2     2     2
     0     1     1     1
 1.710E+00 1.625E+00 1.625E+00 1.625E+00
 0.000E+00 0.000E+00 0.000E+00 0.000E+00
 0.000E+00 0.000E+00 0.000E+00 0.000E+00
 0.000E+00 0.000E+00 0.000E+00 0.000E+00
      102.565058     -1.787770    0.685785
 6
       4
     2     2     2     2
     0     1     1     1
 1.710E+00 1.625E+00 1.625E+00 1.625E+00
 0.000E+00 0.000E+00 0.000E+00 0.000E+00
 0.000E+00 0.000E+00 0.000E+00 0.000E+00
 0.000E+00 0.000E+00 0.000E+00 0.000E+00
      102.466312     2.528824    -0.610699
 6
       4
     2     2     2     2
     0     1     1     1
 1.710E+00 1.625E+00 1.625E+00 1.625E+00
 0.000E+00 0.000E+00 0.000E+00 0.000E+00
 0.000E+00 0.000E+00 0.000E+00 0.000E+00
 0.000E+00 0.000E+00 0.000E+00 0.000E+00
      105.123747     2.546419    -0.722425
 6
       4
     2     2     2     2
     0     1     1     1
 1.710E+00 1.625E+00 1.625E+00 1.625E+00
 0.000E+00 0.000E+00 0.000E+00 0.000E+00
 0.000E+00 0.000E+00 0.000E+00 0.000E+00
 0.000E+00 0.000E+00 0.000E+00 0.000E+00
      105.244547     -1.720057    0.810944
 6
       4
     2     2     2     2
     0     1     1     1
 1.710E+00 1.625E+00 1.625E+00 1.625E+00
 0.000E+00 0.000E+00 0.000E+00 0.000E+00
 0.000E+00 0.000E+00 0.000E+00 0.000E+00
 0.000E+00 0.000E+00 0.000E+00 0.000E+00
      106.649150     0.490129    0.178810
 6
       4
     2     2     2     2
     0     1     1     1
 1.710E+00 1.625E+00 1.625E+00 1.625E+00
 0.000E+00 0.000E+00 0.000E+00 0.000E+00
 0.000E+00 0.000E+00 0.000E+00 0.000E+00
 0.000E+00 0.000E+00 0.000E+00 0.000E+00
      109.346970     0.617220    0.328612
 6
       4
     2     2     2     2
     0     1     1     1
 1.710E+00 1.625E+00 1.625E+00 1.625E+00
 0.000E+00 0.000E+00 0.000E+00 0.000E+00
 0.000E+00 0.000E+00 0.000E+00 0.000E+00
 0.000E+00 0.000E+00 0.000E+00 0.000E+00
      111.575883     0.957604    -0.123206
 6
       4
     2     2     2     2
     0     1     1     1
 1.710E+00 1.625E+00 1.625E+00 1.625E+00
 0.000E+00 0.000E+00 0.000E+00 0.000E+00
 0.000E+00 0.000E+00 0.000E+00 0.000E+00
 0.000E+00 0.000E+00 0.000E+00 0.000E+00
      114.337347     0.974878    0.021503
 6
       4
     2     2     2     2
     0     1     1     1
 1.710E+00 1.625E+00 1.625E+00 1.625E+00
 0.000E+00 0.000E+00 0.000E+00 0.000E+00
 0.000E+00 0.000E+00 0.000E+00 0.000E+00
 0.000E+00 0.000E+00 0.000E+00 0.000E+00
      115.513815     -1.366446    -0.454995
 6
       4
     2     2     2     2
     0     1     1     1
 1.710E+00 1.625E+00 1.625E+00 1.625E+00
 0.000E+00 0.000E+00 0.000E+00 0.000E+00
 0.000E+00 0.000E+00 0.000E+00 0.000E+00
 0.000E+00 0.000E+00 0.000E+00 0.000E+00
      115.907028     3.016343    0.576072
 6
       4
     2     2     2     2
     0     1     1     1
 1.710E+00 1.625E+00 1.625E+00 1.625E+00
 0.000E+00 0.000E+00 0.000E+00 0.000E+00
 0.000E+00 0.000E+00 0.000E+00 0.000E+00
 0.000E+00 0.000E+00 0.000E+00 0.000E+00
      118.560286     2.729356    0.611795
 6
       4
     2     2     2     2
     0     1     1     1
 1.710E+00 1.625E+00 1.625E+00 1.625E+00
 0.000E+00 0.000E+00 0.000E+00 0.000E+00
 0.000E+00 0.000E+00 0.000E+00 0.000E+00
 0.000E+00 0.000E+00 0.000E+00 0.000E+00
      118.143505     -1.711330    -0.454192
 6
       4
     2     2     2     2
     0     1     1     1
 1.710E+00 1.625E+00 1.625E+00 1.625E+00
 0.000E+00 0.000E+00 0.000E+00 0.000E+00
 0.000E+00 0.000E+00 0.000E+00 0.000E+00
 0.000E+00 0.000E+00 0.000E+00 0.000E+00
      119.760525     0.426538    0.160447
 6
       4
     2     2     2     2
     0     1     1     1
 1.710E+00 1.625E+00 1.625E+00 1.625E+00
 0.000E+00 0.000E+00 0.000E+00 0.000E+00
 0.000E+00 0.000E+00 0.000E+00 0.000E+00
 0.000E+00 0.000E+00 0.000E+00 0.000E+00
      122.422657     0.143759    0.137525
 6
       4
     2     2     2     2
     0     1     1     1
 1.710E+00 1.625E+00 1.625E+00 1.625E+00
 0.000E+00 0.000E+00 0.000E+00 0.000E+00
 0.000E+00 0.000E+00 0.000E+00 0.000E+00
 0.000E+00 0.000E+00 0.000E+00 0.000E+00
      124.712718     -0.083246    0.044832
 6
       4
     2     2     2     2
     0     1     1     1
 1.710E+00 1.625E+00 1.625E+00 1.625E+00
 0.000E+00 0.000E+00 0.000E+00 0.000E+00
 0.000E+00 0.000E+00 0.000E+00 0.000E+00
 0.000E+00 0.000E+00 0.000E+00 0.000E+00
      127.414191     -0.236652    -0.134851
 6
       4
     2     2     2     2
     0     1     1     1
 1.710E+00 1.625E+00 1.625E+00 1.625E+00
 0.000E+00 0.000E+00 0.000E+00 0.000E+00
 0.000E+00 0.000E+00 0.000E+00 0.000E+00
 0.000E+00 0.000E+00 0.000E+00 0.000E+00
      128.704930     -2.339088    -1.119020
 6
       4
     2     2     2     2
     0     1     1     1
 1.710E+00 1.625E+00 1.625E+00 1.625E+00
 0.000E+00 0.000E+00 0.000E+00 0.000E+00
 0.000E+00 0.000E+00 0.000E+00 0.000E+00
 0.000E+00 0.000E+00 0.000E+00 0.000E+00
      128.982843     1.816240    0.530552
 6
       4
     2     2     2     2
     0     1     1     1
 1.710E+00 1.625E+00 1.625E+00 1.625E+00
 0.000E+00 0.000E+00 0.000E+00 0.000E+00
 0.000E+00 0.000E+00 0.000E+00 0.000E+00
 0.000E+00 0.000E+00 0.000E+00 0.000E+00
      131.624978     1.714135    0.547178
 6
       4
     2     2     2     2
     0     1     1     1
 1.710E+00 1.625E+00 1.625E+00 1.625E+00
 0.000E+00 0.000E+00 0.000E+00 0.000E+00
 0.000E+00 0.000E+00 0.000E+00 0.000E+00
 0.000E+00 0.000E+00 0.000E+00 0.000E+00
      131.384690     -2.587993    -1.072533
 6
       4
     2     2     2     2
     0     1     1     1
 1.710E+00 1.625E+00 1.625E+00 1.625E+00
 0.000E+00 0.000E+00 0.000E+00 0.000E+00
 0.000E+00 0.000E+00 0.000E+00 0.000E+00
 0.000E+00 0.000E+00 0.000E+00 0.000E+00
      132.970393     -0.635481    -0.003768
 6
       4
     2     2     2     2
     0     1     1     1
 1.710E+00 1.625E+00 1.625E+00 1.625E+00
 0.000E+00 0.000E+00 0.000E+00 0.000E+00
 0.000E+00 0.000E+00 0.000E+00 0.000E+00
 0.000E+00 0.000E+00 0.000E+00 0.000E+00
      135.695711     -0.888623    0.314212
 1
       1
     1
     0
 1.300E+00
 0.000E+00
 0.000E+00
 0.000E+00
      75.331695     4.030030    -0.783858
 1
       1
     1
     0
 1.300E+00
 0.000E+00
 0.000E+00
 0.000E+00
      79.731292     3.716452    -0.544976
 6
       4
     2     2     2     2
     0     1     1     1
 1.710E+00 1.625E+00 1.625E+00 1.625E+00
 0.000E+00 0.000E+00 0.000E+00 0.000E+00
 0.000E+00 0.000E+00 0.000E+00 0.000E+00
 0.000E+00 0.000E+00 0.000E+00 0.000E+00
      71.766394     0.273124    -0.011185
 1
       1
     1
     0
 1.300E+00
 0.000E+00
 0.000E+00
 0.000E+00
      74.666840     -3.565886    1.190478
 1
       1
     1
     0
 1.300E+00
 0.000E+00
 0.000E+00
 0.000E+00
      79.262580     -3.996221    1.614777
 1
       1
     1
     0
 1.300E+00
 0.000E+00
 0.000E+00
 0.000E+00
      87.979678     3.637197    -1.582742
 1
       1
     1
     0
 1.300E+00
 0.000E+00
 0.000E+00
 0.000E+00
      88.731498     -3.652602    1.359412
 1
       1
     1
     0
 1.300E+00
 0.000E+00
 0.000E+00
 0.000E+00
      92.581320     3.942339    -1.819627
 1
       1
     1
     0
 1.300E+00
 0.000E+00
 0.000E+00
 0.000E+00
      93.210413     -3.381884    0.819563
 1
       1
     1
     0
 1.300E+00
 0.000E+00
 0.000E+00
 0.000E+00
      101.598722     4.188523    -1.047606
 1
       1
     1
     0
 1.300E+00
 0.000E+00
 0.000E+00
 0.000E+00
      106.247674     3.995399    -1.318131
 1
       1
     1
     0
 1.300E+00
 0.000E+00
 0.000E+00
 0.000E+00
      101.791311     -3.509127    1.053074
 1
       1
     1
     0
 1.300E+00
 0.000E+00
 0.000E+00
 0.000E+00
      106.178096     -3.319702    1.317455
 1
       1
     1
     0
 1.300E+00
 0.000E+00
 0.000E+00
 0.000E+00
      115.151084     4.731793    0.936714
 1
       1
     1
     0
 1.300E+00
 0.000E+00
 0.000E+00
 0.000E+00
      114.487910     -3.010042    -0.679974
 1
       1
     1
     0
 1.300E+00
 0.000E+00
 0.000E+00
 0.000E+00
      119.641251     4.221948    1.114925
 1
       1
     1
     0
 1.300E+00
 0.000E+00
 0.000E+00
 0.000E+00
      118.868487     -3.489294    -0.768877
 1
       1
     1
     0
 1.300E+00
 0.000E+00
 0.000E+00
 0.000E+00
      128.469257     3.537166    1.235308
 1
       1
     1
     0
 1.300E+00
 0.000E+00
 0.000E+00
 0.000E+00
      127.925241     -3.861937    -1.985987
 1
       1
     1
     0
 1.300E+00
 0.000E+00
 0.000E+00
 0.000E+00
      132.839500     3.139230    1.086133
 1
       1
     1
     0
 1.300E+00
 0.000E+00
 0.000E+00
 0.000E+00
      132.481998     -4.032554    -1.648087
 1
       1
     1
     0
 1.300E+00
 0.000E+00
 0.000E+00
 0.000E+00
      141.278702     1.803010    3.083851
 1
       1
     1
     0
 1.300E+00
 0.000E+00
 0.000E+00
 0.000E+00
      140.943132     -4.057506    -2.442870
 1
       1
     1
     0
 1.300E+00
 0.000E+00
 0.000E+00
 0.000E+00
      148.917164     -1.371565    0.005132
 1
       1
     1
     0
 1.300E+00
 0.000E+00
 0.000E+00
 0.000E+00
      145.722414     1.687816    3.081281
 1
       1
     1
     0
 1.300E+00
 0.000E+00
 0.000E+00
 0.000E+00
      145.421475     -4.189094    -2.533004
 6
       4
     2     2     2     2
     0     1     1     1
 1.710E+00 1.625E+00 1.625E+00 1.625E+00
 0.000E+00 0.000E+00 0.000E+00 0.000E+00
 0.000E+00 0.000E+00 0.000E+00 0.000E+00
 0.000E+00 0.000E+00 0.000E+00 0.000E+00
      137.902667     -1.125683    0.451981
 6
       4
     2     2     2     2
     0     1     1     1
 1.710E+00 1.625E+00 1.625E+00 1.625E+00
 0.000E+00 0.000E+00 0.000E+00 0.000E+00
 0.000E+00 0.000E+00 0.000E+00 0.000E+00
 0.000E+00 0.000E+00 0.000E+00 0.000E+00
      140.689644     -1.205749    0.439386
 6
       4
     2     2     2     2
     0     1     1     1
 1.710E+00 1.625E+00 1.625E+00 1.625E+00
 0.000E+00 0.000E+00 0.000E+00 0.000E+00
 0.000E+00 0.000E+00 0.000E+00 0.000E+00
 0.000E+00 0.000E+00 0.000E+00 0.000E+00
      141.834869     -2.879614    -1.248769
 6
       4
     2     2     2     2
     0     1     1     1
 1.710E+00 1.625E+00 1.625E+00 1.625E+00
 0.000E+00 0.000E+00 0.000E+00 0.000E+00
 0.000E+00 0.000E+00 0.000E+00 0.000E+00
 0.000E+00 0.000E+00 0.000E+00 0.000E+00
      142.157593     0.529530    1.914822
 6
       4
     2     2     2     2
     0     1     1     1
 1.710E+00 1.625E+00 1.625E+00 1.625E+00
 0.000E+00 0.000E+00 0.000E+00 0.000E+00
 0.000E+00 0.000E+00 0.000E+00 0.000E+00
 0.000E+00 0.000E+00 0.000E+00 0.000E+00
      144.771564     0.457595    1.849694
 6
       4
     2     2     2     2
     0     1     1     1
 1.710E+00 1.625E+00 1.625E+00 1.625E+00
 0.000E+00 0.000E+00 0.000E+00 0.000E+00
 0.000E+00 0.000E+00 0.000E+00 0.000E+00
 0.000E+00 0.000E+00 0.000E+00 0.000E+00
      144.599461     -2.918852    -1.342805
 6
       4
     2     2     2     2
     0     1     1     1
 1.710E+00 1.625E+00 1.625E+00 1.625E+00
 0.000E+00 0.000E+00 0.000E+00 0.000E+00
 0.000E+00 0.000E+00 0.000E+00 0.000E+00
 0.000E+00 0.000E+00 0.000E+00 0.000E+00
      145.944075     -1.417818    0.229256
# LCAO coefficients .. are not included.
         1
        1        -0.000000868378875   k=         1
        2        -0.000363759011315   k=         1
        3        -0.000307466293163   k=         1
        4        0.002499937474869   k=         1
        5        0.000269858897217   k=         1
        6        0.000645432592801   k=         1
        7        -0.001740100986751   k=         1
        8        0.002842836944472   k=         1
        9        -0.000299233507877   k=         1
        10        -0.000229559637839   k=         1
        11        -0.001441971066904   k=         1
        12        0.002012267358985   k=         1
        13        -0.000075026004235   k=         1
        14        -0.000227684682024   k=         1
        15        0.000348763373693   k=         1
        16        -0.000600409619339   k=         1
        17        -0.000027421780777   k=         1
        18        -0.000249087911414   k=         1
        19        0.000906665259155   k=         1
        20        -0.003569208705027   k=         1
        21        0.000058068192989   k=         1
        22        -0.000054556688775   k=         1
        23        0.000479744998192   k=         1
        24        -0.001018356075500   k=         1
        25        0.000175413676124   k=         1
        26        0.000913994653669   k=         1
        27        -0.001526165244340   k=         1
        28        -0.005556156758580   k=         1
        29        -0.000221186572878   k=         1
        30        -0.000121063235522   k=         1
        31        -0.000394408290108   k=         1
        32        -0.003090838666618   k=         1
        33        0.000088887765749   k=         1
        34        0.000240483648906   k=         1
        35        0.002991888211390   k=         1
        36        0.008349076430849   k=         1
        37        0.000063909308253   k=         1
        38        0.000021587106097   k=         1
        39        0.001028849933209   k=         1
        40        0.003348787397740   k=         1
        41        -0.000032299243085   k=         1
        42        -0.000637450469125   k=         1
        43        0.000689526006927   k=         1
        44        0.003427563653418   k=         1
        45        -0.000244312430197   k=         1
        46        -0.000009252941375   k=         1
        47        -0.001500962267836   k=         1
        48        -0.007777178256193   k=         1
        49        0.000138767116042   k=         1
        50        0.001424876585444   k=         1
        51        -0.000758336708176   k=         1
        52        -0.006563203979433   k=         1
        53        0.000074474987738   k=         1
        54        0.000960582314739   k=         1
        55        -0.003432371075053   k=         1
        56        -0.006298376591894   k=         1
        57        -0.000064837977512   k=         1
        58        -0.001093713657659   k=         1
        59        0.007655601087125   k=         1
        60        0.009134853662353   k=         1
        61        0.000135345581687   k=         1
        62        0.000448048856121   k=         1
        63        0.004470366199262   k=         1
        64        0.006541306118902   k=         1
        65        -0.000052157295470   k=         1
        66        -0.002010359288232   k=         1
        67        -0.010110151991101   k=         1
        68        -0.011627094044691   k=         1
        69        -0.000422599609335   k=         1
        70        -0.001680217610305   k=         1
        71        -0.004753501394263   k=         1
        72        -0.005062673381490   k=         1
        73        0.000254924972434   k=         1
        74        -0.000549498945712   k=         1
        75        -0.005845467072139   k=         1
        76        -0.005724452505061   k=         1
        77        -0.000395997505743   k=         1
        78        -0.000284512316566   k=         1
        79        0.009022451253405   k=         1
        80        0.009149812107410   k=         1
        81        0.000194050236508   k=         1
        82        0.002804212905002   k=         1
        83        0.008067287198071   k=         1
        84        0.008090066098927   k=         1
        85        0.000043424667551   k=         1
        86        0.000177629578495   k=         1
        87        0.006803153195919   k=         1
        88        0.011416425925222   k=         1
        89        -0.001169978366250   k=         1
        90        -0.000782851098884   k=         1
        91        -0.006164159585197   k=         1
        92        -0.017937088078445   k=         1
        93        0.000928239620580   k=         1
        94        -0.001178078417027   k=         1
        95        -0.006325535270883   k=         1
        96        -0.013992284161594   k=         1
        97        -0.000638149987209   k=         1
        98        -0.000479398392431   k=         1
        99        0.006650610458661   k=         1
        100        0.019765297844534   k=         1
        101        0.000051110824400   k=         1
        102        0.000380220167535   k=         1
        103        0.003103565257861   k=         1
        104        0.011564330605454   k=         1
        105        0.000244666228174   k=         1
        106        -0.001016524536845   k=         1
        107        0.001905204990769   k=         1
        108        0.013103577166963   k=         1
        109        -0.000335160139526   k=         1
        110        -0.000030470228382   k=         1
        111        -0.001657885940687   k=         1
        112        -0.012479905861853   k=         1
        113        0.000492372457098   k=         1
        114        -0.000707508887783   k=         1
        115        -0.003795159122683   k=         1
        116        -0.016458932381656   k=         1
        117        0.000243933887805   k=         1
        118        -0.002473065909688   k=         1
        119        -0.005093739106938   k=         1
        120        -0.019763375873911   k=         1
        121        0.000194796432072   k=         1
        122        0.003013169433318   k=         1
        123        0.007659399346068   k=         1
        124        0.019212731234437   k=         1
        125        -0.000070153410047   k=         1
        126        0.001368603867281   k=         1
        127        0.005581877745958   k=         1
        128        0.017784414489683   k=         1
        129        -0.000019919618230   k=         1
        130        0.000912158293369   k=         1
        131        -0.009520875329618   k=         1
        132        -0.020453022988921   k=         1
        133        0.000283051331174   k=         1
        134        0.005320347829922   k=         1
        135        -0.006330344611630   k=         1
        136        -0.014436973717522   k=         1
        137        0.000178481275298   k=         1
        138        0.001366638490354   k=         1
        139        -0.005818149238006   k=         1
        140        -0.015758437986801   k=         1
        141        -0.000341448119283   k=         1
        142        -0.001528686810962   k=         1
        143        0.005298379975861   k=         1
        144        0.012545132035408   k=         1
        145        0.000355168404554   k=         1
        146        -0.003914137316934   k=         1
        147        0.004483328014129   k=         1
        148        0.008941484998838   k=         1
        149        -0.000264057950183   k=         1
        150        -0.000545068149776   k=         1
        151        0.013896982263693   k=         1
        152        0.019596091254929   k=         1
        153        0.000607068999646   k=         1
        154        -0.000374318092263   k=         1
        155        -0.005703356313250   k=         1
        156        -0.008766881827744   k=         1
        157        0.000301759221598   k=         1
        158        -0.000118942179065   k=         1
        159        -0.000015223821756   k=         1
        160        -0.000294147997041   k=         1
        161        0.000205706665483   k=         1
        162        -0.000251688650591   k=         1
        163        0.000608666285006   k=         1
        164        0.000251563526619   k=         1
        165        -0.000293794941673   k=         1
        166        -0.000491608255000   k=         1
        167        0.000576541338673   k=         1
        168        0.000494716424173   k=         1
        169        -0.000134077606901   k=         1
        170        -0.000617632385770   k=         1
        171        0.000212311209433   k=         1
        172        0.000812745690461   k=         1
        173        0.000103353694308   k=         1
        174        0.000092157283898   k=         1
        175        -0.000751145660359   k=         1
        176        -0.001203035291202   k=         1
        177        -0.000214737265580   k=         1
        178        -0.000273545524313   k=         1
        179        0.000093915590166   k=         1
        180        -0.000175789551445   k=         1
        181        -0.000145311829432   k=         1
        182        -0.001645301488715   k=         1
        183        -0.007059538614429   k=         1
        184        0.000083565113119   k=         1
        185        -0.000679486111465   k=         1
        186        -0.000502532105570   k=         1
        187        0.000051161451939   k=         1
        188        -0.011774757417572   k=         1
        189        -0.016848879583264   k=         1
        190        0.000203855612425   k=         1
        191        -0.000055208008681   k=         1
        192        0.002686839240689   k=         1
        193        0.004905958808851   k=         1
        194        -0.000556972316256   k=         1
        195        0.002211303131455   k=         1
        196        0.002685201532377   k=         1
        197        0.012212851159171   k=         1
        198        0.000421948166834   k=         1
        199        -0.000535497680997   k=         1
        200        0.002473639100621   k=         1
        201        0.009451766868074   k=         1
        202        -0.000194317397181   k=         1
        203        -0.000131521892652   k=         1
        204        0.000213292434162   k=         1
        205        -0.000417451302678   k=         1
        206        0.000185927424938   k=         1
        207        -0.000728981972816   k=         1
        208        0.000166716374820   k=         1
        209        0.000485327793175   k=         1
        210        0.000170197331126   k=         1
        211        0.001327170933480   k=         1
        212        -0.003472500919345   k=         1
        213        -0.012143418923930   k=         1
        214        -0.000059461280845   k=         1
        215        -0.000651884006768   k=         1
        216        -0.002100465837480   k=         1
        217        -0.008123399128445   k=         1
        218        -0.000422859167164   k=         1
        219        0.000187956566715   k=         1
        220        -0.003338266565216   k=         1
        221        -0.014229960833072   k=         1
        222        0.000609384853312   k=         1
        223        0.001263041039268   k=         1
        224        -0.004015120537454   k=         1
        225        -0.014136019018520   k=         1
        226        -0.000028129804988   k=         1
        227        0.000008888141486   k=         1
        228        0.000438081693416   k=         1
        229        0.001419321169247   k=         1
        230        0.000085653182126   k=         1
        231        -0.001039799946881   k=         1
        232        0.003921043339411   k=         1
        233        0.015604174301863   k=         1
        234        -0.000186960105515   k=         1
        235        -0.000532132414154   k=         1
        236        0.000483490153276   k=         1
        237        0.001578651245646   k=         1
        238        -0.000822597916622   k=         1
        239        0.000738692745665   k=         1
        240        0.011231943273975   k=         1
        241        0.028546897767160   k=         1
        242        -0.000299709479523   k=         1
        243        -0.001161866332943   k=         1
        244        0.004659629928917   k=         1
        245        0.013855738878018   k=         1
        246        0.000146784171654   k=         1
        247        -0.001812307283668   k=         1
        248        -0.015433014755211   k=         1
        249        -0.038489498155994   k=         1
        250        -0.000848059988299   k=         1
        251        -0.003318521873960   k=         1
        252        -0.008301488210162   k=         1
        253        -0.015898721214803   k=         1
        254        -0.001344735735186   k=         1
        255        -0.004921319499570   k=         1
        256        -0.006394961218556   k=         1
        257        -0.015676235960121   k=         1
        258        0.000637484736090   k=         1
        259        0.004434739899684   k=         1
        260        0.011110177065969   k=         1
        261        0.030521228790751   k=         1
        262        0.000382845914603   k=         1
        263        0.007017043592849   k=         1
        264        0.012848174137567   k=         1
        265        0.026836472307759   k=         1
        266        -0.001461868391994   k=         1
        267        -0.004716733067599   k=         1
        268        0.009760117138356   k=         1
        269        0.033325530094035   k=         1
        270        -0.000923516442727   k=         1
        271        0.009335123838213   k=         1
        272        -0.012217453036533   k=         1
        273        -0.044599772695757   k=         1
        274        -0.000798578989120   k=         1
        275        0.001199005990297   k=         1
        276        -0.009812206539675   k=         1
        277        -0.035632412392045   k=         1
        278        -0.000837564473356   k=         1
        279        0.001404832382798   k=         1
        280        0.014164150160300   k=         1
        281        0.053956181600183   k=         1
        282        0.000445434221068   k=         1
        283        -0.002023942836426   k=         1
        284        0.009039511656658   k=         1
        285        0.034105391399932   k=         1
        286        -0.000049401166083   k=         1
        287        0.000839637566723   k=         1
        288        0.009141731424432   k=         1
        289        0.028009152612780   k=         1
        290        0.002521149416682   k=         1
        291        0.002786455743674   k=         1
        292        -0.022446885389290   k=         1
        293        -0.036824101150795   k=         1
        294        -0.002081892248069   k=         1
        295        0.000379316016639   k=         1
        296        -0.014079128935031   k=         1
        297        -0.033736183147890   k=         1
        298        -0.001129851044957   k=         1
        299        0.002586133353873   k=         1
        300        -0.014806810562235   k=         1
        301        -0.051227226669185   k=         1
        302        0.006221557552065   k=         1
        303        0.005888394726605   k=         1
        304        -0.001597844376828   k=         1
        305        0.054593218736399   k=         1
        306        -0.005434129395098   k=         1
        307        0.003993672515854   k=         1
        308        0.010328452884653   k=         1
        309        0.050717205463553   k=         1
        310        0.000182450777880   k=         1
        311        0.002477779943196   k=         1
        312        0.010828172167271   k=         1
        313        -0.063038980993143   k=         1
        314        0.001806257989096   k=         1
        315        -0.003332313536291   k=         1
        316        0.009028054292236   k=         1
        317        -0.033350057987632   k=         1
        318        -0.001495831512513   k=         1
        319        0.005274304960810   k=         1
        320        0.013148554874730   k=         1
        321        -0.038446559702735   k=         1
        322        -0.000784900088280   k=         1
        323        -0.004347486535521   k=         1
        324        -0.010891239385551   k=         1
        325        0.044757082275487   k=         1
        326        -0.001074155480069   k=         1
        327        0.000337325435325   k=         1
        328        -0.009534555491752   k=         1
        329        0.043010664047464   k=         1
        330        0.000938825887499   k=         1
        331        -0.004510593907783   k=         1
        332        -0.015028752031912   k=         1
        333        0.060156576725327   k=         1
        334        -0.000060839339816   k=         1
        335        0.002108988591451   k=         1
        336        0.017189763097103   k=         1
        337        -0.053380879535722   k=         1
        338        -0.000757141566381   k=         1
        339        -0.004208257973113   k=         1
        340        0.017488413644947   k=         1
        341        -0.059487547111877   k=         1
        342        0.000555265669626   k=         1
        343        0.005384355032004   k=         1
        344        -0.017478078050294   k=         1
        345        0.050068731163945   k=         1
        346        0.000073754279628   k=         1
        347        -0.000673893255006   k=         1
        348        -0.022729242286183   k=         1
        349        0.039374814001232   k=         1
        350        0.001107256274063   k=         1
        351        0.000481678148350   k=         1
        352        -0.017230793859569   k=         1
        353        0.037881686240843   k=         1
        354        -0.000096663987361   k=         1
        355        0.000834523088395   k=         1
        356        0.010450546708164   k=         1
        357        -0.029602970199025   k=         1
        358        -0.000598352794479   k=         1
        359        0.002564182690915   k=         1
        360        0.013891666916145   k=         1
        361        -0.028080468018031   k=         1
        362        -0.000844168348252   k=         1
        363        0.013716012464884   k=         1
        364        0.019061255974175   k=         1
        365        -0.060782380732497   k=         1
        366        0.000853542123713   k=         1
        367        -0.006346871506392   k=         1
        368        -0.010354473300820   k=         1
        369        0.023342552061878   k=         1
        370        -0.000130626902709   k=         1
        371        0.000086805061354   k=         1
        372        -0.000221705733385   k=         1
        373        0.000040944103537   k=         1
        374        0.001677486819193   k=         1
        375        0.005607901747831   k=         1
        376        0.000053408293656   k=         1
        377        0.000100392365850   k=         1
        378        0.000850015530461   k=         1
        379        0.001596158934407   k=         1
        380        0.001579321322753   k=         1
        381        0.000869069767888   k=         1
        382        0.002969801191457   k=         1
        383        -0.001737960027877   k=         1
        384        -0.000904547455099   k=         1
        385        0.000556623845503   k=         1
        386        0.000765499086656   k=         1
        387        0.000153738378365   k=         1
        388        -0.000991446409328   k=         1
        389        0.001229878130729   k=         1
        390        -0.000191497995271   k=         1
        391        0.002225353279629   k=         1
        392        -0.000204241725623   k=         1
        393        -0.003279861143980   k=         1
        394        0.000481078051516   k=         1
        395        -0.000962890371489   k=         1
        396        -0.000050479716869   k=         1
        397        -0.001373996442913   k=         1
        398        0.001508291563643   k=         1
        399        0.000407535883229   k=         1
        400        -0.000646279885155   k=         1
        401        -0.015542550973487   k=         1
        402        0.043674665631042   k=         1
        403        -0.000015116588297   k=         1
        404        -0.001959636157778   k=         1
        405        0.010606500096067   k=         1
        406        -0.016791557824819   k=         1
        407        0.001394312537826   k=         1
        408        -0.002518935404666   k=         1
        409        0.023714010281019   k=         1
        410        -0.018116179223940   k=         1
        411        -0.001062234685112   k=         1
        412        0.003103072113653   k=         1
        413        0.014475294461397   k=         1
        414        -0.011063796001215   k=         1
        415        0.000223414321748   k=         1
        416        -0.001636316977323   k=         1
        417        -0.006340647596370   k=         1
        418        0.006295294086475   k=         1
        419        -0.000474353433747   k=         1
        420        0.000359900372081   k=         1
        421        -0.004257525884805   k=         1
        422        0.003090066104706   k=         1
        423        0.000894668597785   k=         1
        424        0.000660105564511   k=         1
        425        -0.017656654010891   k=         1
        426        0.019544311762196   k=         1
