# file_format= v0.04.05
       144       426
    188.97268778      0.00000000      0.00000000    0
      0.00000000    188.97268778      0.00000000    0
      0.00000000      0.00000000    188.97268778    0
 6
       4
     2     2     2     2
     0     1     1     1
 1.710E+00 1.625E+00 1.625E+00 1.625E+00
 0.000E+00 0.000E+00 0.000E+00 0.000E+00
 0.000E+00 0.000E+00 0.000E+00 0.000E+00
 0.000E+00 0.000E+00 0.000E+00 0.000E+00
      0.860207     -0.700557    -0.156736
 6
       4
     2     2     2     2
     0     1     1     1
 1.710E+00 1.625E+00 1.625E+00 1.625E+00
 0.000E+00 0.000E+00 0.000E+00 0.000E+00
 0.000E+00 0.000E+00 0.000E+00 0.000E+00
 0.000E+00 0.000E+00 0.000E+00 0.000E+00
      -0.923819     1.198810    0.518543
 6
       4
     2     2     2     2
     0     1     1     1
 1.710E+00 1.625E+00 1.625E+00 1.625E+00
 0.000E+00 0.000E+00 0.000E+00 0.000E+00
 0.000E+00 0.000E+00 0.000E+00 0.000E+00
 0.000E+00 0.000E+00 0.000E+00 0.000E+00
      -0.144424     -3.038012    -1.068835
 6
       4
     2     2     2     2
     0     1     1     1
 1.710E+00 1.625E+00 1.625E+00 1.625E+00
 0.000E+00 0.000E+00 0.000E+00 0.000E+00
 0.000E+00 0.000E+00 0.000E+00 0.000E+00
 0.000E+00 0.000E+00 0.000E+00 0.000E+00
      -3.565291     0.773671    0.420515
 6
       4
     2     2     2     2
     0     1     1     1
 1.710E+00 1.625E+00 1.625E+00 1.625E+00
 0.000E+00 0.000E+00 0.000E+00 0.000E+00
 0.000E+00 0.000E+00 0.000E+00 0.000E+00
 0.000E+00 0.000E+00 0.000E+00 0.000E+00
      -4.345926     -1.583779    -0.282875
 6
       4
     2     2     2     2
     0     1     1     1
 1.710E+00 1.625E+00 1.625E+00 1.625E+00
 0.000E+00 0.000E+00 0.000E+00 0.000E+00
 0.000E+00 0.000E+00 0.000E+00 0.000E+00
 0.000E+00 0.000E+00 0.000E+00 0.000E+00
      -2.663642     -3.519188    -1.038429
 6
       4
     2     2     2     2
     0     1     1     1
 1.710E+00 1.625E+00 1.625E+00 1.625E+00
 0.000E+00 0.000E+00 0.000E+00 0.000E+00
 0.000E+00 0.000E+00 0.000E+00 0.000E+00
 0.000E+00 0.000E+00 0.000E+00 0.000E+00
      3.620246     -0.143358    -0.050616
 6
       4
     2     2     2     2
     0     1     1     1
 1.710E+00 1.625E+00 1.625E+00 1.625E+00
 0.000E+00 0.000E+00 0.000E+00 0.000E+00
 0.000E+00 0.000E+00 0.000E+00 0.000E+00
 0.000E+00 0.000E+00 0.000E+00 0.000E+00
      5.749087     0.215725    0.147083
 6
       4
     2     2     2     2
     0     1     1     1
 1.710E+00 1.625E+00 1.625E+00 1.625E+00
 0.000E+00 0.000E+00 0.000E+00 0.000E+00
 0.000E+00 0.000E+00 0.000E+00 0.000E+00
 0.000E+00 0.000E+00 0.000E+00 0.000E+00
      8.542310     0.715086    0.036500
 6
       4
     2     2     2     2
     0     1     1     1
 1.710E+00 1.625E+00 1.625E+00 1.625E+00
 0.000E+00 0.000E+00 0.000E+00 0.000E+00
 0.000E+00 0.000E+00 0.000E+00 0.000E+00
 0.000E+00 0.000E+00 0.000E+00 0.000E+00
      9.788229     2.904949    -0.717578
 6
       4
     2     2     2     2
     0     1     1     1
 1.710E+00 1.625E+00 1.625E+00 1.625E+00
 0.000E+00 0.000E+00 0.000E+00 0.000E+00
 0.000E+00 0.000E+00 0.000E+00 0.000E+00
 0.000E+00 0.000E+00 0.000E+00 0.000E+00
      10.171620     -1.279025    0.682837
 6
       4
     2     2     2     2
     0     1     1     1
 1.710E+00 1.625E+00 1.625E+00 1.625E+00
 0.000E+00 0.000E+00 0.000E+00 0.000E+00
 0.000E+00 0.000E+00 0.000E+00 0.000E+00
 0.000E+00 0.000E+00 0.000E+00 0.000E+00
      12.500900     3.113348    -0.659303
 6
       4
     2     2     2     2
     0     1     1     1
 1.710E+00 1.625E+00 1.625E+00 1.625E+00
 0.000E+00 0.000E+00 0.000E+00 0.000E+00
 0.000E+00 0.000E+00 0.000E+00 0.000E+00
 0.000E+00 0.000E+00 0.000E+00 0.000E+00
      12.780145     -1.119224    0.907450
 6
       4
     2     2     2     2
     0     1     1     1
 1.710E+00 1.625E+00 1.625E+00 1.625E+00
 0.000E+00 0.000E+00 0.000E+00 0.000E+00
 0.000E+00 0.000E+00 0.000E+00 0.000E+00
 0.000E+00 0.000E+00 0.000E+00 0.000E+00
      14.119602     1.152858    0.245789
 6
       4
     2     2     2     2
     0     1     1     1
 1.710E+00 1.625E+00 1.625E+00 1.625E+00
 0.000E+00 0.000E+00 0.000E+00 0.000E+00
 0.000E+00 0.000E+00 0.000E+00 0.000E+00
 0.000E+00 0.000E+00 0.000E+00 0.000E+00
      16.923271     1.321041    0.374672
 6
       4
     2     2     2     2
     0     1     1     1
 1.710E+00 1.625E+00 1.625E+00 1.625E+00
 0.000E+00 0.000E+00 0.000E+00 0.000E+00
 0.000E+00 0.000E+00 0.000E+00 0.000E+00
 0.000E+00 0.000E+00 0.000E+00 0.000E+00
      19.100625     1.414947    0.401315
 6
       4
     2     2     2     2
     0     1     1     1
 1.710E+00 1.625E+00 1.625E+00 1.625E+00
 0.000E+00 0.000E+00 0.000E+00 0.000E+00
 0.000E+00 0.000E+00 0.000E+00 0.000E+00
 0.000E+00 0.000E+00 0.000E+00 0.000E+00
      21.864296     1.322954    0.186771
 6
       4
     2     2     2     2
     0     1     1     1
 1.710E+00 1.625E+00 1.625E+00 1.625E+00
 0.000E+00 0.000E+00 0.000E+00 0.000E+00
 0.000E+00 0.000E+00 0.000E+00 0.000E+00
 0.000E+00 0.000E+00 0.000E+00 0.000E+00
      23.251383     -0.500581    1.590055
 6
       4
     2     2     2     2
     0     1     1     1
 1.710E+00 1.625E+00 1.625E+00 1.625E+00
 0.000E+00 0.000E+00 0.000E+00 0.000E+00
 0.000E+00 0.000E+00 0.000E+00 0.000E+00
 0.000E+00 0.000E+00 0.000E+00 0.000E+00
      23.375440     2.848376    -1.408647
 6
       4
     2     2     2     2
     0     1     1     1
 1.710E+00 1.625E+00 1.625E+00 1.625E+00
 0.000E+00 0.000E+00 0.000E+00 0.000E+00
 0.000E+00 0.000E+00 0.000E+00 0.000E+00
 0.000E+00 0.000E+00 0.000E+00 0.000E+00
      26.041909     2.643489    -1.453454
 6
       4
     2     2     2     2
     0     1     1     1
 1.710E+00 1.625E+00 1.625E+00 1.625E+00
 0.000E+00 0.000E+00 0.000E+00 0.000E+00
 0.000E+00 0.000E+00 0.000E+00 0.000E+00
 0.000E+00 0.000E+00 0.000E+00 0.000E+00
      25.805080     -0.913599    1.351258
 6
       4
     2     2     2     2
     0     1     1     1
 1.710E+00 1.625E+00 1.625E+00 1.625E+00
 0.000E+00 0.000E+00 0.000E+00 0.000E+00
 0.000E+00 0.000E+00 0.000E+00 0.000E+00
 0.000E+00 0.000E+00 0.000E+00 0.000E+00
      27.364839     0.754088    -0.074576
 6
       4
     2     2     2     2
     0     1     1     1
 1.710E+00 1.625E+00 1.625E+00 1.625E+00
 0.000E+00 0.000E+00 0.000E+00 0.000E+00
 0.000E+00 0.000E+00 0.000E+00 0.000E+00
 0.000E+00 0.000E+00 0.000E+00 0.000E+00
      30.086108     0.525540    0.051659
 6
       4
     2     2     2     2
     0     1     1     1
 1.710E+00 1.625E+00 1.625E+00 1.625E+00
 0.000E+00 0.000E+00 0.000E+00 0.000E+00
 0.000E+00 0.000E+00 0.000E+00 0.000E+00
 0.000E+00 0.000E+00 0.000E+00 0.000E+00
      32.198374     -0.059721    0.074782
 6
       4
     2     2     2     2
     0     1     1     1
 1.710E+00 1.625E+00 1.625E+00 1.625E+00
 0.000E+00 0.000E+00 0.000E+00 0.000E+00
 0.000E+00 0.000E+00 0.000E+00 0.000E+00
 0.000E+00 0.000E+00 0.000E+00 0.000E+00
      35.019510     -0.143663    0.090930
 6
       4
     2     2     2     2
     0     1     1     1
 1.710E+00 1.625E+00 1.625E+00 1.625E+00
 0.000E+00 0.000E+00 0.000E+00 0.000E+00
 0.000E+00 0.000E+00 0.000E+00 0.000E+00
 0.000E+00 0.000E+00 0.000E+00 0.000E+00
      36.441387     -2.219816    0.781800
 6
       4
     2     2     2     2
     0     1     1     1
 1.710E+00 1.625E+00 1.625E+00 1.625E+00
 0.000E+00 0.000E+00 0.000E+00 0.000E+00
 0.000E+00 0.000E+00 0.000E+00 0.000E+00
 0.000E+00 0.000E+00 0.000E+00 0.000E+00
      36.384000     2.108042    -0.407389
 6
       4
     2     2     2     2
     0     1     1     1
 1.710E+00 1.625E+00 1.625E+00 1.625E+00
 0.000E+00 0.000E+00 0.000E+00 0.000E+00
 0.000E+00 0.000E+00 0.000E+00 0.000E+00
 0.000E+00 0.000E+00 0.000E+00 0.000E+00
      39.042092     2.193539    -0.419546
 6
       4
     2     2     2     2
     0     1     1     1
 1.710E+00 1.625E+00 1.625E+00 1.625E+00
 0.000E+00 0.000E+00 0.000E+00 0.000E+00
 0.000E+00 0.000E+00 0.000E+00 0.000E+00
 0.000E+00 0.000E+00 0.000E+00 0.000E+00
      39.030013     -2.183512    0.584655
 6
       4
     2     2     2     2
     0     1     1     1
 1.710E+00 1.625E+00 1.625E+00 1.625E+00
 0.000E+00 0.000E+00 0.000E+00 0.000E+00
 0.000E+00 0.000E+00 0.000E+00 0.000E+00
 0.000E+00 0.000E+00 0.000E+00 0.000E+00
      40.475075     -0.069882    -0.106036
 6
       4
     2     2     2     2
     0     1     1     1
 1.710E+00 1.625E+00 1.625E+00 1.625E+00
 0.000E+00 0.000E+00 0.000E+00 0.000E+00
 0.000E+00 0.000E+00 0.000E+00 0.000E+00
 0.000E+00 0.000E+00 0.000E+00 0.000E+00
      43.296185     -0.375536    -0.233553
 6
       4
     2     2     2     2
     0     1     1     1
 1.710E+00 1.625E+00 1.625E+00 1.625E+00
 0.000E+00 0.000E+00 0.000E+00 0.000E+00
 0.000E+00 0.000E+00 0.000E+00 0.000E+00
 0.000E+00 0.000E+00 0.000E+00 0.000E+00
      45.458974     -0.640761    -0.350421
 6
       4
     2     2     2     2
     0     1     1     1
 1.710E+00 1.625E+00 1.625E+00 1.625E+00
 0.000E+00 0.000E+00 0.000E+00 0.000E+00
 0.000E+00 0.000E+00 0.000E+00 0.000E+00
 0.000E+00 0.000E+00 0.000E+00 0.000E+00
      48.158626     -0.606712    -0.366682
 6
       4
     2     2     2     2
     0     1     1     1
 1.710E+00 1.625E+00 1.625E+00 1.625E+00
 0.000E+00 0.000E+00 0.000E+00 0.000E+00
 0.000E+00 0.000E+00 0.000E+00 0.000E+00
 0.000E+00 0.000E+00 0.000E+00 0.000E+00
      49.834021     -2.454815    0.765471
 6
       4
     2     2     2     2
     0     1     1     1
 1.710E+00 1.625E+00 1.625E+00 1.625E+00
 0.000E+00 0.000E+00 0.000E+00 0.000E+00
 0.000E+00 0.000E+00 0.000E+00 0.000E+00
 0.000E+00 0.000E+00 0.000E+00 0.000E+00
      49.561209     1.623728    -1.172157
 6
       4
     2     2     2     2
     0     1     1     1
 1.710E+00 1.625E+00 1.625E+00 1.625E+00
 0.000E+00 0.000E+00 0.000E+00 0.000E+00
 0.000E+00 0.000E+00 0.000E+00 0.000E+00
 0.000E+00 0.000E+00 0.000E+00 0.000E+00
      52.180516     1.869035    -1.151550
 6
       4
     2     2     2     2
     0     1     1     1
 1.710E+00 1.625E+00 1.625E+00 1.625E+00
 0.000E+00 0.000E+00 0.000E+00 0.000E+00
 0.000E+00 0.000E+00 0.000E+00 0.000E+00
 0.000E+00 0.000E+00 0.000E+00 0.000E+00
      52.374141     -2.031212    1.171488
 6
       4
     2     2     2     2
     0     1     1     1
 1.710E+00 1.625E+00 1.625E+00 1.625E+00
 0.000E+00 0.000E+00 0.000E+00 0.000E+00
 0.000E+00 0.000E+00 0.000E+00 0.000E+00
 0.000E+00 0.000E+00 0.000E+00 0.000E+00
      53.744385     -0.000299    0.037264
 6
       4
     2     2     2     2
     0     1     1     1
 1.710E+00 1.625E+00 1.625E+00 1.625E+00
 0.000E+00 0.000E+00 0.000E+00 0.000E+00
 0.000E+00 0.000E+00 0.000E+00 0.000E+00
 0.000E+00 0.000E+00 0.000E+00 0.000E+00
      56.434579     0.189946    0.029606
 1
       1
     1
     0
 1.300E+00
 0.000E+00
 0.000E+00
 0.000E+00
      -4.981526     2.170307    1.035795
 1
       1
     1
     0
 1.300E+00
 0.000E+00
 0.000E+00
 0.000E+00
      -0.189914     2.968950    1.076533
 1
       1
     1
     0
 1.300E+00
 0.000E+00
 0.000E+00
 0.000E+00
      -6.856489     -1.919400    -0.254036
 1
       1
     1
     0
 1.300E+00
 0.000E+00
 0.000E+00
 0.000E+00
      -3.521894     -5.318666    -1.595726
 1
       1
     1
     0
 1.300E+00
 0.000E+00
 0.000E+00
 0.000E+00
      1.187748     -4.656228    -1.634636
 1
       1
     1
     0
 1.300E+00
 0.000E+00
 0.000E+00
 0.000E+00
      8.762824     4.680942    -1.390177
 1
       1
     1
     0
 1.300E+00
 0.000E+00
 0.000E+00
 0.000E+00
      9.332412     -3.127232    1.107946
 1
       1
     1
     0
 1.300E+00
 0.000E+00
 0.000E+00
 0.000E+00
      13.390307     4.948726    -1.107548
 1
       1
     1
     0
 1.300E+00
 0.000E+00
 0.000E+00
 0.000E+00
      13.845350     -2.780490    1.410361
 1
       1
     1
     0
 1.300E+00
 0.000E+00
 0.000E+00
 0.000E+00
      22.418012     4.339605    -2.613066
 1
       1
     1
     0
 1.300E+00
 0.000E+00
 0.000E+00
 0.000E+00
      27.051698     3.904017    -2.587330
 1
       1
     1
     0
 1.300E+00
 0.000E+00
 0.000E+00
 0.000E+00
      22.225517     -1.812185    2.853921
 1
       1
     1
     0
 1.300E+00
 0.000E+00
 0.000E+00
 0.000E+00
      26.689269     -2.419822    2.514547
 1
       1
     1
     0
 1.300E+00
 0.000E+00
 0.000E+00
 0.000E+00
      35.389333     3.831059    -0.736086
 1
       1
     1
     0
 1.300E+00
 0.000E+00
 0.000E+00
 0.000E+00
      35.484702     -4.034283    1.261732
 1
       1
     1
     0
 1.300E+00
 0.000E+00
 0.000E+00
 0.000E+00
      40.032481     4.082849    -0.799205
 1
       1
     1
     0
 1.300E+00
 0.000E+00
 0.000E+00
 0.000E+00
      40.114053     -3.972259    1.116717
 1
       1
     1
     0
 1.300E+00
 0.000E+00
 0.000E+00
 0.000E+00
      48.228309     3.151352    -1.840056
 1
       1
     1
     0
 1.300E+00
 0.000E+00
 0.000E+00
 0.000E+00
      48.999533     -4.347515    1.402776
 1
       1
     1
     0
 1.300E+00
 0.000E+00
 0.000E+00
 0.000E+00
      53.003140     3.767271    -1.827329
 1
       1
     1
     0
 1.300E+00
 0.000E+00
 0.000E+00
 0.000E+00
      53.359312     -3.491906    2.241408
 1
       1
     1
     0
 1.300E+00
 0.000E+00
 0.000E+00
 0.000E+00
      61.835470     4.106097    -1.527061
 1
       1
     1
     0
 1.300E+00
 0.000E+00
 0.000E+00
 0.000E+00
      61.824315     -3.733475    1.188660
 6
       4
     2     2     2     2
     0     1     1     1
 1.710E+00 1.625E+00 1.625E+00 1.625E+00
 0.000E+00 0.000E+00 0.000E+00 0.000E+00
 0.000E+00 0.000E+00 0.000E+00 0.000E+00
 0.000E+00 0.000E+00 0.000E+00 0.000E+00
      69.568737     0.222050    0.085161
 1
       1
     1
     0
 1.300E+00
 0.000E+00
 0.000E+00
 0.000E+00
      66.426348     3.927276    -1.455743
 1
       1
     1
     0
 1.300E+00
 0.000E+00
 0.000E+00
 0.000E+00
      66.497392     -3.591866    1.183267
 6
       4
     2     2     2     2
     0     1     1     1
 1.710E+00 1.625E+00 1.625E+00 1.625E+00
 0.000E+00 0.000E+00 0.000E+00 0.000E+00
 0.000E+00 0.000E+00 0.000E+00 0.000E+00
 0.000E+00 0.000E+00 0.000E+00 0.000E+00
      58.618707     0.301700    0.016182
 6
       4
     2     2     2     2
     0     1     1     1
 1.710E+00 1.625E+00 1.625E+00 1.625E+00
 0.000E+00 0.000E+00 0.000E+00 0.000E+00
 0.000E+00 0.000E+00 0.000E+00 0.000E+00
 0.000E+00 0.000E+00 0.000E+00 0.000E+00
      61.397825     0.182009    -0.075098
 6
       4
     2     2     2     2
     0     1     1     1
 1.710E+00 1.625E+00 1.625E+00 1.625E+00
 0.000E+00 0.000E+00 0.000E+00 0.000E+00
 0.000E+00 0.000E+00 0.000E+00 0.000E+00
 0.000E+00 0.000E+00 0.000E+00 0.000E+00
      62.808190     -2.044504    0.547384
 6
       4
     2     2     2     2
     0     1     1     1
 1.710E+00 1.625E+00 1.625E+00 1.625E+00
 0.000E+00 0.000E+00 0.000E+00 0.000E+00
 0.000E+00 0.000E+00 0.000E+00 0.000E+00
 0.000E+00 0.000E+00 0.000E+00 0.000E+00
      62.842105     2.291423    -0.846357
 6
       4
     2     2     2     2
     0     1     1     1
 1.710E+00 1.625E+00 1.625E+00 1.625E+00
 0.000E+00 0.000E+00 0.000E+00 0.000E+00
 0.000E+00 0.000E+00 0.000E+00 0.000E+00
 0.000E+00 0.000E+00 0.000E+00 0.000E+00
      65.464589     2.311947    -0.828736
 6
       4
     2     2     2     2
     0     1     1     1
 1.710E+00 1.625E+00 1.625E+00 1.625E+00
 0.000E+00 0.000E+00 0.000E+00 0.000E+00
 0.000E+00 0.000E+00 0.000E+00 0.000E+00
 0.000E+00 0.000E+00 0.000E+00 0.000E+00
      65.409503     -2.081125    0.433830
 6
       4
     2     2     2     2
     0     1     1     1
 1.710E+00 1.625E+00 1.625E+00 1.625E+00
 0.000E+00 0.000E+00 0.000E+00 0.000E+00
 0.000E+00 0.000E+00 0.000E+00 0.000E+00
 0.000E+00 0.000E+00 0.000E+00 0.000E+00
      66.871788     0.142177    -0.121470
 6
       4
     2     2     2     2
     0     1     1     1
 1.710E+00 1.625E+00 1.625E+00 1.625E+00
 0.000E+00 0.000E+00 0.000E+00 0.000E+00
 0.000E+00 0.000E+00 0.000E+00 0.000E+00
 0.000E+00 0.000E+00 0.000E+00 0.000E+00
      80.025634     -0.239829    0.437090
 6
       4
     2     2     2     2
     0     1     1     1
 1.710E+00 1.625E+00 1.625E+00 1.625E+00
 0.000E+00 0.000E+00 0.000E+00 0.000E+00
 0.000E+00 0.000E+00 0.000E+00 0.000E+00
 0.000E+00 0.000E+00 0.000E+00 0.000E+00
      78.809182     2.060431    -0.111486
 6
       4
     2     2     2     2
     0     1     1     1
 1.710E+00 1.625E+00 1.625E+00 1.625E+00
 0.000E+00 0.000E+00 0.000E+00 0.000E+00
 0.000E+00 0.000E+00 0.000E+00 0.000E+00
 0.000E+00 0.000E+00 0.000E+00 0.000E+00
      78.425346     -2.269336    0.931389
 6
       4
     2     2     2     2
     0     1     1     1
 1.710E+00 1.625E+00 1.625E+00 1.625E+00
 0.000E+00 0.000E+00 0.000E+00 0.000E+00
 0.000E+00 0.000E+00 0.000E+00 0.000E+00
 0.000E+00 0.000E+00 0.000E+00 0.000E+00
      76.183680     2.290021    -0.331059
 6
       4
     2     2     2     2
     0     1     1     1
 1.710E+00 1.625E+00 1.625E+00 1.625E+00
 0.000E+00 0.000E+00 0.000E+00 0.000E+00
 0.000E+00 0.000E+00 0.000E+00 0.000E+00
 0.000E+00 0.000E+00 0.000E+00 0.000E+00
      74.522881     0.217640    0.137908
 6
       4
     2     2     2     2
     0     1     1     1
 1.710E+00 1.625E+00 1.625E+00 1.625E+00
 0.000E+00 0.000E+00 0.000E+00 0.000E+00
 0.000E+00 0.000E+00 0.000E+00 0.000E+00
 0.000E+00 0.000E+00 0.000E+00 0.000E+00
      75.779575     -2.023197    0.834545
 6
       4
     2     2     2     2
     0     1     1     1
 1.710E+00 1.625E+00 1.625E+00 1.625E+00
 0.000E+00 0.000E+00 0.000E+00 0.000E+00
 0.000E+00 0.000E+00 0.000E+00 0.000E+00
 0.000E+00 0.000E+00 0.000E+00 0.000E+00
      82.936920     -0.344136    0.373098
 6
       4
     2     2     2     2
     0     1     1     1
 1.710E+00 1.625E+00 1.625E+00 1.625E+00
 0.000E+00 0.000E+00 0.000E+00 0.000E+00
 0.000E+00 0.000E+00 0.000E+00 0.000E+00
 0.000E+00 0.000E+00 0.000E+00 0.000E+00
      85.065609     0.055819    0.242760
 6
       4
     2     2     2     2
     0     1     1     1
 1.710E+00 1.625E+00 1.625E+00 1.625E+00
 0.000E+00 0.000E+00 0.000E+00 0.000E+00
 0.000E+00 0.000E+00 0.000E+00 0.000E+00
 0.000E+00 0.000E+00 0.000E+00 0.000E+00
      87.894616     0.085879    0.059086
 6
       4
     2     2     2     2
     0     1     1     1
 1.710E+00 1.625E+00 1.625E+00 1.625E+00
 0.000E+00 0.000E+00 0.000E+00 0.000E+00
 0.000E+00 0.000E+00 0.000E+00 0.000E+00
 0.000E+00 0.000E+00 0.000E+00 0.000E+00
      89.130453     2.250913    -0.906789
 6
       4
     2     2     2     2
     0     1     1     1
 1.710E+00 1.625E+00 1.625E+00 1.625E+00
 0.000E+00 0.000E+00 0.000E+00 0.000E+00
 0.000E+00 0.000E+00 0.000E+00 0.000E+00
 0.000E+00 0.000E+00 0.000E+00 0.000E+00
      89.510373     -1.961968    0.791293
 6
       4
     2     2     2     2
     0     1     1     1
 1.710E+00 1.625E+00 1.625E+00 1.625E+00
 0.000E+00 0.000E+00 0.000E+00 0.000E+00
 0.000E+00 0.000E+00 0.000E+00 0.000E+00
 0.000E+00 0.000E+00 0.000E+00 0.000E+00
      91.745526     2.326342    -1.139044
 6
       4
     2     2     2     2
     0     1     1     1
 1.710E+00 1.625E+00 1.625E+00 1.625E+00
 0.000E+00 0.000E+00 0.000E+00 0.000E+00
 0.000E+00 0.000E+00 0.000E+00 0.000E+00
 0.000E+00 0.000E+00 0.000E+00 0.000E+00
      92.065407     -1.911564    0.374763
 6
       4
     2     2     2     2
     0     1     1     1
 1.710E+00 1.625E+00 1.625E+00 1.625E+00
 0.000E+00 0.000E+00 0.000E+00 0.000E+00
 0.000E+00 0.000E+00 0.000E+00 0.000E+00
 0.000E+00 0.000E+00 0.000E+00 0.000E+00
      93.350871     0.298376    -0.499636
 6
       4
     2     2     2     2
     0     1     1     1
 1.710E+00 1.625E+00 1.625E+00 1.625E+00
 0.000E+00 0.000E+00 0.000E+00 0.000E+00
 0.000E+00 0.000E+00 0.000E+00 0.000E+00
 0.000E+00 0.000E+00 0.000E+00 0.000E+00
      96.153571     0.488453    -0.275042
 6
       4
     2     2     2     2
     0     1     1     1
 1.710E+00 1.625E+00 1.625E+00 1.625E+00
 0.000E+00 0.000E+00 0.000E+00 0.000E+00
 0.000E+00 0.000E+00 0.000E+00 0.000E+00
 0.000E+00 0.000E+00 0.000E+00 0.000E+00
      98.298321     0.293114    0.034251
 6
       4
     2     2     2     2
     0     1     1     1
 1.710E+00 1.625E+00 1.625E+00 1.625E+00
 0.000E+00 0.000E+00 0.000E+00 0.000E+00
 0.000E+00 0.000E+00 0.000E+00 0.000E+00
 0.000E+00 0.000E+00 0.000E+00 0.000E+00
      101.089199     0.324825    0.091291
 6
       4
     2     2     2     2
     0     1     1     1
 1.710E+00 1.625E+00 1.625E+00 1.625E+00
 0.000E+00 0.000E+00 0.000E+00 0.000E+00
 0.000E+00 0.000E+00 0.000E+00 0.000E+00
 0.000E+00 0.000E+00 0.000E+00 0.000E+00
      102.560804     -1.786041    0.675787
 6
       4
     2     2     2     2
     0     1     1     1
 1.710E+00 1.625E+00 1.625E+00 1.625E+00
 0.000E+00 0.000E+00 0.000E+00 0.000E+00
 0.000E+00 0.000E+00 0.000E+00 0.000E+00
 0.000E+00 0.000E+00 0.000E+00 0.000E+00
      102.530317     2.513763    -0.612596
 6
       4
     2     2     2     2
     0     1     1     1
 1.710E+00 1.625E+00 1.625E+00 1.625E+00
 0.000E+00 0.000E+00 0.000E+00 0.000E+00
 0.000E+00 0.000E+00 0.000E+00 0.000E+00
 0.000E+00 0.000E+00 0.000E+00 0.000E+00
      105.127524     2.515635    -0.726460
 6
       4
     2     2     2     2
     0     1     1     1
 1.710E+00 1.625E+00 1.625E+00 1.625E+00
 0.000E+00 0.000E+00 0.000E+00 0.000E+00
 0.000E+00 0.000E+00 0.000E+00 0.000E+00
 0.000E+00 0.000E+00 0.000E+00 0.000E+00
      105.249476     -1.734974    0.799139
 6
       4
     2     2     2     2
     0     1     1     1
 1.710E+00 1.625E+00 1.625E+00 1.625E+00
 0.000E+00 0.000E+00 0.000E+00 0.000E+00
 0.000E+00 0.000E+00 0.000E+00 0.000E+00
 0.000E+00 0.000E+00 0.000E+00 0.000E+00
      106.637999     0.424538    0.134709
 6
       4
     2     2     2     2
     0     1     1     1
 1.710E+00 1.625E+00 1.625E+00 1.625E+00
 0.000E+00 0.000E+00 0.000E+00 0.000E+00
 0.000E+00 0.000E+00 0.000E+00 0.000E+00
 0.000E+00 0.000E+00 0.000E+00 0.000E+00
      109.407088     0.603265    0.290559
 6
       4
     2     2     2     2
     0     1     1     1
 1.710E+00 1.625E+00 1.625E+00 1.625E+00
 0.000E+00 0.000E+00 0.000E+00 0.000E+00
 0.000E+00 0.000E+00 0.000E+00 0.000E+00
 0.000E+00 0.000E+00 0.000E+00 0.000E+00
      111.514877     0.952804    -0.104377
 6
       4
     2     2     2     2
     0     1     1     1
 1.710E+00 1.625E+00 1.625E+00 1.625E+00
 0.000E+00 0.000E+00 0.000E+00 0.000E+00
 0.000E+00 0.000E+00 0.000E+00 0.000E+00
 0.000E+00 0.000E+00 0.000E+00 0.000E+00
      114.344844     0.989421    0.062540
 6
       4
     2     2     2     2
     0     1     1     1
 1.710E+00 1.625E+00 1.625E+00 1.625E+00
 0.000E+00 0.000E+00 0.000E+00 0.000E+00
 0.000E+00 0.000E+00 0.000E+00 0.000E+00
 0.000E+00 0.000E+00 0.000E+00 0.000E+00
      115.555008     -1.357736    -0.427955
 6
       4
     2     2     2     2
     0     1     1     1
 1.710E+00 1.625E+00 1.625E+00 1.625E+00
 0.000E+00 0.000E+00 0.000E+00 0.000E+00
 0.000E+00 0.000E+00 0.000E+00 0.000E+00
 0.000E+00 0.000E+00 0.000E+00 0.000E+00
      115.903876     2.989977    0.583937
 6
       4
     2     2     2     2
     0     1     1     1
 1.710E+00 1.625E+00 1.625E+00 1.625E+00
 0.000E+00 0.000E+00 0.000E+00 0.000E+00
 0.000E+00 0.000E+00 0.000E+00 0.000E+00
 0.000E+00 0.000E+00 0.000E+00 0.000E+00
      118.573465     2.730739    0.610941
 6
       4
     2     2     2     2
     0     1     1     1
 1.710E+00 1.625E+00 1.625E+00 1.625E+00
 0.000E+00 0.000E+00 0.000E+00 0.000E+00
 0.000E+00 0.000E+00 0.000E+00 0.000E+00
 0.000E+00 0.000E+00 0.000E+00 0.000E+00
      118.134064     -1.675248    -0.435251
 6
       4
     2     2     2     2
     0     1     1     1
 1.710E+00 1.625E+00 1.625E+00 1.625E+00
 0.000E+00 0.000E+00 0.000E+00 0.000E+00
 0.000E+00 0.000E+00 0.000E+00 0.000E+00
 0.000E+00 0.000E+00 0.000E+00 0.000E+00
      119.733245     0.418021    0.164952
 6
       4
     2     2     2     2
     0     1     1     1
 1.710E+00 1.625E+00 1.625E+00 1.625E+00
 0.000E+00 0.000E+00 0.000E+00 0.000E+00
 0.000E+00 0.000E+00 0.000E+00 0.000E+00
 0.000E+00 0.000E+00 0.000E+00 0.000E+00
      122.470632     0.144294    0.150605
 6
       4
     2     2     2     2
     0     1     1     1
 1.710E+00 1.625E+00 1.625E+00 1.625E+00
 0.000E+00 0.000E+00 0.000E+00 0.000E+00
 0.000E+00 0.000E+00 0.000E+00 0.000E+00
 0.000E+00 0.000E+00 0.000E+00 0.000E+00
      124.629653     -0.102990    0.033407
 6
       4
     2     2     2     2
     0     1     1     1
 1.710E+00 1.625E+00 1.625E+00 1.625E+00
 0.000E+00 0.000E+00 0.000E+00 0.000E+00
 0.000E+00 0.000E+00 0.000E+00 0.000E+00
 0.000E+00 0.000E+00 0.000E+00 0.000E+00
      127.404640     -0.245984    -0.129648
 6
       4
     2     2     2     2
     0     1     1     1
 1.710E+00 1.625E+00 1.625E+00 1.625E+00
 0.000E+00 0.000E+00 0.000E+00 0.000E+00
 0.000E+00 0.000E+00 0.000E+00 0.000E+00
 0.000E+00 0.000E+00 0.000E+00 0.000E+00
      128.732398     -2.354551    -1.125451
 6
       4
     2     2     2     2
     0     1     1     1
 1.710E+00 1.625E+00 1.625E+00 1.625E+00
 0.000E+00 0.000E+00 0.000E+00 0.000E+00
 0.000E+00 0.000E+00 0.000E+00 0.000E+00
 0.000E+00 0.000E+00 0.000E+00 0.000E+00
      129.028578     1.791955    0.515313
 6
       4
     2     2     2     2
     0     1     1     1
 1.710E+00 1.625E+00 1.625E+00 1.625E+00
 0.000E+00 0.000E+00 0.000E+00 0.000E+00
 0.000E+00 0.000E+00 0.000E+00 0.000E+00
 0.000E+00 0.000E+00 0.000E+00 0.000E+00
      131.617331     1.656961    0.529720
 6
       4
     2     2     2     2
     0     1     1     1
 1.710E+00 1.625E+00 1.625E+00 1.625E+00
 0.000E+00 0.000E+00 0.000E+00 0.000E+00
 0.000E+00 0.000E+00 0.000E+00 0.000E+00
 0.000E+00 0.000E+00 0.000E+00 0.000E+00
      131.401103     -2.559252    -1.068672
 6
       4
     2     2     2     2
     0     1     1     1
 1.710E+00 1.625E+00 1.625E+00 1.625E+00
 0.000E+00 0.000E+00 0.000E+00 0.000E+00
 0.000E+00 0.000E+00 0.000E+00 0.000E+00
 0.000E+00 0.000E+00 0.000E+00 0.000E+00
      132.996542     -0.627854    -0.017308
 6
       4
     2     2     2     2
     0     1     1     1
 1.710E+00 1.625E+00 1.625E+00 1.625E+00
 0.000E+00 0.000E+00 0.000E+00 0.000E+00
 0.000E+00 0.000E+00 0.000E+00 0.000E+00
 0.000E+00 0.000E+00 0.000E+00 0.000E+00
      135.737517     -0.908724    0.291846
 1
       1
     1
     0
 1.300E+00
 0.000E+00
 0.000E+00
 0.000E+00
      75.386493     3.997335    -0.769704
 1
       1
     1
     0
 1.300E+00
 0.000E+00
 0.000E+00
 0.000E+00
      79.898985     3.828781    -0.624150
 6
       4
     2     2     2     2
     0     1     1     1
 1.710E+00 1.625E+00 1.625E+00 1.625E+00
 0.000E+00 0.000E+00 0.000E+00 0.000E+00
 0.000E+00 0.000E+00 0.000E+00 0.000E+00
 0.000E+00 0.000E+00 0.000E+00 0.000E+00
      71.731206     0.264237    -0.003798
 1
       1
     1
     0
 1.300E+00
 0.000E+00
 0.000E+00
 0.000E+00
      74.620717     -3.650832    1.210266
 1
       1
     1
     0
 1.300E+00
 0.000E+00
 0.000E+00
 0.000E+00
      79.267788     -4.168034    1.706525
 1
       1
     1
     0
 1.300E+00
 0.000E+00
 0.000E+00
 0.000E+00
      88.018826     3.757871    -1.594203
 1
       1
     1
     0
 1.300E+00
 0.000E+00
 0.000E+00
 0.000E+00
      88.708447     -3.743194    1.507448
 1
       1
     1
     0
 1.300E+00
 0.000E+00
 0.000E+00
 0.000E+00
      92.624152     4.100452    -1.877021
 1
       1
     1
     0
 1.300E+00
 0.000E+00
 0.000E+00
 0.000E+00
      93.229167     -3.552732    0.899631
 1
       1
     1
     0
 1.300E+00
 0.000E+00
 0.000E+00
 0.000E+00
      101.592259     4.253282    -1.022975
 1
       1
     1
     0
 1.300E+00
 0.000E+00
 0.000E+00
 0.000E+00
      106.245582     4.201161    -1.434334
 1
       1
     1
     0
 1.300E+00
 0.000E+00
 0.000E+00
 0.000E+00
      101.649483     -3.678643    1.125252
 1
       1
     1
     0
 1.300E+00
 0.000E+00
 0.000E+00
 0.000E+00
      106.271564     -3.532435    1.383661
 1
       1
     1
     0
 1.300E+00
 0.000E+00
 0.000E+00
 0.000E+00
      115.079806     4.890189    0.940462
 1
       1
     1
     0
 1.300E+00
 0.000E+00
 0.000E+00
 0.000E+00
      114.326780     -3.139156    -0.689701
 1
       1
     1
     0
 1.300E+00
 0.000E+00
 0.000E+00
 0.000E+00
      119.723516     4.344858    1.162969
 1
       1
     1
     0
 1.300E+00
 0.000E+00
 0.000E+00
 0.000E+00
      118.999551     -3.632152    -0.837861
 1
       1
     1
     0
 1.300E+00
 0.000E+00
 0.000E+00
 0.000E+00
      128.395083     3.560539    1.246461
 1
       1
     1
     0
 1.300E+00
 0.000E+00
 0.000E+00
 0.000E+00
      127.856398     -3.909070    -2.071219
 1
       1
     1
     0
 1.300E+00
 0.000E+00
 0.000E+00
 0.000E+00
      132.735555     3.173834    1.079527
 1
       1
     1
     0
 1.300E+00
 0.000E+00
 0.000E+00
 0.000E+00
      132.512963     -4.235702    -1.783274
 1
       1
     1
     0
 1.300E+00
 0.000E+00
 0.000E+00
 0.000E+00
      141.325312     1.821042    3.124375
 1
       1
     1
     0
 1.300E+00
 0.000E+00
 0.000E+00
 0.000E+00
      140.811949     -4.122382    -2.410071
 1
       1
     1
     0
 1.300E+00
 0.000E+00
 0.000E+00
 0.000E+00
      148.523868     -1.378657    0.170786
 1
       1
     1
     0
 1.300E+00
 0.000E+00
 0.000E+00
 0.000E+00
      145.973617     1.669180    3.124167
 1
       1
     1
     0
 1.300E+00
 0.000E+00
 0.000E+00
 0.000E+00
      145.572738     -4.230858    -2.554847
 6
       4
     2     2     2     2
     0     1     1     1
 1.710E+00 1.625E+00 1.625E+00 1.625E+00
 0.000E+00 0.000E+00 0.000E+00 0.000E+00
 0.000E+00 0.000E+00 0.000E+00 0.000E+00
 0.000E+00 0.000E+00 0.000E+00 0.000E+00
      137.887746     -1.106576    0.453519
 6
       4
     2     2     2     2
     0     1     1     1
 1.710E+00 1.625E+00 1.625E+00 1.625E+00
 0.000E+00 0.000E+00 0.000E+00 0.000E+00
 0.000E+00 0.000E+00 0.000E+00 0.000E+00
 0.000E+00 0.000E+00 0.000E+00 0.000E+00
      140.703362     -1.168898    0.447444
 6
       4
     2     2     2     2
     0     1     1     1
 1.710E+00 1.625E+00 1.625E+00 1.625E+00
 0.000E+00 0.000E+00 0.000E+00 0.000E+00
 0.000E+00 0.000E+00 0.000E+00 0.000E+00
 0.000E+00 0.000E+00 0.000E+00 0.000E+00
      141.924089     -2.848144    -1.229529
 6
       4
     2     2     2     2
     0     1     1     1
 1.710E+00 1.625E+00 1.625E+00 1.625E+00
 0.000E+00 0.000E+00 0.000E+00 0.000E+00
 0.000E+00 0.000E+00 0.000E+00 0.000E+00
 0.000E+00 0.000E+00 0.000E+00 0.000E+00
      142.176205     0.501040    1.920315
 6
       4
     2     2     2     2
     0     1     1     1
 1.710E+00 1.625E+00 1.625E+00 1.625E+00
 0.000E+00 0.000E+00 0.000E+00 0.000E+00
 0.000E+00 0.000E+00 0.000E+00 0.000E+00
 0.000E+00 0.000E+00 0.000E+00 0.000E+00
      144.803094     0.405206    1.789417
 6
       4
     2     2     2     2
     0     1     1     1
 1.710E+00 1.625E+00 1.625E+00 1.625E+00
 0.000E+00 0.000E+00 0.000E+00 0.000E+00
 0.000E+00 0.000E+00 0.000E+00 0.000E+00
 0.000E+00 0.000E+00 0.000E+00 0.000E+00
      144.584381     -2.890211    -1.370458
 6
       4
     2     2     2     2
     0     1     1     1
 1.710E+00 1.625E+00 1.625E+00 1.625E+00
 0.000E+00 0.000E+00 0.000E+00 0.000E+00
 0.000E+00 0.000E+00 0.000E+00 0.000E+00
 0.000E+00 0.000E+00 0.000E+00 0.000E+00
      145.963654     -1.394737    0.260714
# LCAO coefficients .. are not included.
         1
        1        -0.000151037960748   k=         1
        2        -0.002047478184612   k=         1
        3        -0.001648113702424   k=         1
        4        0.011269331781393   k=         1
        5        0.001327914066261   k=         1
        6        0.003203763713389   k=         1
        7        -0.007117051468487   k=         1
        8        0.012375366919615   k=         1
        9        -0.001307070789069   k=         1
        10        -0.000730849652639   k=         1
        11        -0.006285649407725   k=         1
        12        0.009030961276855   k=         1
        13        -0.000416762234527   k=         1
        14        -0.001294608320907   k=         1
        15        0.001407712749127   k=         1
        16        -0.003201555524356   k=         1
        17        -0.000050564414612   k=         1
        18        -0.000719626367463   k=         1
        19        0.003852493405275   k=         1
        20        -0.014206215305452   k=         1
        21        0.000156957548037   k=         1
        22        -0.000429029373663   k=         1
        23        0.001963421397791   k=         1
        24        -0.004103857758793   k=         1
        25        0.000719660307496   k=         1
        26        0.004642603955261   k=         1
        27        -0.006935375489942   k=         1
        28        -0.025395907666678   k=         1
        29        -0.001148416413274   k=         1
        30        -0.001093723767046   k=         1
        31        -0.002061719851067   k=         1
        32        -0.014093894450099   k=         1
        33        0.000296928781874   k=         1
        34        0.001510362218723   k=         1
        35        0.015452552102374   k=         1
        36        0.041669737997136   k=         1
        37        0.000320010548792   k=         1
        38        -0.000485645284204   k=         1
        39        0.004957175710817   k=         1
        40        0.016627619672609   k=         1
        41        -0.000308397993766   k=         1
        42        -0.003553633408145   k=         1
        43        0.003691506696567   k=         1
        44        0.017235186829237   k=         1
        45        -0.001133830701415   k=         1
        46        0.000470636732382   k=         1
        47        -0.007796682103496   k=         1
        48        -0.039283993048451   k=         1
        49        0.000778834673554   k=         1
        50        0.007537421754925   k=         1
        51        -0.003372898252891   k=         1
        52        -0.032069370073997   k=         1
        53        0.000148146095117   k=         1
        54        0.003939318051779   k=         1
        55        -0.018374948478958   k=         1
        56        -0.032296565063352   k=         1
        57        -0.000749462606984   k=         1
        58        -0.004550317228095   k=         1
        59        0.039831567675016   k=         1
        60        0.046459609505805   k=         1
        61        0.000341492844965   k=         1
        62        0.000838308954827   k=         1
        63        0.022406075887139   k=         1
        64        0.031714041806552   k=         1
        65        0.000131002111447   k=         1
        66        -0.009714166691632   k=         1
        67        -0.058717060655781   k=         1
        68        -0.066399541659230   k=         1
        69        -0.002438399525613   k=         1
        70        -0.010651877944100   k=         1
        71        -0.026886854183582   k=         1
        72        -0.028892431023341   k=         1
        73        0.001035013848188   k=         1
        74        -0.004487863238955   k=         1
        75        -0.030171307437695   k=         1
        76        -0.030431103901848   k=         1
        77        -0.001658401058704   k=         1
        78        0.000870736252250   k=         1
        79        0.047289506814625   k=         1
        80        0.047415573753988   k=         1
        81        0.000792774575608   k=         1
        82        0.016342678339057   k=         1
        83        0.041274455682800   k=         1
        84        0.040735923424126   k=         1
        85        0.000109403774069   k=         1
        86        -0.000499288632211   k=         1
        87        0.040948897450159   k=         1
        88        0.066418714550011   k=         1
        89        -0.005279645636261   k=         1
        90        -0.000786138898414   k=         1
        91        -0.030045634315282   k=         1
        92        -0.085338140709009   k=         1
        93        0.003825971346983   k=         1
        94        -0.005695784518900   k=         1
        95        -0.031465834096100   k=         1
        96        -0.066538927809359   k=         1
        97        -0.003391221115564   k=         1
        98        -0.000537595158102   k=         1
        99        0.039849859340679   k=         1
        100        0.121423154418765   k=         1
        101        -0.000079191007693   k=         1
        102        0.001692143529229   k=         1
        103        0.014129972961753   k=         1
        104        0.057794850365027   k=         1
        105        0.000934602082239   k=         1
        106        -0.004461010208088   k=         1
        107        0.008306411210652   k=         1
        108        0.068883531699720   k=         1
        109        -0.002698779614980   k=         1
        110        -0.001182701107596   k=         1
        111        -0.011216946007889   k=         1
        112        -0.085655645246096   k=         1
        113        0.003575688138278   k=         1
        114        -0.001885109017072   k=         1
        115        -0.023310002662432   k=         1
        116        -0.093827053073923   k=         1
        117        0.002026978501914   k=         1
        118        -0.013641593655111   k=         1
        119        -0.028951013221926   k=         1
        120        -0.110778938127999   k=         1
        121        0.000471958228327   k=         1
        122        0.020076806880162   k=         1
        123        0.054904930627268   k=         1
        124        0.135657814954399   k=         1
        125        0.001355222845402   k=         1
        126        0.008724847895757   k=         1
        127        0.032705171387259   k=         1
        128        0.098921306682544   k=         1
        129        0.002606099769767   k=         1
        130        0.007734987760825   k=         1
        131        -0.078179311084752   k=         1
        132        -0.174422048661549   k=         1
        133        0.001657473110667   k=         1
        134        0.036841520782548   k=         1
        135        -0.042932148875494   k=         1
        136        -0.093681996375627   k=         1
        137        -0.000004845727797   k=         1
        138        0.010587178621141   k=         1
        139        -0.035904871576237   k=         1
        140        -0.104140154192201   k=         1
        141        -0.005295484869757   k=         1
        142        -0.016569633494668   k=         1
        143        0.049117893211061   k=         1
        144        0.100233186712975   k=         1
        145        0.005316093872838   k=         1
        146        -0.035011859491884   k=         1
        147        0.056819595797140   k=         1
        148        0.092555111291873   k=         1
        149        -0.001573183660500   k=         1
        150        -0.003706530953394   k=         1
        151        0.100392841228276   k=         1
        152        0.150220176928680   k=         1
        153        0.005433021978836   k=         1
        154        -0.004342940806119   k=         1
        155        -0.048478285365328   k=         1
        156        -0.111585989552501   k=         1
        157        0.001404038160346   k=         1
        158        -0.000395182431547   k=         1
        159        -0.000350944007170   k=         1
        160        -0.001269270616096   k=         1
        161        0.001201231209729   k=         1
        162        -0.001421773627611   k=         1
        163        0.003748233000416   k=         1
        164        0.001893009301960   k=         1
        165        -0.001707214880018   k=         1
        166        -0.002424938455017   k=         1
        167        0.003758065771715   k=         1
        168        0.003802949968983   k=         1
        169        -0.000620746766372   k=         1
        170        -0.004424451124839   k=         1
        171        0.001739912369752   k=         1
        172        0.006024221599036   k=         1
        173        0.000335750566533   k=         1
        174        -0.001421873558282   k=         1
        175        -0.002958933624049   k=         1
        176        -0.008646919545256   k=         1
        177        -0.004519524838751   k=         1
        178        0.002361976939530   k=         1
        179        -0.002883711262640   k=         1
        180        0.004798874515121   k=         1
        181        -0.006394894688650   k=         1
        182        0.017116407197627   k=         1
        183        0.067760127222869   k=         1
        184        -0.004578890496283   k=         1
        185        -0.002427857136617   k=         1
        186        -0.003353829945790   k=         1
        187        -0.000943099693448   k=         1
        188        -0.076469327416934   k=         1
        189        -0.126047696918501   k=         1
        190        0.001878285682795   k=         1
        191        0.005344315027229   k=         1
        192        0.043405398254029   k=         1
        193        0.132313143228680   k=         1
        194        -0.001399415207216   k=         1
        195        0.015067405867980   k=         1
        196        0.027465203134491   k=         1
        197        0.095273165385019   k=         1
        198        0.002887165469936   k=         1
        199        -0.000130228191963   k=         1
        200        0.033429657295327   k=         1
        201        0.098475688743051   k=         1
        202        -0.001100596702203   k=         1
        203        0.000699141531077   k=         1
        204        -0.029944923906918   k=         1
        205        -0.074535230799799   k=         1
        206        0.003163355281135   k=         1
        207        -0.005116340839760   k=         1
        208        -0.031518618384452   k=         1
        209        -0.070393487927606   k=         1
        210        0.000203178907370   k=         1
        211        0.017515694328176   k=         1
        212        -0.035091191073716   k=         1
        213        -0.150419306177977   k=         1
        214        0.000325806453926   k=         1
        215        0.003915952445822   k=         1
        216        0.017697138609323   k=         1
        217        0.082026496039863   k=         1
        218        0.000613505643232   k=         1
        219        -0.004502633490845   k=         1
        220        0.010360164183582   k=         1
        221        0.032472349184936   k=         1
        222        -0.000363783188873   k=         1
        223        -0.004348222418166   k=         1
        224        0.010982668205116   k=         1
        225        0.030988303298622   k=         1
        226        0.000850865981531   k=         1
        227        0.006934149803722   k=         1
        228        -0.015032318310591   k=         1
        229        -0.062171628625637   k=         1
        230        0.001305631452713   k=         1
        231        -0.002158776203380   k=         1
        232        -0.016604090704495   k=         1
        233        -0.065337861016064   k=         1
        234        -0.000785159047961   k=         1
        235        0.005819331821290   k=         1
        236        -0.020518368462409   k=         1
        237        -0.065501004702560   k=         1
        238        0.001536538138752   k=         1
        239        -0.003513101466210   k=         1
        240        -0.008998510825490   k=         1
        241        -0.029758820563385   k=         1
        242        0.000144414627434   k=         1
        243        0.000798681865402   k=         1
        244        -0.010451734994426   k=         1
        245        -0.046989437937288   k=         1
        246        -0.000065131989340   k=         1
        247        -0.000623942999832   k=         1
        248        0.010862099281442   k=         1
        249        0.031267777442318   k=         1
        250        0.000272826738860   k=         1
        251        0.005270107998344   k=         1
        252        0.014692200178235   k=         1
        253        0.026223925535451   k=         1
        254        0.001919441978477   k=         1
        255        0.005152359488299   k=         1
        256        0.011394848806963   k=         1
        257        0.024132317851228   k=         1
        258        0.000074392211627   k=         1
        259        -0.003743269190655   k=         1
        260        -0.006090537703688   k=         1
        261        -0.015734792600146   k=         1
        262        0.000048833276903   k=         1
        263        -0.004899026866997   k=         1
        264        -0.007385864584693   k=         1
        265        -0.014614231153809   k=         1
        266        0.001260001337652   k=         1
        267        0.003704487224685   k=         1
        268        -0.011677789683706   k=         1
        269        -0.038748819232887   k=         1
        270        0.000795923028235   k=         1
        271        -0.004005214212120   k=         1
        272        0.004148947034103   k=         1
        273        0.013052475744008   k=         1
        274        0.000451442399517   k=         1
        275        -0.001560216031004   k=         1
        276        0.007243059121921   k=         1
        277        0.024091397896699   k=         1
        278        0.000154442419817   k=         1
        279        -0.000790974478793   k=         1
        280        -0.003728531667306   k=         1
        281        -0.011733860462028   k=         1
        282        0.000139283604220   k=         1
        283        0.000321763264151   k=         1
        284        -0.003290308052864   k=         1
        285        -0.014852144111422   k=         1
        286        -0.000209445043216   k=         1
        287        -0.001286295372307   k=         1
        288        -0.003124389689696   k=         1
        289        -0.012135374885227   k=         1
        290        0.000063173853636   k=         1
        291        0.000763347197979   k=         1
        292        0.001619607244437   k=         1
        293        0.005261927676938   k=         1
        294        0.000092890171378   k=         1
        295        -0.000559526308477   k=         1
        296        0.001476412162424   k=         1
        297        0.005707471338487   k=         1
        298        0.000003539141048   k=         1
        299        -0.001822387312417   k=         1
        300        0.006695518096852   k=         1
        301        0.015764493725125   k=         1
        302        -0.000342195852693   k=         1
        303        0.000369002643940   k=         1
        304        -0.001818641745168   k=         1
        305        -0.002578255624749   k=         1
        306        0.000739594176380   k=         1
        307        -0.000454137568961   k=         1
        308        -0.004422102791503   k=         1
        309        -0.008847754222092   k=         1
        310        -0.000150707932379   k=         1
        311        0.000416722237444   k=         1
        312        0.000941406847930   k=         1
        313        0.000508374585103   k=         1
        314        -0.000472158850826   k=         1
        315        0.000717163547922   k=         1
        316        -0.001443809540174   k=         1
        317        0.002252608360942   k=         1
        318        0.000465279874180   k=         1
        319        -0.001062133456357   k=         1
        320        -0.001683585645853   k=         1
        321        0.002688648587589   k=         1
        322        -0.000164494046566   k=         1
        323        0.000241953508751   k=         1
        324        0.000020168902163   k=         1
        325        0.000705666296966   k=         1
        326        0.000140536235941   k=         1
        327        -0.000172495770472   k=         1
        328        0.000052320224817   k=         1
        329        0.000631771120179   k=         1
        330        -0.000057270818729   k=         1
        331        0.000089103573053   k=         1
        332        0.000330189108202   k=         1
        333        -0.002152346509760   k=         1
        334        -0.000000954274799   k=         1
        335        0.000068216633294   k=         1
        336        0.000750975991116   k=         1
        337        -0.001908700968590   k=         1
        338        -0.000031572659379   k=         1
        339        -0.000028549488706   k=         1
        340        0.000092717324775   k=         1
        341        0.000263649241551   k=         1
        342        0.000041455834165   k=         1
        343        0.000272291055064   k=         1
        344        -0.001173059134884   k=         1
        345        0.003005646873415   k=         1
        346        0.000047551562563   k=         1
        347        -0.000038769739650   k=         1
        348        -0.000553652456115   k=         1
        349        0.001013262960030   k=         1
        350        0.000012597153797   k=         1
        351        0.000061483631627   k=         1
        352        -0.000396345525272   k=         1
        353        0.000997520922780   k=         1
        354        0.000005837802634   k=         1
        355        0.000087236208230   k=         1
        356        0.000586759814407   k=         1
        357        -0.001895626811855   k=         1
        358        -0.000063822580820   k=         1
        359        0.000128258067133   k=         1
        360        0.000844219737666   k=         1
        361        -0.001883450957045   k=         1
        362        -0.000014969892163   k=         1
        363        0.000599429414294   k=         1
        364        0.000862888046547   k=         1
        365        -0.002475102941287   k=         1
        366        0.000042178655952   k=         1
        367        -0.000436689376206   k=         1
        368        -0.000890866835979   k=         1
        369        0.001623813791009   k=         1
        370        -0.001524054976181   k=         1
        371        -0.001378262427794   k=         1
        372        -0.003870054624048   k=         1
        373        0.004800778810702   k=         1
        374        0.026684656373676   k=         1
        375        0.109135987054328   k=         1
        376        -0.000173987455174   k=         1
        377        -0.003286191831851   k=         1
        378        -0.000537517091139   k=         1
        379        -0.002209113592487   k=         1
        380        -0.002858532977595   k=         1
        381        -0.000297012052122   k=         1
        382        0.000333669604898   k=         1
        383        -0.000096864915522   k=         1
        384        -0.000421176665561   k=         1
        385        0.000802344044888   k=         1
        386        -0.000323312422459   k=         1
        387        0.000223880038362   k=         1
        388        0.000454827019192   k=         1
        389        -0.000461830016225   k=         1
        390        0.000051904881704   k=         1
        391        0.000097372741173   k=         1
        392        -0.000058160857756   k=         1
        393        -0.000101517914462   k=         1
        394        0.000024661140716   k=         1
        395        -0.000058033527190   k=         1
        396        -0.000024629828762   k=         1
        397        -0.000050633963796   k=         1
        398        0.000090900724799   k=         1
        399        0.000025299575806   k=         1
        400        -0.000027457675698   k=         1
        401        -0.000877344748813   k=         1
        402        0.002057567238509   k=         1
        403        0.000005539849718   k=         1
        404        -0.000144115641253   k=         1
        405        0.001046348283761   k=         1
        406        -0.001363215790447   k=         1
        407        0.000055825596521   k=         1
        408        -0.000156784320082   k=         1
        409        0.001220690012457   k=         1
        410        -0.001024566674985   k=         1
        411        -0.000050864014543   k=         1
        412        0.000120520674334   k=         1
        413        0.001020517859398   k=         1
        414        -0.000914255559931   k=         1
        415        0.000003235741313   k=         1
        416        -0.000087588857187   k=         1
        417        -0.000504437592309   k=         1
        418        0.000516100038303   k=         1
        419        -0.000034065802129   k=         1
        420        0.000017224343820   k=         1
        421        -0.000422467022814   k=         1
        422        0.000375137955455   k=         1
        423        0.000067906408419   k=         1
        424        -0.000035725970331   k=         1
        425        -0.001278308314002   k=         1
        426        0.001364502326533   k=         1
