# file_format= v0.04.05
       144       426
    188.97268778      0.00000000      0.00000000    0
      0.00000000    188.97268778      0.00000000    0
      0.00000000      0.00000000    188.97268778    0
 6
       4
     2     2     2     2
     0     1     1     1
 1.710E+00 1.625E+00 1.625E+00 1.625E+00
 0.000E+00 0.000E+00 0.000E+00 0.000E+00
 0.000E+00 0.000E+00 0.000E+00 0.000E+00
 0.000E+00 0.000E+00 0.000E+00 0.000E+00
      1.196531     -0.713404    0.033960
 6
       4
     2     2     2     2
     0     1     1     1
 1.710E+00 1.625E+00 1.625E+00 1.625E+00
 0.000E+00 0.000E+00 0.000E+00 0.000E+00
 0.000E+00 0.000E+00 0.000E+00 0.000E+00
 0.000E+00 0.000E+00 0.000E+00 0.000E+00
      -0.522171     1.103934    0.521118
 6
       4
     2     2     2     2
     0     1     1     1
 1.710E+00 1.625E+00 1.625E+00 1.625E+00
 0.000E+00 0.000E+00 0.000E+00 0.000E+00
 0.000E+00 0.000E+00 0.000E+00 0.000E+00
 0.000E+00 0.000E+00 0.000E+00 0.000E+00
      0.379599     -3.261009    -0.768325
 6
       4
     2     2     2     2
     0     1     1     1
 1.710E+00 1.625E+00 1.625E+00 1.625E+00
 0.000E+00 0.000E+00 0.000E+00 0.000E+00
 0.000E+00 0.000E+00 0.000E+00 0.000E+00
 0.000E+00 0.000E+00 0.000E+00 0.000E+00
      -3.342980     0.640179    0.442205
 6
       4
     2     2     2     2
     0     1     1     1
 1.710E+00 1.625E+00 1.625E+00 1.625E+00
 0.000E+00 0.000E+00 0.000E+00 0.000E+00
 0.000E+00 0.000E+00 0.000E+00 0.000E+00
 0.000E+00 0.000E+00 0.000E+00 0.000E+00
      -4.223745     -1.965156    -0.511955
 6
       4
     2     2     2     2
     0     1     1     1
 1.710E+00 1.625E+00 1.625E+00 1.625E+00
 0.000E+00 0.000E+00 0.000E+00 0.000E+00
 0.000E+00 0.000E+00 0.000E+00 0.000E+00
 0.000E+00 0.000E+00 0.000E+00 0.000E+00
      -2.368165     -3.738205    -0.992235
 6
       4
     2     2     2     2
     0     1     1     1
 1.710E+00 1.625E+00 1.625E+00 1.625E+00
 0.000E+00 0.000E+00 0.000E+00 0.000E+00
 0.000E+00 0.000E+00 0.000E+00 0.000E+00
 0.000E+00 0.000E+00 0.000E+00 0.000E+00
      3.874622     -0.250746    -0.050356
 6
       4
     2     2     2     2
     0     1     1     1
 1.710E+00 1.625E+00 1.625E+00 1.625E+00
 0.000E+00 0.000E+00 0.000E+00 0.000E+00
 0.000E+00 0.000E+00 0.000E+00 0.000E+00
 0.000E+00 0.000E+00 0.000E+00 0.000E+00
      6.040084     -0.037813    -0.179970
 6
       4
     2     2     2     2
     0     1     1     1
 1.710E+00 1.625E+00 1.625E+00 1.625E+00
 0.000E+00 0.000E+00 0.000E+00 0.000E+00
 0.000E+00 0.000E+00 0.000E+00 0.000E+00
 0.000E+00 0.000E+00 0.000E+00 0.000E+00
      8.729217     0.251645    -0.063708
 6
       4
     2     2     2     2
     0     1     1     1
 1.710E+00 1.625E+00 1.625E+00 1.625E+00
 0.000E+00 0.000E+00 0.000E+00 0.000E+00
 0.000E+00 0.000E+00 0.000E+00 0.000E+00
 0.000E+00 0.000E+00 0.000E+00 0.000E+00
      9.884023     2.624304    -0.490323
 6
       4
     2     2     2     2
     0     1     1     1
 1.710E+00 1.625E+00 1.625E+00 1.625E+00
 0.000E+00 0.000E+00 0.000E+00 0.000E+00
 0.000E+00 0.000E+00 0.000E+00 0.000E+00
 0.000E+00 0.000E+00 0.000E+00 0.000E+00
      10.384471     -1.859804    0.618407
 6
       4
     2     2     2     2
     0     1     1     1
 1.710E+00 1.625E+00 1.625E+00 1.625E+00
 0.000E+00 0.000E+00 0.000E+00 0.000E+00
 0.000E+00 0.000E+00 0.000E+00 0.000E+00
 0.000E+00 0.000E+00 0.000E+00 0.000E+00
      12.449464     2.906756    -0.212492
 6
       4
     2     2     2     2
     0     1     1     1
 1.710E+00 1.625E+00 1.625E+00 1.625E+00
 0.000E+00 0.000E+00 0.000E+00 0.000E+00
 0.000E+00 0.000E+00 0.000E+00 0.000E+00
 0.000E+00 0.000E+00 0.000E+00 0.000E+00
      12.985390     -1.557565    0.780325
 6
       4
     2     2     2     2
     0     1     1     1
 1.710E+00 1.625E+00 1.625E+00 1.625E+00
 0.000E+00 0.000E+00 0.000E+00 0.000E+00
 0.000E+00 0.000E+00 0.000E+00 0.000E+00
 0.000E+00 0.000E+00 0.000E+00 0.000E+00
      14.156561     0.927708    0.305448
 6
       4
     2     2     2     2
     0     1     1     1
 1.710E+00 1.625E+00 1.625E+00 1.625E+00
 0.000E+00 0.000E+00 0.000E+00 0.000E+00
 0.000E+00 0.000E+00 0.000E+00 0.000E+00
 0.000E+00 0.000E+00 0.000E+00 0.000E+00
      16.817890     1.265557    0.285052
 6
       4
     2     2     2     2
     0     1     1     1
 1.710E+00 1.625E+00 1.625E+00 1.625E+00
 0.000E+00 0.000E+00 0.000E+00 0.000E+00
 0.000E+00 0.000E+00 0.000E+00 0.000E+00
 0.000E+00 0.000E+00 0.000E+00 0.000E+00
      19.015991     1.287000    0.327932
 6
       4
     2     2     2     2
     0     1     1     1
 1.710E+00 1.625E+00 1.625E+00 1.625E+00
 0.000E+00 0.000E+00 0.000E+00 0.000E+00
 0.000E+00 0.000E+00 0.000E+00 0.000E+00
 0.000E+00 0.000E+00 0.000E+00 0.000E+00
      21.763192     1.331367    0.208766
 6
       4
     2     2     2     2
     0     1     1     1
 1.710E+00 1.625E+00 1.625E+00 1.625E+00
 0.000E+00 0.000E+00 0.000E+00 0.000E+00
 0.000E+00 0.000E+00 0.000E+00 0.000E+00
 0.000E+00 0.000E+00 0.000E+00 0.000E+00
      23.219332     -0.614289    1.463665
 6
       4
     2     2     2     2
     0     1     1     1
 1.710E+00 1.625E+00 1.625E+00 1.625E+00
 0.000E+00 0.000E+00 0.000E+00 0.000E+00
 0.000E+00 0.000E+00 0.000E+00 0.000E+00
 0.000E+00 0.000E+00 0.000E+00 0.000E+00
      23.335453     3.165117    -1.091615
 6
       4
     2     2     2     2
     0     1     1     1
 1.710E+00 1.625E+00 1.625E+00 1.625E+00
 0.000E+00 0.000E+00 0.000E+00 0.000E+00
 0.000E+00 0.000E+00 0.000E+00 0.000E+00
 0.000E+00 0.000E+00 0.000E+00 0.000E+00
      25.901427     2.773963    -1.277629
 6
       4
     2     2     2     2
     0     1     1     1
 1.710E+00 1.625E+00 1.625E+00 1.625E+00
 0.000E+00 0.000E+00 0.000E+00 0.000E+00
 0.000E+00 0.000E+00 0.000E+00 0.000E+00
 0.000E+00 0.000E+00 0.000E+00 0.000E+00
      25.830562     -0.810968    1.489815
 6
       4
     2     2     2     2
     0     1     1     1
 1.710E+00 1.625E+00 1.625E+00 1.625E+00
 0.000E+00 0.000E+00 0.000E+00 0.000E+00
 0.000E+00 0.000E+00 0.000E+00 0.000E+00
 0.000E+00 0.000E+00 0.000E+00 0.000E+00
      27.381559     0.802553    -0.050788
 6
       4
     2     2     2     2
     0     1     1     1
 1.710E+00 1.625E+00 1.625E+00 1.625E+00
 0.000E+00 0.000E+00 0.000E+00 0.000E+00
 0.000E+00 0.000E+00 0.000E+00 0.000E+00
 0.000E+00 0.000E+00 0.000E+00 0.000E+00
      30.161282     0.452034    -0.244054
 6
       4
     2     2     2     2
     0     1     1     1
 1.710E+00 1.625E+00 1.625E+00 1.625E+00
 0.000E+00 0.000E+00 0.000E+00 0.000E+00
 0.000E+00 0.000E+00 0.000E+00 0.000E+00
 0.000E+00 0.000E+00 0.000E+00 0.000E+00
      32.349582     0.181805    -0.070334
 6
       4
     2     2     2     2
     0     1     1     1
 1.710E+00 1.625E+00 1.625E+00 1.625E+00
 0.000E+00 0.000E+00 0.000E+00 0.000E+00
 0.000E+00 0.000E+00 0.000E+00 0.000E+00
 0.000E+00 0.000E+00 0.000E+00 0.000E+00
      35.020102     -0.023427    -0.142861
 6
       4
     2     2     2     2
     0     1     1     1
 1.710E+00 1.625E+00 1.625E+00 1.625E+00
 0.000E+00 0.000E+00 0.000E+00 0.000E+00
 0.000E+00 0.000E+00 0.000E+00 0.000E+00
 0.000E+00 0.000E+00 0.000E+00 0.000E+00
      36.465107     -2.383438    0.544164
 6
       4
     2     2     2     2
     0     1     1     1
 1.710E+00 1.625E+00 1.625E+00 1.625E+00
 0.000E+00 0.000E+00 0.000E+00 0.000E+00
 0.000E+00 0.000E+00 0.000E+00 0.000E+00
 0.000E+00 0.000E+00 0.000E+00 0.000E+00
      36.638363     2.018225    -0.715556
 6
       4
     2     2     2     2
     0     1     1     1
 1.710E+00 1.625E+00 1.625E+00 1.625E+00
 0.000E+00 0.000E+00 0.000E+00 0.000E+00
 0.000E+00 0.000E+00 0.000E+00 0.000E+00
 0.000E+00 0.000E+00 0.000E+00 0.000E+00
      39.277735     1.908839    -0.744291
 6
       4
     2     2     2     2
     0     1     1     1
 1.710E+00 1.625E+00 1.625E+00 1.625E+00
 0.000E+00 0.000E+00 0.000E+00 0.000E+00
 0.000E+00 0.000E+00 0.000E+00 0.000E+00
 0.000E+00 0.000E+00 0.000E+00 0.000E+00
      39.101887     -2.444359    0.710800
 6
       4
     2     2     2     2
     0     1     1     1
 1.710E+00 1.625E+00 1.625E+00 1.625E+00
 0.000E+00 0.000E+00 0.000E+00 0.000E+00
 0.000E+00 0.000E+00 0.000E+00 0.000E+00
 0.000E+00 0.000E+00 0.000E+00 0.000E+00
      40.690893     -0.257298    -0.098878
 6
       4
     2     2     2     2
     0     1     1     1
 1.710E+00 1.625E+00 1.625E+00 1.625E+00
 0.000E+00 0.000E+00 0.000E+00 0.000E+00
 0.000E+00 0.000E+00 0.000E+00 0.000E+00
 0.000E+00 0.000E+00 0.000E+00 0.000E+00
      43.356210     -0.459090    -0.119759
 6
       4
     2     2     2     2
     0     1     1     1
 1.710E+00 1.625E+00 1.625E+00 1.625E+00
 0.000E+00 0.000E+00 0.000E+00 0.000E+00
 0.000E+00 0.000E+00 0.000E+00 0.000E+00
 0.000E+00 0.000E+00 0.000E+00 0.000E+00
      45.546529     -0.459961    -0.194723
 6
       4
     2     2     2     2
     0     1     1     1
 1.710E+00 1.625E+00 1.625E+00 1.625E+00
 0.000E+00 0.000E+00 0.000E+00 0.000E+00
 0.000E+00 0.000E+00 0.000E+00 0.000E+00
 0.000E+00 0.000E+00 0.000E+00 0.000E+00
      48.269021     -0.615102    -0.297067
 6
       4
     2     2     2     2
     0     1     1     1
 1.710E+00 1.625E+00 1.625E+00 1.625E+00
 0.000E+00 0.000E+00 0.000E+00 0.000E+00
 0.000E+00 0.000E+00 0.000E+00 0.000E+00
 0.000E+00 0.000E+00 0.000E+00 0.000E+00
      49.691411     -2.470718    0.819123
 6
       4
     2     2     2     2
     0     1     1     1
 1.710E+00 1.625E+00 1.625E+00 1.625E+00
 0.000E+00 0.000E+00 0.000E+00 0.000E+00
 0.000E+00 0.000E+00 0.000E+00 0.000E+00
 0.000E+00 0.000E+00 0.000E+00 0.000E+00
      49.612535     1.525128    -1.553268
 6
       4
     2     2     2     2
     0     1     1     1
 1.710E+00 1.625E+00 1.625E+00 1.625E+00
 0.000E+00 0.000E+00 0.000E+00 0.000E+00
 0.000E+00 0.000E+00 0.000E+00 0.000E+00
 0.000E+00 0.000E+00 0.000E+00 0.000E+00
      52.171714     1.802164    -1.329375
 6
       4
     2     2     2     2
     0     1     1     1
 1.710E+00 1.625E+00 1.625E+00 1.625E+00
 0.000E+00 0.000E+00 0.000E+00 0.000E+00
 0.000E+00 0.000E+00 0.000E+00 0.000E+00
 0.000E+00 0.000E+00 0.000E+00 0.000E+00
      52.385077     -2.237912    0.623334
 6
       4
     2     2     2     2
     0     1     1     1
 1.710E+00 1.625E+00 1.625E+00 1.625E+00
 0.000E+00 0.000E+00 0.000E+00 0.000E+00
 0.000E+00 0.000E+00 0.000E+00 0.000E+00
 0.000E+00 0.000E+00 0.000E+00 0.000E+00
      53.654393     -0.117686    -0.281365
 6
       4
     2     2     2     2
     0     1     1     1
 1.710E+00 1.625E+00 1.625E+00 1.625E+00
 0.000E+00 0.000E+00 0.000E+00 0.000E+00
 0.000E+00 0.000E+00 0.000E+00 0.000E+00
 0.000E+00 0.000E+00 0.000E+00 0.000E+00
      56.422887     0.112227    -0.108793
 1
       1
     1
     0
 1.300E+00
 0.000E+00
 0.000E+00
 0.000E+00
      -4.349390     2.105157    0.954727
 1
       1
     1
     0
 1.300E+00
 0.000E+00
 0.000E+00
 0.000E+00
      -0.221841     2.835283    1.127575
 1
       1
     1
     0
 1.300E+00
 0.000E+00
 0.000E+00
 0.000E+00
      -6.341265     -1.832849    -0.409855
 1
       1
     1
     0
 1.300E+00
 0.000E+00
 0.000E+00
 0.000E+00
      -2.916545     -5.491924    -1.498691
 1
       1
     1
     0
 1.300E+00
 0.000E+00
 0.000E+00
 0.000E+00
      1.634534     -4.666397    -1.135521
 1
       1
     1
     0
 1.300E+00
 0.000E+00
 0.000E+00
 0.000E+00
      8.620269     4.051255    -0.902038
 1
       1
     1
     0
 1.300E+00
 0.000E+00
 0.000E+00
 0.000E+00
      9.606303     -3.531819    0.893897
 1
       1
     1
     0
 1.300E+00
 0.000E+00
 0.000E+00
 0.000E+00
      13.332724     4.589823    -0.502996
 1
       1
     1
     0
 1.300E+00
 0.000E+00
 0.000E+00
 0.000E+00
      14.163971     -2.938378    1.188632
 1
       1
     1
     0
 1.300E+00
 0.000E+00
 0.000E+00
 0.000E+00
      22.556724     4.661302    -1.985839
 1
       1
     1
     0
 1.300E+00
 0.000E+00
 0.000E+00
 0.000E+00
      26.922852     3.983457    -2.263455
 1
       1
     1
     0
 1.300E+00
 0.000E+00
 0.000E+00
 0.000E+00
      22.249963     -1.882747    2.463564
 1
       1
     1
     0
 1.300E+00
 0.000E+00
 0.000E+00
 0.000E+00
      26.589885     -2.211592    2.507799
 1
       1
     1
     0
 1.300E+00
 0.000E+00
 0.000E+00
 0.000E+00
      35.838064     3.642660    -1.237854
 1
       1
     1
     0
 1.300E+00
 0.000E+00
 0.000E+00
 0.000E+00
      35.556402     -3.973606    1.032985
 1
       1
     1
     0
 1.300E+00
 0.000E+00
 0.000E+00
 0.000E+00
      40.261090     3.511043    -1.249177
 1
       1
     1
     0
 1.300E+00
 0.000E+00
 0.000E+00
 0.000E+00
      39.860722     -4.138141    1.179149
 1
       1
     1
     0
 1.300E+00
 0.000E+00
 0.000E+00
 0.000E+00
      48.610882     2.989894    -2.304432
 1
       1
     1
     0
 1.300E+00
 0.000E+00
 0.000E+00
 0.000E+00
      48.915410     -3.934950    1.809241
 1
       1
     1
     0
 1.300E+00
 0.000E+00
 0.000E+00
 0.000E+00
      52.804385     3.529014    -2.055402
 1
       1
     1
     0
 1.300E+00
 0.000E+00
 0.000E+00
 0.000E+00
      53.359155     -3.695964    1.320716
 1
       1
     1
     0
 1.300E+00
 0.000E+00
 0.000E+00
 0.000E+00
      62.054011     4.255107    -1.211615
 1
       1
     1
     0
 1.300E+00
 0.000E+00
 0.000E+00
 0.000E+00
      62.333596     -3.362000    1.194275
 6
       4
     2     2     2     2
     0     1     1     1
 1.710E+00 1.625E+00 1.625E+00 1.625E+00
 0.000E+00 0.000E+00 0.000E+00 0.000E+00
 0.000E+00 0.000E+00 0.000E+00 0.000E+00
 0.000E+00 0.000E+00 0.000E+00 0.000E+00
      69.787543     0.412161    -0.264618
 1
       1
     1
     0
 1.300E+00
 0.000E+00
 0.000E+00
 0.000E+00
      66.336393     4.227878    -1.397496
 1
       1
     1
     0
 1.300E+00
 0.000E+00
 0.000E+00
 0.000E+00
      66.474594     -3.314536    1.040202
 6
       4
     2     2     2     2
     0     1     1     1
 1.710E+00 1.625E+00 1.625E+00 1.625E+00
 0.000E+00 0.000E+00 0.000E+00 0.000E+00
 0.000E+00 0.000E+00 0.000E+00 0.000E+00
 0.000E+00 0.000E+00 0.000E+00 0.000E+00
      58.635008     0.141616    -0.197539
 6
       4
     2     2     2     2
     0     1     1     1
 1.710E+00 1.625E+00 1.625E+00 1.625E+00
 0.000E+00 0.000E+00 0.000E+00 0.000E+00
 0.000E+00 0.000E+00 0.000E+00 0.000E+00
 0.000E+00 0.000E+00 0.000E+00 0.000E+00
      61.363602     0.344380    -0.186898
 6
       4
     2     2     2     2
     0     1     1     1
 1.710E+00 1.625E+00 1.625E+00 1.625E+00
 0.000E+00 0.000E+00 0.000E+00 0.000E+00
 0.000E+00 0.000E+00 0.000E+00 0.000E+00
 0.000E+00 0.000E+00 0.000E+00 0.000E+00
      62.977568     -1.774506    0.483107
 6
       4
     2     2     2     2
     0     1     1     1
 1.710E+00 1.625E+00 1.625E+00 1.625E+00
 0.000E+00 0.000E+00 0.000E+00 0.000E+00
 0.000E+00 0.000E+00 0.000E+00 0.000E+00
 0.000E+00 0.000E+00 0.000E+00 0.000E+00
      62.766092     2.502638    -0.784091
 6
       4
     2     2     2     2
     0     1     1     1
 1.710E+00 1.625E+00 1.625E+00 1.625E+00
 0.000E+00 0.000E+00 0.000E+00 0.000E+00
 0.000E+00 0.000E+00 0.000E+00 0.000E+00
 0.000E+00 0.000E+00 0.000E+00 0.000E+00
      65.570003     2.582953    -0.917010
 6
       4
     2     2     2     2
     0     1     1     1
 1.710E+00 1.625E+00 1.625E+00 1.625E+00
 0.000E+00 0.000E+00 0.000E+00 0.000E+00
 0.000E+00 0.000E+00 0.000E+00 0.000E+00
 0.000E+00 0.000E+00 0.000E+00 0.000E+00
      65.667776     -1.704552    0.481638
 6
       4
     2     2     2     2
     0     1     1     1
 1.710E+00 1.625E+00 1.625E+00 1.625E+00
 0.000E+00 0.000E+00 0.000E+00 0.000E+00
 0.000E+00 0.000E+00 0.000E+00 0.000E+00
 0.000E+00 0.000E+00 0.000E+00 0.000E+00
      67.047990     0.553244    -0.318324
 6
       4
     2     2     2     2
     0     1     1     1
 1.710E+00 1.625E+00 1.625E+00 1.625E+00
 0.000E+00 0.000E+00 0.000E+00 0.000E+00
 0.000E+00 0.000E+00 0.000E+00 0.000E+00
 0.000E+00 0.000E+00 0.000E+00 0.000E+00
      80.239383     -0.163484    0.682675
 6
       4
     2     2     2     2
     0     1     1     1
 1.710E+00 1.625E+00 1.625E+00 1.625E+00
 0.000E+00 0.000E+00 0.000E+00 0.000E+00
 0.000E+00 0.000E+00 0.000E+00 0.000E+00
 0.000E+00 0.000E+00 0.000E+00 0.000E+00
      78.855503     2.180111    0.146478
 6
       4
     2     2     2     2
     0     1     1     1
 1.710E+00 1.625E+00 1.625E+00 1.625E+00
 0.000E+00 0.000E+00 0.000E+00 0.000E+00
 0.000E+00 0.000E+00 0.000E+00 0.000E+00
 0.000E+00 0.000E+00 0.000E+00 0.000E+00
      78.705997     -2.301437    0.962290
 6
       4
     2     2     2     2
     0     1     1     1
 1.710E+00 1.625E+00 1.625E+00 1.625E+00
 0.000E+00 0.000E+00 0.000E+00 0.000E+00
 0.000E+00 0.000E+00 0.000E+00 0.000E+00
 0.000E+00 0.000E+00 0.000E+00 0.000E+00
      76.265148     2.262017    0.027108
 6
       4
     2     2     2     2
     0     1     1     1
 1.710E+00 1.625E+00 1.625E+00 1.625E+00
 0.000E+00 0.000E+00 0.000E+00 0.000E+00
 0.000E+00 0.000E+00 0.000E+00 0.000E+00
 0.000E+00 0.000E+00 0.000E+00 0.000E+00
      74.701774     0.076130    0.272447
 6
       4
     2     2     2     2
     0     1     1     1
 1.710E+00 1.625E+00 1.625E+00 1.625E+00
 0.000E+00 0.000E+00 0.000E+00 0.000E+00
 0.000E+00 0.000E+00 0.000E+00 0.000E+00
 0.000E+00 0.000E+00 0.000E+00 0.000E+00
      76.006129     -2.291028    0.750945
 6
       4
     2     2     2     2
     0     1     1     1
 1.710E+00 1.625E+00 1.625E+00 1.625E+00
 0.000E+00 0.000E+00 0.000E+00 0.000E+00
 0.000E+00 0.000E+00 0.000E+00 0.000E+00
 0.000E+00 0.000E+00 0.000E+00 0.000E+00
      82.929729     -0.176376    0.724392
 6
       4
     2     2     2     2
     0     1     1     1
 1.710E+00 1.625E+00 1.625E+00 1.625E+00
 0.000E+00 0.000E+00 0.000E+00 0.000E+00
 0.000E+00 0.000E+00 0.000E+00 0.000E+00
 0.000E+00 0.000E+00 0.000E+00 0.000E+00
      85.082384     -0.044267    0.319932
 6
       4
     2     2     2     2
     0     1     1     1
 1.710E+00 1.625E+00 1.625E+00 1.625E+00
 0.000E+00 0.000E+00 0.000E+00 0.000E+00
 0.000E+00 0.000E+00 0.000E+00 0.000E+00
 0.000E+00 0.000E+00 0.000E+00 0.000E+00
      87.754606     0.017994    -0.027883
 6
       4
     2     2     2     2
     0     1     1     1
 1.710E+00 1.625E+00 1.625E+00 1.625E+00
 0.000E+00 0.000E+00 0.000E+00 0.000E+00
 0.000E+00 0.000E+00 0.000E+00 0.000E+00
 0.000E+00 0.000E+00 0.000E+00 0.000E+00
      89.040946     2.282823    -0.686483
 6
       4
     2     2     2     2
     0     1     1     1
 1.710E+00 1.625E+00 1.625E+00 1.625E+00
 0.000E+00 0.000E+00 0.000E+00 0.000E+00
 0.000E+00 0.000E+00 0.000E+00 0.000E+00
 0.000E+00 0.000E+00 0.000E+00 0.000E+00
      89.302191     -2.115439    0.595965
 6
       4
     2     2     2     2
     0     1     1     1
 1.710E+00 1.625E+00 1.625E+00 1.625E+00
 0.000E+00 0.000E+00 0.000E+00 0.000E+00
 0.000E+00 0.000E+00 0.000E+00 0.000E+00
 0.000E+00 0.000E+00 0.000E+00 0.000E+00
      91.678794     2.298498    -0.778331
 6
       4
     2     2     2     2
     0     1     1     1
 1.710E+00 1.625E+00 1.625E+00 1.625E+00
 0.000E+00 0.000E+00 0.000E+00 0.000E+00
 0.000E+00 0.000E+00 0.000E+00 0.000E+00
 0.000E+00 0.000E+00 0.000E+00 0.000E+00
      91.927059     -2.093212    0.693703
 6
       4
     2     2     2     2
     0     1     1     1
 1.710E+00 1.625E+00 1.625E+00 1.625E+00
 0.000E+00 0.000E+00 0.000E+00 0.000E+00
 0.000E+00 0.000E+00 0.000E+00 0.000E+00
 0.000E+00 0.000E+00 0.000E+00 0.000E+00
      93.257698     0.192761    -0.133687
 6
       4
     2     2     2     2
     0     1     1     1
 1.710E+00 1.625E+00 1.625E+00 1.625E+00
 0.000E+00 0.000E+00 0.000E+00 0.000E+00
 0.000E+00 0.000E+00 0.000E+00 0.000E+00
 0.000E+00 0.000E+00 0.000E+00 0.000E+00
      96.040066     0.351608    -0.163078
 6
       4
     2     2     2     2
     0     1     1     1
 1.710E+00 1.625E+00 1.625E+00 1.625E+00
 0.000E+00 0.000E+00 0.000E+00 0.000E+00
 0.000E+00 0.000E+00 0.000E+00 0.000E+00
 0.000E+00 0.000E+00 0.000E+00 0.000E+00
      98.226787     0.376520    -0.388887
 6
       4
     2     2     2     2
     0     1     1     1
 1.710E+00 1.625E+00 1.625E+00 1.625E+00
 0.000E+00 0.000E+00 0.000E+00 0.000E+00
 0.000E+00 0.000E+00 0.000E+00 0.000E+00
 0.000E+00 0.000E+00 0.000E+00 0.000E+00
      100.991914     0.475238    -0.194124
 6
       4
     2     2     2     2
     0     1     1     1
 1.710E+00 1.625E+00 1.625E+00 1.625E+00
 0.000E+00 0.000E+00 0.000E+00 0.000E+00
 0.000E+00 0.000E+00 0.000E+00 0.000E+00
 0.000E+00 0.000E+00 0.000E+00 0.000E+00
      102.454637     -1.421943    0.800029
 6
       4
     2     2     2     2
     0     1     1     1
 1.710E+00 1.625E+00 1.625E+00 1.625E+00
 0.000E+00 0.000E+00 0.000E+00 0.000E+00
 0.000E+00 0.000E+00 0.000E+00 0.000E+00
 0.000E+00 0.000E+00 0.000E+00 0.000E+00
      102.332731     2.909001    -0.754664
 6
       4
     2     2     2     2
     0     1     1     1
 1.710E+00 1.625E+00 1.625E+00 1.625E+00
 0.000E+00 0.000E+00 0.000E+00 0.000E+00
 0.000E+00 0.000E+00 0.000E+00 0.000E+00
 0.000E+00 0.000E+00 0.000E+00 0.000E+00
      104.921918     3.148149    -0.328140
 6
       4
     2     2     2     2
     0     1     1     1
 1.710E+00 1.625E+00 1.625E+00 1.625E+00
 0.000E+00 0.000E+00 0.000E+00 0.000E+00
 0.000E+00 0.000E+00 0.000E+00 0.000E+00
 0.000E+00 0.000E+00 0.000E+00 0.000E+00
      105.146591     -1.204409    0.973400
 6
       4
     2     2     2     2
     0     1     1     1
 1.710E+00 1.625E+00 1.625E+00 1.625E+00
 0.000E+00 0.000E+00 0.000E+00 0.000E+00
 0.000E+00 0.000E+00 0.000E+00 0.000E+00
 0.000E+00 0.000E+00 0.000E+00 0.000E+00
      106.451844     0.955292    0.328712
 6
       4
     2     2     2     2
     0     1     1     1
 1.710E+00 1.625E+00 1.625E+00 1.625E+00
 0.000E+00 0.000E+00 0.000E+00 0.000E+00
 0.000E+00 0.000E+00 0.000E+00 0.000E+00
 0.000E+00 0.000E+00 0.000E+00 0.000E+00
      109.221311     1.130587    0.222717
 6
       4
     2     2     2     2
     0     1     1     1
 1.710E+00 1.625E+00 1.625E+00 1.625E+00
 0.000E+00 0.000E+00 0.000E+00 0.000E+00
 0.000E+00 0.000E+00 0.000E+00 0.000E+00
 0.000E+00 0.000E+00 0.000E+00 0.000E+00
      111.408903     0.968099    0.092699
 6
       4
     2     2     2     2
     0     1     1     1
 1.710E+00 1.625E+00 1.625E+00 1.625E+00
 0.000E+00 0.000E+00 0.000E+00 0.000E+00
 0.000E+00 0.000E+00 0.000E+00 0.000E+00
 0.000E+00 0.000E+00 0.000E+00 0.000E+00
      114.184996     0.791561    -0.047430
 6
       4
     2     2     2     2
     0     1     1     1
 1.710E+00 1.625E+00 1.625E+00 1.625E+00
 0.000E+00 0.000E+00 0.000E+00 0.000E+00
 0.000E+00 0.000E+00 0.000E+00 0.000E+00
 0.000E+00 0.000E+00 0.000E+00 0.000E+00
      115.568761     -1.564281    -0.773280
 6
       4
     2     2     2     2
     0     1     1     1
 1.710E+00 1.625E+00 1.625E+00 1.625E+00
 0.000E+00 0.000E+00 0.000E+00 0.000E+00
 0.000E+00 0.000E+00 0.000E+00 0.000E+00
 0.000E+00 0.000E+00 0.000E+00 0.000E+00
      115.808745     2.839232    0.357364
 6
       4
     2     2     2     2
     0     1     1     1
 1.710E+00 1.625E+00 1.625E+00 1.625E+00
 0.000E+00 0.000E+00 0.000E+00 0.000E+00
 0.000E+00 0.000E+00 0.000E+00 0.000E+00
 0.000E+00 0.000E+00 0.000E+00 0.000E+00
      118.507192     2.664712    0.447909
 6
       4
     2     2     2     2
     0     1     1     1
 1.710E+00 1.625E+00 1.625E+00 1.625E+00
 0.000E+00 0.000E+00 0.000E+00 0.000E+00
 0.000E+00 0.000E+00 0.000E+00 0.000E+00
 0.000E+00 0.000E+00 0.000E+00 0.000E+00
      118.142940     -1.727680    -0.686466
 6
       4
     2     2     2     2
     0     1     1     1
 1.710E+00 1.625E+00 1.625E+00 1.625E+00
 0.000E+00 0.000E+00 0.000E+00 0.000E+00
 0.000E+00 0.000E+00 0.000E+00 0.000E+00
 0.000E+00 0.000E+00 0.000E+00 0.000E+00
      119.767520     0.309484    0.039212
 6
       4
     2     2     2     2
     0     1     1     1
 1.710E+00 1.625E+00 1.625E+00 1.625E+00
 0.000E+00 0.000E+00 0.000E+00 0.000E+00
 0.000E+00 0.000E+00 0.000E+00 0.000E+00
 0.000E+00 0.000E+00 0.000E+00 0.000E+00
      122.404433     0.213087    0.037791
 6
       4
     2     2     2     2
     0     1     1     1
 1.710E+00 1.625E+00 1.625E+00 1.625E+00
 0.000E+00 0.000E+00 0.000E+00 0.000E+00
 0.000E+00 0.000E+00 0.000E+00 0.000E+00
 0.000E+00 0.000E+00 0.000E+00 0.000E+00
      124.605744     0.224698    -0.176984
 6
       4
     2     2     2     2
     0     1     1     1
 1.710E+00 1.625E+00 1.625E+00 1.625E+00
 0.000E+00 0.000E+00 0.000E+00 0.000E+00
 0.000E+00 0.000E+00 0.000E+00 0.000E+00
 0.000E+00 0.000E+00 0.000E+00 0.000E+00
      127.374824     0.090191    -0.100800
 6
       4
     2     2     2     2
     0     1     1     1
 1.710E+00 1.625E+00 1.625E+00 1.625E+00
 0.000E+00 0.000E+00 0.000E+00 0.000E+00
 0.000E+00 0.000E+00 0.000E+00 0.000E+00
 0.000E+00 0.000E+00 0.000E+00 0.000E+00
      128.604981     -2.187622    -0.798676
 6
       4
     2     2     2     2
     0     1     1     1
 1.710E+00 1.625E+00 1.625E+00 1.625E+00
 0.000E+00 0.000E+00 0.000E+00 0.000E+00
 0.000E+00 0.000E+00 0.000E+00 0.000E+00
 0.000E+00 0.000E+00 0.000E+00 0.000E+00
      128.934621     2.093365    0.719302
 6
       4
     2     2     2     2
     0     1     1     1
 1.710E+00 1.625E+00 1.625E+00 1.625E+00
 0.000E+00 0.000E+00 0.000E+00 0.000E+00
 0.000E+00 0.000E+00 0.000E+00 0.000E+00
 0.000E+00 0.000E+00 0.000E+00 0.000E+00
      131.555280     1.837851    0.924607
 6
       4
     2     2     2     2
     0     1     1     1
 1.710E+00 1.625E+00 1.625E+00 1.625E+00
 0.000E+00 0.000E+00 0.000E+00 0.000E+00
 0.000E+00 0.000E+00 0.000E+00 0.000E+00
 0.000E+00 0.000E+00 0.000E+00 0.000E+00
      131.185079     -2.471754    -0.705130
 6
       4
     2     2     2     2
     0     1     1     1
 1.710E+00 1.625E+00 1.625E+00 1.625E+00
 0.000E+00 0.000E+00 0.000E+00 0.000E+00
 0.000E+00 0.000E+00 0.000E+00 0.000E+00
 0.000E+00 0.000E+00 0.000E+00 0.000E+00
      132.787345     -0.442765    0.189256
 6
       4
     2     2     2     2
     0     1     1     1
 1.710E+00 1.625E+00 1.625E+00 1.625E+00
 0.000E+00 0.000E+00 0.000E+00 0.000E+00
 0.000E+00 0.000E+00 0.000E+00 0.000E+00
 0.000E+00 0.000E+00 0.000E+00 0.000E+00
      135.486522     -0.783528    0.221601
 1
       1
     1
     0
 1.300E+00
 0.000E+00
 0.000E+00
 0.000E+00
      75.318890     3.827098    -0.352525
 1
       1
     1
     0
 1.300E+00
 0.000E+00
 0.000E+00
 0.000E+00
      79.963519     3.736168    -0.049222
 6
       4
     2     2     2     2
     0     1     1     1
 1.710E+00 1.625E+00 1.625E+00 1.625E+00
 0.000E+00 0.000E+00 0.000E+00 0.000E+00
 0.000E+00 0.000E+00 0.000E+00 0.000E+00
 0.000E+00 0.000E+00 0.000E+00 0.000E+00
      71.943788     0.181992    -0.017416
 1
       1
     1
     0
 1.300E+00
 0.000E+00
 0.000E+00
 0.000E+00
      75.099652     -3.894969    1.069347
 1
       1
     1
     0
 1.300E+00
 0.000E+00
 0.000E+00
 0.000E+00
      79.359419     -4.179772    1.305134
 1
       1
     1
     0
 1.300E+00
 0.000E+00
 0.000E+00
 0.000E+00
      88.156658     3.828398    -1.178350
 1
       1
     1
     0
 1.300E+00
 0.000E+00
 0.000E+00
 0.000E+00
      88.431984     -3.755832    0.983784
 1
       1
     1
     0
 1.300E+00
 0.000E+00
 0.000E+00
 0.000E+00
      92.489341     3.855039    -1.464441
 1
       1
     1
     0
 1.300E+00
 0.000E+00
 0.000E+00
 0.000E+00
      92.817968     -3.687213    1.128726
 1
       1
     1
     0
 1.300E+00
 0.000E+00
 0.000E+00
 0.000E+00
      101.463886     4.410275    -1.419951
 1
       1
     1
     0
 1.300E+00
 0.000E+00
 0.000E+00
 0.000E+00
      105.620569     4.924533    -0.586565
 1
       1
     1
     0
 1.300E+00
 0.000E+00
 0.000E+00
 0.000E+00
      101.676569     -3.105198    1.334587
 1
       1
     1
     0
 1.300E+00
 0.000E+00
 0.000E+00
 0.000E+00
      106.142241     -2.754308    1.559908
 1
       1
     1
     0
 1.300E+00
 0.000E+00
 0.000E+00
 0.000E+00
      115.095097     4.543480    0.790841
 1
       1
     1
     0
 1.300E+00
 0.000E+00
 0.000E+00
 0.000E+00
      114.408019     -3.074590    -1.244290
 1
       1
     1
     0
 1.300E+00
 0.000E+00
 0.000E+00
 0.000E+00
      119.450355     4.247828    0.773726
 1
       1
     1
     0
 1.300E+00
 0.000E+00
 0.000E+00
 0.000E+00
      119.133914     -3.406800    -0.976777
 1
       1
     1
     0
 1.300E+00
 0.000E+00
 0.000E+00
 0.000E+00
      128.094592     3.699392    1.204194
 1
       1
     1
     0
 1.300E+00
 0.000E+00
 0.000E+00
 0.000E+00
      127.705337     -3.745771    -1.342286
 1
       1
     1
     0
 1.300E+00
 0.000E+00
 0.000E+00
 0.000E+00
      132.746253     3.129770    1.588141
 1
       1
     1
     0
 1.300E+00
 0.000E+00
 0.000E+00
 0.000E+00
      131.983348     -4.129665    -1.267863
 1
       1
     1
     0
 1.300E+00
 0.000E+00
 0.000E+00
 0.000E+00
      140.647609     1.477477    3.065190
 1
       1
     1
     0
 1.300E+00
 0.000E+00
 0.000E+00
 0.000E+00
      140.486612     -4.334215    -1.807073
 1
       1
     1
     0
 1.300E+00
 0.000E+00
 0.000E+00
 0.000E+00
      147.605254     -1.092090    0.259331
 1
       1
     1
     0
 1.300E+00
 0.000E+00
 0.000E+00
 0.000E+00
      145.494953     1.783642    2.743024
 1
       1
     1
     0
 1.300E+00
 0.000E+00
 0.000E+00
 0.000E+00
      145.392691     -4.253435    -2.179181
 6
       4
     2     2     2     2
     0     1     1     1
 1.710E+00 1.625E+00 1.625E+00 1.625E+00
 0.000E+00 0.000E+00 0.000E+00 0.000E+00
 0.000E+00 0.000E+00 0.000E+00 0.000E+00
 0.000E+00 0.000E+00 0.000E+00 0.000E+00
      137.635080     -1.125447    0.275008
 6
       4
     2     2     2     2
     0     1     1     1
 1.710E+00 1.625E+00 1.625E+00 1.625E+00
 0.000E+00 0.000E+00 0.000E+00 0.000E+00
 0.000E+00 0.000E+00 0.000E+00 0.000E+00
 0.000E+00 0.000E+00 0.000E+00 0.000E+00
      140.242106     -1.288859    0.350397
 6
       4
     2     2     2     2
     0     1     1     1
 1.710E+00 1.625E+00 1.625E+00 1.625E+00
 0.000E+00 0.000E+00 0.000E+00 0.000E+00
 0.000E+00 0.000E+00 0.000E+00 0.000E+00
 0.000E+00 0.000E+00 0.000E+00 0.000E+00
      141.737367     -3.160300    -1.044663
 6
       4
     2     2     2     2
     0     1     1     1
 1.710E+00 1.625E+00 1.625E+00 1.625E+00
 0.000E+00 0.000E+00 0.000E+00 0.000E+00
 0.000E+00 0.000E+00 0.000E+00 0.000E+00
 0.000E+00 0.000E+00 0.000E+00 0.000E+00
      141.649873     0.424138    1.876970
 6
       4
     2     2     2     2
     0     1     1     1
 1.710E+00 1.625E+00 1.625E+00 1.625E+00
 0.000E+00 0.000E+00 0.000E+00 0.000E+00
 0.000E+00 0.000E+00 0.000E+00 0.000E+00
 0.000E+00 0.000E+00 0.000E+00 0.000E+00
      144.358474     0.518690    1.731872
 6
       4
     2     2     2     2
     0     1     1     1
 1.710E+00 1.625E+00 1.625E+00 1.625E+00
 0.000E+00 0.000E+00 0.000E+00 0.000E+00
 0.000E+00 0.000E+00 0.000E+00 0.000E+00
 0.000E+00 0.000E+00 0.000E+00 0.000E+00
      144.249319     -3.132117    -1.230648
 6
       4
     2     2     2     2
     0     1     1     1
 1.710E+00 1.625E+00 1.625E+00 1.625E+00
 0.000E+00 0.000E+00 0.000E+00 0.000E+00
 0.000E+00 0.000E+00 0.000E+00 0.000E+00
 0.000E+00 0.000E+00 0.000E+00 0.000E+00
      145.843179     -1.278332    0.235802
# LCAO coefficients .. are not included.
         1
        1        -0.000327874073036   k=         1
        2        -0.001393729587215   k=         1
        3        0.000333904557388   k=         1
        4        -0.012433468519612   k=         1
        5        -0.000579322650993   k=         1
        6        -0.001010581436176   k=         1
        7        0.004365112194300   k=         1
        8        -0.008166859960018   k=         1
        9        0.001330140681244   k=         1
        10        0.003236843688139   k=         1
        11        0.010200283208840   k=         1
        12        -0.018778500737785   k=         1
        13        0.000239720645526   k=         1
        14        -0.000487509863339   k=         1
        15        -0.004698270438498   k=         1
        16        0.010483928093641   k=         1
        17        -0.000353972190763   k=         1
        18        0.000091871679194   k=         1
        19        -0.004741546697706   k=         1
        20        0.016419805326607   k=         1
        21        -0.000581271934998   k=         1
        22        -0.001633610761075   k=         1
        23        -0.000834868592899   k=         1
        24        -0.000550272619846   k=         1
        25        0.000054403838415   k=         1
        26        0.002271557192230   k=         1
        27        0.006130625356258   k=         1
        28        0.025723715933140   k=         1
        29        -0.000174710457588   k=         1
        30        -0.000020406095581   k=         1
        31        0.001822205224757   k=         1
        32        0.015973012033422   k=         1
        33        -0.000032836531520   k=         1
        34        0.003640381442301   k=         1
        35        -0.008697630453240   k=         1
        36        -0.034537354178505   k=         1
        37        0.000414995423849   k=         1
        38        0.002757019126774   k=         1
        39        -0.003644179725448   k=         1
        40        -0.018679170332511   k=         1
        41        -0.000019312826757   k=         1
        42        0.002857847609135   k=         1
        43        -0.003771819245550   k=         1
        44        -0.016643535745911   k=         1
        45        0.000697430478256   k=         1
        46        -0.002319725786759   k=         1
        47        0.003652740783930   k=         1
        48        0.023009138850151   k=         1
        49        -0.000504628349598   k=         1
        50        -0.003130085935970   k=         1
        51        0.002846528621515   k=         1
        52        0.021343872855947   k=         1
        53        -0.000033771964774   k=         1
        54        -0.000653749641229   k=         1
        55        0.008263753239084   k=         1
        56        0.032146338212345   k=         1
        57        0.000464855406259   k=         1
        58        0.000219929106928   k=         1
        59        -0.010631512096404   k=         1
        60        -0.023273337022554   k=         1
        61        -0.000312490260015   k=         1
        62        0.000066955692269   k=         1
        63        -0.008508671690877   k=         1
        64        -0.027417200402524   k=         1
        65        -0.000040953328816   k=         1
        66        0.000580744871240   k=         1
        67        0.013943856479389   k=         1
        68        0.025182664080071   k=         1
        69        0.000120886477941   k=         1
        70        -0.000658905991160   k=         1
        71        0.014766417908447   k=         1
        72        0.017652775351709   k=         1
        73        -0.000473726644369   k=         1
        74        0.004247803864014   k=         1
        75        0.012276682573392   k=         1
        76        0.015340350649388   k=         1
        77        0.000646723626606   k=         1
        78        -0.002851578865722   k=         1
        79        -0.009511861622486   k=         1
        80        -0.012550322275854   k=         1
        81        -0.000430878824183   k=         1
        82        -0.000400552368977   k=         1
        83        -0.009247769942153   k=         1
        84        -0.010618153396553   k=         1
        85        0.000203193408787   k=         1
        86        -0.005099058524367   k=         1
        87        -0.019866388761136   k=         1
        88        -0.025408493661374   k=         1
        89        -0.000755253978196   k=         1
        90        0.001200269511921   k=         1
        91        0.007129330528872   k=         1
        92        0.011265601242907   k=         1
        93        0.000885322704378   k=         1
        94        0.000549455031540   k=         1
        95        0.013366060180072   k=         1
        96        0.016697164136385   k=         1
        97        -0.000083390690194   k=         1
        98        -0.000051017384399   k=         1
        99        -0.004549936826494   k=         1
        100        -0.009701084282931   k=         1
        101        0.000988521930787   k=         1
        102        -0.000734611809188   k=         1
        103        -0.001259078973076   k=         1
        104        -0.011884237204817   k=         1
        105        -0.000777498649407   k=         1
        106        0.001507689973433   k=         1
        107        -0.002428969928607   k=         1
        108        -0.014121816084046   k=         1
        109        0.000077761392014   k=         1
        110        -0.000548463555448   k=         1
        111        0.001085213906922   k=         1
        112        0.003889815139594   k=         1
        113        0.000034787028611   k=         1
        114        0.000239986766172   k=         1
        115        0.000929420692703   k=         1
        116        0.003623954357638   k=         1
        117        -0.000174199693503   k=         1
        118        0.000880240088592   k=         1
        119        0.005487491947879   k=         1
        120        0.015140497884607   k=         1
        121        0.000072836716202   k=         1
        122        -0.000155471767678   k=         1
        123        0.001484840060474   k=         1
        124        -0.000030418624654   k=         1
        125        -0.000067419152884   k=         1
        126        -0.000278289557070   k=         1
        127        -0.002591376701018   k=         1
        128        -0.009049288301764   k=         1
        129        0.000113778770914   k=         1
        130        -0.000424078036790   k=         1
        131        -0.003475064590730   k=         1
        132        -0.004123609851316   k=         1
        133        0.000153944422195   k=         1
        134        -0.000245218516902   k=         1
        135        0.002320776315467   k=         1
        136        0.002557781547536   k=         1
        137        -0.000194443391905   k=         1
        138        0.000810980131768   k=         1
        139        0.001162729613556   k=         1
        140        0.000587989877394   k=         1
        141        0.000023142903162   k=         1
        142        -0.001297052721994   k=         1
        143        0.001588289232736   k=         1
        144        0.003202053953664   k=         1
        145        -0.000039216929244   k=         1
        146        0.000150291366238   k=         1
        147        0.002994948204449   k=         1
        148        0.006607974381353   k=         1
        149        0.000030387829964   k=         1
        150        0.000270964958031   k=         1
        151        0.000416046506398   k=         1
        152        0.001009248909188   k=         1
        153        -0.000443392236303   k=         1
        154        0.000075358600428   k=         1
        155        -0.003082710300797   k=         1
        156        -0.011057084335848   k=         1
        157        -0.000576134388087   k=         1
        158        0.001158110646881   k=         1
        159        -0.000547641830404   k=         1
        160        0.001440010033627   k=         1
        161        -0.000223266408847   k=         1
        162        0.000390047801611   k=         1
        163        -0.000772032716070   k=         1
        164        -0.000887577732161   k=         1
        165        -0.000168409611415   k=         1
        166        0.000356249622980   k=         1
        167        -0.000441773766838   k=         1
        168        -0.000723609079134   k=         1
        169        0.000870605279439   k=         1
        170        0.000391524030601   k=         1
        171        -0.000560034034214   k=         1
        172        -0.000941242457920   k=         1
        173        0.000696602907921   k=         1
        174        -0.000016324544719   k=         1
        175        -0.000393375259247   k=         1
        176        -0.000459273776165   k=         1
        177        0.000265870458363   k=         1
        178        0.000041600696843   k=         1
        179        -0.000527541430742   k=         1
        180        -0.000264572262665   k=         1
        181        -0.001110092915566   k=         1
        182        0.003577893129353   k=         1
        183        0.020657694440042   k=         1
        184        -0.000221069393657   k=         1
        185        0.000184790321458   k=         1
        186        0.000269089087517   k=         1
        187        0.000138792529823   k=         1
        188        -0.001167552315219   k=         1
        189        -0.004415002913438   k=         1
        190        -0.000024198920640   k=         1
        191        -0.000433451774399   k=         1
        192        0.004271650021677   k=         1
        193        0.015676339981171   k=         1
        194        -0.000062084298653   k=         1
        195        0.000402349765640   k=         1
        196        0.002062876388221   k=         1
        197        0.004778774377430   k=         1
        198        -0.000065984295439   k=         1
        199        0.000487727897951   k=         1
        200        0.002250809037118   k=         1
        201        0.007920377752536   k=         1
        202        0.000383410572149   k=         1
        203        -0.000394028987624   k=         1
        204        -0.004426279938078   k=         1
        205        -0.013342955617028   k=         1
        206        -0.000289409078416   k=         1
        207        -0.000760538442102   k=         1
        208        -0.004788862239714   k=         1
        209        -0.011038375021949   k=         1
        210        -0.000082503750550   k=         1
        211        -0.000200842087909   k=         1
        212        -0.003317850760170   k=         1
        213        -0.012140737905040   k=         1
        214        0.000055015286909   k=         1
        215        -0.002142304416796   k=         1
        216        0.004993740721300   k=         1
        217        0.025593005658847   k=         1
        218        -0.000280264113865   k=         1
        219        -0.000455484682381   k=         1
        220        0.003591363811458   k=         1
        221        0.020068288382856   k=         1
        222        -0.000294114048250   k=         1
        223        -0.001116649293393   k=         1
        224        0.002469476791379   k=         1
        225        0.018514466779800   k=         1
        226        -0.000132029220402   k=         1
        227        0.000097842259137   k=         1
        228        -0.002384136921583   k=         1
        229        -0.011554202070424   k=         1
        230        -0.000176152005570   k=         1
        231        0.003406253897692   k=         1
        232        -0.004639878996039   k=         1
        233        -0.029081088848772   k=         1
        234        0.000363908667666   k=         1
        235        0.000504280256059   k=         1
        236        -0.003255105908950   k=         1
        237        -0.017933489237260   k=         1
        238        -0.001251407717076   k=         1
        239        -0.001166809123984   k=         1
        240        -0.005599143914812   k=         1
        241        -0.023152990665382   k=         1
        242        0.000312244120643   k=         1
        243        -0.006004493207888   k=         1
        244        -0.005125897023502   k=         1
        245        -0.022393256741392   k=         1
        246        -0.000992757067626   k=         1
        247        0.004132041066507   k=         1
        248        0.006798605073440   k=         1
        249        0.024764882226357   k=         1
        250        0.000533160166987   k=         1
        251        -0.000636657792481   k=         1
        252        0.005042115320595   k=         1
        253        0.018795881399292   k=         1
        254        0.000399002859781   k=         1
        255        -0.002828146561984   k=         1
        256        0.005773912723223   k=         1
        257        0.017411538505713   k=         1
        258        -0.000580210550399   k=         1
        259        0.000423969743568   k=         1
        260        -0.005123397228269   k=         1
        261        -0.014065659684120   k=         1
        262        -0.000789323373516   k=         1
        263        0.002171449845152   k=         1
        264        -0.004040932350241   k=         1
        265        -0.013106394733839   k=         1
        266        0.000551643127446   k=         1
        267        -0.000921498336751   k=         1
        268        -0.009877910752848   k=         1
        269        -0.027401725009611   k=         1
        270        0.000276124745992   k=         1
        271        0.001706641497115   k=         1
        272        0.004723545948666   k=         1
        273        0.012158211956786   k=         1
        274        -0.000731985737012   k=         1
        275        0.000735855843354   k=         1
        276        0.006954804320230   k=         1
        277        0.018824155651034   k=         1
        278        0.000238241677852   k=         1
        279        0.001197364578980   k=         1
        280        -0.004346034042989   k=         1
        281        -0.011446674412103   k=         1
        282        -0.000190885582140   k=         1
        283        0.002551813608708   k=         1
        284        -0.005342522335527   k=         1
        285        -0.012260858099204   k=         1
        286        0.000121016010038   k=         1
        287        0.003385869328025   k=         1
        288        -0.002894878993149   k=         1
        289        -0.010130810568771   k=         1
        290        0.000076554603640   k=         1
        291        -0.001856235303753   k=         1
        292        0.001016424451826   k=         1
        293        0.004229290668828   k=         1
        294        0.000027379239202   k=         1
        295        -0.001213963127560   k=         1
        296        0.002138306460644   k=         1
        297        0.006567099297357   k=         1
        298        -0.000136704169357   k=         1
        299        0.000674357222286   k=         1
        300        0.004022592427489   k=         1
        301        0.014914444082725   k=         1
        302        0.000304682605439   k=         1
        303        -0.000882245459984   k=         1
        304        -0.001278986924286   k=         1
        305        -0.003359069107726   k=         1
        306        -0.000016362795713   k=         1
        307        -0.000687024239441   k=         1
        308        -0.002685879663153   k=         1
        309        -0.009140001594791   k=         1
        310        0.000076254874271   k=         1
        311        -0.000083828201196   k=         1
        312        0.000842755264727   k=         1
        313        0.001284380810656   k=         1
        314        -0.000428052499086   k=         1
        315        0.000660573110392   k=         1
        316        -0.002230147639541   k=         1
        317        0.002839461680571   k=         1
        318        0.000331729224749   k=         1
        319        -0.000705982254051   k=         1
        320        -0.001946187518456   k=         1
        321        0.003869993211987   k=         1
        322        -0.000118048148623   k=         1
        323        -0.000131091967629   k=         1
        324        0.000286244895620   k=         1
        325        0.000752977221953   k=         1
        326        0.000156868211737   k=         1
        327        -0.000220273180546   k=         1
        328        0.000271475497049   k=         1
        329        0.000393311629085   k=         1
        330        -0.000061094814084   k=         1
        331        0.000299909378440   k=         1
        332        0.000324858396926   k=         1
        333        -0.003398498531785   k=         1
        334        -0.000020305830362   k=         1
        335        -0.000309850340398   k=         1
        336        0.000937584556702   k=         1
        337        -0.002083799010984   k=         1
        338        -0.000097811708292   k=         1
        339        0.000121651695074   k=         1
        340        0.000115645548888   k=         1
        341        0.001219094065285   k=         1
        342        0.000036126780152   k=         1
        343        -0.000357974555781   k=         1
        344        -0.001429211620222   k=         1
        345        0.003841040366323   k=         1
        346        0.000034669066408   k=         1
        347        -0.000106273666819   k=         1
        348        -0.000149393844458   k=         1
        349        0.000822319662956   k=         1
        350        -0.000096252790418   k=         1
        351        -0.000136415759908   k=         1
        352        -0.000156543376123   k=         1
        353        0.000961155622969   k=         1
        354        0.000078063616067   k=         1
        355        0.000511917338533   k=         1
        356        0.000875956105418   k=         1
        357        -0.002916259698736   k=         1
        358        -0.000051538127568   k=         1
        359        0.000114635421296   k=         1
        360        0.000899003994093   k=         1
        361        -0.002828133836885   k=         1
        362        -0.000031370090547   k=         1
        363        0.000077862324000   k=         1
        364        0.001240550664211   k=         1
        365        -0.002674094930949   k=         1
        366        -0.000048818526812   k=         1
        367        -0.000258769645736   k=         1
        368        -0.002128007729959   k=         1
        369        0.003293572241512   k=         1
        370        0.000126176877359   k=         1
        371        0.000242014584737   k=         1
        372        -0.000103317390998   k=         1
        373        -0.002046846266322   k=         1
        374        0.003211208092649   k=         1
        375        0.013469385050893   k=         1
        376        0.000027578246759   k=         1
        377        0.000290146352593   k=         1
        378        0.000525063998125   k=         1
        379        0.000596603125864   k=         1
        380        0.000686970783522   k=         1
        381        0.000679904926704   k=         1
        382        -0.000230727274985   k=         1
        383        -0.000537145055141   k=         1
        384        -0.000106118086013   k=         1
        385        -0.000868840964553   k=         1
        386        -0.000410339676025   k=         1
        387        0.000347243254971   k=         1
        388        0.000366785545927   k=         1
        389        -0.000673940096527   k=         1
        390        0.000107428812662   k=         1
        391        -0.000062094643009   k=         1
        392        -0.000054689787368   k=         1
        393        0.000091485126980   k=         1
        394        0.000250193745463   k=         1
        395        -0.000021583020124   k=         1
        396        -0.000126617635948   k=         1
        397        -0.000097491631762   k=         1
        398        0.000221576674863   k=         1
        399        -0.000065325813028   k=         1
        400        -0.000514574204769   k=         1
        401        -0.001471873355401   k=         1
        402        0.002796165166668   k=         1
        403        0.000035956330529   k=         1
        404        0.000471989544349   k=         1
        405        0.002235531988399   k=         1
        406        -0.003263138065444   k=         1
        407        0.000089399483957   k=         1
        408        -0.000459752236779   k=         1
        409        0.001823110265182   k=         1
        410        -0.001784255684790   k=         1
        411        -0.000040046505495   k=         1
        412        -0.000345832265262   k=         1
        413        0.002722697575954   k=         1
        414        -0.002456869119731   k=         1
        415        -0.000056077080960   k=         1
        416        0.000312507865386   k=         1
        417        -0.001133325519759   k=         1
        418        0.001146113163700   k=         1
        419        -0.000098444605966   k=         1
        420        0.000262244184141   k=         1
        421        -0.001131134814093   k=         1
        422        0.001201991496756   k=         1
        423        0.000086806903773   k=         1
        424        0.000072553203619   k=         1
        425        -0.002931598483667   k=         1
        426        0.003983705610803   k=         1
