# file_format= v0.04.05
       144       426
    188.97268778      0.00000000      0.00000000    0
      0.00000000    188.97268778      0.00000000    0
      0.00000000      0.00000000    188.97268778    0
 6
       4
     2     2     2     2
     0     1     1     1
 1.710E+00 1.625E+00 1.625E+00 1.625E+00
 0.000E+00 0.000E+00 0.000E+00 0.000E+00
 0.000E+00 0.000E+00 0.000E+00 0.000E+00
 0.000E+00 0.000E+00 0.000E+00 0.000E+00
      1.250528     -0.796470    0.012366
 6
       4
     2     2     2     2
     0     1     1     1
 1.710E+00 1.625E+00 1.625E+00 1.625E+00
 0.000E+00 0.000E+00 0.000E+00 0.000E+00
 0.000E+00 0.000E+00 0.000E+00 0.000E+00
 0.000E+00 0.000E+00 0.000E+00 0.000E+00
      -0.638297     1.104407    0.558070
 6
       4
     2     2     2     2
     0     1     1     1
 1.710E+00 1.625E+00 1.625E+00 1.625E+00
 0.000E+00 0.000E+00 0.000E+00 0.000E+00
 0.000E+00 0.000E+00 0.000E+00 0.000E+00
 0.000E+00 0.000E+00 0.000E+00 0.000E+00
      0.362572     -3.286925    -0.719472
 6
       4
     2     2     2     2
     0     1     1     1
 1.710E+00 1.625E+00 1.625E+00 1.625E+00
 0.000E+00 0.000E+00 0.000E+00 0.000E+00
 0.000E+00 0.000E+00 0.000E+00 0.000E+00
 0.000E+00 0.000E+00 0.000E+00 0.000E+00
      -3.240736     0.580991    0.385963
 6
       4
     2     2     2     2
     0     1     1     1
 1.710E+00 1.625E+00 1.625E+00 1.625E+00
 0.000E+00 0.000E+00 0.000E+00 0.000E+00
 0.000E+00 0.000E+00 0.000E+00 0.000E+00
 0.000E+00 0.000E+00 0.000E+00 0.000E+00
      -4.118172     -1.872397    -0.472547
 6
       4
     2     2     2     2
     0     1     1     1
 1.710E+00 1.625E+00 1.625E+00 1.625E+00
 0.000E+00 0.000E+00 0.000E+00 0.000E+00
 0.000E+00 0.000E+00 0.000E+00 0.000E+00
 0.000E+00 0.000E+00 0.000E+00 0.000E+00
      -2.313584     -3.759893    -0.973065
 6
       4
     2     2     2     2
     0     1     1     1
 1.710E+00 1.625E+00 1.625E+00 1.625E+00
 0.000E+00 0.000E+00 0.000E+00 0.000E+00
 0.000E+00 0.000E+00 0.000E+00 0.000E+00
 0.000E+00 0.000E+00 0.000E+00 0.000E+00
      3.831622     -0.254363    -0.062556
 6
       4
     2     2     2     2
     0     1     1     1
 1.710E+00 1.625E+00 1.625E+00 1.625E+00
 0.000E+00 0.000E+00 0.000E+00 0.000E+00
 0.000E+00 0.000E+00 0.000E+00 0.000E+00
 0.000E+00 0.000E+00 0.000E+00 0.000E+00
      6.124753     -0.189163    -0.182368
 6
       4
     2     2     2     2
     0     1     1     1
 1.710E+00 1.625E+00 1.625E+00 1.625E+00
 0.000E+00 0.000E+00 0.000E+00 0.000E+00
 0.000E+00 0.000E+00 0.000E+00 0.000E+00
 0.000E+00 0.000E+00 0.000E+00 0.000E+00
      8.850840     0.172468    -0.076269
 6
       4
     2     2     2     2
     0     1     1     1
 1.710E+00 1.625E+00 1.625E+00 1.625E+00
 0.000E+00 0.000E+00 0.000E+00 0.000E+00
 0.000E+00 0.000E+00 0.000E+00 0.000E+00
 0.000E+00 0.000E+00 0.000E+00 0.000E+00
      9.875763     2.608776    -0.446329
 6
       4
     2     2     2     2
     0     1     1     1
 1.710E+00 1.625E+00 1.625E+00 1.625E+00
 0.000E+00 0.000E+00 0.000E+00 0.000E+00
 0.000E+00 0.000E+00 0.000E+00 0.000E+00
 0.000E+00 0.000E+00 0.000E+00 0.000E+00
      10.452832     -1.919313    0.562029
 6
       4
     2     2     2     2
     0     1     1     1
 1.710E+00 1.625E+00 1.625E+00 1.625E+00
 0.000E+00 0.000E+00 0.000E+00 0.000E+00
 0.000E+00 0.000E+00 0.000E+00 0.000E+00
 0.000E+00 0.000E+00 0.000E+00 0.000E+00
      12.537378     2.959228    -0.115283
 6
       4
     2     2     2     2
     0     1     1     1
 1.710E+00 1.625E+00 1.625E+00 1.625E+00
 0.000E+00 0.000E+00 0.000E+00 0.000E+00
 0.000E+00 0.000E+00 0.000E+00 0.000E+00
 0.000E+00 0.000E+00 0.000E+00 0.000E+00
      13.072633     -1.592429    0.790208
 6
       4
     2     2     2     2
     0     1     1     1
 1.710E+00 1.625E+00 1.625E+00 1.625E+00
 0.000E+00 0.000E+00 0.000E+00 0.000E+00
 0.000E+00 0.000E+00 0.000E+00 0.000E+00
 0.000E+00 0.000E+00 0.000E+00 0.000E+00
      14.096209     0.858380    0.297505
 6
       4
     2     2     2     2
     0     1     1     1
 1.710E+00 1.625E+00 1.625E+00 1.625E+00
 0.000E+00 0.000E+00 0.000E+00 0.000E+00
 0.000E+00 0.000E+00 0.000E+00 0.000E+00
 0.000E+00 0.000E+00 0.000E+00 0.000E+00
      16.803370     1.195034    0.218197
 6
       4
     2     2     2     2
     0     1     1     1
 1.710E+00 1.625E+00 1.625E+00 1.625E+00
 0.000E+00 0.000E+00 0.000E+00 0.000E+00
 0.000E+00 0.000E+00 0.000E+00 0.000E+00
 0.000E+00 0.000E+00 0.000E+00 0.000E+00
      19.108000     1.206091    0.301753
 6
       4
     2     2     2     2
     0     1     1     1
 1.710E+00 1.625E+00 1.625E+00 1.625E+00
 0.000E+00 0.000E+00 0.000E+00 0.000E+00
 0.000E+00 0.000E+00 0.000E+00 0.000E+00
 0.000E+00 0.000E+00 0.000E+00 0.000E+00
      21.848158     1.329670    0.235127
 6
       4
     2     2     2     2
     0     1     1     1
 1.710E+00 1.625E+00 1.625E+00 1.625E+00
 0.000E+00 0.000E+00 0.000E+00 0.000E+00
 0.000E+00 0.000E+00 0.000E+00 0.000E+00
 0.000E+00 0.000E+00 0.000E+00 0.000E+00
      23.216958     -0.648924    1.500042
 6
       4
     2     2     2     2
     0     1     1     1
 1.710E+00 1.625E+00 1.625E+00 1.625E+00
 0.000E+00 0.000E+00 0.000E+00 0.000E+00
 0.000E+00 0.000E+00 0.000E+00 0.000E+00
 0.000E+00 0.000E+00 0.000E+00 0.000E+00
      23.365118     3.214465    -1.053384
 6
       4
     2     2     2     2
     0     1     1     1
 1.710E+00 1.625E+00 1.625E+00 1.625E+00
 0.000E+00 0.000E+00 0.000E+00 0.000E+00
 0.000E+00 0.000E+00 0.000E+00 0.000E+00
 0.000E+00 0.000E+00 0.000E+00 0.000E+00
      25.923329     2.834797    -1.275274
 6
       4
     2     2     2     2
     0     1     1     1
 1.710E+00 1.625E+00 1.625E+00 1.625E+00
 0.000E+00 0.000E+00 0.000E+00 0.000E+00
 0.000E+00 0.000E+00 0.000E+00 0.000E+00
 0.000E+00 0.000E+00 0.000E+00 0.000E+00
      25.763676     -0.835599    1.494894
 6
       4
     2     2     2     2
     0     1     1     1
 1.710E+00 1.625E+00 1.625E+00 1.625E+00
 0.000E+00 0.000E+00 0.000E+00 0.000E+00
 0.000E+00 0.000E+00 0.000E+00 0.000E+00
 0.000E+00 0.000E+00 0.000E+00 0.000E+00
      27.330213     0.769657    -0.092215
 6
       4
     2     2     2     2
     0     1     1     1
 1.710E+00 1.625E+00 1.625E+00 1.625E+00
 0.000E+00 0.000E+00 0.000E+00 0.000E+00
 0.000E+00 0.000E+00 0.000E+00 0.000E+00
 0.000E+00 0.000E+00 0.000E+00 0.000E+00
      30.040555     0.494165    -0.222948
 6
       4
     2     2     2     2
     0     1     1     1
 1.710E+00 1.625E+00 1.625E+00 1.625E+00
 0.000E+00 0.000E+00 0.000E+00 0.000E+00
 0.000E+00 0.000E+00 0.000E+00 0.000E+00
 0.000E+00 0.000E+00 0.000E+00 0.000E+00
      32.381897     0.161303    -0.062712
 6
       4
     2     2     2     2
     0     1     1     1
 1.710E+00 1.625E+00 1.625E+00 1.625E+00
 0.000E+00 0.000E+00 0.000E+00 0.000E+00
 0.000E+00 0.000E+00 0.000E+00 0.000E+00
 0.000E+00 0.000E+00 0.000E+00 0.000E+00
      35.104642     -0.080969    -0.175741
 6
       4
     2     2     2     2
     0     1     1     1
 1.710E+00 1.625E+00 1.625E+00 1.625E+00
 0.000E+00 0.000E+00 0.000E+00 0.000E+00
 0.000E+00 0.000E+00 0.000E+00 0.000E+00
 0.000E+00 0.000E+00 0.000E+00 0.000E+00
      36.425623     -2.369769    0.517498
 6
       4
     2     2     2     2
     0     1     1     1
 1.710E+00 1.625E+00 1.625E+00 1.625E+00
 0.000E+00 0.000E+00 0.000E+00 0.000E+00
 0.000E+00 0.000E+00 0.000E+00 0.000E+00
 0.000E+00 0.000E+00 0.000E+00 0.000E+00
      36.675725     2.080488    -0.801193
 6
       4
     2     2     2     2
     0     1     1     1
 1.710E+00 1.625E+00 1.625E+00 1.625E+00
 0.000E+00 0.000E+00 0.000E+00 0.000E+00
 0.000E+00 0.000E+00 0.000E+00 0.000E+00
 0.000E+00 0.000E+00 0.000E+00 0.000E+00
      39.343201     1.915891    -0.840352
 6
       4
     2     2     2     2
     0     1     1     1
 1.710E+00 1.625E+00 1.625E+00 1.625E+00
 0.000E+00 0.000E+00 0.000E+00 0.000E+00
 0.000E+00 0.000E+00 0.000E+00 0.000E+00
 0.000E+00 0.000E+00 0.000E+00 0.000E+00
      38.995499     -2.411653    0.645922
 6
       4
     2     2     2     2
     0     1     1     1
 1.710E+00 1.625E+00 1.625E+00 1.625E+00
 0.000E+00 0.000E+00 0.000E+00 0.000E+00
 0.000E+00 0.000E+00 0.000E+00 0.000E+00
 0.000E+00 0.000E+00 0.000E+00 0.000E+00
      40.619292     -0.369224    -0.086149
 6
       4
     2     2     2     2
     0     1     1     1
 1.710E+00 1.625E+00 1.625E+00 1.625E+00
 0.000E+00 0.000E+00 0.000E+00 0.000E+00
 0.000E+00 0.000E+00 0.000E+00 0.000E+00
 0.000E+00 0.000E+00 0.000E+00 0.000E+00
      43.326439     -0.562237    -0.045306
 6
       4
     2     2     2     2
     0     1     1     1
 1.710E+00 1.625E+00 1.625E+00 1.625E+00
 0.000E+00 0.000E+00 0.000E+00 0.000E+00
 0.000E+00 0.000E+00 0.000E+00 0.000E+00
 0.000E+00 0.000E+00 0.000E+00 0.000E+00
      45.624531     -0.412128    -0.135452
 6
       4
     2     2     2     2
     0     1     1     1
 1.710E+00 1.625E+00 1.625E+00 1.625E+00
 0.000E+00 0.000E+00 0.000E+00 0.000E+00
 0.000E+00 0.000E+00 0.000E+00 0.000E+00
 0.000E+00 0.000E+00 0.000E+00 0.000E+00
      48.272234     -0.479726    -0.332673
 6
       4
     2     2     2     2
     0     1     1     1
 1.710E+00 1.625E+00 1.625E+00 1.625E+00
 0.000E+00 0.000E+00 0.000E+00 0.000E+00
 0.000E+00 0.000E+00 0.000E+00 0.000E+00
 0.000E+00 0.000E+00 0.000E+00 0.000E+00
      49.787259     -2.462307    0.730230
 6
       4
     2     2     2     2
     0     1     1     1
 1.710E+00 1.625E+00 1.625E+00 1.625E+00
 0.000E+00 0.000E+00 0.000E+00 0.000E+00
 0.000E+00 0.000E+00 0.000E+00 0.000E+00
 0.000E+00 0.000E+00 0.000E+00 0.000E+00
      49.591818     1.500216    -1.555171
 6
       4
     2     2     2     2
     0     1     1     1
 1.710E+00 1.625E+00 1.625E+00 1.625E+00
 0.000E+00 0.000E+00 0.000E+00 0.000E+00
 0.000E+00 0.000E+00 0.000E+00 0.000E+00
 0.000E+00 0.000E+00 0.000E+00 0.000E+00
      52.163446     1.820502    -1.361128
 6
       4
     2     2     2     2
     0     1     1     1
 1.710E+00 1.625E+00 1.625E+00 1.625E+00
 0.000E+00 0.000E+00 0.000E+00 0.000E+00
 0.000E+00 0.000E+00 0.000E+00 0.000E+00
 0.000E+00 0.000E+00 0.000E+00 0.000E+00
      52.360915     -2.348546    0.648939
 6
       4
     2     2     2     2
     0     1     1     1
 1.710E+00 1.625E+00 1.625E+00 1.625E+00
 0.000E+00 0.000E+00 0.000E+00 0.000E+00
 0.000E+00 0.000E+00 0.000E+00 0.000E+00
 0.000E+00 0.000E+00 0.000E+00 0.000E+00
      53.649880     -0.142172    -0.389006
 6
       4
     2     2     2     2
     0     1     1     1
 1.710E+00 1.625E+00 1.625E+00 1.625E+00
 0.000E+00 0.000E+00 0.000E+00 0.000E+00
 0.000E+00 0.000E+00 0.000E+00 0.000E+00
 0.000E+00 0.000E+00 0.000E+00 0.000E+00
      56.415337     0.027868    -0.163766
 1
       1
     1
     0
 1.300E+00
 0.000E+00
 0.000E+00
 0.000E+00
      -4.811892     1.901321    0.796298
 1
       1
     1
     0
 1.300E+00
 0.000E+00
 0.000E+00
 0.000E+00
      0.268885     2.879855    1.209606
 1
       1
     1
     0
 1.300E+00
 0.000E+00
 0.000E+00
 0.000E+00
      -5.833433     -2.553207    -0.564246
 1
       1
     1
     0
 1.300E+00
 0.000E+00
 0.000E+00
 0.000E+00
      -2.863681     -5.658210    -1.487558
 1
       1
     1
     0
 1.300E+00
 0.000E+00
 0.000E+00
 0.000E+00
      1.762508     -4.782968    -1.172365
 1
       1
     1
     0
 1.300E+00
 0.000E+00
 0.000E+00
 0.000E+00
      8.825712     4.372699    -0.963896
 1
       1
     1
     0
 1.300E+00
 0.000E+00
 0.000E+00
 0.000E+00
      9.539564     -3.775795    0.908242
 1
       1
     1
     0
 1.300E+00
 0.000E+00
 0.000E+00
 0.000E+00
      13.414056     4.809298    -0.494388
 1
       1
     1
     0
 1.300E+00
 0.000E+00
 0.000E+00
 0.000E+00
      14.383955     -3.136726    1.355523
 1
       1
     1
     0
 1.300E+00
 0.000E+00
 0.000E+00
 0.000E+00
      22.463371     4.923906    -1.911390
 1
       1
     1
     0
 1.300E+00
 0.000E+00
 0.000E+00
 0.000E+00
      26.951429     4.292605    -2.349294
 1
       1
     1
     0
 1.300E+00
 0.000E+00
 0.000E+00
 0.000E+00
      22.189869     -2.029711    2.701719
 1
       1
     1
     0
 1.300E+00
 0.000E+00
 0.000E+00
 0.000E+00
      26.668684     -2.371480    2.582050
 1
       1
     1
     0
 1.300E+00
 0.000E+00
 0.000E+00
 0.000E+00
      35.851237     3.901696    -1.225140
 1
       1
     1
     0
 1.300E+00
 0.000E+00
 0.000E+00
 0.000E+00
      35.315050     -4.024332    1.131039
 1
       1
     1
     0
 1.300E+00
 0.000E+00
 0.000E+00
 0.000E+00
      40.430990     3.660620    -1.414205
 1
       1
     1
     0
 1.300E+00
 0.000E+00
 0.000E+00
 0.000E+00
      40.024512     -4.154177    1.267044
 1
       1
     1
     0
 1.300E+00
 0.000E+00
 0.000E+00
 0.000E+00
      48.365095     2.956852    -2.473510
 1
       1
     1
     0
 1.300E+00
 0.000E+00
 0.000E+00
 0.000E+00
      48.859812     -4.012245    1.850885
 1
       1
     1
     0
 1.300E+00
 0.000E+00
 0.000E+00
 0.000E+00
      53.218650     3.538064    -2.220511
 1
       1
     1
     0
 1.300E+00
 0.000E+00
 0.000E+00
 0.000E+00
      53.518680     -3.806883    1.552712
 1
       1
     1
     0
 1.300E+00
 0.000E+00
 0.000E+00
 0.000E+00
      61.614512     4.337059    -1.138416
 1
       1
     1
     0
 1.300E+00
 0.000E+00
 0.000E+00
 0.000E+00
      62.085664     -3.540910    1.107755
 6
       4
     2     2     2     2
     0     1     1     1
 1.710E+00 1.625E+00 1.625E+00 1.625E+00
 0.000E+00 0.000E+00 0.000E+00 0.000E+00
 0.000E+00 0.000E+00 0.000E+00 0.000E+00
 0.000E+00 0.000E+00 0.000E+00 0.000E+00
      69.741419     0.471617    -0.238916
 1
       1
     1
     0
 1.300E+00
 0.000E+00
 0.000E+00
 0.000E+00
      66.291251     4.501197    -1.316045
 1
       1
     1
     0
 1.300E+00
 0.000E+00
 0.000E+00
 0.000E+00
      66.802424     -3.268721    0.910840
 6
       4
     2     2     2     2
     0     1     1     1
 1.710E+00 1.625E+00 1.625E+00 1.625E+00
 0.000E+00 0.000E+00 0.000E+00 0.000E+00
 0.000E+00 0.000E+00 0.000E+00 0.000E+00
 0.000E+00 0.000E+00 0.000E+00 0.000E+00
      58.705500     0.186004    -0.252080
 6
       4
     2     2     2     2
     0     1     1     1
 1.710E+00 1.625E+00 1.625E+00 1.625E+00
 0.000E+00 0.000E+00 0.000E+00 0.000E+00
 0.000E+00 0.000E+00 0.000E+00 0.000E+00
 0.000E+00 0.000E+00 0.000E+00 0.000E+00
      61.477394     0.291736    -0.135208
 6
       4
     2     2     2     2
     0     1     1     1
 1.710E+00 1.625E+00 1.625E+00 1.625E+00
 0.000E+00 0.000E+00 0.000E+00 0.000E+00
 0.000E+00 0.000E+00 0.000E+00 0.000E+00
 0.000E+00 0.000E+00 0.000E+00 0.000E+00
      63.027908     -1.705478    0.490403
 6
       4
     2     2     2     2
     0     1     1     1
 1.710E+00 1.625E+00 1.625E+00 1.625E+00
 0.000E+00 0.000E+00 0.000E+00 0.000E+00
 0.000E+00 0.000E+00 0.000E+00 0.000E+00
 0.000E+00 0.000E+00 0.000E+00 0.000E+00
      62.862139     2.599573    -0.827195
 6
       4
     2     2     2     2
     0     1     1     1
 1.710E+00 1.625E+00 1.625E+00 1.625E+00
 0.000E+00 0.000E+00 0.000E+00 0.000E+00
 0.000E+00 0.000E+00 0.000E+00 0.000E+00
 0.000E+00 0.000E+00 0.000E+00 0.000E+00
      65.480326     2.675899    -0.944028
 6
       4
     2     2     2     2
     0     1     1     1
 1.710E+00 1.625E+00 1.625E+00 1.625E+00
 0.000E+00 0.000E+00 0.000E+00 0.000E+00
 0.000E+00 0.000E+00 0.000E+00 0.000E+00
 0.000E+00 0.000E+00 0.000E+00 0.000E+00
      65.662466     -1.615340    0.488462
 6
       4
     2     2     2     2
     0     1     1     1
 1.710E+00 1.625E+00 1.625E+00 1.625E+00
 0.000E+00 0.000E+00 0.000E+00 0.000E+00
 0.000E+00 0.000E+00 0.000E+00 0.000E+00
 0.000E+00 0.000E+00 0.000E+00 0.000E+00
      67.090751     0.482309    -0.376422
 6
       4
     2     2     2     2
     0     1     1     1
 1.710E+00 1.625E+00 1.625E+00 1.625E+00
 0.000E+00 0.000E+00 0.000E+00 0.000E+00
 0.000E+00 0.000E+00 0.000E+00 0.000E+00
 0.000E+00 0.000E+00 0.000E+00 0.000E+00
      80.203437     -0.154224    0.723523
 6
       4
     2     2     2     2
     0     1     1     1
 1.710E+00 1.625E+00 1.625E+00 1.625E+00
 0.000E+00 0.000E+00 0.000E+00 0.000E+00
 0.000E+00 0.000E+00 0.000E+00 0.000E+00
 0.000E+00 0.000E+00 0.000E+00 0.000E+00
      78.871571     2.200858    0.206027
 6
       4
     2     2     2     2
     0     1     1     1
 1.710E+00 1.625E+00 1.625E+00 1.625E+00
 0.000E+00 0.000E+00 0.000E+00 0.000E+00
 0.000E+00 0.000E+00 0.000E+00 0.000E+00
 0.000E+00 0.000E+00 0.000E+00 0.000E+00
      78.684802     -2.336637    0.989417
 6
       4
     2     2     2     2
     0     1     1     1
 1.710E+00 1.625E+00 1.625E+00 1.625E+00
 0.000E+00 0.000E+00 0.000E+00 0.000E+00
 0.000E+00 0.000E+00 0.000E+00 0.000E+00
 0.000E+00 0.000E+00 0.000E+00 0.000E+00
      76.234302     2.269861    0.060747
 6
       4
     2     2     2     2
     0     1     1     1
 1.710E+00 1.625E+00 1.625E+00 1.625E+00
 0.000E+00 0.000E+00 0.000E+00 0.000E+00
 0.000E+00 0.000E+00 0.000E+00 0.000E+00
 0.000E+00 0.000E+00 0.000E+00 0.000E+00
      74.686021     0.022017    0.275409
 6
       4
     2     2     2     2
     0     1     1     1
 1.710E+00 1.625E+00 1.625E+00 1.625E+00
 0.000E+00 0.000E+00 0.000E+00 0.000E+00
 0.000E+00 0.000E+00 0.000E+00 0.000E+00
 0.000E+00 0.000E+00 0.000E+00 0.000E+00
      76.070222     -2.247273    0.733680
 6
       4
     2     2     2     2
     0     1     1     1
 1.710E+00 1.625E+00 1.625E+00 1.625E+00
 0.000E+00 0.000E+00 0.000E+00 0.000E+00
 0.000E+00 0.000E+00 0.000E+00 0.000E+00
 0.000E+00 0.000E+00 0.000E+00 0.000E+00
      82.883257     -0.179437    0.753874
 6
       4
     2     2     2     2
     0     1     1     1
 1.710E+00 1.625E+00 1.625E+00 1.625E+00
 0.000E+00 0.000E+00 0.000E+00 0.000E+00
 0.000E+00 0.000E+00 0.000E+00 0.000E+00
 0.000E+00 0.000E+00 0.000E+00 0.000E+00
      85.122975     0.003659    0.230528
 6
       4
     2     2     2     2
     0     1     1     1
 1.710E+00 1.625E+00 1.625E+00 1.625E+00
 0.000E+00 0.000E+00 0.000E+00 0.000E+00
 0.000E+00 0.000E+00 0.000E+00 0.000E+00
 0.000E+00 0.000E+00 0.000E+00 0.000E+00
      87.782532     -0.000669    0.039643
 6
       4
     2     2     2     2
     0     1     1     1
 1.710E+00 1.625E+00 1.625E+00 1.625E+00
 0.000E+00 0.000E+00 0.000E+00 0.000E+00
 0.000E+00 0.000E+00 0.000E+00 0.000E+00
 0.000E+00 0.000E+00 0.000E+00 0.000E+00
      89.117726     2.232974    -0.647679
 6
       4
     2     2     2     2
     0     1     1     1
 1.710E+00 1.625E+00 1.625E+00 1.625E+00
 0.000E+00 0.000E+00 0.000E+00 0.000E+00
 0.000E+00 0.000E+00 0.000E+00 0.000E+00
 0.000E+00 0.000E+00 0.000E+00 0.000E+00
      89.324296     -2.177027    0.606846
 6
       4
     2     2     2     2
     0     1     1     1
 1.710E+00 1.625E+00 1.625E+00 1.625E+00
 0.000E+00 0.000E+00 0.000E+00 0.000E+00
 0.000E+00 0.000E+00 0.000E+00 0.000E+00
 0.000E+00 0.000E+00 0.000E+00 0.000E+00
      91.676014     2.269601    -0.701041
 6
       4
     2     2     2     2
     0     1     1     1
 1.710E+00 1.625E+00 1.625E+00 1.625E+00
 0.000E+00 0.000E+00 0.000E+00 0.000E+00
 0.000E+00 0.000E+00 0.000E+00 0.000E+00
 0.000E+00 0.000E+00 0.000E+00 0.000E+00
      91.895362     -2.114772    0.699480
 6
       4
     2     2     2     2
     0     1     1     1
 1.710E+00 1.625E+00 1.625E+00 1.625E+00
 0.000E+00 0.000E+00 0.000E+00 0.000E+00
 0.000E+00 0.000E+00 0.000E+00 0.000E+00
 0.000E+00 0.000E+00 0.000E+00 0.000E+00
      93.248901     0.166020    -0.123836
 6
       4
     2     2     2     2
     0     1     1     1
 1.710E+00 1.625E+00 1.625E+00 1.625E+00
 0.000E+00 0.000E+00 0.000E+00 0.000E+00
 0.000E+00 0.000E+00 0.000E+00 0.000E+00
 0.000E+00 0.000E+00 0.000E+00 0.000E+00
      95.949854     0.375808    -0.146123
 6
       4
     2     2     2     2
     0     1     1     1
 1.710E+00 1.625E+00 1.625E+00 1.625E+00
 0.000E+00 0.000E+00 0.000E+00 0.000E+00
 0.000E+00 0.000E+00 0.000E+00 0.000E+00
 0.000E+00 0.000E+00 0.000E+00 0.000E+00
      98.248816     0.364169    -0.443078
 6
       4
     2     2     2     2
     0     1     1     1
 1.710E+00 1.625E+00 1.625E+00 1.625E+00
 0.000E+00 0.000E+00 0.000E+00 0.000E+00
 0.000E+00 0.000E+00 0.000E+00 0.000E+00
 0.000E+00 0.000E+00 0.000E+00 0.000E+00
      100.958193     0.601175    -0.271593
 6
       4
     2     2     2     2
     0     1     1     1
 1.710E+00 1.625E+00 1.625E+00 1.625E+00
 0.000E+00 0.000E+00 0.000E+00 0.000E+00
 0.000E+00 0.000E+00 0.000E+00 0.000E+00
 0.000E+00 0.000E+00 0.000E+00 0.000E+00
      102.484480     -1.330877    0.827318
 6
       4
     2     2     2     2
     0     1     1     1
 1.710E+00 1.625E+00 1.625E+00 1.625E+00
 0.000E+00 0.000E+00 0.000E+00 0.000E+00
 0.000E+00 0.000E+00 0.000E+00 0.000E+00
 0.000E+00 0.000E+00 0.000E+00 0.000E+00
      102.280633     2.938817    -0.693994
 6
       4
     2     2     2     2
     0     1     1     1
 1.710E+00 1.625E+00 1.625E+00 1.625E+00
 0.000E+00 0.000E+00 0.000E+00 0.000E+00
 0.000E+00 0.000E+00 0.000E+00 0.000E+00
 0.000E+00 0.000E+00 0.000E+00 0.000E+00
      104.826253     3.191602    -0.336592
 6
       4
     2     2     2     2
     0     1     1     1
 1.710E+00 1.625E+00 1.625E+00 1.625E+00
 0.000E+00 0.000E+00 0.000E+00 0.000E+00
 0.000E+00 0.000E+00 0.000E+00 0.000E+00
 0.000E+00 0.000E+00 0.000E+00 0.000E+00
      105.150955     -1.159275    0.979473
 6
       4
     2     2     2     2
     0     1     1     1
 1.710E+00 1.625E+00 1.625E+00 1.625E+00
 0.000E+00 0.000E+00 0.000E+00 0.000E+00
 0.000E+00 0.000E+00 0.000E+00 0.000E+00
 0.000E+00 0.000E+00 0.000E+00 0.000E+00
      106.452041     1.153183    0.322416
 6
       4
     2     2     2     2
     0     1     1     1
 1.710E+00 1.625E+00 1.625E+00 1.625E+00
 0.000E+00 0.000E+00 0.000E+00 0.000E+00
 0.000E+00 0.000E+00 0.000E+00 0.000E+00
 0.000E+00 0.000E+00 0.000E+00 0.000E+00
      109.177092     1.151319    0.251910
 6
       4
     2     2     2     2
     0     1     1     1
 1.710E+00 1.625E+00 1.625E+00 1.625E+00
 0.000E+00 0.000E+00 0.000E+00 0.000E+00
 0.000E+00 0.000E+00 0.000E+00 0.000E+00
 0.000E+00 0.000E+00 0.000E+00 0.000E+00
      111.485711     0.911362    0.048536
 6
       4
     2     2     2     2
     0     1     1     1
 1.710E+00 1.625E+00 1.625E+00 1.625E+00
 0.000E+00 0.000E+00 0.000E+00 0.000E+00
 0.000E+00 0.000E+00 0.000E+00 0.000E+00
 0.000E+00 0.000E+00 0.000E+00 0.000E+00
      114.173444     0.772452    -0.032118
 6
       4
     2     2     2     2
     0     1     1     1
 1.710E+00 1.625E+00 1.625E+00 1.625E+00
 0.000E+00 0.000E+00 0.000E+00 0.000E+00
 0.000E+00 0.000E+00 0.000E+00 0.000E+00
 0.000E+00 0.000E+00 0.000E+00 0.000E+00
      115.498123     -1.594997    -0.727953
 6
       4
     2     2     2     2
     0     1     1     1
 1.710E+00 1.625E+00 1.625E+00 1.625E+00
 0.000E+00 0.000E+00 0.000E+00 0.000E+00
 0.000E+00 0.000E+00 0.000E+00 0.000E+00
 0.000E+00 0.000E+00 0.000E+00 0.000E+00
      115.768033     2.841959    0.397009
 6
       4
     2     2     2     2
     0     1     1     1
 1.710E+00 1.625E+00 1.625E+00 1.625E+00
 0.000E+00 0.000E+00 0.000E+00 0.000E+00
 0.000E+00 0.000E+00 0.000E+00 0.000E+00
 0.000E+00 0.000E+00 0.000E+00 0.000E+00
      118.444986     2.648797    0.387267
 6
       4
     2     2     2     2
     0     1     1     1
 1.710E+00 1.625E+00 1.625E+00 1.625E+00
 0.000E+00 0.000E+00 0.000E+00 0.000E+00
 0.000E+00 0.000E+00 0.000E+00 0.000E+00
 0.000E+00 0.000E+00 0.000E+00 0.000E+00
      118.148643     -1.743142    -0.747133
 6
       4
     2     2     2     2
     0     1     1     1
 1.710E+00 1.625E+00 1.625E+00 1.625E+00
 0.000E+00 0.000E+00 0.000E+00 0.000E+00
 0.000E+00 0.000E+00 0.000E+00 0.000E+00
 0.000E+00 0.000E+00 0.000E+00 0.000E+00
      119.633357     0.334141    -0.026543
 6
       4
     2     2     2     2
     0     1     1     1
 1.710E+00 1.625E+00 1.625E+00 1.625E+00
 0.000E+00 0.000E+00 0.000E+00 0.000E+00
 0.000E+00 0.000E+00 0.000E+00 0.000E+00
 0.000E+00 0.000E+00 0.000E+00 0.000E+00
      122.368630     0.236010    0.031065
 6
       4
     2     2     2     2
     0     1     1     1
 1.710E+00 1.625E+00 1.625E+00 1.625E+00
 0.000E+00 0.000E+00 0.000E+00 0.000E+00
 0.000E+00 0.000E+00 0.000E+00 0.000E+00
 0.000E+00 0.000E+00 0.000E+00 0.000E+00
      124.634901     0.299026    -0.224775
 6
       4
     2     2     2     2
     0     1     1     1
 1.710E+00 1.625E+00 1.625E+00 1.625E+00
 0.000E+00 0.000E+00 0.000E+00 0.000E+00
 0.000E+00 0.000E+00 0.000E+00 0.000E+00
 0.000E+00 0.000E+00 0.000E+00 0.000E+00
      127.343218     0.116959    -0.092867
 6
       4
     2     2     2     2
     0     1     1     1
 1.710E+00 1.625E+00 1.625E+00 1.625E+00
 0.000E+00 0.000E+00 0.000E+00 0.000E+00
 0.000E+00 0.000E+00 0.000E+00 0.000E+00
 0.000E+00 0.000E+00 0.000E+00 0.000E+00
      128.534335     -2.173226    -0.737985
 6
       4
     2     2     2     2
     0     1     1     1
 1.710E+00 1.625E+00 1.625E+00 1.625E+00
 0.000E+00 0.000E+00 0.000E+00 0.000E+00
 0.000E+00 0.000E+00 0.000E+00 0.000E+00
 0.000E+00 0.000E+00 0.000E+00 0.000E+00
      128.899703     2.130479    0.791376
 6
       4
     2     2     2     2
     0     1     1     1
 1.710E+00 1.625E+00 1.625E+00 1.625E+00
 0.000E+00 0.000E+00 0.000E+00 0.000E+00
 0.000E+00 0.000E+00 0.000E+00 0.000E+00
 0.000E+00 0.000E+00 0.000E+00 0.000E+00
      131.491290     1.846026    0.981979
 6
       4
     2     2     2     2
     0     1     1     1
 1.710E+00 1.625E+00 1.625E+00 1.625E+00
 0.000E+00 0.000E+00 0.000E+00 0.000E+00
 0.000E+00 0.000E+00 0.000E+00 0.000E+00
 0.000E+00 0.000E+00 0.000E+00 0.000E+00
      131.138544     -2.421901    -0.641585
 6
       4
     2     2     2     2
     0     1     1     1
 1.710E+00 1.625E+00 1.625E+00 1.625E+00
 0.000E+00 0.000E+00 0.000E+00 0.000E+00
 0.000E+00 0.000E+00 0.000E+00 0.000E+00
 0.000E+00 0.000E+00 0.000E+00 0.000E+00
      132.771509     -0.449630    0.236314
 6
       4
     2     2     2     2
     0     1     1     1
 1.710E+00 1.625E+00 1.625E+00 1.625E+00
 0.000E+00 0.000E+00 0.000E+00 0.000E+00
 0.000E+00 0.000E+00 0.000E+00 0.000E+00
 0.000E+00 0.000E+00 0.000E+00 0.000E+00
      135.421459     -0.739697    0.189352
 1
       1
     1
     0
 1.300E+00
 0.000E+00
 0.000E+00
 0.000E+00
      75.320986     4.076923    -0.315059
 1
       1
     1
     0
 1.300E+00
 0.000E+00
 0.000E+00
 0.000E+00
      79.840993     4.062918    0.056047
 6
       4
     2     2     2     2
     0     1     1     1
 1.710E+00 1.625E+00 1.625E+00 1.625E+00
 0.000E+00 0.000E+00 0.000E+00 0.000E+00
 0.000E+00 0.000E+00 0.000E+00 0.000E+00
 0.000E+00 0.000E+00 0.000E+00 0.000E+00
      72.021146     0.113924    -0.010446
 1
       1
     1
     0
 1.300E+00
 0.000E+00
 0.000E+00
 0.000E+00
      75.037780     -3.995296    0.943119
 1
       1
     1
     0
 1.300E+00
 0.000E+00
 0.000E+00
 0.000E+00
      79.879608     -4.206403    1.206480
 1
       1
     1
     0
 1.300E+00
 0.000E+00
 0.000E+00
 0.000E+00
      88.041633     3.988989    -1.025350
 1
       1
     1
     0
 1.300E+00
 0.000E+00
 0.000E+00
 0.000E+00
      88.372495     -3.931201    1.200386
 1
       1
     1
     0
 1.300E+00
 0.000E+00
 0.000E+00
 0.000E+00
      92.576809     4.118656    -1.266188
 1
       1
     1
     0
 1.300E+00
 0.000E+00
 0.000E+00
 0.000E+00
      93.000009     -3.794332    1.215375
 1
       1
     1
     0
 1.300E+00
 0.000E+00
 0.000E+00
 0.000E+00
      101.226782     4.609975    -1.380828
 1
       1
     1
     0
 1.300E+00
 0.000E+00
 0.000E+00
 0.000E+00
      105.888609     5.016674    -0.588328
 1
       1
     1
     0
 1.300E+00
 0.000E+00
 0.000E+00
 0.000E+00
      101.614236     -3.093523    1.558123
 1
       1
     1
     0
 1.300E+00
 0.000E+00
 0.000E+00
 0.000E+00
      106.220339     -2.835723    1.632971
 1
       1
     1
     0
 1.300E+00
 0.000E+00
 0.000E+00
 0.000E+00
      114.883510     4.707313    0.793400
 1
       1
     1
     0
 1.300E+00
 0.000E+00
 0.000E+00
 0.000E+00
      114.476414     -3.307786    -1.444641
 1
       1
     1
     0
 1.300E+00
 0.000E+00
 0.000E+00
 0.000E+00
      119.664823     4.301772    0.641475
 1
       1
     1
     0
 1.300E+00
 0.000E+00
 0.000E+00
 0.000E+00
      119.014565     -3.587416    -1.414046
 1
       1
     1
     0
 1.300E+00
 0.000E+00
 0.000E+00
 0.000E+00
      128.159329     4.047988    1.210526
 1
       1
     1
     0
 1.300E+00
 0.000E+00
 0.000E+00
 0.000E+00
      127.343029     -3.846120    -1.275091
 1
       1
     1
     0
 1.300E+00
 0.000E+00
 0.000E+00
 0.000E+00
      132.599274     3.459582    1.599220
 1
       1
     1
     0
 1.300E+00
 0.000E+00
 0.000E+00
 0.000E+00
      132.091223     -4.228215    -1.232402
 1
       1
     1
     0
 1.300E+00
 0.000E+00
 0.000E+00
 0.000E+00
      140.547376     1.790177    2.913772
 1
       1
     1
     0
 1.300E+00
 0.000E+00
 0.000E+00
 0.000E+00
      140.597135     -4.700599    -2.184722
 1
       1
     1
     0
 1.300E+00
 0.000E+00
 0.000E+00
 0.000E+00
      147.759599     -1.044654    0.216988
 1
       1
     1
     0
 1.300E+00
 0.000E+00
 0.000E+00
 0.000E+00
      145.411767     2.131923    2.798684
 1
       1
     1
     0
 1.300E+00
 0.000E+00
 0.000E+00
 0.000E+00
      145.184484     -4.611440    -2.553311
 6
       4
     2     2     2     2
     0     1     1     1
 1.710E+00 1.625E+00 1.625E+00 1.625E+00
 0.000E+00 0.000E+00 0.000E+00 0.000E+00
 0.000E+00 0.000E+00 0.000E+00 0.000E+00
 0.000E+00 0.000E+00 0.000E+00 0.000E+00
      137.679902     -1.187198    0.199289
 6
       4
     2     2     2     2
     0     1     1     1
 1.710E+00 1.625E+00 1.625E+00 1.625E+00
 0.000E+00 0.000E+00 0.000E+00 0.000E+00
 0.000E+00 0.000E+00 0.000E+00 0.000E+00
 0.000E+00 0.000E+00 0.000E+00 0.000E+00
      140.295221     -1.360504    0.338594
 6
       4
     2     2     2     2
     0     1     1     1
 1.710E+00 1.625E+00 1.625E+00 1.625E+00
 0.000E+00 0.000E+00 0.000E+00 0.000E+00
 0.000E+00 0.000E+00 0.000E+00 0.000E+00
 0.000E+00 0.000E+00 0.000E+00 0.000E+00
      141.552548     -3.188835    -1.017888
 6
       4
     2     2     2     2
     0     1     1     1
 1.710E+00 1.625E+00 1.625E+00 1.625E+00
 0.000E+00 0.000E+00 0.000E+00 0.000E+00
 0.000E+00 0.000E+00 0.000E+00 0.000E+00
 0.000E+00 0.000E+00 0.000E+00 0.000E+00
      141.686481     0.476579    1.906590
 6
       4
     2     2     2     2
     0     1     1     1
 1.710E+00 1.625E+00 1.625E+00 1.625E+00
 0.000E+00 0.000E+00 0.000E+00 0.000E+00
 0.000E+00 0.000E+00 0.000E+00 0.000E+00
 0.000E+00 0.000E+00 0.000E+00 0.000E+00
      144.345178     0.488728    1.750652
 6
       4
     2     2     2     2
     0     1     1     1
 1.710E+00 1.625E+00 1.625E+00 1.625E+00
 0.000E+00 0.000E+00 0.000E+00 0.000E+00
 0.000E+00 0.000E+00 0.000E+00 0.000E+00
 0.000E+00 0.000E+00 0.000E+00 0.000E+00
      144.330033     -3.138451    -1.142169
 6
       4
     2     2     2     2
     0     1     1     1
 1.710E+00 1.625E+00 1.625E+00 1.625E+00
 0.000E+00 0.000E+00 0.000E+00 0.000E+00
 0.000E+00 0.000E+00 0.000E+00 0.000E+00
 0.000E+00 0.000E+00 0.000E+00 0.000E+00
      145.627043     -1.239382    0.234009
# LCAO coefficients .. are not included.
         1
        1        0.000004024320425   k=         1
        2        0.000020357929377   k=         1
        3        -0.000075306158506   k=         1
        4        0.000424556231413   k=         1
        5        -0.000001128575301   k=         1
        6        -0.000007941290752   k=         1
        7        -0.000048552585605   k=         1
        8        0.000097392997665   k=         1
        9        0.000002224587538   k=         1
        10        -0.000027425507496   k=         1
        11        -0.000072099590001   k=         1
        12        0.000151174758073   k=         1
        13        -0.000000385061939   k=         1
        14        0.000010479222264   k=         1
        15        0.000069759772916   k=         1
        16        -0.000159424953447   k=         1
        17        0.000002831230319   k=         1
        18        -0.000010831654763   k=         1
        19        0.000055022532724   k=         1
        20        -0.000209388278085   k=         1
        21        0.000005589429447   k=         1
        22        0.000029760057064   k=         1
        23        0.000045017186987   k=         1
        24        -0.000117924115813   k=         1
        25        0.000013434447693   k=         1
        26        -0.000008248988634   k=         1
        27        0.000033730730043   k=         1
        28        -0.000012436910757   k=         1
        29        -0.000007959748433   k=         1
        30        -0.000040930713490   k=         1
        31        -0.000002818737604   k=         1
        32        -0.000571357906614   k=         1
        33        0.000011910931858   k=         1
        34        0.000071335439309   k=         1
        35        -0.000110064135687   k=         1
        36        -0.000363055738010   k=         1
        37        -0.000041552584660   k=         1
        38        -0.000161129485602   k=         1
        39        0.000121667452167   k=         1
        40        0.000479414352944   k=         1
        41        0.000020821415093   k=         1
        42        -0.000089676537933   k=         1
        43        0.000149231163507   k=         1
        44        0.000445511703953   k=         1
        45        0.000092443537482   k=         1
        46        0.000094693406961   k=         1
        47        0.000015207601887   k=         1
        48        0.000804136416293   k=         1
        49        -0.000079570363170   k=         1
        50        -0.000145227687360   k=         1
        51        -0.000013035028619   k=         1
        52        0.000686732876170   k=         1
        53        0.000007588173337   k=         1
        54        -0.000034132931054   k=         1
        55        -0.000027425976558   k=         1
        56        -0.000783982224063   k=         1
        57        0.000003519676618   k=         1
        58        0.000119141607471   k=         1
        59        -0.001410372754499   k=         1
        60        -0.002034366912485   k=         1
        61        0.000044655935348   k=         1
        62        0.000015495449725   k=         1
        63        0.000053051539374   k=         1
        64        0.000665581061792   k=         1
        65        0.000014241153117   k=         1
        66        0.000050422204791   k=         1
        67        0.002402783981971   k=         1
        68        0.004029252121756   k=         1
        69        0.000098773882993   k=         1
        70        0.000320196167989   k=         1
        71        -0.000048256164442   k=         1
        72        -0.000192453113641   k=         1
        73        -0.000032330448428   k=         1
        74        -0.000028533479669   k=         1
        75        0.000011569983624   k=         1
        76        -0.000090005866155   k=         1
        77        0.000402054201148   k=         1
        78        -0.000278093947742   k=         1
        79        -0.003071743938171   k=         1
        80        -0.003340905094356   k=         1
        81        -0.000454336940823   k=         1
        82        -0.001250110926832   k=         1
        83        -0.003454704436892   k=         1
        84        -0.002725529025341   k=         1
        85        0.000061446679820   k=         1
        86        0.000232854212856   k=         1
        87        0.000329398529424   k=         1
        88        -0.000667295379964   k=         1
        89        -0.000339337140455   k=         1
        90        -0.000059027079677   k=         1
        91        0.002479254818600   k=         1
        92        0.010419477946901   k=         1
        93        0.000087979971564   k=         1
        94        -0.000109661977907   k=         1
        95        -0.000052067768586   k=         1
        96        0.001794825527808   k=         1
        97        0.000253858486407   k=         1
        98        -0.000820601002884   k=         1
        99        -0.004310313136519   k=         1
        100        -0.015756654083955   k=         1
        101        0.000038286983092   k=         1
        102        0.000354016643473   k=         1
        103        -0.001128876903141   k=         1
        104        -0.002870451519762   k=         1
        105        -0.000153071526567   k=         1
        106        -0.000615782975892   k=         1
        107        -0.000747603762270   k=         1
        108        -0.003140290705026   k=         1
        109        0.000425401204806   k=         1
        110        0.001243654889346   k=         1
        111        0.003348684866273   k=         1
        112        0.014326410606572   k=         1
        113        -0.000105381357872   k=         1
        114        -0.001405892737691   k=         1
        115        0.003725074534024   k=         1
        116        0.012842199117075   k=         1
        117        -0.000254032963023   k=         1
        118        -0.000644241569266   k=         1
        119        0.003417001199191   k=         1
        120        0.006644717110648   k=         1
        121        0.000630886290191   k=         1
        122        0.000389953175700   k=         1
        123        -0.014148552604717   k=         1
        124        -0.023588647267807   k=         1
        125        -0.000860895790730   k=         1
        126        -0.001669216442016   k=         1
        127        -0.005171789680493   k=         1
        128        -0.009006183318468   k=         1
        129        0.000157254895027   k=         1
        130        0.004238996393505   k=         1
        131        0.018623266258633   k=         1
        132        0.031887120798805   k=         1
        133        0.000097774950197   k=         1
        134        -0.000064972531872   k=         1
        135        0.006528535332673   k=         1
        136        0.008914878268043   k=         1
        137        -0.000575917625169   k=         1
        138        -0.002757403394349   k=         1
        139        0.007195660517047   k=         1
        140        0.011978093121542   k=         1
        141        -0.000810238522194   k=         1
        142        0.005886747135044   k=         1
        143        -0.014302039133397   k=         1
        144        -0.024823522384989   k=         1
        145        -0.000235064065432   k=         1
        146        0.000646326074659   k=         1
        147        -0.015035261863944   k=         1
        148        -0.024545118659180   k=         1
        149        0.000155411762884   k=         1
        150        0.000578101439587   k=         1
        151        -0.008350070846479   k=         1
        152        -0.023575576173553   k=         1
        153        0.001996946306841   k=         1
        154        -0.001219279389636   k=         1
        155        0.016831395924731   k=         1
        156        0.051905701928253   k=         1
        157        0.000005239261611   k=         1
        158        -0.000027319815221   k=         1
        159        0.000011128123780   k=         1
        160        -0.000017046419122   k=         1
        161        0.000008621265346   k=         1
        162        0.000087964350465   k=         1
        163        -0.000047960080518   k=         1
        164        -0.000001042521467   k=         1
        165        0.000057052238545   k=         1
        166        0.000245638902540   k=         1
        167        -0.000257865454109   k=         1
        168        -0.000623356965415   k=         1
        169        0.000136100563020   k=         1
        170        0.000290723797775   k=         1
        171        -0.000276099994213   k=         1
        172        -0.000091366914300   k=         1
        173        0.000076164326233   k=         1
        174        0.001748448368125   k=         1
        175        0.000228779912267   k=         1
        176        -0.000066153550411   k=         1
        177        0.000859200958195   k=         1
        178        0.001621951470926   k=         1
        179        0.002511568853329   k=         1
        180        -0.000972260233811   k=         1
        181        0.007241303193159   k=         1
        182        -0.018431824357281   k=         1
        183        -0.100699501129598   k=         1
        184        0.000153636607943   k=         1
        185        0.000397274790071   k=         1
        186        -0.001692292254961   k=         1
        187        -0.001388248796166   k=         1
        188        0.008754100772483   k=         1
        189        0.026011169338376   k=         1
        190        -0.000846783704443   k=         1
        191        0.003250282088389   k=         1
        192        -0.024713040752365   k=         1
        193        -0.076649977376143   k=         1
        194        -0.000324034983167   k=         1
        195        -0.003298529812560   k=         1
        196        -0.008085880646406   k=         1
        197        -0.026076803112736   k=         1
        198        0.000413568994876   k=         1
        199        -0.002763813236767   k=         1
        200        -0.006930694599884   k=         1
        201        -0.028819500655833   k=         1
        202        -0.001735622833160   k=         1
        203        0.001803341296828   k=         1
        204        0.013443968739264   k=         1
        205        0.055119952903737   k=         1
        206        0.003069630294611   k=         1
        207        0.006579484306472   k=         1
        208        0.026525703699963   k=         1
        209        0.068649355651104   k=         1
        210        -0.001609189203700   k=         1
        211        -0.000610518811956   k=         1
        212        0.017421283031085   k=         1
        213        0.053048811314633   k=         1
        214        -0.001006164343217   k=         1
        215        0.001937349646848   k=         1
        216        -0.023691257304455   k=         1
        217        -0.101103443534416   k=         1
        218        0.000887289905900   k=         1
        219        0.005249947233182   k=         1
        220        -0.011438513535688   k=         1
        221        -0.089733370126240   k=         1
        222        0.000887593097950   k=         1
        223        0.010581336941815   k=         1
        224        -0.002618058930570   k=         1
        225        -0.091694000107418   k=         1
        226        0.000824384500912   k=         1
        227        -0.005243608106496   k=         1
        228        0.007085814138745   k=         1
        229        0.056336524912473   k=         1
        230        -0.000055249040661   k=         1
        231        -0.012989567813836   k=         1
        232        0.022067542150552   k=         1
        233        0.121915853438117   k=         1
        234        -0.001790391185621   k=         1
        235        -0.005939389712149   k=         1
        236        0.006971058416269   k=         1
        237        0.063965370414261   k=         1
        238        0.008721853825980   k=         1
        239        0.016059531595082   k=         1
        240        0.036394200433819   k=         1
        241        0.129341828338356   k=         1
        242        -0.005057996894248   k=         1
        243        0.023136488146724   k=         1
        244        0.027113254632807   k=         1
        245        0.100547641523827   k=         1
        246        0.000748165715240   k=         1
        247        -0.015519924751627   k=         1
        248        -0.041740721317793   k=         1
        249        -0.147710437563331   k=         1
        250        0.000422347909791   k=         1
        251        0.000501511167972   k=         1
        252        -0.020813574947472   k=         1
        253        -0.091490410469274   k=         1
        254        0.001590609041192   k=         1
        255        0.007323010967223   k=         1
        256        -0.027482395590194   k=         1
        257        -0.082452419117983   k=         1
        258        0.001195388196996   k=         1
        259        -0.001709411766621   k=         1
        260        0.027234301473388   k=         1
        261        0.095218833286433   k=         1
        262        0.002274227373986   k=         1
        263        -0.009484331616815   k=         1
        264        0.026997276507146   k=         1
        265        0.092507514729542   k=         1
        266        -0.001739510855692   k=         1
        267        0.006518482456596   k=         1
        268        0.050421366663485   k=         1
        269        0.144276770563019   k=         1
        270        -0.007850307047093   k=         1
        271        -0.016321426102720   k=         1
        272        -0.043945993809401   k=         1
        273        -0.116977931500331   k=         1
        274        0.009327153228685   k=         1
        275        -0.004772995650051   k=         1
        276        -0.045784384100448   k=         1
        277        -0.129448443716802   k=         1
        278        -0.005833733148701   k=         1
        279        -0.020670262629002   k=         1
        280        0.045453128533939   k=         1
        281        0.129549368184511   k=         1
        282        0.002477021435987   k=         1
        283        -0.013526161416364   k=         1
        284        0.046984977246489   k=         1
        285        0.086264258946427   k=         1
        286        -0.001502380313992   k=         1
        287        -0.027022203460980   k=         1
        288        0.024812290869797   k=         1
        289        0.091129018004991   k=         1
        290        0.002501419894615   k=         1
        291        0.025965179606026   k=         1
        292        -0.027161635797887   k=         1
        293        -0.075257360770526   k=         1
        294        -0.001756077122208   k=         1
        295        0.004048302926740   k=         1
        296        -0.036336680917461   k=         1
        297        -0.087617652279857   k=         1
        298        -0.001241495906194   k=         1
        299        -0.003852772880113   k=         1
        300        -0.031494548534965   k=         1
        301        -0.145116918724641   k=         1
        302        -0.000256329223545   k=         1
        303        0.011968306464245   k=         1
        304        -0.008050036045537   k=         1
        305        0.116230496236603   k=         1
        306        -0.002567983515158   k=         1
        307        0.011443950947676   k=         1
        308        0.017893164400801   k=         1
        309        0.130671436288278   k=         1
        310        -0.000568684928347   k=         1
        311        -0.003463091944327   k=         1
        312        0.017976819522794   k=         1
        313        -0.114400431767169   k=         1
        314        0.002267929586343   k=         1
        315        -0.004314353532970   k=         1
        316        0.042203898683425   k=         1
        317        -0.085137647817402   k=         1
        318        -0.004677864404624   k=         1
        319        0.009446797244324   k=         1
        320        0.029090558285087   k=         1
        321        -0.084922653740234   k=         1
        322        0.000835274400322   k=         1
        323        -0.003297342866482   k=         1
        324        -0.012391884092083   k=         1
        325        0.081362086101024   k=         1
        326        -0.000311439856517   k=         1
        327        0.001184165545446   k=         1
        328        -0.021185799348212   k=         1
        329        0.054542624636797   k=         1
        330        0.002792745364011   k=         1
        331        -0.006478692493600   k=         1
        332        -0.028239235861677   k=         1
        333        0.118113070008592   k=         1
        334        -0.006962152525198   k=         1
        335        -0.005254467467263   k=         1
        336        0.028537861305759   k=         1
        337        -0.089270556472773   k=         1
        338        0.006569316823814   k=         1
        339        -0.007924831292832   k=         1
        340        0.026731345568123   k=         1
        341        -0.099776658670728   k=         1
        342        -0.001723297772190   k=         1
        343        -0.005593754160830   k=         1
        344        -0.034087408693764   k=         1
        345        0.094895054978732   k=         1
        346        -0.000145090029929   k=         1
        347        -0.006966571153154   k=         1
        348        -0.018116638877284   k=         1
        349        0.072012917636054   k=         1
        350        0.001037527460030   k=         1
        351        -0.015915277778092   k=         1
        352        -0.021627301116219   k=         1
        353        0.068191451430249   k=         1
        354        -0.000321368909200   k=         1
        355        0.011603370818761   k=         1
        356        0.015447431927632   k=         1
        357        -0.058046266077894   k=         1
        358        -0.000307084125190   k=         1
        359        0.004554112986789   k=         1
        360        0.019994187286536   k=         1
        361        -0.059877104931149   k=         1
        362        -0.001941188384131   k=         1
        363        0.001002393684121   k=         1
        364        0.045877560377790   k=         1
        365        -0.103760566537989   k=         1
        366        -0.001744692596948   k=         1
        367        -0.000532609693803   k=         1
        368        -0.030693647802508   k=         1
        369        0.056908705958636   k=         1
        370        -0.001827426801077   k=         1
        371        0.002402778851133   k=         1
        372        0.000699228844644   k=         1
        373        0.005920325571264   k=         1
        374        -0.016710113565051   k=         1
        375        -0.064194459541180   k=         1
        376        0.003987906520750   k=         1
        377        -0.002183451852107   k=         1
        378        -0.002016847620167   k=         1
        379        -0.003642572040806   k=         1
        380        -0.004441989997974   k=         1
        381        -0.002539251095370   k=         1
        382        0.003798074249696   k=         1
        383        0.002677766241294   k=         1
        384        -0.004241176395349   k=         1
        385        0.008724863029409   k=         1
        386        0.000438783349665   k=         1
        387        -0.004433792196256   k=         1
        388        -0.002648793884419   k=         1
        389        0.007136495851926   k=         1
        390        0.003145707036185   k=         1
        391        -0.000814744394257   k=         1
        392        0.000652847710486   k=         1
        393        0.004331653051301   k=         1
        394        0.002334616646778   k=         1
        395        0.001027916824899   k=         1
        396        -0.001312925815625   k=         1
        397        -0.001916992436993   k=         1
        398        0.002433804494586   k=         1
        399        -0.001161239966638   k=         1
        400        -0.013789762035253   k=         1
        401        -0.039400533968635   k=         1
        402        0.089941232313978   k=         1
        403        0.000146956360974   k=         1
        404        0.008856277469417   k=         1
        405        0.023644046095480   k=         1
        406        -0.037979710948611   k=         1
        407        0.001834799396931   k=         1
        408        -0.008177633284335   k=         1
        409        0.043113553495335   k=         1
        410        -0.045849102884866   k=         1
        411        -0.002541653649929   k=         1
        412        0.000825600626636   k=         1
        413        0.042846198392106   k=         1
        414        -0.047337874408697   k=         1
        415        0.000351217479063   k=         1
        416        0.001704884539512   k=         1
        417        -0.006963682167762   k=         1
        418        0.007964541957059   k=         1
        419        -0.001058823201035   k=         1
        420        0.006399417528391   k=         1
        421        -0.013892239093678   k=         1
        422        0.015519037509648   k=         1
        423        -0.000432109775568   k=         1
        424        0.004706618428711   k=         1
        425        -0.041968945979078   k=         1
        426        0.052985403276470   k=         1
