# file_format= v0.04.05
       144       426
    188.97268778      0.00000000      0.00000000    0
      0.00000000    188.97268778      0.00000000    0
      0.00000000      0.00000000    188.97268778    0
 6
       4
     2     2     2     2
     0     1     1     1
 1.710E+00 1.625E+00 1.625E+00 1.625E+00
 0.000E+00 0.000E+00 0.000E+00 0.000E+00
 0.000E+00 0.000E+00 0.000E+00 0.000E+00
 0.000E+00 0.000E+00 0.000E+00 0.000E+00
      1.403035     -0.783879    -0.015560
 6
       4
     2     2     2     2
     0     1     1     1
 1.710E+00 1.625E+00 1.625E+00 1.625E+00
 0.000E+00 0.000E+00 0.000E+00 0.000E+00
 0.000E+00 0.000E+00 0.000E+00 0.000E+00
 0.000E+00 0.000E+00 0.000E+00 0.000E+00
      -0.497057     1.034674    0.547658
 6
       4
     2     2     2     2
     0     1     1     1
 1.710E+00 1.625E+00 1.625E+00 1.625E+00
 0.000E+00 0.000E+00 0.000E+00 0.000E+00
 0.000E+00 0.000E+00 0.000E+00 0.000E+00
 0.000E+00 0.000E+00 0.000E+00 0.000E+00
      0.512116     -3.367824    -0.683089
 6
       4
     2     2     2     2
     0     1     1     1
 1.710E+00 1.625E+00 1.625E+00 1.625E+00
 0.000E+00 0.000E+00 0.000E+00 0.000E+00
 0.000E+00 0.000E+00 0.000E+00 0.000E+00
 0.000E+00 0.000E+00 0.000E+00 0.000E+00
      -3.130193     0.437046    0.300323
 6
       4
     2     2     2     2
     0     1     1     1
 1.710E+00 1.625E+00 1.625E+00 1.625E+00
 0.000E+00 0.000E+00 0.000E+00 0.000E+00
 0.000E+00 0.000E+00 0.000E+00 0.000E+00
 0.000E+00 0.000E+00 0.000E+00 0.000E+00
      -4.070823     -2.004132    -0.467078
 6
       4
     2     2     2     2
     0     1     1     1
 1.710E+00 1.625E+00 1.625E+00 1.625E+00
 0.000E+00 0.000E+00 0.000E+00 0.000E+00
 0.000E+00 0.000E+00 0.000E+00 0.000E+00
 0.000E+00 0.000E+00 0.000E+00 0.000E+00
      -2.120754     -3.970261    -0.855301
 6
       4
     2     2     2     2
     0     1     1     1
 1.710E+00 1.625E+00 1.625E+00 1.625E+00
 0.000E+00 0.000E+00 0.000E+00 0.000E+00
 0.000E+00 0.000E+00 0.000E+00 0.000E+00
 0.000E+00 0.000E+00 0.000E+00 0.000E+00
      4.002370     -0.512719    -0.045699
 6
       4
     2     2     2     2
     0     1     1     1
 1.710E+00 1.625E+00 1.625E+00 1.625E+00
 0.000E+00 0.000E+00 0.000E+00 0.000E+00
 0.000E+00 0.000E+00 0.000E+00 0.000E+00
 0.000E+00 0.000E+00 0.000E+00 0.000E+00
      6.279958     -0.414313    -0.165119
 6
       4
     2     2     2     2
     0     1     1     1
 1.710E+00 1.625E+00 1.625E+00 1.625E+00
 0.000E+00 0.000E+00 0.000E+00 0.000E+00
 0.000E+00 0.000E+00 0.000E+00 0.000E+00
 0.000E+00 0.000E+00 0.000E+00 0.000E+00
      8.951131     -0.078356    -0.024935
 6
       4
     2     2     2     2
     0     1     1     1
 1.710E+00 1.625E+00 1.625E+00 1.625E+00
 0.000E+00 0.000E+00 0.000E+00 0.000E+00
 0.000E+00 0.000E+00 0.000E+00 0.000E+00
 0.000E+00 0.000E+00 0.000E+00 0.000E+00
      10.006683     2.422211    -0.175283
 6
       4
     2     2     2     2
     0     1     1     1
 1.710E+00 1.625E+00 1.625E+00 1.625E+00
 0.000E+00 0.000E+00 0.000E+00 0.000E+00
 0.000E+00 0.000E+00 0.000E+00 0.000E+00
 0.000E+00 0.000E+00 0.000E+00 0.000E+00
      10.626417     -2.047567    0.459950
 6
       4
     2     2     2     2
     0     1     1     1
 1.710E+00 1.625E+00 1.625E+00 1.625E+00
 0.000E+00 0.000E+00 0.000E+00 0.000E+00
 0.000E+00 0.000E+00 0.000E+00 0.000E+00
 0.000E+00 0.000E+00 0.000E+00 0.000E+00
      12.673353     2.820397    -0.068795
 6
       4
     2     2     2     2
     0     1     1     1
 1.710E+00 1.625E+00 1.625E+00 1.625E+00
 0.000E+00 0.000E+00 0.000E+00 0.000E+00
 0.000E+00 0.000E+00 0.000E+00 0.000E+00
 0.000E+00 0.000E+00 0.000E+00 0.000E+00
      13.270824     -1.600927    0.636800
 6
       4
     2     2     2     2
     0     1     1     1
 1.710E+00 1.625E+00 1.625E+00 1.625E+00
 0.000E+00 0.000E+00 0.000E+00 0.000E+00
 0.000E+00 0.000E+00 0.000E+00 0.000E+00
 0.000E+00 0.000E+00 0.000E+00 0.000E+00
      14.364300     0.756678    0.303414
 6
       4
     2     2     2     2
     0     1     1     1
 1.710E+00 1.625E+00 1.625E+00 1.625E+00
 0.000E+00 0.000E+00 0.000E+00 0.000E+00
 0.000E+00 0.000E+00 0.000E+00 0.000E+00
 0.000E+00 0.000E+00 0.000E+00 0.000E+00
      17.048363     0.920055    0.271665
 6
       4
     2     2     2     2
     0     1     1     1
 1.710E+00 1.625E+00 1.625E+00 1.625E+00
 0.000E+00 0.000E+00 0.000E+00 0.000E+00
 0.000E+00 0.000E+00 0.000E+00 0.000E+00
 0.000E+00 0.000E+00 0.000E+00 0.000E+00
      19.306958     1.299198    0.129845
 6
       4
     2     2     2     2
     0     1     1     1
 1.710E+00 1.625E+00 1.625E+00 1.625E+00
 0.000E+00 0.000E+00 0.000E+00 0.000E+00
 0.000E+00 0.000E+00 0.000E+00 0.000E+00
 0.000E+00 0.000E+00 0.000E+00 0.000E+00
      21.964962     1.233934    0.310378
 6
       4
     2     2     2     2
     0     1     1     1
 1.710E+00 1.625E+00 1.625E+00 1.625E+00
 0.000E+00 0.000E+00 0.000E+00 0.000E+00
 0.000E+00 0.000E+00 0.000E+00 0.000E+00
 0.000E+00 0.000E+00 0.000E+00 0.000E+00
      23.295652     -0.769385    1.625448
 6
       4
     2     2     2     2
     0     1     1     1
 1.710E+00 1.625E+00 1.625E+00 1.625E+00
 0.000E+00 0.000E+00 0.000E+00 0.000E+00
 0.000E+00 0.000E+00 0.000E+00 0.000E+00
 0.000E+00 0.000E+00 0.000E+00 0.000E+00
      23.461319     3.113065    -0.962317
 6
       4
     2     2     2     2
     0     1     1     1
 1.710E+00 1.625E+00 1.625E+00 1.625E+00
 0.000E+00 0.000E+00 0.000E+00 0.000E+00
 0.000E+00 0.000E+00 0.000E+00 0.000E+00
 0.000E+00 0.000E+00 0.000E+00 0.000E+00
      26.016744     2.938955    -1.091362
 6
       4
     2     2     2     2
     0     1     1     1
 1.710E+00 1.625E+00 1.625E+00 1.625E+00
 0.000E+00 0.000E+00 0.000E+00 0.000E+00
 0.000E+00 0.000E+00 0.000E+00 0.000E+00
 0.000E+00 0.000E+00 0.000E+00 0.000E+00
      25.802115     -0.956315    1.345424
 6
       4
     2     2     2     2
     0     1     1     1
 1.710E+00 1.625E+00 1.625E+00 1.625E+00
 0.000E+00 0.000E+00 0.000E+00 0.000E+00
 0.000E+00 0.000E+00 0.000E+00 0.000E+00
 0.000E+00 0.000E+00 0.000E+00 0.000E+00
      27.372645     0.870298    0.037063
 6
       4
     2     2     2     2
     0     1     1     1
 1.710E+00 1.625E+00 1.625E+00 1.625E+00
 0.000E+00 0.000E+00 0.000E+00 0.000E+00
 0.000E+00 0.000E+00 0.000E+00 0.000E+00
 0.000E+00 0.000E+00 0.000E+00 0.000E+00
      29.982521     0.543185    -0.114799
 6
       4
     2     2     2     2
     0     1     1     1
 1.710E+00 1.625E+00 1.625E+00 1.625E+00
 0.000E+00 0.000E+00 0.000E+00 0.000E+00
 0.000E+00 0.000E+00 0.000E+00 0.000E+00
 0.000E+00 0.000E+00 0.000E+00 0.000E+00
      32.360647     0.336840    -0.309953
 6
       4
     2     2     2     2
     0     1     1     1
 1.710E+00 1.625E+00 1.625E+00 1.625E+00
 0.000E+00 0.000E+00 0.000E+00 0.000E+00
 0.000E+00 0.000E+00 0.000E+00 0.000E+00
 0.000E+00 0.000E+00 0.000E+00 0.000E+00
      34.974956     0.075740    -0.242922
 6
       4
     2     2     2     2
     0     1     1     1
 1.710E+00 1.625E+00 1.625E+00 1.625E+00
 0.000E+00 0.000E+00 0.000E+00 0.000E+00
 0.000E+00 0.000E+00 0.000E+00 0.000E+00
 0.000E+00 0.000E+00 0.000E+00 0.000E+00
      36.239515     -2.226849    0.469950
 6
       4
     2     2     2     2
     0     1     1     1
 1.710E+00 1.625E+00 1.625E+00 1.625E+00
 0.000E+00 0.000E+00 0.000E+00 0.000E+00
 0.000E+00 0.000E+00 0.000E+00 0.000E+00
 0.000E+00 0.000E+00 0.000E+00 0.000E+00
      36.721394     2.071676    -1.074978
 6
       4
     2     2     2     2
     0     1     1     1
 1.710E+00 1.625E+00 1.625E+00 1.625E+00
 0.000E+00 0.000E+00 0.000E+00 0.000E+00
 0.000E+00 0.000E+00 0.000E+00 0.000E+00
 0.000E+00 0.000E+00 0.000E+00 0.000E+00
      39.328741     1.731110    -0.990613
 6
       4
     2     2     2     2
     0     1     1     1
 1.710E+00 1.625E+00 1.625E+00 1.625E+00
 0.000E+00 0.000E+00 0.000E+00 0.000E+00
 0.000E+00 0.000E+00 0.000E+00 0.000E+00
 0.000E+00 0.000E+00 0.000E+00 0.000E+00
      38.823493     -2.569606    0.542777
 6
       4
     2     2     2     2
     0     1     1     1
 1.710E+00 1.625E+00 1.625E+00 1.625E+00
 0.000E+00 0.000E+00 0.000E+00 0.000E+00
 0.000E+00 0.000E+00 0.000E+00 0.000E+00
 0.000E+00 0.000E+00 0.000E+00 0.000E+00
      40.547333     -0.612031    -0.088645
 6
       4
     2     2     2     2
     0     1     1     1
 1.710E+00 1.625E+00 1.625E+00 1.625E+00
 0.000E+00 0.000E+00 0.000E+00 0.000E+00
 0.000E+00 0.000E+00 0.000E+00 0.000E+00
 0.000E+00 0.000E+00 0.000E+00 0.000E+00
      43.225976     -0.608214    0.057962
 6
       4
     2     2     2     2
     0     1     1     1
 1.710E+00 1.625E+00 1.625E+00 1.625E+00
 0.000E+00 0.000E+00 0.000E+00 0.000E+00
 0.000E+00 0.000E+00 0.000E+00 0.000E+00
 0.000E+00 0.000E+00 0.000E+00 0.000E+00
      45.524338     -0.523913    -0.078641
 6
       4
     2     2     2     2
     0     1     1     1
 1.710E+00 1.625E+00 1.625E+00 1.625E+00
 0.000E+00 0.000E+00 0.000E+00 0.000E+00
 0.000E+00 0.000E+00 0.000E+00 0.000E+00
 0.000E+00 0.000E+00 0.000E+00 0.000E+00
      48.289521     -0.327017    -0.310004
 6
       4
     2     2     2     2
     0     1     1     1
 1.710E+00 1.625E+00 1.625E+00 1.625E+00
 0.000E+00 0.000E+00 0.000E+00 0.000E+00
 0.000E+00 0.000E+00 0.000E+00 0.000E+00
 0.000E+00 0.000E+00 0.000E+00 0.000E+00
      49.857833     -2.355988    0.578128
 6
       4
     2     2     2     2
     0     1     1     1
 1.710E+00 1.625E+00 1.625E+00 1.625E+00
 0.000E+00 0.000E+00 0.000E+00 0.000E+00
 0.000E+00 0.000E+00 0.000E+00 0.000E+00
 0.000E+00 0.000E+00 0.000E+00 0.000E+00
      49.735243     1.694933    -1.469302
 6
       4
     2     2     2     2
     0     1     1     1
 1.710E+00 1.625E+00 1.625E+00 1.625E+00
 0.000E+00 0.000E+00 0.000E+00 0.000E+00
 0.000E+00 0.000E+00 0.000E+00 0.000E+00
 0.000E+00 0.000E+00 0.000E+00 0.000E+00
      52.328965     1.585261    -1.687333
 6
       4
     2     2     2     2
     0     1     1     1
 1.710E+00 1.625E+00 1.625E+00 1.625E+00
 0.000E+00 0.000E+00 0.000E+00 0.000E+00
 0.000E+00 0.000E+00 0.000E+00 0.000E+00
 0.000E+00 0.000E+00 0.000E+00 0.000E+00
      52.480896     -2.330257    0.579656
 6
       4
     2     2     2     2
     0     1     1     1
 1.710E+00 1.625E+00 1.625E+00 1.625E+00
 0.000E+00 0.000E+00 0.000E+00 0.000E+00
 0.000E+00 0.000E+00 0.000E+00 0.000E+00
 0.000E+00 0.000E+00 0.000E+00 0.000E+00
      53.861885     -0.283909    -0.489579
 6
       4
     2     2     2     2
     0     1     1     1
 1.710E+00 1.625E+00 1.625E+00 1.625E+00
 0.000E+00 0.000E+00 0.000E+00 0.000E+00
 0.000E+00 0.000E+00 0.000E+00 0.000E+00
 0.000E+00 0.000E+00 0.000E+00 0.000E+00
      56.626590     -0.138965    -0.558097
 1
       1
     1
     0
 1.300E+00
 0.000E+00
 0.000E+00
 0.000E+00
      -4.566343     1.926615    0.582979
 1
       1
     1
     0
 1.300E+00
 0.000E+00
 0.000E+00
 0.000E+00
      0.410301     2.760425    1.155012
 1
       1
     1
     0
 1.300E+00
 0.000E+00
 0.000E+00
 0.000E+00
      -5.785508     -2.678154    -0.668867
 1
       1
     1
     0
 1.300E+00
 0.000E+00
 0.000E+00
 0.000E+00
      -2.833177     -5.977706    -1.356026
 1
       1
     1
     0
 1.300E+00
 0.000E+00
 0.000E+00
 0.000E+00
      2.025268     -4.681866    -1.076190
 1
       1
     1
     0
 1.300E+00
 0.000E+00
 0.000E+00
 0.000E+00
      8.933220     4.078167    -0.308494
 1
       1
     1
     0
 1.300E+00
 0.000E+00
 0.000E+00
 0.000E+00
      9.862918     -4.041874    0.641804
 1
       1
     1
     0
 1.300E+00
 0.000E+00
 0.000E+00
 0.000E+00
      13.276459     4.797912    -0.318477
 1
       1
     1
     0
 1.300E+00
 0.000E+00
 0.000E+00
 0.000E+00
      14.509949     -3.299027    1.047787
 1
       1
     1
     0
 1.300E+00
 0.000E+00
 0.000E+00
 0.000E+00
      22.512950     4.651086    -1.996403
 1
       1
     1
     0
 1.300E+00
 0.000E+00
 0.000E+00
 0.000E+00
      27.025177     4.564166    -2.182350
 1
       1
     1
     0
 1.300E+00
 0.000E+00
 0.000E+00
 0.000E+00
      22.288519     -2.254392    2.798722
 1
       1
     1
     0
 1.300E+00
 0.000E+00
 0.000E+00
 0.000E+00
      26.764552     -2.691701    2.139283
 1
       1
     1
     0
 1.300E+00
 0.000E+00
 0.000E+00
 0.000E+00
      36.022378     3.942577    -1.926912
 1
       1
     1
     0
 1.300E+00
 0.000E+00
 0.000E+00
 0.000E+00
      34.944186     -3.799056    1.027984
 1
       1
     1
     0
 1.300E+00
 0.000E+00
 0.000E+00
 0.000E+00
      40.448013     3.273034    -1.651173
 1
       1
     1
     0
 1.300E+00
 0.000E+00
 0.000E+00
 0.000E+00
      39.668699     -4.389304    0.958671
 1
       1
     1
     0
 1.300E+00
 0.000E+00
 0.000E+00
 0.000E+00
      48.702623     3.330168    -2.142057
 1
       1
     1
     0
 1.300E+00
 0.000E+00
 0.000E+00
 0.000E+00
      48.981754     -3.999316    1.391371
 1
       1
     1
     0
 1.300E+00
 0.000E+00
 0.000E+00
 0.000E+00
      53.383771     2.838495    -2.655577
 1
       1
     1
     0
 1.300E+00
 0.000E+00
 0.000E+00
 0.000E+00
      53.572161     -4.017444    1.348361
 1
       1
     1
     0
 1.300E+00
 0.000E+00
 0.000E+00
 0.000E+00
      61.735953     4.272565    -1.408235
 1
       1
     1
     0
 1.300E+00
 0.000E+00
 0.000E+00
 0.000E+00
      61.910885     -3.285088    1.147595
 6
       4
     2     2     2     2
     0     1     1     1
 1.710E+00 1.625E+00 1.625E+00 1.625E+00
 0.000E+00 0.000E+00 0.000E+00 0.000E+00
 0.000E+00 0.000E+00 0.000E+00 0.000E+00
 0.000E+00 0.000E+00 0.000E+00 0.000E+00
      69.780182     0.592764    -0.274109
 1
       1
     1
     0
 1.300E+00
 0.000E+00
 0.000E+00
 0.000E+00
      66.462610     4.696629    -1.610999
 1
       1
     1
     0
 1.300E+00
 0.000E+00
 0.000E+00
 0.000E+00
      67.021387     -3.185573    0.744446
 6
       4
     2     2     2     2
     0     1     1     1
 1.710E+00 1.625E+00 1.625E+00 1.625E+00
 0.000E+00 0.000E+00 0.000E+00 0.000E+00
 0.000E+00 0.000E+00 0.000E+00 0.000E+00
 0.000E+00 0.000E+00 0.000E+00 0.000E+00
      58.925426     0.241887    -0.244177
 6
       4
     2     2     2     2
     0     1     1     1
 1.710E+00 1.625E+00 1.625E+00 1.625E+00
 0.000E+00 0.000E+00 0.000E+00 0.000E+00
 0.000E+00 0.000E+00 0.000E+00 0.000E+00
 0.000E+00 0.000E+00 0.000E+00 0.000E+00
      61.572878     0.460386    -0.205360
 6
       4
     2     2     2     2
     0     1     1     1
 1.710E+00 1.625E+00 1.625E+00 1.625E+00
 0.000E+00 0.000E+00 0.000E+00 0.000E+00
 0.000E+00 0.000E+00 0.000E+00 0.000E+00
 0.000E+00 0.000E+00 0.000E+00 0.000E+00
      63.131044     -1.708084    0.481464
 6
       4
     2     2     2     2
     0     1     1     1
 1.710E+00 1.625E+00 1.625E+00 1.625E+00
 0.000E+00 0.000E+00 0.000E+00 0.000E+00
 0.000E+00 0.000E+00 0.000E+00 0.000E+00
 0.000E+00 0.000E+00 0.000E+00 0.000E+00
      62.861229     2.736251    -0.896104
 6
       4
     2     2     2     2
     0     1     1     1
 1.710E+00 1.625E+00 1.625E+00 1.625E+00
 0.000E+00 0.000E+00 0.000E+00 0.000E+00
 0.000E+00 0.000E+00 0.000E+00 0.000E+00
 0.000E+00 0.000E+00 0.000E+00 0.000E+00
      65.561503     2.787576    -0.966687
 6
       4
     2     2     2     2
     0     1     1     1
 1.710E+00 1.625E+00 1.625E+00 1.625E+00
 0.000E+00 0.000E+00 0.000E+00 0.000E+00
 0.000E+00 0.000E+00 0.000E+00 0.000E+00
 0.000E+00 0.000E+00 0.000E+00 0.000E+00
      65.640296     -1.616846    0.409997
 6
       4
     2     2     2     2
     0     1     1     1
 1.710E+00 1.625E+00 1.625E+00 1.625E+00
 0.000E+00 0.000E+00 0.000E+00 0.000E+00
 0.000E+00 0.000E+00 0.000E+00 0.000E+00
 0.000E+00 0.000E+00 0.000E+00 0.000E+00
      67.039989     0.735026    -0.238228
 6
       4
     2     2     2     2
     0     1     1     1
 1.710E+00 1.625E+00 1.625E+00 1.625E+00
 0.000E+00 0.000E+00 0.000E+00 0.000E+00
 0.000E+00 0.000E+00 0.000E+00 0.000E+00
 0.000E+00 0.000E+00 0.000E+00 0.000E+00
      80.137982     -0.079138    0.784781
 6
       4
     2     2     2     2
     0     1     1     1
 1.710E+00 1.625E+00 1.625E+00 1.625E+00
 0.000E+00 0.000E+00 0.000E+00 0.000E+00
 0.000E+00 0.000E+00 0.000E+00 0.000E+00
 0.000E+00 0.000E+00 0.000E+00 0.000E+00
      78.772304     2.316128    0.493084
 6
       4
     2     2     2     2
     0     1     1     1
 1.710E+00 1.625E+00 1.625E+00 1.625E+00
 0.000E+00 0.000E+00 0.000E+00 0.000E+00
 0.000E+00 0.000E+00 0.000E+00 0.000E+00
 0.000E+00 0.000E+00 0.000E+00 0.000E+00
      78.704619     -2.340148    1.003564
 6
       4
     2     2     2     2
     0     1     1     1
 1.710E+00 1.625E+00 1.625E+00 1.625E+00
 0.000E+00 0.000E+00 0.000E+00 0.000E+00
 0.000E+00 0.000E+00 0.000E+00 0.000E+00
 0.000E+00 0.000E+00 0.000E+00 0.000E+00
      76.147072     2.261361    0.205268
 6
       4
     2     2     2     2
     0     1     1     1
 1.710E+00 1.625E+00 1.625E+00 1.625E+00
 0.000E+00 0.000E+00 0.000E+00 0.000E+00
 0.000E+00 0.000E+00 0.000E+00 0.000E+00
 0.000E+00 0.000E+00 0.000E+00 0.000E+00
      74.722542     -0.057193    0.260215
 6
       4
     2     2     2     2
     0     1     1     1
 1.710E+00 1.625E+00 1.625E+00 1.625E+00
 0.000E+00 0.000E+00 0.000E+00 0.000E+00
 0.000E+00 0.000E+00 0.000E+00 0.000E+00
 0.000E+00 0.000E+00 0.000E+00 0.000E+00
      76.092680     -2.335512    0.676399
 6
       4
     2     2     2     2
     0     1     1     1
 1.710E+00 1.625E+00 1.625E+00 1.625E+00
 0.000E+00 0.000E+00 0.000E+00 0.000E+00
 0.000E+00 0.000E+00 0.000E+00 0.000E+00
 0.000E+00 0.000E+00 0.000E+00 0.000E+00
      82.816990     -0.025657    0.554451
 6
       4
     2     2     2     2
     0     1     1     1
 1.710E+00 1.625E+00 1.625E+00 1.625E+00
 0.000E+00 0.000E+00 0.000E+00 0.000E+00
 0.000E+00 0.000E+00 0.000E+00 0.000E+00
 0.000E+00 0.000E+00 0.000E+00 0.000E+00
      85.148101     -0.143716    0.311964
 6
       4
     2     2     2     2
     0     1     1     1
 1.710E+00 1.625E+00 1.625E+00 1.625E+00
 0.000E+00 0.000E+00 0.000E+00 0.000E+00
 0.000E+00 0.000E+00 0.000E+00 0.000E+00
 0.000E+00 0.000E+00 0.000E+00 0.000E+00
      87.845349     -0.119121    0.162807
 6
       4
     2     2     2     2
     0     1     1     1
 1.710E+00 1.625E+00 1.625E+00 1.625E+00
 0.000E+00 0.000E+00 0.000E+00 0.000E+00
 0.000E+00 0.000E+00 0.000E+00 0.000E+00
 0.000E+00 0.000E+00 0.000E+00 0.000E+00
      89.254340     2.221925    -0.424826
 6
       4
     2     2     2     2
     0     1     1     1
 1.710E+00 1.625E+00 1.625E+00 1.625E+00
 0.000E+00 0.000E+00 0.000E+00 0.000E+00
 0.000E+00 0.000E+00 0.000E+00 0.000E+00
 0.000E+00 0.000E+00 0.000E+00 0.000E+00
      89.357923     -2.240325    0.797493
 6
       4
     2     2     2     2
     0     1     1     1
 1.710E+00 1.625E+00 1.625E+00 1.625E+00
 0.000E+00 0.000E+00 0.000E+00 0.000E+00
 0.000E+00 0.000E+00 0.000E+00 0.000E+00
 0.000E+00 0.000E+00 0.000E+00 0.000E+00
      91.780699     2.353414    -0.464283
 6
       4
     2     2     2     2
     0     1     1     1
 1.710E+00 1.625E+00 1.625E+00 1.625E+00
 0.000E+00 0.000E+00 0.000E+00 0.000E+00
 0.000E+00 0.000E+00 0.000E+00 0.000E+00
 0.000E+00 0.000E+00 0.000E+00 0.000E+00
      91.935239     -2.191882    0.614573
 6
       4
     2     2     2     2
     0     1     1     1
 1.710E+00 1.625E+00 1.625E+00 1.625E+00
 0.000E+00 0.000E+00 0.000E+00 0.000E+00
 0.000E+00 0.000E+00 0.000E+00 0.000E+00
 0.000E+00 0.000E+00 0.000E+00 0.000E+00
      93.304743     0.105275    -0.022803
 6
       4
     2     2     2     2
     0     1     1     1
 1.710E+00 1.625E+00 1.625E+00 1.625E+00
 0.000E+00 0.000E+00 0.000E+00 0.000E+00
 0.000E+00 0.000E+00 0.000E+00 0.000E+00
 0.000E+00 0.000E+00 0.000E+00 0.000E+00
      95.980260     0.132351    -0.255393
 6
       4
     2     2     2     2
     0     1     1     1
 1.710E+00 1.625E+00 1.625E+00 1.625E+00
 0.000E+00 0.000E+00 0.000E+00 0.000E+00
 0.000E+00 0.000E+00 0.000E+00 0.000E+00
 0.000E+00 0.000E+00 0.000E+00 0.000E+00
      98.264723     0.526366    -0.303292
 6
       4
     2     2     2     2
     0     1     1     1
 1.710E+00 1.625E+00 1.625E+00 1.625E+00
 0.000E+00 0.000E+00 0.000E+00 0.000E+00
 0.000E+00 0.000E+00 0.000E+00 0.000E+00
 0.000E+00 0.000E+00 0.000E+00 0.000E+00
      100.906458     0.906653    -0.063782
 6
       4
     2     2     2     2
     0     1     1     1
 1.710E+00 1.625E+00 1.625E+00 1.625E+00
 0.000E+00 0.000E+00 0.000E+00 0.000E+00
 0.000E+00 0.000E+00 0.000E+00 0.000E+00
 0.000E+00 0.000E+00 0.000E+00 0.000E+00
      102.491056     -1.196310    0.730749
 6
       4
     2     2     2     2
     0     1     1     1
 1.710E+00 1.625E+00 1.625E+00 1.625E+00
 0.000E+00 0.000E+00 0.000E+00 0.000E+00
 0.000E+00 0.000E+00 0.000E+00 0.000E+00
 0.000E+00 0.000E+00 0.000E+00 0.000E+00
      102.179690     3.232860    -0.618757
 6
       4
     2     2     2     2
     0     1     1     1
 1.710E+00 1.625E+00 1.625E+00 1.625E+00
 0.000E+00 0.000E+00 0.000E+00 0.000E+00
 0.000E+00 0.000E+00 0.000E+00 0.000E+00
 0.000E+00 0.000E+00 0.000E+00 0.000E+00
      104.822615     3.469501    -0.486988
 6
       4
     2     2     2     2
     0     1     1     1
 1.710E+00 1.625E+00 1.625E+00 1.625E+00
 0.000E+00 0.000E+00 0.000E+00 0.000E+00
 0.000E+00 0.000E+00 0.000E+00 0.000E+00
 0.000E+00 0.000E+00 0.000E+00 0.000E+00
      105.072852     -0.872296    1.047341
 6
       4
     2     2     2     2
     0     1     1     1
 1.710E+00 1.625E+00 1.625E+00 1.625E+00
 0.000E+00 0.000E+00 0.000E+00 0.000E+00
 0.000E+00 0.000E+00 0.000E+00 0.000E+00
 0.000E+00 0.000E+00 0.000E+00 0.000E+00
      106.362604     1.470171    0.252197
 6
       4
     2     2     2     2
     0     1     1     1
 1.710E+00 1.625E+00 1.625E+00 1.625E+00
 0.000E+00 0.000E+00 0.000E+00 0.000E+00
 0.000E+00 0.000E+00 0.000E+00 0.000E+00
 0.000E+00 0.000E+00 0.000E+00 0.000E+00
      109.095370     1.321829    0.256181
 6
       4
     2     2     2     2
     0     1     1     1
 1.710E+00 1.625E+00 1.625E+00 1.625E+00
 0.000E+00 0.000E+00 0.000E+00 0.000E+00
 0.000E+00 0.000E+00 0.000E+00 0.000E+00
 0.000E+00 0.000E+00 0.000E+00 0.000E+00
      111.382111     0.818703    0.080888
 6
       4
     2     2     2     2
     0     1     1     1
 1.710E+00 1.625E+00 1.625E+00 1.625E+00
 0.000E+00 0.000E+00 0.000E+00 0.000E+00
 0.000E+00 0.000E+00 0.000E+00 0.000E+00
 0.000E+00 0.000E+00 0.000E+00 0.000E+00
      114.012513     0.656644    -0.067081
 6
       4
     2     2     2     2
     0     1     1     1
 1.710E+00 1.625E+00 1.625E+00 1.625E+00
 0.000E+00 0.000E+00 0.000E+00 0.000E+00
 0.000E+00 0.000E+00 0.000E+00 0.000E+00
 0.000E+00 0.000E+00 0.000E+00 0.000E+00
      115.286188     -1.682317    -0.724383
 6
       4
     2     2     2     2
     0     1     1     1
 1.710E+00 1.625E+00 1.625E+00 1.625E+00
 0.000E+00 0.000E+00 0.000E+00 0.000E+00
 0.000E+00 0.000E+00 0.000E+00 0.000E+00
 0.000E+00 0.000E+00 0.000E+00 0.000E+00
      115.564218     2.801364    0.430582
 6
       4
     2     2     2     2
     0     1     1     1
 1.710E+00 1.625E+00 1.625E+00 1.625E+00
 0.000E+00 0.000E+00 0.000E+00 0.000E+00
 0.000E+00 0.000E+00 0.000E+00 0.000E+00
 0.000E+00 0.000E+00 0.000E+00 0.000E+00
      118.192562     2.731281    0.345226
 6
       4
     2     2     2     2
     0     1     1     1
 1.710E+00 1.625E+00 1.625E+00 1.625E+00
 0.000E+00 0.000E+00 0.000E+00 0.000E+00
 0.000E+00 0.000E+00 0.000E+00 0.000E+00
 0.000E+00 0.000E+00 0.000E+00 0.000E+00
      118.005602     -1.750661    -0.895719
 6
       4
     2     2     2     2
     0     1     1     1
 1.710E+00 1.625E+00 1.625E+00 1.625E+00
 0.000E+00 0.000E+00 0.000E+00 0.000E+00
 0.000E+00 0.000E+00 0.000E+00 0.000E+00
 0.000E+00 0.000E+00 0.000E+00 0.000E+00
      119.452566     0.390442    -0.392957
 6
       4
     2     2     2     2
     0     1     1     1
 1.710E+00 1.625E+00 1.625E+00 1.625E+00
 0.000E+00 0.000E+00 0.000E+00 0.000E+00
 0.000E+00 0.000E+00 0.000E+00 0.000E+00
 0.000E+00 0.000E+00 0.000E+00 0.000E+00
      122.137985     0.327353    -0.356752
 6
       4
     2     2     2     2
     0     1     1     1
 1.710E+00 1.625E+00 1.625E+00 1.625E+00
 0.000E+00 0.000E+00 0.000E+00 0.000E+00
 0.000E+00 0.000E+00 0.000E+00 0.000E+00
 0.000E+00 0.000E+00 0.000E+00 0.000E+00
      124.485080     0.502387    -0.103219
 6
       4
     2     2     2     2
     0     1     1     1
 1.710E+00 1.625E+00 1.625E+00 1.625E+00
 0.000E+00 0.000E+00 0.000E+00 0.000E+00
 0.000E+00 0.000E+00 0.000E+00 0.000E+00
 0.000E+00 0.000E+00 0.000E+00 0.000E+00
      127.212051     0.236123    0.068555
 6
       4
     2     2     2     2
     0     1     1     1
 1.710E+00 1.625E+00 1.625E+00 1.625E+00
 0.000E+00 0.000E+00 0.000E+00 0.000E+00
 0.000E+00 0.000E+00 0.000E+00 0.000E+00
 0.000E+00 0.000E+00 0.000E+00 0.000E+00
      128.381285     -2.126091    -0.596957
 6
       4
     2     2     2     2
     0     1     1     1
 1.710E+00 1.625E+00 1.625E+00 1.625E+00
 0.000E+00 0.000E+00 0.000E+00 0.000E+00
 0.000E+00 0.000E+00 0.000E+00 0.000E+00
 0.000E+00 0.000E+00 0.000E+00 0.000E+00
      128.775162     2.258848    0.949557
 6
       4
     2     2     2     2
     0     1     1     1
 1.710E+00 1.625E+00 1.625E+00 1.625E+00
 0.000E+00 0.000E+00 0.000E+00 0.000E+00
 0.000E+00 0.000E+00 0.000E+00 0.000E+00
 0.000E+00 0.000E+00 0.000E+00 0.000E+00
      131.409022     1.945874    1.057143
 6
       4
     2     2     2     2
     0     1     1     1
 1.710E+00 1.625E+00 1.625E+00 1.625E+00
 0.000E+00 0.000E+00 0.000E+00 0.000E+00
 0.000E+00 0.000E+00 0.000E+00 0.000E+00
 0.000E+00 0.000E+00 0.000E+00 0.000E+00
      130.949040     -2.419817    -0.430648
 6
       4
     2     2     2     2
     0     1     1     1
 1.710E+00 1.625E+00 1.625E+00 1.625E+00
 0.000E+00 0.000E+00 0.000E+00 0.000E+00
 0.000E+00 0.000E+00 0.000E+00 0.000E+00
 0.000E+00 0.000E+00 0.000E+00 0.000E+00
      132.556555     -0.347471    0.258539
 6
       4
     2     2     2     2
     0     1     1     1
 1.710E+00 1.625E+00 1.625E+00 1.625E+00
 0.000E+00 0.000E+00 0.000E+00 0.000E+00
 0.000E+00 0.000E+00 0.000E+00 0.000E+00
 0.000E+00 0.000E+00 0.000E+00 0.000E+00
      135.235975     -0.668012    0.264756
 1
       1
     1
     0
 1.300E+00
 0.000E+00
 0.000E+00
 0.000E+00
      75.170964     4.193995    -0.185906
 1
       1
     1
     0
 1.300E+00
 0.000E+00
 0.000E+00
 0.000E+00
      79.714563     4.135484    0.469321
 6
       4
     2     2     2     2
     0     1     1     1
 1.710E+00 1.625E+00 1.625E+00 1.625E+00
 0.000E+00 0.000E+00 0.000E+00 0.000E+00
 0.000E+00 0.000E+00 0.000E+00 0.000E+00
 0.000E+00 0.000E+00 0.000E+00 0.000E+00
      71.993490     0.133537    -0.013139
 1
       1
     1
     0
 1.300E+00
 0.000E+00
 0.000E+00
 0.000E+00
      74.926290     -4.170448    0.905842
 1
       1
     1
     0
 1.300E+00
 0.000E+00
 0.000E+00
 0.000E+00
      79.671770     -3.853888    1.219281
 1
       1
     1
     0
 1.300E+00
 0.000E+00
 0.000E+00
 0.000E+00
      88.045573     3.946322    -0.981550
 1
       1
     1
     0
 1.300E+00
 0.000E+00
 0.000E+00
 0.000E+00
      88.373986     -4.083065    1.294442
 1
       1
     1
     0
 1.300E+00
 0.000E+00
 0.000E+00
 0.000E+00
      92.707481     4.138679    -1.107034
 1
       1
     1
     0
 1.300E+00
 0.000E+00
 0.000E+00
 0.000E+00
      93.058511     -4.013665    0.767682
 1
       1
     1
     0
 1.300E+00
 0.000E+00
 0.000E+00
 0.000E+00
      100.906271     4.827154    -1.339784
 1
       1
     1
     0
 1.300E+00
 0.000E+00
 0.000E+00
 0.000E+00
      105.827550     5.146514    -0.967455
 1
       1
     1
     0
 1.300E+00
 0.000E+00
 0.000E+00
 0.000E+00
      101.638754     -3.028316    1.106047
 1
       1
     1
     0
 1.300E+00
 0.000E+00
 0.000E+00
 0.000E+00
      106.199450     -2.461308    1.692108
 1
       1
     1
     0
 1.300E+00
 0.000E+00
 0.000E+00
 0.000E+00
      114.551867     4.521574    1.123709
 1
       1
     1
     0
 1.300E+00
 0.000E+00
 0.000E+00
 0.000E+00
      114.389037     -3.409948    -0.984345
 1
       1
     1
     0
 1.300E+00
 0.000E+00
 0.000E+00
 0.000E+00
      119.481527     4.379850    0.816930
 1
       1
     1
     0
 1.300E+00
 0.000E+00
 0.000E+00
 0.000E+00
      118.763131     -3.535626    -1.179374
 1
       1
     1
     0
 1.300E+00
 0.000E+00
 0.000E+00
 0.000E+00
      127.937156     4.121063    1.599642
 1
       1
     1
     0
 1.300E+00
 0.000E+00
 0.000E+00
 0.000E+00
      127.024939     -3.650457    -1.092371
 1
       1
     1
     0
 1.300E+00
 0.000E+00
 0.000E+00
 0.000E+00
      132.455842     3.649373    1.864011
 1
       1
     1
     0
 1.300E+00
 0.000E+00
 0.000E+00
 0.000E+00
      131.799561     -4.228215    -0.882821
 1
       1
     1
     0
 1.300E+00
 0.000E+00
 0.000E+00
 0.000E+00
      140.337715     1.865384    2.973754
 1
       1
     1
     0
 1.300E+00
 0.000E+00
 0.000E+00
 0.000E+00
      140.779059     -4.937642    -1.943636
 1
       1
     1
     0
 1.300E+00
 0.000E+00
 0.000E+00
 0.000E+00
      147.705745     -1.250819    0.211020
 1
       1
     1
     0
 1.300E+00
 0.000E+00
 0.000E+00
 0.000E+00
      145.045138     1.842456    2.765261
 1
       1
     1
     0
 1.300E+00
 0.000E+00
 0.000E+00
 0.000E+00
      144.978765     -4.793343    -2.067668
 6
       4
     2     2     2     2
     0     1     1     1
 1.710E+00 1.625E+00 1.625E+00 1.625E+00
 0.000E+00 0.000E+00 0.000E+00 0.000E+00
 0.000E+00 0.000E+00 0.000E+00 0.000E+00
 0.000E+00 0.000E+00 0.000E+00 0.000E+00
      137.472581     -1.145066    0.240061
 6
       4
     2     2     2     2
     0     1     1     1
 1.710E+00 1.625E+00 1.625E+00 1.625E+00
 0.000E+00 0.000E+00 0.000E+00 0.000E+00
 0.000E+00 0.000E+00 0.000E+00 0.000E+00
 0.000E+00 0.000E+00 0.000E+00 0.000E+00
      140.159234     -1.364205    0.323595
 6
       4
     2     2     2     2
     0     1     1     1
 1.710E+00 1.625E+00 1.625E+00 1.625E+00
 0.000E+00 0.000E+00 0.000E+00 0.000E+00
 0.000E+00 0.000E+00 0.000E+00 0.000E+00
 0.000E+00 0.000E+00 0.000E+00 0.000E+00
      141.576334     -3.301007    -0.995780
 6
       4
     2     2     2     2
     0     1     1     1
 1.710E+00 1.625E+00 1.625E+00 1.625E+00
 0.000E+00 0.000E+00 0.000E+00 0.000E+00
 0.000E+00 0.000E+00 0.000E+00 0.000E+00
 0.000E+00 0.000E+00 0.000E+00 0.000E+00
      141.460755     0.456246    1.684770
 6
       4
     2     2     2     2
     0     1     1     1
 1.710E+00 1.625E+00 1.625E+00 1.625E+00
 0.000E+00 0.000E+00 0.000E+00 0.000E+00
 0.000E+00 0.000E+00 0.000E+00 0.000E+00
 0.000E+00 0.000E+00 0.000E+00 0.000E+00
      144.288142     0.487546    1.702445
 6
       4
     2     2     2     2
     0     1     1     1
 1.710E+00 1.625E+00 1.625E+00 1.625E+00
 0.000E+00 0.000E+00 0.000E+00 0.000E+00
 0.000E+00 0.000E+00 0.000E+00 0.000E+00
 0.000E+00 0.000E+00 0.000E+00 0.000E+00
      144.294370     -3.311367    -1.072391
 6
       4
     2     2     2     2
     0     1     1     1
 1.710E+00 1.625E+00 1.625E+00 1.625E+00
 0.000E+00 0.000E+00 0.000E+00 0.000E+00
 0.000E+00 0.000E+00 0.000E+00 0.000E+00
 0.000E+00 0.000E+00 0.000E+00 0.000E+00
      145.621807     -1.171738    0.344393
# LCAO coefficients .. are not included.
         1
        1        0.000411865396185   k=         1
        2        0.003243422577166   k=         1
        3        -0.000311938704265   k=         1
        4        0.029351593282112   k=         1
        5        0.001813694821085   k=         1
        6        0.003040795170813   k=         1
        7        -0.020512058188016   k=         1
        8        0.044069340828062   k=         1
        9        -0.003451069145441   k=         1
        10        -0.003723540874690   k=         1
        11        -0.022674120767076   k=         1
        12        0.041348688538507   k=         1
        13        -0.000356675466313   k=         1
        14        0.001071311692244   k=         1
        15        0.004643293139705   k=         1
        16        -0.011717296730963   k=         1
        17        0.000883029754813   k=         1
        18        0.002931567598153   k=         1
        19        0.011838208731192   k=         1
        20        -0.053058117948005   k=         1
        21        0.001101338747071   k=         1
        22        0.002236686890344   k=         1
        23        0.003096719462832   k=         1
        24        -0.006876339283087   k=         1
        25        -0.001042515926727   k=         1
        26        -0.006523299210869   k=         1
        27        -0.008992589644972   k=         1
        28        -0.075262881517402   k=         1
        29        0.000841271852521   k=         1
        30        0.000341571964592   k=         1
        31        -0.002009924243625   k=         1
        32        -0.040969775015736   k=         1
        33        -0.001013444315305   k=         1
        34        -0.011525174578714   k=         1
        35        0.012898876231575   k=         1
        36        0.098329603842780   k=         1
        37        0.000103169329625   k=         1
        38        -0.001515164877330   k=         1
        39        0.001255459947401   k=         1
        40        0.043227174178850   k=         1
        41        -0.002191211976060   k=         1
        42        -0.011023522612026   k=         1
        43        0.003498053713541   k=         1
        44        0.037304466423060   k=         1
        45        -0.004088670082669   k=         1
        46        -0.005524067245446   k=         1
        47        -0.001420829303363   k=         1
        48        -0.079158567545140   k=         1
        49        0.005954315564052   k=         1
        50        0.018892672379064   k=         1
        51        -0.000188969347340   k=         1
        52        -0.089637692338621   k=         1
        53        -0.001208431080390   k=         1
        54        -0.004964056468116   k=         1
        55        -0.024296194160693   k=         1
        56        -0.067548859757994   k=         1
        57        -0.001982260327984   k=         1
        58        0.001942730945574   k=         1
        59        0.087752336688574   k=         1
        60        0.132250384051116   k=         1
        61        -0.003949844195511   k=         1
        62        -0.011892494310349   k=         1
        63        0.038370644777535   k=         1
        64        0.079269397529562   k=         1
        65        0.000257450626533   k=         1
        66        0.015717460732667   k=         1
        67        -0.109980649493239   k=         1
        68        -0.162530250254425   k=         1
        69        -0.002001780804632   k=         1
        70        -0.016906243714412   k=         1
        71        -0.049049734476932   k=         1
        72        -0.069267989424972   k=         1
        73        0.001862365669889   k=         1
        74        -0.010741911325119   k=         1
        75        -0.058489190644716   k=         1
        76        -0.075089799257767   k=         1
        77        -0.004313240087339   k=         1
        78        0.013515623217561   k=         1
        79        0.071829947920494   k=         1
        80        0.106592868263670   k=         1
        81        -0.000702389926346   k=         1
        82        0.030435661420852   k=         1
        83        0.062225991183334   k=         1
        84        0.103575857842072   k=         1
        85        0.001952955618047   k=         1
        86        0.020238610147382   k=         1
        87        0.079830396027108   k=         1
        88        0.142282797165160   k=         1
        89        -0.004051593454565   k=         1
        90        -0.018628640297386   k=         1
        91        -0.065447094978443   k=         1
        92        -0.152776857404968   k=         1
        93        0.005535037090333   k=         1
        94        -0.010113487195784   k=         1
        95        -0.080856140425969   k=         1
        96        -0.154660302700057   k=         1
        97        0.001315439621159   k=         1
        98        0.002646446989073   k=         1
        99        0.055855032296979   k=         1
        100        0.141568721453325   k=         1
        101        -0.000721920913611   k=         1
        102        0.011180277469553   k=         1
        103        0.038134437336830   k=         1
        104        0.134655673585331   k=         1
        105        0.004828561263840   k=         1
        106        0.000478810004474   k=         1
        107        0.042843806762918   k=         1
        108        0.112412056724211   k=         1
        109        -0.002281619311078   k=         1
        110        -0.005089124909023   k=         1
        111        -0.029743787146289   k=         1
        112        -0.084980653598938   k=         1
        113        -0.000467876935008   k=         1
        114        -0.006968995100079   k=         1
        115        -0.020906233369574   k=         1
        116        -0.083459761833233   k=         1
        117        0.001551789665867   k=         1
        118        0.014738371748865   k=         1
        119        -0.064434130675530   k=         1
        120        -0.173203562876443   k=         1
        121        0.004377541815582   k=         1
        122        -0.006473102706374   k=         1
        123        0.034386039884561   k=         1
        124        0.085471169219187   k=         1
        125        -0.001984275570003   k=         1
        126        0.011322188592804   k=         1
        127        0.053044918279136   k=         1
        128        0.138608012963759   k=         1
        129        0.001002276197970   k=         1
        130        -0.009459396209529   k=         1
        131        -0.038287033588091   k=         1
        132        -0.083473353211049   k=         1
        133        -0.000417801410329   k=         1
        134        0.001300908616064   k=         1
        135        -0.040167152770207   k=         1
        136        -0.080273632151693   k=         1
        137        -0.000065058925837   k=         1
        138        -0.012703276615413   k=         1
        139        -0.038984491669183   k=         1
        140        -0.074921234630253   k=         1
        141        -0.000849965272249   k=         1
        142        0.006583236426901   k=         1
        143        0.030136946196508   k=         1
        144        0.043541538821983   k=         1
        145        0.002198315930612   k=         1
        146        -0.000139947838010   k=         1
        147        0.024441838114451   k=         1
        148        0.045274552533844   k=         1
        149        0.002779774778359   k=         1
        150        -0.004061851014607   k=         1
        151        0.060178816801438   k=         1
        152        0.098917507059150   k=         1
        153        0.003311162936664   k=         1
        154        0.008964837404194   k=         1
        155        -0.025895086066108   k=         1
        156        -0.057513912194491   k=         1
        157        0.003021658227926   k=         1
        158        -0.002942078981542   k=         1
        159        0.000196509872153   k=         1
        160        -0.003994330312654   k=         1
        161        0.000777067747888   k=         1
        162        -0.004374351015851   k=         1
        163        0.005062635683342   k=         1
        164        0.005025204908574   k=         1
        165        0.000201065934444   k=         1
        166        0.003004391521151   k=         1
        167        0.005064578640220   k=         1
        168        0.006258360771648   k=         1
        169        0.000349104913968   k=         1
        170        -0.002436104036260   k=         1
        171        0.001507947337318   k=         1
        172        -0.001087970788442   k=         1
        173        -0.005641653320502   k=         1
        174        -0.001270072663651   k=         1
        175        -0.000300690636494   k=         1
        176        0.001479910626155   k=         1
        177        0.001630092525776   k=         1
        178        -0.001185519633844   k=         1
        179        -0.000042388592935   k=         1
        180        -0.000312642238237   k=         1
        181        -0.001796957221437   k=         1
        182        0.006783962898545   k=         1
        183        0.035275911729104   k=         1
        184        0.000153284798250   k=         1
        185        -0.003306760018152   k=         1
        186        -0.004161678913840   k=         1
        187        0.015737810961215   k=         1
        188        -0.043944230440853   k=         1
        189        -0.075382178755093   k=         1
        190        0.000440000955151   k=         1
        191        -0.005506879989517   k=         1
        192        0.020016233644053   k=         1
        193        0.053379479384593   k=         1
        194        -0.002641257609105   k=         1
        195        0.007165868535280   k=         1
        196        0.008580330977967   k=         1
        197        0.042828430605009   k=         1
        198        0.001439644082290   k=         1
        199        -0.000516440723918   k=         1
        200        0.019261731562866   k=         1
        201        0.066881402244812   k=         1
        202        0.000669107894461   k=         1
        203        -0.000567250433299   k=         1
        204        -0.011003954084154   k=         1
        205        -0.031046597680120   k=         1
        206        0.000742412636150   k=         1
        207        -0.003912967516164   k=         1
        208        -0.007508161156875   k=         1
        209        -0.028540627048252   k=         1
        210        -0.001786649367092   k=         1
        211        0.000134887572356   k=         1
        212        -0.022319751658730   k=         1
        213        -0.071093284763700   k=         1
        214        0.000618153441288   k=         1
        215        0.004756371487009   k=         1
        216        0.005193598889054   k=         1
        217        0.043145845160692   k=         1
        218        0.000305739220753   k=         1
        219        -0.005087635991656   k=         1
        220        0.002046324165867   k=         1
        221        0.026522166667618   k=         1
        222        -0.000484888669165   k=         1
        223        -0.005269429020736   k=         1
        224        0.000753995783330   k=         1
        225        0.028368550519307   k=         1
        226        -0.000396247029076   k=         1
        227        0.007601703008526   k=         1
        228        -0.001701774184369   k=         1
        229        -0.028644105818652   k=         1
        230        0.000111650043962   k=         1
        231        0.003836365743242   k=         1
        232        -0.005659267269922   k=         1
        233        -0.039741488324393   k=         1
        234        0.001947270515088   k=         1
        235        0.004842672975427   k=         1
        236        -0.003612738017365   k=         1
        237        -0.031736262189809   k=         1
        238        0.000451963020778   k=         1
        239        -0.007229330656798   k=         1
        240        -0.009338676329547   k=         1
        241        -0.037149020718487   k=         1
        242        0.000572887254423   k=         1
        243        -0.002817700314701   k=         1
        244        -0.005301437611887   k=         1
        245        -0.037921196832702   k=         1
        246        -0.001269610673436   k=         1
        247        -0.000903076107167   k=         1
        248        0.012183435847943   k=         1
        249        0.044351805147223   k=         1
        250        -0.000200383672791   k=         1
        251        -0.000997578800123   k=         1
        252        0.008195028631291   k=         1
        253        0.026289902695507   k=         1
        254        0.001015750566164   k=         1
        255        -0.000298819398165   k=         1
        256        0.008569288593362   k=         1
        257        0.026326049277053   k=         1
        258        -0.000897522108002   k=         1
        259        -0.001008757570443   k=         1
        260        -0.007122660857184   k=         1
        261        -0.026209321810828   k=         1
        262        -0.000431404878511   k=         1
        263        -0.003192360720510   k=         1
        264        -0.005846280015699   k=         1
        265        -0.033646378248707   k=         1
        266        -0.000240701650306   k=         1
        267        -0.005813059745787   k=         1
        268        -0.010034366144444   k=         1
        269        -0.043824564560757   k=         1
        270        -0.000855166293819   k=         1
        271        0.003211116819764   k=         1
        272        0.011430891441283   k=         1
        273        0.041923301035676   k=         1
        274        -0.000402718257691   k=         1
        275        -0.004374196033122   k=         1
        276        0.008705264320877   k=         1
        277        0.040716456951144   k=         1
        278        -0.000716924794168   k=         1
        279        0.007822696484860   k=         1
        280        -0.011186814344586   k=         1
        281        -0.048202468920022   k=         1
        282        -0.000444591969510   k=         1
        283        0.004603066923190   k=         1
        284        -0.008710038198264   k=         1
        285        -0.025351819861932   k=         1
        286        0.000575908987054   k=         1
        287        0.004691293851244   k=         1
        288        -0.013568374694960   k=         1
        289        -0.035400495540267   k=         1
        290        -0.002311159640471   k=         1
        291        -0.006003416952419   k=         1
        292        0.016309152760005   k=         1
        293        0.030626584662204   k=         1
        294        0.002990326688724   k=         1
        295        -0.001005643956536   k=         1
        296        0.017165231405385   k=         1
        297        0.031322436537892   k=         1
        298        -0.000383910130202   k=         1
        299        0.000711309188672   k=         1
        300        0.012120688525092   k=         1
        301        0.048621697067208   k=         1
        302        -0.000374872557106   k=         1
        303        -0.001529504227980   k=         1
        304        0.008633211254524   k=         1
        305        -0.058360997352104   k=         1
        306        0.001166838763883   k=         1
        307        -0.004553683027409   k=         1
        308        -0.004619870981931   k=         1
        309        -0.049310412364699   k=         1
        310        0.000298805321389   k=         1
        311        0.003937961355869   k=         1
        312        -0.012937228013295   k=         1
        313        0.059778087643947   k=         1
        314        -0.001838592451672   k=         1
        315        0.007215730447999   k=         1
        316        -0.013243251940673   k=         1
        317        0.045726222752910   k=         1
        318        0.000722134883855   k=         1
        319        -0.000383192087509   k=         1
        320        -0.013395170938633   k=         1
        321        0.030919631685171   k=         1
        322        -0.000217029627655   k=         1
        323        -0.000108316161814   k=         1
        324        0.012405037474906   k=         1
        325        -0.041253071992332   k=         1
        326        0.000827361466001   k=         1
        327        -0.003247608873451   k=         1
        328        0.006614240389120   k=         1
        329        -0.039250971701329   k=         1
        330        0.000163058430822   k=         1
        331        0.000299567145923   k=         1
        332        0.016992870423009   k=         1
        333        -0.058023209710267   k=         1
        334        -0.000384934740380   k=         1
        335        -0.002983002242561   k=         1
        336        -0.017108411005507   k=         1
        337        0.051337990127731   k=         1
        338        0.000395727308548   k=         1
        339        -0.006006078184315   k=         1
        340        -0.018269022291511   k=         1
        341        0.058259609472044   k=         1
        342        -0.000290656641898   k=         1
        343        0.005508559924349   k=         1
        344        0.017059492563572   k=         1
        345        -0.049529757107038   k=         1
        346        0.001127665708570   k=         1
        347        0.003636162053754   k=         1
        348        0.011484712192441   k=         1
        349        -0.038676354556780   k=         1
        350        0.000609833323537   k=         1
        351        0.004576469600919   k=         1
        352        0.015625292820552   k=         1
        353        -0.041769796648175   k=         1
        354        -0.000454028960999   k=         1
        355        -0.003501094554050   k=         1
        356        -0.010590429316640   k=         1
        357        0.028093381920194   k=         1
        358        0.000123538714066   k=         1
        359        -0.002588519306627   k=         1
        360        -0.007458506013956   k=         1
        361        0.027226117049888   k=         1
        362        -0.000641628162787   k=         1
        363        -0.000026981814763   k=         1
        364        -0.020194605485224   k=         1
        365        0.058206802574059   k=         1
        366        0.000746778227389   k=         1
        367        0.000215978455128   k=         1
        368        0.011385472982855   k=         1
        369        -0.025659133082922   k=         1
        370        -0.000314788680207   k=         1
        371        -0.002022552652811   k=         1
        372        0.000724192660015   k=         1
        373        -0.002605407244922   k=         1
        374        0.015012942925921   k=         1
        375        0.050481561442356   k=         1
        376        -0.001811146269081   k=         1
        377        -0.000912898685866   k=         1
        378        -0.000234370283299   k=         1
        379        0.000015479355005   k=         1
        380        0.000324023837490   k=         1
        381        0.001214724088233   k=         1
        382        -0.002640576685160   k=         1
        383        0.001176465971581   k=         1
        384        0.002984891710387   k=         1
        385        -0.002003416160291   k=         1
        386        -0.000462735023585   k=         1
        387        -0.000277713662640   k=         1
        388        0.001068914430467   k=         1
        389        -0.000977406414917   k=         1
        390        -0.000064359182473   k=         1
        391        0.000232456815761   k=         1
        392        -0.001107431877836   k=         1
        393        -0.001048602048403   k=         1
        394        -0.001034517542514   k=         1
        395        0.000403866698113   k=         1
        396        0.000176066222528   k=         1
        397        0.000971846970914   k=         1
        398        -0.001168763715230   k=         1
        399        0.000175196983447   k=         1
        400        0.004783291288100   k=         1
        401        0.016153728004924   k=         1
        402        -0.046543221334385   k=         1
        403        0.000381217869112   k=         1
        404        -0.002467189665033   k=         1
        405        -0.008759895696006   k=         1
        406        0.017422999536370   k=         1
        407        -0.001788348501074   k=         1
        408        0.004024502994834   k=         1
        409        -0.012789054058132   k=         1
        410        0.013052268824820   k=         1
        411        0.000170209770744   k=         1
        412        -0.000590677218488   k=         1
        413        -0.025139341387233   k=         1
        414        0.027205410688297   k=         1
        415        -0.000001264711012   k=         1
        416        -0.000257885582853   k=         1
        417        0.002937759239614   k=         1
        418        -0.002908673096651   k=         1
        419        0.000500707988765   k=         1
        420        -0.001942567365681   k=         1
        421        0.006397162325712   k=         1
        422        -0.008708913860674   k=         1
        423        0.000216382937279   k=         1
        424        -0.001124387304229   k=         1
        425        0.016614014649725   k=         1
        426        -0.023189045006126   k=         1
