# file_format= v0.04.05
       144       426
    188.97268778      0.00000000      0.00000000    0
      0.00000000    188.97268778      0.00000000    0
      0.00000000      0.00000000    188.97268778    0
 6
       4
     2     2     2     2
     0     1     1     1
 1.710E+00 1.625E+00 1.625E+00 1.625E+00
 0.000E+00 0.000E+00 0.000E+00 0.000E+00
 0.000E+00 0.000E+00 0.000E+00 0.000E+00
 0.000E+00 0.000E+00 0.000E+00 0.000E+00
      1.024991     -0.707731    -0.140150
 6
       4
     2     2     2     2
     0     1     1     1
 1.710E+00 1.625E+00 1.625E+00 1.625E+00
 0.000E+00 0.000E+00 0.000E+00 0.000E+00
 0.000E+00 0.000E+00 0.000E+00 0.000E+00
 0.000E+00 0.000E+00 0.000E+00 0.000E+00
      -0.761544     1.134569    0.539118
 6
       4
     2     2     2     2
     0     1     1     1
 1.710E+00 1.625E+00 1.625E+00 1.625E+00
 0.000E+00 0.000E+00 0.000E+00 0.000E+00
 0.000E+00 0.000E+00 0.000E+00 0.000E+00
 0.000E+00 0.000E+00 0.000E+00 0.000E+00
      0.063491     -3.130331    -0.818455
 6
       4
     2     2     2     2
     0     1     1     1
 1.710E+00 1.625E+00 1.625E+00 1.625E+00
 0.000E+00 0.000E+00 0.000E+00 0.000E+00
 0.000E+00 0.000E+00 0.000E+00 0.000E+00
 0.000E+00 0.000E+00 0.000E+00 0.000E+00
      -3.372475     0.597359    0.431424
 6
       4
     2     2     2     2
     0     1     1     1
 1.710E+00 1.625E+00 1.625E+00 1.625E+00
 0.000E+00 0.000E+00 0.000E+00 0.000E+00
 0.000E+00 0.000E+00 0.000E+00 0.000E+00
 0.000E+00 0.000E+00 0.000E+00 0.000E+00
      -4.093995     -1.749790    -0.378444
 6
       4
     2     2     2     2
     0     1     1     1
 1.710E+00 1.625E+00 1.625E+00 1.625E+00
 0.000E+00 0.000E+00 0.000E+00 0.000E+00
 0.000E+00 0.000E+00 0.000E+00 0.000E+00
 0.000E+00 0.000E+00 0.000E+00 0.000E+00
      -2.454491     -3.603613    -1.012305
 6
       4
     2     2     2     2
     0     1     1     1
 1.710E+00 1.625E+00 1.625E+00 1.625E+00
 0.000E+00 0.000E+00 0.000E+00 0.000E+00
 0.000E+00 0.000E+00 0.000E+00 0.000E+00
 0.000E+00 0.000E+00 0.000E+00 0.000E+00
      3.741468     -0.287824    0.003445
 6
       4
     2     2     2     2
     0     1     1     1
 1.710E+00 1.625E+00 1.625E+00 1.625E+00
 0.000E+00 0.000E+00 0.000E+00 0.000E+00
 0.000E+00 0.000E+00 0.000E+00 0.000E+00
 0.000E+00 0.000E+00 0.000E+00 0.000E+00
      5.906660     0.177162    -0.091202
 6
       4
     2     2     2     2
     0     1     1     1
 1.710E+00 1.625E+00 1.625E+00 1.625E+00
 0.000E+00 0.000E+00 0.000E+00 0.000E+00
 0.000E+00 0.000E+00 0.000E+00 0.000E+00
 0.000E+00 0.000E+00 0.000E+00 0.000E+00
      8.704257     0.367361    0.019759
 6
       4
     2     2     2     2
     0     1     1     1
 1.710E+00 1.625E+00 1.625E+00 1.625E+00
 0.000E+00 0.000E+00 0.000E+00 0.000E+00
 0.000E+00 0.000E+00 0.000E+00 0.000E+00
 0.000E+00 0.000E+00 0.000E+00 0.000E+00
      9.827303     2.718308    -0.565287
 6
       4
     2     2     2     2
     0     1     1     1
 1.710E+00 1.625E+00 1.625E+00 1.625E+00
 0.000E+00 0.000E+00 0.000E+00 0.000E+00
 0.000E+00 0.000E+00 0.000E+00 0.000E+00
 0.000E+00 0.000E+00 0.000E+00 0.000E+00
      10.192919     -1.681440    0.669082
 6
       4
     2     2     2     2
     0     1     1     1
 1.710E+00 1.625E+00 1.625E+00 1.625E+00
 0.000E+00 0.000E+00 0.000E+00 0.000E+00
 0.000E+00 0.000E+00 0.000E+00 0.000E+00
 0.000E+00 0.000E+00 0.000E+00 0.000E+00
      12.442385     3.048357    -0.485769
 6
       4
     2     2     2     2
     0     1     1     1
 1.710E+00 1.625E+00 1.625E+00 1.625E+00
 0.000E+00 0.000E+00 0.000E+00 0.000E+00
 0.000E+00 0.000E+00 0.000E+00 0.000E+00
 0.000E+00 0.000E+00 0.000E+00 0.000E+00
      12.861148     -1.385793    0.734671
 6
       4
     2     2     2     2
     0     1     1     1
 1.710E+00 1.625E+00 1.625E+00 1.625E+00
 0.000E+00 0.000E+00 0.000E+00 0.000E+00
 0.000E+00 0.000E+00 0.000E+00 0.000E+00
 0.000E+00 0.000E+00 0.000E+00 0.000E+00
      13.983972     0.985893    0.296443
 6
       4
     2     2     2     2
     0     1     1     1
 1.710E+00 1.625E+00 1.625E+00 1.625E+00
 0.000E+00 0.000E+00 0.000E+00 0.000E+00
 0.000E+00 0.000E+00 0.000E+00 0.000E+00
 0.000E+00 0.000E+00 0.000E+00 0.000E+00
      16.831701     1.295868    0.503860
 6
       4
     2     2     2     2
     0     1     1     1
 1.710E+00 1.625E+00 1.625E+00 1.625E+00
 0.000E+00 0.000E+00 0.000E+00 0.000E+00
 0.000E+00 0.000E+00 0.000E+00 0.000E+00
 0.000E+00 0.000E+00 0.000E+00 0.000E+00
      19.025140     1.536684    0.319377
 6
       4
     2     2     2     2
     0     1     1     1
 1.710E+00 1.625E+00 1.625E+00 1.625E+00
 0.000E+00 0.000E+00 0.000E+00 0.000E+00
 0.000E+00 0.000E+00 0.000E+00 0.000E+00
 0.000E+00 0.000E+00 0.000E+00 0.000E+00
      21.889352     1.312033    0.228487
 6
       4
     2     2     2     2
     0     1     1     1
 1.710E+00 1.625E+00 1.625E+00 1.625E+00
 0.000E+00 0.000E+00 0.000E+00 0.000E+00
 0.000E+00 0.000E+00 0.000E+00 0.000E+00
 0.000E+00 0.000E+00 0.000E+00 0.000E+00
      23.197498     -0.684754    1.545909
 6
       4
     2     2     2     2
     0     1     1     1
 1.710E+00 1.625E+00 1.625E+00 1.625E+00
 0.000E+00 0.000E+00 0.000E+00 0.000E+00
 0.000E+00 0.000E+00 0.000E+00 0.000E+00
 0.000E+00 0.000E+00 0.000E+00 0.000E+00
      23.394367     2.962971    -1.270402
 6
       4
     2     2     2     2
     0     1     1     1
 1.710E+00 1.625E+00 1.625E+00 1.625E+00
 0.000E+00 0.000E+00 0.000E+00 0.000E+00
 0.000E+00 0.000E+00 0.000E+00 0.000E+00
 0.000E+00 0.000E+00 0.000E+00 0.000E+00
      26.006917     2.792990    -1.376023
 6
       4
     2     2     2     2
     0     1     1     1
 1.710E+00 1.625E+00 1.625E+00 1.625E+00
 0.000E+00 0.000E+00 0.000E+00 0.000E+00
 0.000E+00 0.000E+00 0.000E+00 0.000E+00
 0.000E+00 0.000E+00 0.000E+00 0.000E+00
      25.773610     -0.851233    1.455422
 6
       4
     2     2     2     2
     0     1     1     1
 1.710E+00 1.625E+00 1.625E+00 1.625E+00
 0.000E+00 0.000E+00 0.000E+00 0.000E+00
 0.000E+00 0.000E+00 0.000E+00 0.000E+00
 0.000E+00 0.000E+00 0.000E+00 0.000E+00
      27.343184     0.904317    -0.007211
 6
       4
     2     2     2     2
     0     1     1     1
 1.710E+00 1.625E+00 1.625E+00 1.625E+00
 0.000E+00 0.000E+00 0.000E+00 0.000E+00
 0.000E+00 0.000E+00 0.000E+00 0.000E+00
 0.000E+00 0.000E+00 0.000E+00 0.000E+00
      30.166080     0.495199    -0.175945
 6
       4
     2     2     2     2
     0     1     1     1
 1.710E+00 1.625E+00 1.625E+00 1.625E+00
 0.000E+00 0.000E+00 0.000E+00 0.000E+00
 0.000E+00 0.000E+00 0.000E+00 0.000E+00
 0.000E+00 0.000E+00 0.000E+00 0.000E+00
      32.257396     0.112879    -0.155664
 6
       4
     2     2     2     2
     0     1     1     1
 1.710E+00 1.625E+00 1.625E+00 1.625E+00
 0.000E+00 0.000E+00 0.000E+00 0.000E+00
 0.000E+00 0.000E+00 0.000E+00 0.000E+00
 0.000E+00 0.000E+00 0.000E+00 0.000E+00
      35.201653     -0.160358    0.051076
 6
       4
     2     2     2     2
     0     1     1     1
 1.710E+00 1.625E+00 1.625E+00 1.625E+00
 0.000E+00 0.000E+00 0.000E+00 0.000E+00
 0.000E+00 0.000E+00 0.000E+00 0.000E+00
 0.000E+00 0.000E+00 0.000E+00 0.000E+00
      36.519779     -2.367817    0.687849
 6
       4
     2     2     2     2
     0     1     1     1
 1.710E+00 1.625E+00 1.625E+00 1.625E+00
 0.000E+00 0.000E+00 0.000E+00 0.000E+00
 0.000E+00 0.000E+00 0.000E+00 0.000E+00
 0.000E+00 0.000E+00 0.000E+00 0.000E+00
      36.555963     2.094347    -0.623802
 6
       4
     2     2     2     2
     0     1     1     1
 1.710E+00 1.625E+00 1.625E+00 1.625E+00
 0.000E+00 0.000E+00 0.000E+00 0.000E+00
 0.000E+00 0.000E+00 0.000E+00 0.000E+00
 0.000E+00 0.000E+00 0.000E+00 0.000E+00
      39.159834     2.045617    -0.579879
 6
       4
     2     2     2     2
     0     1     1     1
 1.710E+00 1.625E+00 1.625E+00 1.625E+00
 0.000E+00 0.000E+00 0.000E+00 0.000E+00
 0.000E+00 0.000E+00 0.000E+00 0.000E+00
 0.000E+00 0.000E+00 0.000E+00 0.000E+00
      39.148004     -2.415402    0.650570
 6
       4
     2     2     2     2
     0     1     1     1
 1.710E+00 1.625E+00 1.625E+00 1.625E+00
 0.000E+00 0.000E+00 0.000E+00 0.000E+00
 0.000E+00 0.000E+00 0.000E+00 0.000E+00
 0.000E+00 0.000E+00 0.000E+00 0.000E+00
      40.492852     -0.232202    0.031583
 6
       4
     2     2     2     2
     0     1     1     1
 1.710E+00 1.625E+00 1.625E+00 1.625E+00
 0.000E+00 0.000E+00 0.000E+00 0.000E+00
 0.000E+00 0.000E+00 0.000E+00 0.000E+00
 0.000E+00 0.000E+00 0.000E+00 0.000E+00
      43.307775     -0.185957    -0.275951
 6
       4
     2     2     2     2
     0     1     1     1
 1.710E+00 1.625E+00 1.625E+00 1.625E+00
 0.000E+00 0.000E+00 0.000E+00 0.000E+00
 0.000E+00 0.000E+00 0.000E+00 0.000E+00
 0.000E+00 0.000E+00 0.000E+00 0.000E+00
      45.472244     -0.664881    -0.360082
 6
       4
     2     2     2     2
     0     1     1     1
 1.710E+00 1.625E+00 1.625E+00 1.625E+00
 0.000E+00 0.000E+00 0.000E+00 0.000E+00
 0.000E+00 0.000E+00 0.000E+00 0.000E+00
 0.000E+00 0.000E+00 0.000E+00 0.000E+00
      48.262819     -0.579528    -0.315938
 6
       4
     2     2     2     2
     0     1     1     1
 1.710E+00 1.625E+00 1.625E+00 1.625E+00
 0.000E+00 0.000E+00 0.000E+00 0.000E+00
 0.000E+00 0.000E+00 0.000E+00 0.000E+00
 0.000E+00 0.000E+00 0.000E+00 0.000E+00
      49.819625     -2.442076    0.843470
 6
       4
     2     2     2     2
     0     1     1     1
 1.710E+00 1.625E+00 1.625E+00 1.625E+00
 0.000E+00 0.000E+00 0.000E+00 0.000E+00
 0.000E+00 0.000E+00 0.000E+00 0.000E+00
 0.000E+00 0.000E+00 0.000E+00 0.000E+00
      49.501304     1.606388    -1.400623
 6
       4
     2     2     2     2
     0     1     1     1
 1.710E+00 1.625E+00 1.625E+00 1.625E+00
 0.000E+00 0.000E+00 0.000E+00 0.000E+00
 0.000E+00 0.000E+00 0.000E+00 0.000E+00
 0.000E+00 0.000E+00 0.000E+00 0.000E+00
      52.092498     1.896149    -1.292899
 6
       4
     2     2     2     2
     0     1     1     1
 1.710E+00 1.625E+00 1.625E+00 1.625E+00
 0.000E+00 0.000E+00 0.000E+00 0.000E+00
 0.000E+00 0.000E+00 0.000E+00 0.000E+00
 0.000E+00 0.000E+00 0.000E+00 0.000E+00
      52.460889     -2.328492    0.865782
 6
       4
     2     2     2     2
     0     1     1     1
 1.710E+00 1.625E+00 1.625E+00 1.625E+00
 0.000E+00 0.000E+00 0.000E+00 0.000E+00
 0.000E+00 0.000E+00 0.000E+00 0.000E+00
 0.000E+00 0.000E+00 0.000E+00 0.000E+00
      53.628600     -0.050618    -0.067074
 6
       4
     2     2     2     2
     0     1     1     1
 1.710E+00 1.625E+00 1.625E+00 1.625E+00
 0.000E+00 0.000E+00 0.000E+00 0.000E+00
 0.000E+00 0.000E+00 0.000E+00 0.000E+00
 0.000E+00 0.000E+00 0.000E+00 0.000E+00
      56.469249     0.193085    -0.052451
 1
       1
     1
     0
 1.300E+00
 0.000E+00
 0.000E+00
 0.000E+00
      -4.873547     1.949065    0.835709
 1
       1
     1
     0
 1.300E+00
 0.000E+00
 0.000E+00
 0.000E+00
      0.014730     3.036565    1.038085
 1
       1
     1
     0
 1.300E+00
 0.000E+00
 0.000E+00
 0.000E+00
      -6.567540     -2.068451    -0.589691
 1
       1
     1
     0
 1.300E+00
 0.000E+00
 0.000E+00
 0.000E+00
      -3.241747     -5.369265    -1.708862
 1
       1
     1
     0
 1.300E+00
 0.000E+00
 0.000E+00
 0.000E+00
      1.315087     -4.567224    -1.347303
 1
       1
     1
     0
 1.300E+00
 0.000E+00
 0.000E+00
 0.000E+00
      8.739380     4.255850    -1.106083
 1
       1
     1
     0
 1.300E+00
 0.000E+00
 0.000E+00
 0.000E+00
      9.376830     -3.512657    1.163378
 1
       1
     1
     0
 1.300E+00
 0.000E+00
 0.000E+00
 0.000E+00
      13.359783     4.801624    -0.914110
 1
       1
     1
     0
 1.300E+00
 0.000E+00
 0.000E+00
 0.000E+00
      14.087868     -2.989573    1.225538
 1
       1
     1
     0
 1.300E+00
 0.000E+00
 0.000E+00
 0.000E+00
      22.463711     4.382607    -2.308032
 1
       1
     1
     0
 1.300E+00
 0.000E+00
 0.000E+00
 0.000E+00
      27.030877     4.136228    -2.674272
 1
       1
     1
     0
 1.300E+00
 0.000E+00
 0.000E+00
 0.000E+00
      22.207703     -2.111652    2.636867
 1
       1
     1
     0
 1.300E+00
 0.000E+00
 0.000E+00
 0.000E+00
      26.716428     -2.349347    2.444457
 1
       1
     1
     0
 1.300E+00
 0.000E+00
 0.000E+00
 0.000E+00
      35.526522     3.851821    -1.099369
 1
       1
     1
     0
 1.300E+00
 0.000E+00
 0.000E+00
 0.000E+00
      35.502979     -4.078221    1.126065
 1
       1
     1
     0
 1.300E+00
 0.000E+00
 0.000E+00
 0.000E+00
      40.220446     3.610331    -1.094371
 1
       1
     1
     0
 1.300E+00
 0.000E+00
 0.000E+00
 0.000E+00
      40.141894     -4.058136    1.143656
 1
       1
     1
     0
 1.300E+00
 0.000E+00
 0.000E+00
 0.000E+00
      48.259514     2.790772    -2.374616
 1
       1
     1
     0
 1.300E+00
 0.000E+00
 0.000E+00
 0.000E+00
      48.946821     -4.022448    1.608436
 1
       1
     1
     0
 1.300E+00
 0.000E+00
 0.000E+00
 0.000E+00
      52.970242     3.410154    -2.122104
 1
       1
     1
     0
 1.300E+00
 0.000E+00
 0.000E+00
 0.000E+00
      53.529962     -3.899295    1.657498
 1
       1
     1
     0
 1.300E+00
 0.000E+00
 0.000E+00
 0.000E+00
      61.751899     4.128088    -1.391035
 1
       1
     1
     0
 1.300E+00
 0.000E+00
 0.000E+00
 0.000E+00
      61.774759     -3.701176    0.901511
 6
       4
     2     2     2     2
     0     1     1     1
 1.710E+00 1.625E+00 1.625E+00 1.625E+00
 0.000E+00 0.000E+00 0.000E+00 0.000E+00
 0.000E+00 0.000E+00 0.000E+00 0.000E+00
 0.000E+00 0.000E+00 0.000E+00 0.000E+00
      69.739083     0.354431    -0.250992
 1
       1
     1
     0
 1.300E+00
 0.000E+00
 0.000E+00
 0.000E+00
      66.406324     4.299352    -1.507684
 1
       1
     1
     0
 1.300E+00
 0.000E+00
 0.000E+00
 0.000E+00
      66.698922     -3.565962    0.950150
 6
       4
     2     2     2     2
     0     1     1     1
 1.710E+00 1.625E+00 1.625E+00 1.625E+00
 0.000E+00 0.000E+00 0.000E+00 0.000E+00
 0.000E+00 0.000E+00 0.000E+00 0.000E+00
 0.000E+00 0.000E+00 0.000E+00 0.000E+00
      58.630741     0.188818    -0.051803
 6
       4
     2     2     2     2
     0     1     1     1
 1.710E+00 1.625E+00 1.625E+00 1.625E+00
 0.000E+00 0.000E+00 0.000E+00 0.000E+00
 0.000E+00 0.000E+00 0.000E+00 0.000E+00
 0.000E+00 0.000E+00 0.000E+00 0.000E+00
      61.484799     0.275947    -0.183364
 6
       4
     2     2     2     2
     0     1     1     1
 1.710E+00 1.625E+00 1.625E+00 1.625E+00
 0.000E+00 0.000E+00 0.000E+00 0.000E+00
 0.000E+00 0.000E+00 0.000E+00 0.000E+00
 0.000E+00 0.000E+00 0.000E+00 0.000E+00
      62.874392     -1.973700    0.542831
 6
       4
     2     2     2     2
     0     1     1     1
 1.710E+00 1.625E+00 1.625E+00 1.625E+00
 0.000E+00 0.000E+00 0.000E+00 0.000E+00
 0.000E+00 0.000E+00 0.000E+00 0.000E+00
 0.000E+00 0.000E+00 0.000E+00 0.000E+00
      62.762126     2.541232    -0.876432
 6
       4
     2     2     2     2
     0     1     1     1
 1.710E+00 1.625E+00 1.625E+00 1.625E+00
 0.000E+00 0.000E+00 0.000E+00 0.000E+00
 0.000E+00 0.000E+00 0.000E+00 0.000E+00
 0.000E+00 0.000E+00 0.000E+00 0.000E+00
      65.438941     2.528911    -0.884651
 6
       4
     2     2     2     2
     0     1     1     1
 1.710E+00 1.625E+00 1.625E+00 1.625E+00
 0.000E+00 0.000E+00 0.000E+00 0.000E+00
 0.000E+00 0.000E+00 0.000E+00 0.000E+00
 0.000E+00 0.000E+00 0.000E+00 0.000E+00
      65.488006     -1.942946    0.534615
 6
       4
     2     2     2     2
     0     1     1     1
 1.710E+00 1.625E+00 1.625E+00 1.625E+00
 0.000E+00 0.000E+00 0.000E+00 0.000E+00
 0.000E+00 0.000E+00 0.000E+00 0.000E+00
 0.000E+00 0.000E+00 0.000E+00 0.000E+00
      66.895469     0.373916    -0.173632
 6
       4
     2     2     2     2
     0     1     1     1
 1.710E+00 1.625E+00 1.625E+00 1.625E+00
 0.000E+00 0.000E+00 0.000E+00 0.000E+00
 0.000E+00 0.000E+00 0.000E+00 0.000E+00
 0.000E+00 0.000E+00 0.000E+00 0.000E+00
      80.043728     -0.196278    0.581206
 6
       4
     2     2     2     2
     0     1     1     1
 1.710E+00 1.625E+00 1.625E+00 1.625E+00
 0.000E+00 0.000E+00 0.000E+00 0.000E+00
 0.000E+00 0.000E+00 0.000E+00 0.000E+00
 0.000E+00 0.000E+00 0.000E+00 0.000E+00
      78.888042     2.162948    0.040234
 6
       4
     2     2     2     2
     0     1     1     1
 1.710E+00 1.625E+00 1.625E+00 1.625E+00
 0.000E+00 0.000E+00 0.000E+00 0.000E+00
 0.000E+00 0.000E+00 0.000E+00 0.000E+00
 0.000E+00 0.000E+00 0.000E+00 0.000E+00
      78.580818     -2.415068    0.992556
 6
       4
     2     2     2     2
     0     1     1     1
 1.710E+00 1.625E+00 1.625E+00 1.625E+00
 0.000E+00 0.000E+00 0.000E+00 0.000E+00
 0.000E+00 0.000E+00 0.000E+00 0.000E+00
 0.000E+00 0.000E+00 0.000E+00 0.000E+00
      76.291643     2.281268    -0.130357
 6
       4
     2     2     2     2
     0     1     1     1
 1.710E+00 1.625E+00 1.625E+00 1.625E+00
 0.000E+00 0.000E+00 0.000E+00 0.000E+00
 0.000E+00 0.000E+00 0.000E+00 0.000E+00
 0.000E+00 0.000E+00 0.000E+00 0.000E+00
      74.734284     0.121046    0.220049
 6
       4
     2     2     2     2
     0     1     1     1
 1.710E+00 1.625E+00 1.625E+00 1.625E+00
 0.000E+00 0.000E+00 0.000E+00 0.000E+00
 0.000E+00 0.000E+00 0.000E+00 0.000E+00
 0.000E+00 0.000E+00 0.000E+00 0.000E+00
      75.961302     -2.258631    0.828097
 6
       4
     2     2     2     2
     0     1     1     1
 1.710E+00 1.625E+00 1.625E+00 1.625E+00
 0.000E+00 0.000E+00 0.000E+00 0.000E+00
 0.000E+00 0.000E+00 0.000E+00 0.000E+00
 0.000E+00 0.000E+00 0.000E+00 0.000E+00
      82.879754     -0.207142    0.569074
 6
       4
     2     2     2     2
     0     1     1     1
 1.710E+00 1.625E+00 1.625E+00 1.625E+00
 0.000E+00 0.000E+00 0.000E+00 0.000E+00
 0.000E+00 0.000E+00 0.000E+00 0.000E+00
 0.000E+00 0.000E+00 0.000E+00 0.000E+00
      85.038093     -0.138356    0.424890
 6
       4
     2     2     2     2
     0     1     1     1
 1.710E+00 1.625E+00 1.625E+00 1.625E+00
 0.000E+00 0.000E+00 0.000E+00 0.000E+00
 0.000E+00 0.000E+00 0.000E+00 0.000E+00
 0.000E+00 0.000E+00 0.000E+00 0.000E+00
      87.852358     0.068712    0.061135
 6
       4
     2     2     2     2
     0     1     1     1
 1.710E+00 1.625E+00 1.625E+00 1.625E+00
 0.000E+00 0.000E+00 0.000E+00 0.000E+00
 0.000E+00 0.000E+00 0.000E+00 0.000E+00
 0.000E+00 0.000E+00 0.000E+00 0.000E+00
      89.149859     2.319994    -0.879409
 6
       4
     2     2     2     2
     0     1     1     1
 1.710E+00 1.625E+00 1.625E+00 1.625E+00
 0.000E+00 0.000E+00 0.000E+00 0.000E+00
 0.000E+00 0.000E+00 0.000E+00 0.000E+00
 0.000E+00 0.000E+00 0.000E+00 0.000E+00
      89.341252     -2.100478    0.585008
 6
       4
     2     2     2     2
     0     1     1     1
 1.710E+00 1.625E+00 1.625E+00 1.625E+00
 0.000E+00 0.000E+00 0.000E+00 0.000E+00
 0.000E+00 0.000E+00 0.000E+00 0.000E+00
 0.000E+00 0.000E+00 0.000E+00 0.000E+00
      91.746979     2.389555    -1.019585
 6
       4
     2     2     2     2
     0     1     1     1
 1.710E+00 1.625E+00 1.625E+00 1.625E+00
 0.000E+00 0.000E+00 0.000E+00 0.000E+00
 0.000E+00 0.000E+00 0.000E+00 0.000E+00
 0.000E+00 0.000E+00 0.000E+00 0.000E+00
      91.905629     -1.968709    0.539776
 6
       4
     2     2     2     2
     0     1     1     1
 1.710E+00 1.625E+00 1.625E+00 1.625E+00
 0.000E+00 0.000E+00 0.000E+00 0.000E+00
 0.000E+00 0.000E+00 0.000E+00 0.000E+00
 0.000E+00 0.000E+00 0.000E+00 0.000E+00
      93.229968     0.315180    -0.147510
 6
       4
     2     2     2     2
     0     1     1     1
 1.710E+00 1.625E+00 1.625E+00 1.625E+00
 0.000E+00 0.000E+00 0.000E+00 0.000E+00
 0.000E+00 0.000E+00 0.000E+00 0.000E+00
 0.000E+00 0.000E+00 0.000E+00 0.000E+00
      96.073176     0.267967    -0.258479
 6
       4
     2     2     2     2
     0     1     1     1
 1.710E+00 1.625E+00 1.625E+00 1.625E+00
 0.000E+00 0.000E+00 0.000E+00 0.000E+00
 0.000E+00 0.000E+00 0.000E+00 0.000E+00
 0.000E+00 0.000E+00 0.000E+00 0.000E+00
      98.260048     0.402362    -0.176593
 6
       4
     2     2     2     2
     0     1     1     1
 1.710E+00 1.625E+00 1.625E+00 1.625E+00
 0.000E+00 0.000E+00 0.000E+00 0.000E+00
 0.000E+00 0.000E+00 0.000E+00 0.000E+00
 0.000E+00 0.000E+00 0.000E+00 0.000E+00
      101.094673     0.494271    -0.057947
 6
       4
     2     2     2     2
     0     1     1     1
 1.710E+00 1.625E+00 1.625E+00 1.625E+00
 0.000E+00 0.000E+00 0.000E+00 0.000E+00
 0.000E+00 0.000E+00 0.000E+00 0.000E+00
 0.000E+00 0.000E+00 0.000E+00 0.000E+00
      102.509910     -1.688247    0.700748
 6
       4
     2     2     2     2
     0     1     1     1
 1.710E+00 1.625E+00 1.625E+00 1.625E+00
 0.000E+00 0.000E+00 0.000E+00 0.000E+00
 0.000E+00 0.000E+00 0.000E+00 0.000E+00
 0.000E+00 0.000E+00 0.000E+00 0.000E+00
      102.386301     2.706552    -0.759624
 6
       4
     2     2     2     2
     0     1     1     1
 1.710E+00 1.625E+00 1.625E+00 1.625E+00
 0.000E+00 0.000E+00 0.000E+00 0.000E+00
 0.000E+00 0.000E+00 0.000E+00 0.000E+00
 0.000E+00 0.000E+00 0.000E+00 0.000E+00
      104.997222     2.944395    -0.474189
 6
       4
     2     2     2     2
     0     1     1     1
 1.710E+00 1.625E+00 1.625E+00 1.625E+00
 0.000E+00 0.000E+00 0.000E+00 0.000E+00
 0.000E+00 0.000E+00 0.000E+00 0.000E+00
 0.000E+00 0.000E+00 0.000E+00 0.000E+00
      105.147079     -1.557784    0.959992
 6
       4
     2     2     2     2
     0     1     1     1
 1.710E+00 1.625E+00 1.625E+00 1.625E+00
 0.000E+00 0.000E+00 0.000E+00 0.000E+00
 0.000E+00 0.000E+00 0.000E+00 0.000E+00
 0.000E+00 0.000E+00 0.000E+00 0.000E+00
      106.447004     0.837753    0.331078
 6
       4
     2     2     2     2
     0     1     1     1
 1.710E+00 1.625E+00 1.625E+00 1.625E+00
 0.000E+00 0.000E+00 0.000E+00 0.000E+00
 0.000E+00 0.000E+00 0.000E+00 0.000E+00
 0.000E+00 0.000E+00 0.000E+00 0.000E+00
      109.323732     0.917538    0.252229
 6
       4
     2     2     2     2
     0     1     1     1
 1.710E+00 1.625E+00 1.625E+00 1.625E+00
 0.000E+00 0.000E+00 0.000E+00 0.000E+00
 0.000E+00 0.000E+00 0.000E+00 0.000E+00
 0.000E+00 0.000E+00 0.000E+00 0.000E+00
      111.475426     1.010017    0.097451
 6
       4
     2     2     2     2
     0     1     1     1
 1.710E+00 1.625E+00 1.625E+00 1.625E+00
 0.000E+00 0.000E+00 0.000E+00 0.000E+00
 0.000E+00 0.000E+00 0.000E+00 0.000E+00
 0.000E+00 0.000E+00 0.000E+00 0.000E+00
      114.333126     0.859347    -0.199895
 6
       4
     2     2     2     2
     0     1     1     1
 1.710E+00 1.625E+00 1.625E+00 1.625E+00
 0.000E+00 0.000E+00 0.000E+00 0.000E+00
 0.000E+00 0.000E+00 0.000E+00 0.000E+00
 0.000E+00 0.000E+00 0.000E+00 0.000E+00
      115.492760     -1.515589    -0.694480
 6
       4
     2     2     2     2
     0     1     1     1
 1.710E+00 1.625E+00 1.625E+00 1.625E+00
 0.000E+00 0.000E+00 0.000E+00 0.000E+00
 0.000E+00 0.000E+00 0.000E+00 0.000E+00
 0.000E+00 0.000E+00 0.000E+00 0.000E+00
      115.885487     2.969958    0.434886
 6
       4
     2     2     2     2
     0     1     1     1
 1.710E+00 1.625E+00 1.625E+00 1.625E+00
 0.000E+00 0.000E+00 0.000E+00 0.000E+00
 0.000E+00 0.000E+00 0.000E+00 0.000E+00
 0.000E+00 0.000E+00 0.000E+00 0.000E+00
      118.509091     2.758395    0.605060
 6
       4
     2     2     2     2
     0     1     1     1
 1.710E+00 1.625E+00 1.625E+00 1.625E+00
 0.000E+00 0.000E+00 0.000E+00 0.000E+00
 0.000E+00 0.000E+00 0.000E+00 0.000E+00
 0.000E+00 0.000E+00 0.000E+00 0.000E+00
      118.166605     -1.759945    -0.470421
 6
       4
     2     2     2     2
     0     1     1     1
 1.710E+00 1.625E+00 1.625E+00 1.625E+00
 0.000E+00 0.000E+00 0.000E+00 0.000E+00
 0.000E+00 0.000E+00 0.000E+00 0.000E+00
 0.000E+00 0.000E+00 0.000E+00 0.000E+00
      119.692067     0.348120    0.039023
 6
       4
     2     2     2     2
     0     1     1     1
 1.710E+00 1.625E+00 1.625E+00 1.625E+00
 0.000E+00 0.000E+00 0.000E+00 0.000E+00
 0.000E+00 0.000E+00 0.000E+00 0.000E+00
 0.000E+00 0.000E+00 0.000E+00 0.000E+00
      122.597421     0.130062    0.048778
 6
       4
     2     2     2     2
     0     1     1     1
 1.710E+00 1.625E+00 1.625E+00 1.625E+00
 0.000E+00 0.000E+00 0.000E+00 0.000E+00
 0.000E+00 0.000E+00 0.000E+00 0.000E+00
 0.000E+00 0.000E+00 0.000E+00 0.000E+00
      124.735491     0.076572    0.011775
 6
       4
     2     2     2     2
     0     1     1     1
 1.710E+00 1.625E+00 1.625E+00 1.625E+00
 0.000E+00 0.000E+00 0.000E+00 0.000E+00
 0.000E+00 0.000E+00 0.000E+00 0.000E+00
 0.000E+00 0.000E+00 0.000E+00 0.000E+00
      127.550081     -0.033783    -0.156936
 6
       4
     2     2     2     2
     0     1     1     1
 1.710E+00 1.625E+00 1.625E+00 1.625E+00
 0.000E+00 0.000E+00 0.000E+00 0.000E+00
 0.000E+00 0.000E+00 0.000E+00 0.000E+00
 0.000E+00 0.000E+00 0.000E+00 0.000E+00
      128.671399     -2.342285    -1.008241
 6
       4
     2     2     2     2
     0     1     1     1
 1.710E+00 1.625E+00 1.625E+00 1.625E+00
 0.000E+00 0.000E+00 0.000E+00 0.000E+00
 0.000E+00 0.000E+00 0.000E+00 0.000E+00
 0.000E+00 0.000E+00 0.000E+00 0.000E+00
      129.002230     2.044086    0.659416
 6
       4
     2     2     2     2
     0     1     1     1
 1.710E+00 1.625E+00 1.625E+00 1.625E+00
 0.000E+00 0.000E+00 0.000E+00 0.000E+00
 0.000E+00 0.000E+00 0.000E+00 0.000E+00
 0.000E+00 0.000E+00 0.000E+00 0.000E+00
      131.559477     1.828028    0.775143
 6
       4
     2     2     2     2
     0     1     1     1
 1.710E+00 1.625E+00 1.625E+00 1.625E+00
 0.000E+00 0.000E+00 0.000E+00 0.000E+00
 0.000E+00 0.000E+00 0.000E+00 0.000E+00
 0.000E+00 0.000E+00 0.000E+00 0.000E+00
      131.263030     -2.602899    -0.893336
 6
       4
     2     2     2     2
     0     1     1     1
 1.710E+00 1.625E+00 1.625E+00 1.625E+00
 0.000E+00 0.000E+00 0.000E+00 0.000E+00
 0.000E+00 0.000E+00 0.000E+00 0.000E+00
 0.000E+00 0.000E+00 0.000E+00 0.000E+00
      132.767546     -0.480964    0.035797
 6
       4
     2     2     2     2
     0     1     1     1
 1.710E+00 1.625E+00 1.625E+00 1.625E+00
 0.000E+00 0.000E+00 0.000E+00 0.000E+00
 0.000E+00 0.000E+00 0.000E+00 0.000E+00
 0.000E+00 0.000E+00 0.000E+00 0.000E+00
      135.440641     -0.822845    0.339363
 1
       1
     1
     0
 1.300E+00
 0.000E+00
 0.000E+00
 0.000E+00
      75.270619     4.114880    -0.524817
 1
       1
     1
     0
 1.300E+00
 0.000E+00
 0.000E+00
 0.000E+00
      79.911404     3.837480    -0.255992
 6
       4
     2     2     2     2
     0     1     1     1
 1.710E+00 1.625E+00 1.625E+00 1.625E+00
 0.000E+00 0.000E+00 0.000E+00 0.000E+00
 0.000E+00 0.000E+00 0.000E+00 0.000E+00
 0.000E+00 0.000E+00 0.000E+00 0.000E+00
      71.976501     0.313817    0.001852
 1
       1
     1
     0
 1.300E+00
 0.000E+00
 0.000E+00
 0.000E+00
      74.751500     -3.945559    1.022455
 1
       1
     1
     0
 1.300E+00
 0.000E+00
 0.000E+00
 0.000E+00
      79.501112     -4.024247    1.378037
 1
       1
     1
     0
 1.300E+00
 0.000E+00
 0.000E+00
 0.000E+00
      87.989860     4.009870    -1.354705
 1
       1
     1
     0
 1.300E+00
 0.000E+00
 0.000E+00
 0.000E+00
      88.457253     -3.828921    1.228976
 1
       1
     1
     0
 1.300E+00
 0.000E+00
 0.000E+00
 0.000E+00
      92.665201     4.103196    -1.625705
 1
       1
     1
     0
 1.300E+00
 0.000E+00
 0.000E+00
 0.000E+00
      93.076090     -3.550113    1.117261
 1
       1
     1
     0
 1.300E+00
 0.000E+00
 0.000E+00
 0.000E+00
      101.342547     4.395257    -1.463742
 1
       1
     1
     0
 1.300E+00
 0.000E+00
 0.000E+00
 0.000E+00
      106.028853     4.558631    -0.952760
 1
       1
     1
     0
 1.300E+00
 0.000E+00
 0.000E+00
 0.000E+00
      101.564474     -3.360020    1.167134
 1
       1
     1
     0
 1.300E+00
 0.000E+00
 0.000E+00
 0.000E+00
      106.233224     -3.101997    1.529132
 1
       1
     1
     0
 1.300E+00
 0.000E+00
 0.000E+00
 0.000E+00
      114.927760     4.727021    0.791253
 1
       1
     1
     0
 1.300E+00
 0.000E+00
 0.000E+00
 0.000E+00
      114.487567     -3.096660    -1.195868
 1
       1
     1
     0
 1.300E+00
 0.000E+00
 0.000E+00
 0.000E+00
      119.736852     4.322580    1.148146
 1
       1
     1
     0
 1.300E+00
 0.000E+00
 0.000E+00
 0.000E+00
      118.976175     -3.467645    -0.866944
 1
       1
     1
     0
 1.300E+00
 0.000E+00
 0.000E+00
 0.000E+00
      128.256213     3.873645    1.293130
 1
       1
     1
     0
 1.300E+00
 0.000E+00
 0.000E+00
 0.000E+00
      127.553278     -3.946453    -1.700974
 1
       1
     1
     0
 1.300E+00
 0.000E+00
 0.000E+00
 0.000E+00
      132.876168     3.342598    1.421216
 1
       1
     1
     0
 1.300E+00
 0.000E+00
 0.000E+00
 0.000E+00
      132.352733     -4.174344    -1.343461
 1
       1
     1
     0
 1.300E+00
 0.000E+00
 0.000E+00
 0.000E+00
      140.895770     1.896767    3.030663
 1
       1
     1
     0
 1.300E+00
 0.000E+00
 0.000E+00
 0.000E+00
      140.842274     -4.442629    -2.331071
 1
       1
     1
     0
 1.300E+00
 0.000E+00
 0.000E+00
 0.000E+00
      148.230554     -1.142817    0.354788
 1
       1
     1
     0
 1.300E+00
 0.000E+00
 0.000E+00
 0.000E+00
      145.625151     1.667264    2.857235
 1
       1
     1
     0
 1.300E+00
 0.000E+00
 0.000E+00
 0.000E+00
      145.489329     -4.452351    -2.334932
 6
       4
     2     2     2     2
     0     1     1     1
 1.710E+00 1.625E+00 1.625E+00 1.625E+00
 0.000E+00 0.000E+00 0.000E+00 0.000E+00
 0.000E+00 0.000E+00 0.000E+00 0.000E+00
 0.000E+00 0.000E+00 0.000E+00 0.000E+00
      137.659990     -1.089060    0.438201
 6
       4
     2     2     2     2
     0     1     1     1
 1.710E+00 1.625E+00 1.625E+00 1.625E+00
 0.000E+00 0.000E+00 0.000E+00 0.000E+00
 0.000E+00 0.000E+00 0.000E+00 0.000E+00
 0.000E+00 0.000E+00 0.000E+00 0.000E+00
      140.440762     -1.303263    0.345672
 6
       4
     2     2     2     2
     0     1     1     1
 1.710E+00 1.625E+00 1.625E+00 1.625E+00
 0.000E+00 0.000E+00 0.000E+00 0.000E+00
 0.000E+00 0.000E+00 0.000E+00 0.000E+00
 0.000E+00 0.000E+00 0.000E+00 0.000E+00
      141.811065     -3.025313    -1.180255
 6
       4
     2     2     2     2
     0     1     1     1
 1.710E+00 1.625E+00 1.625E+00 1.625E+00
 0.000E+00 0.000E+00 0.000E+00 0.000E+00
 0.000E+00 0.000E+00 0.000E+00 0.000E+00
 0.000E+00 0.000E+00 0.000E+00 0.000E+00
      141.947949     0.455027    1.891121
 6
       4
     2     2     2     2
     0     1     1     1
 1.710E+00 1.625E+00 1.625E+00 1.625E+00
 0.000E+00 0.000E+00 0.000E+00 0.000E+00
 0.000E+00 0.000E+00 0.000E+00 0.000E+00
 0.000E+00 0.000E+00 0.000E+00 0.000E+00
      144.570818     0.427968    1.784289
 6
       4
     2     2     2     2
     0     1     1     1
 1.710E+00 1.625E+00 1.625E+00 1.625E+00
 0.000E+00 0.000E+00 0.000E+00 0.000E+00
 0.000E+00 0.000E+00 0.000E+00 0.000E+00
 0.000E+00 0.000E+00 0.000E+00 0.000E+00
      144.471865     -3.032672    -1.208444
 6
       4
     2     2     2     2
     0     1     1     1
 1.710E+00 1.625E+00 1.625E+00 1.625E+00
 0.000E+00 0.000E+00 0.000E+00 0.000E+00
 0.000E+00 0.000E+00 0.000E+00 0.000E+00
 0.000E+00 0.000E+00 0.000E+00 0.000E+00
      145.748611     -1.260304    0.181170
# LCAO coefficients .. are not included.
         1
        1        0.000231962444508   k=         1
        2        -0.000554724525481   k=         1
        3        0.002018090522347   k=         1
        4        -0.019585392227672   k=         1
        5        -0.001368910185957   k=         1
        6        -0.004189673052767   k=         1
        7        0.008515296705315   k=         1
        8        -0.018240519048216   k=         1
        9        0.001086138768792   k=         1
        10        0.001572910483619   k=         1
        11        0.009794911256661   k=         1
        12        -0.016889716827118   k=         1
        13        0.000460729120967   k=         1
        14        0.001061551159858   k=         1
        15        -0.002527180642146   k=         1
        16        0.007094792109954   k=         1
        17        -0.000016301444201   k=         1
        18        -0.001060913603686   k=         1
        19        -0.007059355514214   k=         1
        20        0.021823958474509   k=         1
        21        -0.000399192599695   k=         1
        22        -0.000648232738366   k=         1
        23        -0.002997528547240   k=         1
        24        0.005576323100259   k=         1
        25        0.001056281098675   k=         1
        26        -0.000966475741207   k=         1
        27        0.007026340084937   k=         1
        28        0.033204662553021   k=         1
        29        -0.001206313871680   k=         1
        30        -0.000950538391211   k=         1
        31        0.001483625220932   k=         1
        32        0.023956027128302   k=         1
        33        0.000271840111583   k=         1
        34        0.002757352120098   k=         1
        35        -0.011500992067454   k=         1
        36        -0.043844454055791   k=         1
        37        -0.000418986117226   k=         1
        38        -0.001329465314593   k=         1
        39        -0.007770386800786   k=         1
        40        -0.023543413449395   k=         1
        41        -0.000592470866413   k=         1
        42        0.000512490209042   k=         1
        43        -0.007104298973598   k=         1
        44        -0.022369781780066   k=         1
        45        0.000612373036084   k=         1
        46        0.001326198843270   k=         1
        47        0.005862114351908   k=         1
        48        0.027867919466039   k=         1
        49        -0.001058507679821   k=         1
        50        -0.002527089077993   k=         1
        51        0.006034737040890   k=         1
        52        0.033626618725645   k=         1
        53        0.000183569509845   k=         1
        54        -0.009537754216528   k=         1
        55        0.012668978724485   k=         1
        56        0.041364981844297   k=         1
        57        -0.001868053444813   k=         1
        58        0.006466144064511   k=         1
        59        -0.023252841257065   k=         1
        60        -0.038077712550934   k=         1
        61        -0.000331752877536   k=         1
        62        -0.006619040283047   k=         1
        63        -0.016772837433694   k=         1
        64        -0.034953877639893   k=         1
        65        -0.000238838794089   k=         1
        66        0.010053371184737   k=         1
        67        0.033855774502108   k=         1
        68        0.048076902991492   k=         1
        69        0.000510142312574   k=         1
        70        -0.001881027050592   k=         1
        71        0.020225507862210   k=         1
        72        0.024145771069569   k=         1
        73        -0.001004864345452   k=         1
        74        0.000888507995069   k=         1
        75        0.025474823003525   k=         1
        76        0.029305635707920   k=         1
        77        0.000089248260639   k=         1
        78        0.000669572341425   k=         1
        79        -0.022777440309933   k=         1
        80        -0.023352402066871   k=         1
        81        -0.001065958081171   k=         1
        82        -0.000126254319212   k=         1
        83        -0.020608344961627   k=         1
        84        -0.026346622553016   k=         1
        85        -0.001096445059916   k=         1
        86        -0.009758399296174   k=         1
        87        -0.036002015867324   k=         1
        88        -0.049840638558032   k=         1
        89        -0.000858433904457   k=         1
        90        0.005718324705259   k=         1
        91        0.012349894695738   k=         1
        92        0.026530342812865   k=         1
        93        -0.000633273087327   k=         1
        94        0.000756068861125   k=         1
        95        0.022734488565882   k=         1
        96        0.033560791086856   k=         1
        97        -0.000852773633478   k=         1
        98        0.002886577298779   k=         1
        99        -0.012481460007559   k=         1
        100        -0.034265001011646   k=         1
        101        0.000970061645789   k=         1
        102        -0.000835874574079   k=         1
        103        -0.004953874050510   k=         1
        104        -0.027374178761448   k=         1
        105        -0.000132856465028   k=         1
        106        0.002733900051598   k=         1
        107        -0.005031418762896   k=         1
        108        -0.024292011685372   k=         1
        109        -0.000122581791773   k=         1
        110        -0.000958946370809   k=         1
        111        0.005464169717524   k=         1
        112        0.016105681624899   k=         1
        113        -0.000669230684414   k=         1
        114        0.000719338228753   k=         1
        115        0.004670020351746   k=         1
        116        0.018186699346358   k=         1
        117        0.000742365973898   k=         1
        118        0.004656140583940   k=         1
        119        0.010809065118495   k=         1
        120        0.039248204299680   k=         1
        121        0.000312378499721   k=         1
        122        -0.001991785978198   k=         1
        123        -0.001338940821735   k=         1
        124        -0.010134896681326   k=         1
        125        0.000675200087437   k=         1
        126        -0.000806588656880   k=         1
        127        -0.007066408259709   k=         1
        128        -0.026563488872703   k=         1
        129        0.000127015607660   k=         1
        130        0.000137552632472   k=         1
        131        -0.002501782501587   k=         1
        132        -0.001090157549997   k=         1
        133        0.000789567015312   k=         1
        134        -0.002024952033332   k=         1
        135        0.008355442833881   k=         1
        136        0.011468765636011   k=         1
        137        -0.000161903229412   k=         1
        138        -0.000421944028115   k=         1
        139        0.007657034465113   k=         1
        140        0.009896426446910   k=         1
        141        -0.000245613730622   k=         1
        142        -0.002047094128602   k=         1
        143        0.005574951825127   k=         1
        144        0.008129158791998   k=         1
        145        0.000131476657942   k=         1
        146        0.000455477586807   k=         1
        147        0.005274956567279   k=         1
        148        0.010114451161064   k=         1
        149        -0.000355622335685   k=         1
        150        0.000905519472583   k=         1
        151        -0.005235539934239   k=         1
        152        -0.009957796589584   k=         1
        153        -0.000013878561240   k=         1
        154        0.000395900673022   k=         1
        155        -0.010543212390015   k=         1
        156        -0.035999521090745   k=         1
        157        -0.001654881925573   k=         1
        158        0.001112851226901   k=         1
        159        0.000302682135180   k=         1
        160        0.001493506971804   k=         1
        161        -0.000854075528404   k=         1
        162        0.001107194055964   k=         1
        163        -0.000423717608594   k=         1
        164        0.000964122763719   k=         1
        165        0.001365181573847   k=         1
        166        0.002752341883246   k=         1
        167        -0.000248392424688   k=         1
        168        0.000495734825503   k=         1
        169        0.002034755450640   k=         1
        170        0.000048363160702   k=         1
        171        -0.000626038961580   k=         1
        172        -0.001176760111686   k=         1
        173        0.000499856548164   k=         1
        174        -0.000007597993848   k=         1
        175        -0.000501500441611   k=         1
        176        -0.000715627745936   k=         1
        177        0.000743598088981   k=         1
        178        0.000713323723199   k=         1
        179        -0.000149579110921   k=         1
        180        -0.004105371634319   k=         1
        181        -0.002469371516595   k=         1
        182        0.021524660642082   k=         1
        183        0.091818152509330   k=         1
        184        0.000208401156598   k=         1
        185        0.000595215989457   k=         1
        186        -0.000344498314484   k=         1
        187        -0.000696188476153   k=         1
        188        -0.000240306586433   k=         1
        189        -0.005623167150872   k=         1
        190        -0.001189474801685   k=         1
        191        0.002054297642567   k=         1
        192        0.022458201911428   k=         1
        193        0.071752797208847   k=         1
        194        0.000708416874032   k=         1
        195        -0.001541748377303   k=         1
        196        0.006042685621814   k=         1
        197        0.020630358760143   k=         1
        198        0.000004968612908   k=         1
        199        -0.001319005581988   k=         1
        200        0.007619905174849   k=         1
        201        0.024588829042583   k=         1
        202        0.000035633122445   k=         1
        203        0.001013385685569   k=         1
        204        -0.020400185792742   k=         1
        205        -0.057588955884559   k=         1
        206        -0.001312310676429   k=         1
        207        -0.000707791362829   k=         1
        208        -0.016442101997966   k=         1
        209        -0.051798667476942   k=         1
        210        -0.000415582479626   k=         1
        211        -0.001836270976187   k=         1
        212        -0.017094705713942   k=         1
        213        -0.056193397507535   k=         1
        214        -0.000903246140832   k=         1
        215        -0.005866789121145   k=         1
        216        0.026369406018416   k=         1
        217        0.111751564998895   k=         1
        218        0.000296112391011   k=         1
        219        -0.002040485421462   k=         1
        220        0.014757515914857   k=         1
        221        0.079546007473133   k=         1
        222        -0.000818871673469   k=         1
        223        -0.003476769113524   k=         1
        224        0.013077695688015   k=         1
        225        0.072117203048205   k=         1
        226        -0.000269506143754   k=         1
        227        0.002418980113444   k=         1
        228        -0.010685327440042   k=         1
        229        -0.061166448084157   k=         1
        230        -0.000062771316177   k=         1
        231        0.011696430070642   k=         1
        232        -0.028723322833336   k=         1
        233        -0.120707573466211   k=         1
        234        -0.000098881222155   k=         1
        235        0.003325272421662   k=         1
        236        -0.010391322742906   k=         1
        237        -0.068124179423022   k=         1
        238        0.000535269276969   k=         1
        239        0.000426230222969   k=         1
        240        -0.028139384809485   k=         1
        241        -0.101459436933256   k=         1
        242        -0.003459838483122   k=         1
        243        -0.016213682597303   k=         1
        244        -0.022589279868045   k=         1
        245        -0.089174896911320   k=         1
        246        0.002013506174623   k=         1
        247        0.025019251284426   k=         1
        248        0.044699192799204   k=         1
        249        0.142109254234455   k=         1
        250        -0.001559607022349   k=         1
        251        0.003832261437303   k=         1
        252        0.031968925743367   k=         1
        253        0.089057313989809   k=         1
        254        -0.001194857624216   k=         1
        255        -0.004713938106671   k=         1
        256        0.025393606546401   k=         1
        257        0.072402185317129   k=         1
        258        0.001222818868186   k=         1
        259        0.003056447789041   k=         1
        260        -0.028781575851458   k=         1
        261        -0.072689183058179   k=         1
        262        -0.000449955605303   k=         1
        263        0.008693997749668   k=         1
        264        -0.028297275062711   k=         1
        265        -0.088906412113055   k=         1
        266        -0.005060096358392   k=         1
        267        0.000035400479147   k=         1
        268        -0.051469744855247   k=         1
        269        -0.139954721668261   k=         1
        270        -0.003974297165912   k=         1
        271        0.000731678215956   k=         1
        272        0.032492071613541   k=         1
        273        0.093792347802332   k=         1
        274        0.003701488564270   k=         1
        275        -0.002709110616225   k=         1
        276        0.037391623254539   k=         1
        277        0.102458995100260   k=         1
        278        -0.002533125645467   k=         1
        279        0.005434884685039   k=         1
        280        -0.037298999748977   k=         1
        281        -0.116019528604272   k=         1
        282        0.000940282931390   k=         1
        283        0.009262711385276   k=         1
        284        -0.022866456362673   k=         1
        285        -0.069430932559298   k=         1
        286        0.002565380902146   k=         1
        287        0.016882273895666   k=         1
        288        -0.030289125773334   k=         1
        289        -0.081213112120916   k=         1
        290        -0.000606043961305   k=         1
        291        -0.017413503841568   k=         1
        292        0.029568110865303   k=         1
        293        0.062929225069164   k=         1
        294        0.002389504535930   k=         1
        295        -0.006992412886818   k=         1
        296        0.026172338664293   k=         1
        297        0.069279490645588   k=         1
        298        0.000262569772869   k=         1
        299        -0.003509595913170   k=         1
        300        0.033576060235140   k=         1
        301        0.129426176979569   k=         1
        302        0.002158930586975   k=         1
        303        -0.006777224384959   k=         1
        304        0.005923618108611   k=         1
        305        -0.080596781072033   k=         1
        306        -0.004339072139138   k=         1
        307        -0.016040793714653   k=         1
        308        -0.014582034553855   k=         1
        309        -0.087627855015004   k=         1
        310        -0.002408608727729   k=         1
        311        0.009169284856166   k=         1
        312        -0.021033026667512   k=         1
        313        0.108185936943984   k=         1
        314        -0.002035163912459   k=         1
        315        -0.009934034690267   k=         1
        316        -0.021803922529482   k=         1
        317        0.070611223215221   k=         1
        318        0.002824396566173   k=         1
        319        -0.016858224496359   k=         1
        320        -0.022441455313727   k=         1
        321        0.052923340719756   k=         1
        322        -0.001805257881159   k=         1
        323        0.015200039056295   k=         1
        324        0.016988597942367   k=         1
        325        -0.066161734219759   k=         1
        326        -0.002732199213909   k=         1
        327        0.011075660243552   k=         1
        328        0.015402472562779   k=         1
        329        -0.064873371845592   k=         1
        330        0.002326849608756   k=         1
        331        0.000936130029816   k=         1
        332        0.023244159694728   k=         1
        333        -0.105348126912197   k=         1
        334        -0.002947146147254   k=         1
        335        0.003544329037568   k=         1
        336        -0.031410639997666   k=         1
        337        0.088584839834884   k=         1
        338        0.002681117155775   k=         1
        339        0.005338595532588   k=         1
        340        -0.021399191232842   k=         1
        341        0.075850584859243   k=         1
        342        0.000217641421308   k=         1
        343        -0.005961561832899   k=         1
        344        0.048552984432993   k=         1
        345        -0.126249173533882   k=         1
        346        -0.001041716008799   k=         1
        347        0.002966377373168   k=         1
        348        0.025271197532707   k=         1
        349        -0.067977414557576   k=         1
        350        -0.001510459948002   k=         1
        351        0.005523542747523   k=         1
        352        0.027925608058148   k=         1
        353        -0.070190361853795   k=         1
        354        0.001139775100000   k=         1
        355        -0.008862236846863   k=         1
        356        -0.026135096689664   k=         1
        357        0.075951462002481   k=         1
        358        0.002394784185726   k=         1
        359        -0.005265543078217   k=         1
        360        -0.022483578237703   k=         1
        361        0.077518422587531   k=         1
        362        -0.002411635255431   k=         1
        363        -0.025064497545922   k=         1
        364        -0.049265868584096   k=         1
        365        0.127090448520674   k=         1
        366        -0.001099854378750   k=         1
        367        0.014512620327574   k=         1
        368        0.035704060982486   k=         1
        369        -0.064848276300057   k=         1
        370        0.002334482693919   k=         1
        371        -0.000874023940279   k=         1
        372        0.001468444633516   k=         1
        373        -0.008358866034453   k=         1
        374        0.016428420295019   k=         1
        375        0.060025312752381   k=         1
        376        -0.000660483846098   k=         1
        377        0.001529130727150   k=         1
        378        0.004983291242875   k=         1
        379        0.004171030935671   k=         1
        380        -0.000843771123634   k=         1
        381        0.000753970211581   k=         1
        382        -0.006558551611613   k=         1
        383        0.000089439199048   k=         1
        384        -0.000074676553033   k=         1
        385        -0.003035844133712   k=         1
        386        0.001421496784774   k=         1
        387        0.004097367607396   k=         1
        388        0.006876915086828   k=         1
        389        0.000720668328837   k=         1
        390        -0.002452945828088   k=         1
        391        0.000387894339222   k=         1
        392        0.000972651210528   k=         1
        393        0.000098091317816   k=         1
        394        -0.000794017647151   k=         1
        395        0.001233912091201   k=         1
        396        -0.001873006417576   k=         1
        397        0.002564845386266   k=         1
        398        -0.001662604706549   k=         1
        399        -0.001506151697070   k=         1
        400        0.002124628401953   k=         1
        401        0.045863680120705   k=         1
        402        -0.104034723472346   k=         1
        403        -0.000488353331101   k=         1
        404        0.002671084740005   k=         1
        405        -0.038223951667695   k=         1
        406        0.050726504777074   k=         1
        407        -0.002765090348544   k=         1
        408        0.005360915586892   k=         1
        409        -0.049217821908807   k=         1
        410        0.048945905732770   k=         1
        411        0.003364313212695   k=         1
        412        -0.004917045733204   k=         1
        413        -0.048518181800340   k=         1
        414        0.049227112245215   k=         1
        415        -0.001060289472960   k=         1
        416        0.002146084669976   k=         1
        417        0.012053427378412   k=         1
        418        -0.012585802482151   k=         1
        419        0.000269138092447   k=         1
        420        -0.001114509533023   k=         1
        421        0.016272938677441   k=         1
        422        -0.019951979507472   k=         1
        423        0.002233586186460   k=         1
        424        -0.001510201666850   k=         1
        425        0.051304158986433   k=         1
        426        -0.059359965789617   k=         1
