# file_format= v0.04.05
       144       426
    188.97268778      0.00000000      0.00000000    0
      0.00000000    188.97268778      0.00000000    0
      0.00000000      0.00000000    188.97268778    0
 6
       4
     2     2     2     2
     0     1     1     1
 1.710E+00 1.625E+00 1.625E+00 1.625E+00
 0.000E+00 0.000E+00 0.000E+00 0.000E+00
 0.000E+00 0.000E+00 0.000E+00 0.000E+00
 0.000E+00 0.000E+00 0.000E+00 0.000E+00
      0.824469     -0.614121    -0.228838
 6
       4
     2     2     2     2
     0     1     1     1
 1.710E+00 1.625E+00 1.625E+00 1.625E+00
 0.000E+00 0.000E+00 0.000E+00 0.000E+00
 0.000E+00 0.000E+00 0.000E+00 0.000E+00
 0.000E+00 0.000E+00 0.000E+00 0.000E+00
      -0.941477     1.219378    0.503393
 6
       4
     2     2     2     2
     0     1     1     1
 1.710E+00 1.625E+00 1.625E+00 1.625E+00
 0.000E+00 0.000E+00 0.000E+00 0.000E+00
 0.000E+00 0.000E+00 0.000E+00 0.000E+00
 0.000E+00 0.000E+00 0.000E+00 0.000E+00
      -0.227483     -2.932233    -1.063570
 6
       4
     2     2     2     2
     0     1     1     1
 1.710E+00 1.625E+00 1.625E+00 1.625E+00
 0.000E+00 0.000E+00 0.000E+00 0.000E+00
 0.000E+00 0.000E+00 0.000E+00 0.000E+00
 0.000E+00 0.000E+00 0.000E+00 0.000E+00
      -3.556944     0.748131    0.473053
 6
       4
     2     2     2     2
     0     1     1     1
 1.710E+00 1.625E+00 1.625E+00 1.625E+00
 0.000E+00 0.000E+00 0.000E+00 0.000E+00
 0.000E+00 0.000E+00 0.000E+00 0.000E+00
 0.000E+00 0.000E+00 0.000E+00 0.000E+00
      -4.561349     -1.539898    -0.267447
 6
       4
     2     2     2     2
     0     1     1     1
 1.710E+00 1.625E+00 1.625E+00 1.625E+00
 0.000E+00 0.000E+00 0.000E+00 0.000E+00
 0.000E+00 0.000E+00 0.000E+00 0.000E+00
 0.000E+00 0.000E+00 0.000E+00 0.000E+00
      -2.862570     -3.430909    -1.029770
 6
       4
     2     2     2     2
     0     1     1     1
 1.710E+00 1.625E+00 1.625E+00 1.625E+00
 0.000E+00 0.000E+00 0.000E+00 0.000E+00
 0.000E+00 0.000E+00 0.000E+00 0.000E+00
 0.000E+00 0.000E+00 0.000E+00 0.000E+00
      3.632082     -0.089074    -0.028588
 6
       4
     2     2     2     2
     0     1     1     1
 1.710E+00 1.625E+00 1.625E+00 1.625E+00
 0.000E+00 0.000E+00 0.000E+00 0.000E+00
 0.000E+00 0.000E+00 0.000E+00 0.000E+00
 0.000E+00 0.000E+00 0.000E+00 0.000E+00
      5.755017     0.437851    0.060018
 6
       4
     2     2     2     2
     0     1     1     1
 1.710E+00 1.625E+00 1.625E+00 1.625E+00
 0.000E+00 0.000E+00 0.000E+00 0.000E+00
 0.000E+00 0.000E+00 0.000E+00 0.000E+00
 0.000E+00 0.000E+00 0.000E+00 0.000E+00
      8.558945     0.803595    0.023206
 6
       4
     2     2     2     2
     0     1     1     1
 1.710E+00 1.625E+00 1.625E+00 1.625E+00
 0.000E+00 0.000E+00 0.000E+00 0.000E+00
 0.000E+00 0.000E+00 0.000E+00 0.000E+00
 0.000E+00 0.000E+00 0.000E+00 0.000E+00
      9.833081     3.021371    -0.735177
 6
       4
     2     2     2     2
     0     1     1     1
 1.710E+00 1.625E+00 1.625E+00 1.625E+00
 0.000E+00 0.000E+00 0.000E+00 0.000E+00
 0.000E+00 0.000E+00 0.000E+00 0.000E+00
 0.000E+00 0.000E+00 0.000E+00 0.000E+00
      10.199441     -1.211675    0.830690
 6
       4
     2     2     2     2
     0     1     1     1
 1.710E+00 1.625E+00 1.625E+00 1.625E+00
 0.000E+00 0.000E+00 0.000E+00 0.000E+00
 0.000E+00 0.000E+00 0.000E+00 0.000E+00
 0.000E+00 0.000E+00 0.000E+00 0.000E+00
      12.468845     3.171535    -0.664341
 6
       4
     2     2     2     2
     0     1     1     1
 1.710E+00 1.625E+00 1.625E+00 1.625E+00
 0.000E+00 0.000E+00 0.000E+00 0.000E+00
 0.000E+00 0.000E+00 0.000E+00 0.000E+00
 0.000E+00 0.000E+00 0.000E+00 0.000E+00
      12.798840     -0.989895    0.940413
 6
       4
     2     2     2     2
     0     1     1     1
 1.710E+00 1.625E+00 1.625E+00 1.625E+00
 0.000E+00 0.000E+00 0.000E+00 0.000E+00
 0.000E+00 0.000E+00 0.000E+00 0.000E+00
 0.000E+00 0.000E+00 0.000E+00 0.000E+00
      14.068029     1.243262    0.212018
 6
       4
     2     2     2     2
     0     1     1     1
 1.710E+00 1.625E+00 1.625E+00 1.625E+00
 0.000E+00 0.000E+00 0.000E+00 0.000E+00
 0.000E+00 0.000E+00 0.000E+00 0.000E+00
 0.000E+00 0.000E+00 0.000E+00 0.000E+00
      16.875459     1.395120    0.194071
 6
       4
     2     2     2     2
     0     1     1     1
 1.710E+00 1.625E+00 1.625E+00 1.625E+00
 0.000E+00 0.000E+00 0.000E+00 0.000E+00
 0.000E+00 0.000E+00 0.000E+00 0.000E+00
 0.000E+00 0.000E+00 0.000E+00 0.000E+00
      19.091973     1.319152    0.341929
 6
       4
     2     2     2     2
     0     1     1     1
 1.710E+00 1.625E+00 1.625E+00 1.625E+00
 0.000E+00 0.000E+00 0.000E+00 0.000E+00
 0.000E+00 0.000E+00 0.000E+00 0.000E+00
 0.000E+00 0.000E+00 0.000E+00 0.000E+00
      21.892466     1.285121    0.159245
 6
       4
     2     2     2     2
     0     1     1     1
 1.710E+00 1.625E+00 1.625E+00 1.625E+00
 0.000E+00 0.000E+00 0.000E+00 0.000E+00
 0.000E+00 0.000E+00 0.000E+00 0.000E+00
 0.000E+00 0.000E+00 0.000E+00 0.000E+00
      23.218806     -0.494116    1.597863
 6
       4
     2     2     2     2
     0     1     1     1
 1.710E+00 1.625E+00 1.625E+00 1.625E+00
 0.000E+00 0.000E+00 0.000E+00 0.000E+00
 0.000E+00 0.000E+00 0.000E+00 0.000E+00
 0.000E+00 0.000E+00 0.000E+00 0.000E+00
      23.356694     2.873748    -1.421550
 6
       4
     2     2     2     2
     0     1     1     1
 1.710E+00 1.625E+00 1.625E+00 1.625E+00
 0.000E+00 0.000E+00 0.000E+00 0.000E+00
 0.000E+00 0.000E+00 0.000E+00 0.000E+00
 0.000E+00 0.000E+00 0.000E+00 0.000E+00
      25.965428     2.517223    -1.495762
 6
       4
     2     2     2     2
     0     1     1     1
 1.710E+00 1.625E+00 1.625E+00 1.625E+00
 0.000E+00 0.000E+00 0.000E+00 0.000E+00
 0.000E+00 0.000E+00 0.000E+00 0.000E+00
 0.000E+00 0.000E+00 0.000E+00 0.000E+00
      25.850013     -0.902325    1.438722
 6
       4
     2     2     2     2
     0     1     1     1
 1.710E+00 1.625E+00 1.625E+00 1.625E+00
 0.000E+00 0.000E+00 0.000E+00 0.000E+00
 0.000E+00 0.000E+00 0.000E+00 0.000E+00
 0.000E+00 0.000E+00 0.000E+00 0.000E+00
      27.290655     0.691874    -0.048587
 6
       4
     2     2     2     2
     0     1     1     1
 1.710E+00 1.625E+00 1.625E+00 1.625E+00
 0.000E+00 0.000E+00 0.000E+00 0.000E+00
 0.000E+00 0.000E+00 0.000E+00 0.000E+00
 0.000E+00 0.000E+00 0.000E+00 0.000E+00
      29.997006     0.406355    0.007984
 6
       4
     2     2     2     2
     0     1     1     1
 1.710E+00 1.625E+00 1.625E+00 1.625E+00
 0.000E+00 0.000E+00 0.000E+00 0.000E+00
 0.000E+00 0.000E+00 0.000E+00 0.000E+00
 0.000E+00 0.000E+00 0.000E+00 0.000E+00
      32.269346     0.042681    0.257562
 6
       4
     2     2     2     2
     0     1     1     1
 1.710E+00 1.625E+00 1.625E+00 1.625E+00
 0.000E+00 0.000E+00 0.000E+00 0.000E+00
 0.000E+00 0.000E+00 0.000E+00 0.000E+00
 0.000E+00 0.000E+00 0.000E+00 0.000E+00
      34.921278     0.006888    0.211678
 6
       4
     2     2     2     2
     0     1     1     1
 1.710E+00 1.625E+00 1.625E+00 1.625E+00
 0.000E+00 0.000E+00 0.000E+00 0.000E+00
 0.000E+00 0.000E+00 0.000E+00 0.000E+00
 0.000E+00 0.000E+00 0.000E+00 0.000E+00
      36.411817     -2.252174    0.692233
 6
       4
     2     2     2     2
     0     1     1     1
 1.710E+00 1.625E+00 1.625E+00 1.625E+00
 0.000E+00 0.000E+00 0.000E+00 0.000E+00
 0.000E+00 0.000E+00 0.000E+00 0.000E+00
 0.000E+00 0.000E+00 0.000E+00 0.000E+00
      36.321888     2.191744    -0.333074
 6
       4
     2     2     2     2
     0     1     1     1
 1.710E+00 1.625E+00 1.625E+00 1.625E+00
 0.000E+00 0.000E+00 0.000E+00 0.000E+00
 0.000E+00 0.000E+00 0.000E+00 0.000E+00
 0.000E+00 0.000E+00 0.000E+00 0.000E+00
      39.004502     2.149718    -0.415624
 6
       4
     2     2     2     2
     0     1     1     1
 1.710E+00 1.625E+00 1.625E+00 1.625E+00
 0.000E+00 0.000E+00 0.000E+00 0.000E+00
 0.000E+00 0.000E+00 0.000E+00 0.000E+00
 0.000E+00 0.000E+00 0.000E+00 0.000E+00
      39.026990     -2.250881    0.623317
 6
       4
     2     2     2     2
     0     1     1     1
 1.710E+00 1.625E+00 1.625E+00 1.625E+00
 0.000E+00 0.000E+00 0.000E+00 0.000E+00
 0.000E+00 0.000E+00 0.000E+00 0.000E+00
 0.000E+00 0.000E+00 0.000E+00 0.000E+00
      40.442910     -0.042638    -0.087222
 6
       4
     2     2     2     2
     0     1     1     1
 1.710E+00 1.625E+00 1.625E+00 1.625E+00
 0.000E+00 0.000E+00 0.000E+00 0.000E+00
 0.000E+00 0.000E+00 0.000E+00 0.000E+00
 0.000E+00 0.000E+00 0.000E+00 0.000E+00
      43.220139     -0.350053    -0.251071
 6
       4
     2     2     2     2
     0     1     1     1
 1.710E+00 1.625E+00 1.625E+00 1.625E+00
 0.000E+00 0.000E+00 0.000E+00 0.000E+00
 0.000E+00 0.000E+00 0.000E+00 0.000E+00
 0.000E+00 0.000E+00 0.000E+00 0.000E+00
      45.417491     -0.551777    -0.303743
 6
       4
     2     2     2     2
     0     1     1     1
 1.710E+00 1.625E+00 1.625E+00 1.625E+00
 0.000E+00 0.000E+00 0.000E+00 0.000E+00
 0.000E+00 0.000E+00 0.000E+00 0.000E+00
 0.000E+00 0.000E+00 0.000E+00 0.000E+00
      48.343909     -0.623470    -0.335188
 6
       4
     2     2     2     2
     0     1     1     1
 1.710E+00 1.625E+00 1.625E+00 1.625E+00
 0.000E+00 0.000E+00 0.000E+00 0.000E+00
 0.000E+00 0.000E+00 0.000E+00 0.000E+00
 0.000E+00 0.000E+00 0.000E+00 0.000E+00
      49.676659     -2.459847    0.851609
 6
       4
     2     2     2     2
     0     1     1     1
 1.710E+00 1.625E+00 1.625E+00 1.625E+00
 0.000E+00 0.000E+00 0.000E+00 0.000E+00
 0.000E+00 0.000E+00 0.000E+00 0.000E+00
 0.000E+00 0.000E+00 0.000E+00 0.000E+00
      49.604340     1.716204    -1.112822
 6
       4
     2     2     2     2
     0     1     1     1
 1.710E+00 1.625E+00 1.625E+00 1.625E+00
 0.000E+00 0.000E+00 0.000E+00 0.000E+00
 0.000E+00 0.000E+00 0.000E+00 0.000E+00
 0.000E+00 0.000E+00 0.000E+00 0.000E+00
      52.136994     1.983405    -1.080649
 6
       4
     2     2     2     2
     0     1     1     1
 1.710E+00 1.625E+00 1.625E+00 1.625E+00
 0.000E+00 0.000E+00 0.000E+00 0.000E+00
 0.000E+00 0.000E+00 0.000E+00 0.000E+00
 0.000E+00 0.000E+00 0.000E+00 0.000E+00
      52.391374     -2.036677    1.140945
 6
       4
     2     2     2     2
     0     1     1     1
 1.710E+00 1.625E+00 1.625E+00 1.625E+00
 0.000E+00 0.000E+00 0.000E+00 0.000E+00
 0.000E+00 0.000E+00 0.000E+00 0.000E+00
 0.000E+00 0.000E+00 0.000E+00 0.000E+00
      53.596762     0.036105    0.135030
 6
       4
     2     2     2     2
     0     1     1     1
 1.710E+00 1.625E+00 1.625E+00 1.625E+00
 0.000E+00 0.000E+00 0.000E+00 0.000E+00
 0.000E+00 0.000E+00 0.000E+00 0.000E+00
 0.000E+00 0.000E+00 0.000E+00 0.000E+00
      56.391052     0.199682    0.148302
 1
       1
     1
     0
 1.300E+00
 0.000E+00
 0.000E+00
 0.000E+00
      -4.797591     2.516159    0.844953
 1
       1
     1
     0
 1.300E+00
 0.000E+00
 0.000E+00
 0.000E+00
      -0.271036     3.200737    1.118168
 1
       1
     1
     0
 1.300E+00
 0.000E+00
 0.000E+00
 0.000E+00
      -7.022798     -2.157402    -0.455046
 1
       1
     1
     0
 1.300E+00
 0.000E+00
 0.000E+00
 0.000E+00
      -3.566584     -5.334761    -1.793720
 1
       1
     1
     0
 1.300E+00
 0.000E+00
 0.000E+00
 0.000E+00
      1.059490     -4.401803    -2.007520
 1
       1
     1
     0
 1.300E+00
 0.000E+00
 0.000E+00
 0.000E+00
      8.752517     4.772841    -1.440874
 1
       1
     1
     0
 1.300E+00
 0.000E+00
 0.000E+00
 0.000E+00
      9.245583     -3.089358    1.502644
 1
       1
     1
     0
 1.300E+00
 0.000E+00
 0.000E+00
 0.000E+00
      13.365688     4.975276    -1.531205
 1
       1
     1
     0
 1.300E+00
 0.000E+00
 0.000E+00
 0.000E+00
      13.973509     -2.656868    1.776751
 1
       1
     1
     0
 1.300E+00
 0.000E+00
 0.000E+00
 0.000E+00
      22.468252     4.434320    -2.679928
 1
       1
     1
     0
 1.300E+00
 0.000E+00
 0.000E+00
 0.000E+00
      27.094649     3.850336    -2.800704
 1
       1
     1
     0
 1.300E+00
 0.000E+00
 0.000E+00
 0.000E+00
      22.046256     -1.691477    3.026177
 1
       1
     1
     0
 1.300E+00
 0.000E+00
 0.000E+00
 0.000E+00
      26.801882     -2.554394    2.520541
 1
       1
     1
     0
 1.300E+00
 0.000E+00
 0.000E+00
 0.000E+00
      35.325651     4.099141    -0.639942
 1
       1
     1
     0
 1.300E+00
 0.000E+00
 0.000E+00
 0.000E+00
      35.356182     -4.038892    1.415373
 1
       1
     1
     0
 1.300E+00
 0.000E+00
 0.000E+00
 0.000E+00
      39.983138     4.074378    -0.772002
 1
       1
     1
     0
 1.300E+00
 0.000E+00
 0.000E+00
 0.000E+00
      40.200961     -4.047954    1.093603
 1
       1
     1
     0
 1.300E+00
 0.000E+00
 0.000E+00
 0.000E+00
      48.341137     3.322758    -1.933859
 1
       1
     1
     0
 1.300E+00
 0.000E+00
 0.000E+00
 0.000E+00
      48.743286     -4.208594    1.782305
 1
       1
     1
     0
 1.300E+00
 0.000E+00
 0.000E+00
 0.000E+00
      53.173514     3.636836    -2.042110
 1
       1
     1
     0
 1.300E+00
 0.000E+00
 0.000E+00
 0.000E+00
      53.544917     -3.462010    2.315256
 1
       1
     1
     0
 1.300E+00
 0.000E+00
 0.000E+00
 0.000E+00
      61.785891     4.163272    -1.327716
 1
       1
     1
     0
 1.300E+00
 0.000E+00
 0.000E+00
 0.000E+00
      61.506401     -3.853641    1.089087
 6
       4
     2     2     2     2
     0     1     1     1
 1.710E+00 1.625E+00 1.625E+00 1.625E+00
 0.000E+00 0.000E+00 0.000E+00 0.000E+00
 0.000E+00 0.000E+00 0.000E+00 0.000E+00
 0.000E+00 0.000E+00 0.000E+00 0.000E+00
      69.620778     0.074574    0.138226
 1
       1
     1
     0
 1.300E+00
 0.000E+00
 0.000E+00
 0.000E+00
      66.559318     4.077403    -1.352556
 1
       1
     1
     0
 1.300E+00
 0.000E+00
 0.000E+00
 0.000E+00
      66.430035     -4.062741    0.646676
 6
       4
     2     2     2     2
     0     1     1     1
 1.710E+00 1.625E+00 1.625E+00 1.625E+00
 0.000E+00 0.000E+00 0.000E+00 0.000E+00
 0.000E+00 0.000E+00 0.000E+00 0.000E+00
 0.000E+00 0.000E+00 0.000E+00 0.000E+00
      58.653956     0.185575    0.053598
 6
       4
     2     2     2     2
     0     1     1     1
 1.710E+00 1.625E+00 1.625E+00 1.625E+00
 0.000E+00 0.000E+00 0.000E+00 0.000E+00
 0.000E+00 0.000E+00 0.000E+00 0.000E+00
 0.000E+00 0.000E+00 0.000E+00 0.000E+00
      61.384814     0.220535    -0.152304
 6
       4
     2     2     2     2
     0     1     1     1
 1.710E+00 1.625E+00 1.625E+00 1.625E+00
 0.000E+00 0.000E+00 0.000E+00 0.000E+00
 0.000E+00 0.000E+00 0.000E+00 0.000E+00
 0.000E+00 0.000E+00 0.000E+00 0.000E+00
      62.784906     -2.118791    0.633432
 6
       4
     2     2     2     2
     0     1     1     1
 1.710E+00 1.625E+00 1.625E+00 1.625E+00
 0.000E+00 0.000E+00 0.000E+00 0.000E+00
 0.000E+00 0.000E+00 0.000E+00 0.000E+00
 0.000E+00 0.000E+00 0.000E+00 0.000E+00
      62.780894     2.282343    -0.818892
 6
       4
     2     2     2     2
     0     1     1     1
 1.710E+00 1.625E+00 1.625E+00 1.625E+00
 0.000E+00 0.000E+00 0.000E+00 0.000E+00
 0.000E+00 0.000E+00 0.000E+00 0.000E+00
 0.000E+00 0.000E+00 0.000E+00 0.000E+00
      65.539101     2.226570    -0.888373
 6
       4
     2     2     2     2
     0     1     1     1
 1.710E+00 1.625E+00 1.625E+00 1.625E+00
 0.000E+00 0.000E+00 0.000E+00 0.000E+00
 0.000E+00 0.000E+00 0.000E+00 0.000E+00
 0.000E+00 0.000E+00 0.000E+00 0.000E+00
      65.310884     -2.225661    0.556076
 6
       4
     2     2     2     2
     0     1     1     1
 1.710E+00 1.625E+00 1.625E+00 1.625E+00
 0.000E+00 0.000E+00 0.000E+00 0.000E+00
 0.000E+00 0.000E+00 0.000E+00 0.000E+00
 0.000E+00 0.000E+00 0.000E+00 0.000E+00
      66.809083     0.114272    -0.046997
 6
       4
     2     2     2     2
     0     1     1     1
 1.710E+00 1.625E+00 1.625E+00 1.625E+00
 0.000E+00 0.000E+00 0.000E+00 0.000E+00
 0.000E+00 0.000E+00 0.000E+00 0.000E+00
 0.000E+00 0.000E+00 0.000E+00 0.000E+00
      80.057544     -0.237253    0.325730
 6
       4
     2     2     2     2
     0     1     1     1
 1.710E+00 1.625E+00 1.625E+00 1.625E+00
 0.000E+00 0.000E+00 0.000E+00 0.000E+00
 0.000E+00 0.000E+00 0.000E+00 0.000E+00
 0.000E+00 0.000E+00 0.000E+00 0.000E+00
      78.761786     2.108585    -0.337618
 6
       4
     2     2     2     2
     0     1     1     1
 1.710E+00 1.625E+00 1.625E+00 1.625E+00
 0.000E+00 0.000E+00 0.000E+00 0.000E+00
 0.000E+00 0.000E+00 0.000E+00 0.000E+00
 0.000E+00 0.000E+00 0.000E+00 0.000E+00
      78.360054     -2.225517    0.959310
 6
       4
     2     2     2     2
     0     1     1     1
 1.710E+00 1.625E+00 1.625E+00 1.625E+00
 0.000E+00 0.000E+00 0.000E+00 0.000E+00
 0.000E+00 0.000E+00 0.000E+00 0.000E+00
 0.000E+00 0.000E+00 0.000E+00 0.000E+00
      76.143462     2.338640    -0.407903
 6
       4
     2     2     2     2
     0     1     1     1
 1.710E+00 1.625E+00 1.625E+00 1.625E+00
 0.000E+00 0.000E+00 0.000E+00 0.000E+00
 0.000E+00 0.000E+00 0.000E+00 0.000E+00
 0.000E+00 0.000E+00 0.000E+00 0.000E+00
      74.516337     0.217834    0.135537
 6
       4
     2     2     2     2
     0     1     1     1
 1.710E+00 1.625E+00 1.625E+00 1.625E+00
 0.000E+00 0.000E+00 0.000E+00 0.000E+00
 0.000E+00 0.000E+00 0.000E+00 0.000E+00
 0.000E+00 0.000E+00 0.000E+00 0.000E+00
      75.709383     -2.037461    0.857333
 6
       4
     2     2     2     2
     0     1     1     1
 1.710E+00 1.625E+00 1.625E+00 1.625E+00
 0.000E+00 0.000E+00 0.000E+00 0.000E+00
 0.000E+00 0.000E+00 0.000E+00 0.000E+00
 0.000E+00 0.000E+00 0.000E+00 0.000E+00
      82.855675     -0.279181    0.317652
 6
       4
     2     2     2     2
     0     1     1     1
 1.710E+00 1.625E+00 1.625E+00 1.625E+00
 0.000E+00 0.000E+00 0.000E+00 0.000E+00
 0.000E+00 0.000E+00 0.000E+00 0.000E+00
 0.000E+00 0.000E+00 0.000E+00 0.000E+00
      85.119788     -0.047795    0.185836
 6
       4
     2     2     2     2
     0     1     1     1
 1.710E+00 1.625E+00 1.625E+00 1.625E+00
 0.000E+00 0.000E+00 0.000E+00 0.000E+00
 0.000E+00 0.000E+00 0.000E+00 0.000E+00
 0.000E+00 0.000E+00 0.000E+00 0.000E+00
      87.912088     0.118663    0.005514
 6
       4
     2     2     2     2
     0     1     1     1
 1.710E+00 1.625E+00 1.625E+00 1.625E+00
 0.000E+00 0.000E+00 0.000E+00 0.000E+00
 0.000E+00 0.000E+00 0.000E+00 0.000E+00
 0.000E+00 0.000E+00 0.000E+00 0.000E+00
      89.107132     2.256269    -0.987701
 6
       4
     2     2     2     2
     0     1     1     1
 1.710E+00 1.625E+00 1.625E+00 1.625E+00
 0.000E+00 0.000E+00 0.000E+00 0.000E+00
 0.000E+00 0.000E+00 0.000E+00 0.000E+00
 0.000E+00 0.000E+00 0.000E+00 0.000E+00
      89.494118     -1.952112    0.794490
 6
       4
     2     2     2     2
     0     1     1     1
 1.710E+00 1.625E+00 1.625E+00 1.625E+00
 0.000E+00 0.000E+00 0.000E+00 0.000E+00
 0.000E+00 0.000E+00 0.000E+00 0.000E+00
 0.000E+00 0.000E+00 0.000E+00 0.000E+00
      91.778211     2.344394    -1.257958
 6
       4
     2     2     2     2
     0     1     1     1
 1.710E+00 1.625E+00 1.625E+00 1.625E+00
 0.000E+00 0.000E+00 0.000E+00 0.000E+00
 0.000E+00 0.000E+00 0.000E+00 0.000E+00
 0.000E+00 0.000E+00 0.000E+00 0.000E+00
      92.153265     -1.952945    0.400316
 6
       4
     2     2     2     2
     0     1     1     1
 1.710E+00 1.625E+00 1.625E+00 1.625E+00
 0.000E+00 0.000E+00 0.000E+00 0.000E+00
 0.000E+00 0.000E+00 0.000E+00 0.000E+00
 0.000E+00 0.000E+00 0.000E+00 0.000E+00
      93.344478     0.340763    -0.444836
 6
       4
     2     2     2     2
     0     1     1     1
 1.710E+00 1.625E+00 1.625E+00 1.625E+00
 0.000E+00 0.000E+00 0.000E+00 0.000E+00
 0.000E+00 0.000E+00 0.000E+00 0.000E+00
 0.000E+00 0.000E+00 0.000E+00 0.000E+00
      96.184747     0.527674    -0.382945
 6
       4
     2     2     2     2
     0     1     1     1
 1.710E+00 1.625E+00 1.625E+00 1.625E+00
 0.000E+00 0.000E+00 0.000E+00 0.000E+00
 0.000E+00 0.000E+00 0.000E+00 0.000E+00
 0.000E+00 0.000E+00 0.000E+00 0.000E+00
      98.370270     0.291375    0.023620
 6
       4
     2     2     2     2
     0     1     1     1
 1.710E+00 1.625E+00 1.625E+00 1.625E+00
 0.000E+00 0.000E+00 0.000E+00 0.000E+00
 0.000E+00 0.000E+00 0.000E+00 0.000E+00
 0.000E+00 0.000E+00 0.000E+00 0.000E+00
      101.226960     0.219811    0.204415
 6
       4
     2     2     2     2
     0     1     1     1
 1.710E+00 1.625E+00 1.625E+00 1.625E+00
 0.000E+00 0.000E+00 0.000E+00 0.000E+00
 0.000E+00 0.000E+00 0.000E+00 0.000E+00
 0.000E+00 0.000E+00 0.000E+00 0.000E+00
      102.549135     -1.981121    0.736165
 6
       4
     2     2     2     2
     0     1     1     1
 1.710E+00 1.625E+00 1.625E+00 1.625E+00
 0.000E+00 0.000E+00 0.000E+00 0.000E+00
 0.000E+00 0.000E+00 0.000E+00 0.000E+00
 0.000E+00 0.000E+00 0.000E+00 0.000E+00
      102.651014     2.481348    -0.598896
 6
       4
     2     2     2     2
     0     1     1     1
 1.710E+00 1.625E+00 1.625E+00 1.625E+00
 0.000E+00 0.000E+00 0.000E+00 0.000E+00
 0.000E+00 0.000E+00 0.000E+00 0.000E+00
 0.000E+00 0.000E+00 0.000E+00 0.000E+00
      105.204623     2.491071    -0.762168
 6
       4
     2     2     2     2
     0     1     1     1
 1.710E+00 1.625E+00 1.625E+00 1.625E+00
 0.000E+00 0.000E+00 0.000E+00 0.000E+00
 0.000E+00 0.000E+00 0.000E+00 0.000E+00
 0.000E+00 0.000E+00 0.000E+00 0.000E+00
      105.263203     -1.928473    0.751096
 6
       4
     2     2     2     2
     0     1     1     1
 1.710E+00 1.625E+00 1.625E+00 1.625E+00
 0.000E+00 0.000E+00 0.000E+00 0.000E+00
 0.000E+00 0.000E+00 0.000E+00 0.000E+00
 0.000E+00 0.000E+00 0.000E+00 0.000E+00
      106.606029     0.184042    -0.043776
 6
       4
     2     2     2     2
     0     1     1     1
 1.710E+00 1.625E+00 1.625E+00 1.625E+00
 0.000E+00 0.000E+00 0.000E+00 0.000E+00
 0.000E+00 0.000E+00 0.000E+00 0.000E+00
 0.000E+00 0.000E+00 0.000E+00 0.000E+00
      109.369517     0.493428    0.051314
 6
       4
     2     2     2     2
     0     1     1     1
 1.710E+00 1.625E+00 1.625E+00 1.625E+00
 0.000E+00 0.000E+00 0.000E+00 0.000E+00
 0.000E+00 0.000E+00 0.000E+00 0.000E+00
 0.000E+00 0.000E+00 0.000E+00 0.000E+00
      111.588743     0.987074    0.069973
 6
       4
     2     2     2     2
     0     1     1     1
 1.710E+00 1.625E+00 1.625E+00 1.625E+00
 0.000E+00 0.000E+00 0.000E+00 0.000E+00
 0.000E+00 0.000E+00 0.000E+00 0.000E+00
 0.000E+00 0.000E+00 0.000E+00 0.000E+00
      114.330828     0.941297    0.161778
 6
       4
     2     2     2     2
     0     1     1     1
 1.710E+00 1.625E+00 1.625E+00 1.625E+00
 0.000E+00 0.000E+00 0.000E+00 0.000E+00
 0.000E+00 0.000E+00 0.000E+00 0.000E+00
 0.000E+00 0.000E+00 0.000E+00 0.000E+00
      115.548123     -1.490376    -0.321127
 6
       4
     2     2     2     2
     0     1     1     1
 1.710E+00 1.625E+00 1.625E+00 1.625E+00
 0.000E+00 0.000E+00 0.000E+00 0.000E+00
 0.000E+00 0.000E+00 0.000E+00 0.000E+00
 0.000E+00 0.000E+00 0.000E+00 0.000E+00
      115.911971     3.091820    0.629277
 6
       4
     2     2     2     2
     0     1     1     1
 1.710E+00 1.625E+00 1.625E+00 1.625E+00
 0.000E+00 0.000E+00 0.000E+00 0.000E+00
 0.000E+00 0.000E+00 0.000E+00 0.000E+00
 0.000E+00 0.000E+00 0.000E+00 0.000E+00
      118.554246     2.808354    0.696296
 6
       4
     2     2     2     2
     0     1     1     1
 1.710E+00 1.625E+00 1.625E+00 1.625E+00
 0.000E+00 0.000E+00 0.000E+00 0.000E+00
 0.000E+00 0.000E+00 0.000E+00 0.000E+00
 0.000E+00 0.000E+00 0.000E+00 0.000E+00
      118.136674     -1.676561    -0.363682
 6
       4
     2     2     2     2
     0     1     1     1
 1.710E+00 1.625E+00 1.625E+00 1.625E+00
 0.000E+00 0.000E+00 0.000E+00 0.000E+00
 0.000E+00 0.000E+00 0.000E+00 0.000E+00
 0.000E+00 0.000E+00 0.000E+00 0.000E+00
      119.715528     0.471870    0.182287
 6
       4
     2     2     2     2
     0     1     1     1
 1.710E+00 1.625E+00 1.625E+00 1.625E+00
 0.000E+00 0.000E+00 0.000E+00 0.000E+00
 0.000E+00 0.000E+00 0.000E+00 0.000E+00
 0.000E+00 0.000E+00 0.000E+00 0.000E+00
      122.439279     0.147792    0.196480
 6
       4
     2     2     2     2
     0     1     1     1
 1.710E+00 1.625E+00 1.625E+00 1.625E+00
 0.000E+00 0.000E+00 0.000E+00 0.000E+00
 0.000E+00 0.000E+00 0.000E+00 0.000E+00
 0.000E+00 0.000E+00 0.000E+00 0.000E+00
      124.683767     -0.193950    -0.036239
 6
       4
     2     2     2     2
     0     1     1     1
 1.710E+00 1.625E+00 1.625E+00 1.625E+00
 0.000E+00 0.000E+00 0.000E+00 0.000E+00
 0.000E+00 0.000E+00 0.000E+00 0.000E+00
 0.000E+00 0.000E+00 0.000E+00 0.000E+00
      127.491014     -0.345595    -0.199735
 6
       4
     2     2     2     2
     0     1     1     1
 1.710E+00 1.625E+00 1.625E+00 1.625E+00
 0.000E+00 0.000E+00 0.000E+00 0.000E+00
 0.000E+00 0.000E+00 0.000E+00 0.000E+00
 0.000E+00 0.000E+00 0.000E+00 0.000E+00
      128.832385     -2.434800    -1.170421
 6
       4
     2     2     2     2
     0     1     1     1
 1.710E+00 1.625E+00 1.625E+00 1.625E+00
 0.000E+00 0.000E+00 0.000E+00 0.000E+00
 0.000E+00 0.000E+00 0.000E+00 0.000E+00
 0.000E+00 0.000E+00 0.000E+00 0.000E+00
      129.004743     1.728064    0.544483
 6
       4
     2     2     2     2
     0     1     1     1
 1.710E+00 1.625E+00 1.625E+00 1.625E+00
 0.000E+00 0.000E+00 0.000E+00 0.000E+00
 0.000E+00 0.000E+00 0.000E+00 0.000E+00
 0.000E+00 0.000E+00 0.000E+00 0.000E+00
      131.721802     1.574682    0.576537
 6
       4
     2     2     2     2
     0     1     1     1
 1.710E+00 1.625E+00 1.625E+00 1.625E+00
 0.000E+00 0.000E+00 0.000E+00 0.000E+00
 0.000E+00 0.000E+00 0.000E+00 0.000E+00
 0.000E+00 0.000E+00 0.000E+00 0.000E+00
      131.444956     -2.617493    -1.109649
 6
       4
     2     2     2     2
     0     1     1     1
 1.710E+00 1.625E+00 1.625E+00 1.625E+00
 0.000E+00 0.000E+00 0.000E+00 0.000E+00
 0.000E+00 0.000E+00 0.000E+00 0.000E+00
 0.000E+00 0.000E+00 0.000E+00 0.000E+00
      133.007706     -0.674054    -0.152397
 6
       4
     2     2     2     2
     0     1     1     1
 1.710E+00 1.625E+00 1.625E+00 1.625E+00
 0.000E+00 0.000E+00 0.000E+00 0.000E+00
 0.000E+00 0.000E+00 0.000E+00 0.000E+00
 0.000E+00 0.000E+00 0.000E+00 0.000E+00
      135.810075     -0.943406    0.162377
 1
       1
     1
     0
 1.300E+00
 0.000E+00
 0.000E+00
 0.000E+00
      75.240933     4.215508    -0.949224
 1
       1
     1
     0
 1.300E+00
 0.000E+00
 0.000E+00
 0.000E+00
      79.994420     3.877430    -0.638200
 6
       4
     2     2     2     2
     0     1     1     1
 1.710E+00 1.625E+00 1.625E+00 1.625E+00
 0.000E+00 0.000E+00 0.000E+00 0.000E+00
 0.000E+00 0.000E+00 0.000E+00 0.000E+00
 0.000E+00 0.000E+00 0.000E+00 0.000E+00
      71.771927     0.288607    0.050713
 1
       1
     1
     0
 1.300E+00
 0.000E+00
 0.000E+00
 0.000E+00
      74.521511     -3.787069    1.432471
 1
       1
     1
     0
 1.300E+00
 0.000E+00
 0.000E+00
 0.000E+00
      79.170480     -4.209147    1.333030
 1
       1
     1
     0
 1.300E+00
 0.000E+00
 0.000E+00
 0.000E+00
      87.956758     4.088772    -1.348660
 1
       1
     1
     0
 1.300E+00
 0.000E+00
 0.000E+00
 0.000E+00
      88.548591     -3.551200    1.920394
 1
       1
     1
     0
 1.300E+00
 0.000E+00
 0.000E+00
 0.000E+00
      92.685237     4.243897    -1.925510
 1
       1
     1
     0
 1.300E+00
 0.000E+00
 0.000E+00
 0.000E+00
      93.398647     -3.669750    0.951759
 1
       1
     1
     0
 1.300E+00
 0.000E+00
 0.000E+00
 0.000E+00
      101.431282     4.200683    -1.212635
 1
       1
     1
     0
 1.300E+00
 0.000E+00
 0.000E+00
 0.000E+00
      106.370977     4.240538    -1.380350
 1
       1
     1
     0
 1.300E+00
 0.000E+00
 0.000E+00
 0.000E+00
      101.513784     -3.808900    1.358690
 1
       1
     1
     0
 1.300E+00
 0.000E+00
 0.000E+00
 0.000E+00
      106.313038     -3.697958    1.509199
 1
       1
     1
     0
 1.300E+00
 0.000E+00
 0.000E+00
 0.000E+00
      115.050413     5.068166    0.987183
 1
       1
     1
     0
 1.300E+00
 0.000E+00
 0.000E+00
 0.000E+00
      114.271028     -3.139687    -0.960962
 1
       1
     1
     0
 1.300E+00
 0.000E+00
 0.000E+00
 0.000E+00
      119.832765     4.565004    0.982531
 1
       1
     1
     0
 1.300E+00
 0.000E+00
 0.000E+00
 0.000E+00
      119.145952     -3.521724    -0.920435
 1
       1
     1
     0
 1.300E+00
 0.000E+00
 0.000E+00
 0.000E+00
      128.026027     3.631957    0.950895
 1
       1
     1
     0
 1.300E+00
 0.000E+00
 0.000E+00
 0.000E+00
      127.632719     -4.139639    -1.904269
 1
       1
     1
     0
 1.300E+00
 0.000E+00
 0.000E+00
 0.000E+00
      132.883194     3.293307    1.131817
 1
       1
     1
     0
 1.300E+00
 0.000E+00
 0.000E+00
 0.000E+00
      132.329638     -4.478652    -1.931959
 1
       1
     1
     0
 1.300E+00
 0.000E+00
 0.000E+00
 0.000E+00
      141.365246     1.869993    3.415719
 1
       1
     1
     0
 1.300E+00
 0.000E+00
 0.000E+00
 0.000E+00
      140.875229     -4.171122    -2.400330
 1
       1
     1
     0
 1.300E+00
 0.000E+00
 0.000E+00
 0.000E+00
      148.513369     -1.808492    0.500553
 1
       1
     1
     0
 1.300E+00
 0.000E+00
 0.000E+00
 0.000E+00
      146.073188     1.661394    3.097227
 1
       1
     1
     0
 1.300E+00
 0.000E+00
 0.000E+00
 0.000E+00
      145.590702     -4.251009    -2.906627
 6
       4
     2     2     2     2
     0     1     1     1
 1.710E+00 1.625E+00 1.625E+00 1.625E+00
 0.000E+00 0.000E+00 0.000E+00 0.000E+00
 0.000E+00 0.000E+00 0.000E+00 0.000E+00
 0.000E+00 0.000E+00 0.000E+00 0.000E+00
      137.952416     -1.003957    0.453285
 6
       4
     2     2     2     2
     0     1     1     1
 1.710E+00 1.625E+00 1.625E+00 1.625E+00
 0.000E+00 0.000E+00 0.000E+00 0.000E+00
 0.000E+00 0.000E+00 0.000E+00 0.000E+00
 0.000E+00 0.000E+00 0.000E+00 0.000E+00
      140.748940     -1.008881    0.483324
 6
       4
     2     2     2     2
     0     1     1     1
 1.710E+00 1.625E+00 1.625E+00 1.625E+00
 0.000E+00 0.000E+00 0.000E+00 0.000E+00
 0.000E+00 0.000E+00 0.000E+00 0.000E+00
 0.000E+00 0.000E+00 0.000E+00 0.000E+00
      142.111881     -2.794512    -1.225570
 6
       4
     2     2     2     2
     0     1     1     1
 1.710E+00 1.625E+00 1.625E+00 1.625E+00
 0.000E+00 0.000E+00 0.000E+00 0.000E+00
 0.000E+00 0.000E+00 0.000E+00 0.000E+00
 0.000E+00 0.000E+00 0.000E+00 0.000E+00
      142.205123     0.466407    1.973579
 6
       4
     2     2     2     2
     0     1     1     1
 1.710E+00 1.625E+00 1.625E+00 1.625E+00
 0.000E+00 0.000E+00 0.000E+00 0.000E+00
 0.000E+00 0.000E+00 0.000E+00 0.000E+00
 0.000E+00 0.000E+00 0.000E+00 0.000E+00
      144.967702     0.333678    1.797443
 6
       4
     2     2     2     2
     0     1     1     1
 1.710E+00 1.625E+00 1.625E+00 1.625E+00
 0.000E+00 0.000E+00 0.000E+00 0.000E+00
 0.000E+00 0.000E+00 0.000E+00 0.000E+00
 0.000E+00 0.000E+00 0.000E+00 0.000E+00
      144.668599     -2.893635    -1.460633
 6
       4
     2     2     2     2
     0     1     1     1
 1.710E+00 1.625E+00 1.625E+00 1.625E+00
 0.000E+00 0.000E+00 0.000E+00 0.000E+00
 0.000E+00 0.000E+00 0.000E+00 0.000E+00
 0.000E+00 0.000E+00 0.000E+00 0.000E+00
      146.081256     -1.351842    0.222417
# LCAO coefficients .. are not included.
         1
        1        0.000196194085942   k=         1
        2        0.001323961406819   k=         1
        3        -0.000086843204609   k=         1
        4        -0.005292144676103   k=         1
        5        -0.000984624847258   k=         1
        6        -0.002961349204654   k=         1
        7        0.004257812475673   k=         1
        8        -0.006384202624536   k=         1
        9        0.000664396064698   k=         1
        10        -0.000189995190398   k=         1
        11        0.004819494732177   k=         1
        12        -0.005573423308878   k=         1
        13        0.000385751019114   k=         1
        14        0.000994551541722   k=         1
        15        -0.000577592901968   k=         1
        16        0.001490051022466   k=         1
        17        -0.000086086002697   k=         1
        18        -0.000108177881637   k=         1
        19        -0.002102225746935   k=         1
        20        0.007350089090757   k=         1
        21        -0.000057119563790   k=         1
        22        0.000422090235014   k=         1
        23        -0.000976848206219   k=         1
        24        0.001445104291619   k=         1
        25        0.000114813052910   k=         1
        26        -0.003454993841666   k=         1
        27        0.005327457950622   k=         1
        28        0.018532156040043   k=         1
        29        0.000367698265016   k=         1
        30        0.000540307930476   k=         1
        31        0.002030354295017   k=         1
        32        0.007809662840296   k=         1
        33        0.000326229014253   k=         1
        34        -0.000129258119114   k=         1
        35        -0.010824541913447   k=         1
        36        -0.031602577478774   k=         1
        37        -0.000172225737636   k=         1
        38        0.000448274295781   k=         1
        39        -0.004036628832199   k=         1
        40        -0.010942919248937   k=         1
        41        0.000564312135303   k=         1
        42        0.002861388769051   k=         1
        43        -0.004031511129752   k=         1
        44        -0.010767473791140   k=         1
        45        0.001429906607317   k=         1
        46        0.000644874773552   k=         1
        47        0.009499289805758   k=         1
        48        0.025493859927976   k=         1
        49        -0.001322012231630   k=         1
        50        -0.005520669258258   k=         1
        51        0.005997297571908   k=         1
        52        0.023153123727962   k=         1
        53        0.000511275285239   k=         1
        54        0.000335273408456   k=         1
        55        0.010844200625483   k=         1
        56        0.021342621687695   k=         1
        57        0.000606890124889   k=         1
        58        0.000755447279275   k=         1
        59        -0.033700671371915   k=         1
        60        -0.038031222367240   k=         1
        61        0.001012631744408   k=         1
        62        0.003012387032899   k=         1
        63        -0.016210528803881   k=         1
        64        -0.022669624160749   k=         1
        65        -0.000542417586842   k=         1
        66        0.003049608562775   k=         1
        67        0.050877217124425   k=         1
        68        0.058349011671432   k=         1
        69        0.002171558512619   k=         1
        70        0.012438601665372   k=         1
        71        0.023219689621006   k=         1
        72        0.023347762813092   k=         1
        73        -0.000573992042365   k=         1
        74        0.006299881494485   k=         1
        75        0.021109460673801   k=         1
        76        0.020144961696982   k=         1
        77        0.003195903488701   k=         1
        78        -0.004979005897717   k=         1
        79        -0.043929280282907   k=         1
        80        -0.040915337617707   k=         1
        81        -0.003373652309882   k=         1
        82        -0.021498333712358   k=         1
        83        -0.042326365339532   k=         1
        84        -0.038897464072019   k=         1
        85        -0.000111599132833   k=         1
        86        0.003295234164270   k=         1
        87        -0.033062452887157   k=         1
        88        -0.052565812945664   k=         1
        89        -0.000373604148114   k=         1
        90        -0.010031192372729   k=         1
        91        0.031302635948616   k=         1
        92        0.099417023538661   k=         1
        93        0.001556847876085   k=         1
        94        0.001382934025060   k=         1
        95        0.030464222834361   k=         1
        96        0.069567962999495   k=         1
        97        -0.000521957906248   k=         1
        98        -0.006522697153006   k=         1
        99        -0.027591020531603   k=         1
        100        -0.107245395533975   k=         1
        101        0.003812250149610   k=         1
        102        -0.004121555643369   k=         1
        103        -0.015923369042640   k=         1
        104        -0.062184466896921   k=         1
        105        0.000337260775155   k=         1
        106        0.000580736350907   k=         1
        107        -0.012221574305598   k=         1
        108        -0.073394347484829   k=         1
        109        0.001184209450905   k=         1
        110        0.001338018806559   k=         1
        111        0.010843762617863   k=         1
        112        0.077067755881075   k=         1
        113        -0.001347972300315   k=         1
        114        -0.000946800347459   k=         1
        115        0.014860814647386   k=         1
        116        0.064481214176565   k=         1
        117        -0.001335409382313   k=         1
        118        0.012314932995880   k=         1
        119        0.027204001112773   k=         1
        120        0.104883191272000   k=         1
        121        0.002103546251801   k=         1
        122        -0.012611695640500   k=         1
        123        -0.032597963193355   k=         1
        124        -0.093668389857553   k=         1
        125        -0.002816014455892   k=         1
        126        -0.005769463658535   k=         1
        127        -0.026042106974109   k=         1
        128        -0.087102020650322   k=         1
        129        -0.005982727481617   k=         1
        130        -0.008734290498447   k=         1
        131        0.052778742609476   k=         1
        132        0.141056544869857   k=         1
        133        -0.000896942476806   k=         1
        134        -0.025341981156054   k=         1
        135        0.042916871305119   k=         1
        136        0.059547891696910   k=         1
        137        0.000169318260682   k=         1
        138        -0.008720417780754   k=         1
        139        0.030863394881196   k=         1
        140        0.068353701755164   k=         1
        141        0.003068042963963   k=         1
        142        0.014044017028117   k=         1
        143        -0.050003679280613   k=         1
        144        -0.062491236231849   k=         1
        145        -0.002336534483431   k=         1
        146        0.034722295721072   k=         1
        147        -0.075622357288788   k=         1
        148        -0.114963353644371   k=         1
        149        -0.001503681547945   k=         1
        150        0.002404794765877   k=         1
        151        -0.061269645132376   k=         1
        152        -0.123868346493082   k=         1
        153        -0.000645053294768   k=         1
        154        0.010076595540187   k=         1
        155        0.069609483924352   k=         1
        156        0.159052793331127   k=         1
        157        -0.001286186320518   k=         1
        158        0.000359281354355   k=         1
        159        0.000539020538888   k=         1
        160        0.000813302541166   k=         1
        161        -0.000947497804321   k=         1
        162        0.000083693864004   k=         1
        163        -0.001559782625078   k=         1
        164        -0.000761370577518   k=         1
        165        -0.000130685502000   k=         1
        166        0.001607899853388   k=         1
        167        -0.005203925344584   k=         1
        168        -0.006342191410757   k=         1
        169        -0.000280949935288   k=         1
        170        0.001381522191111   k=         1
        171        -0.002075443645044   k=         1
        172        -0.004267701293901   k=         1
        173        -0.000395140167149   k=         1
        174        0.008498684439217   k=         1
        175        -0.003974909457443   k=         1
        176        -0.000467034569880   k=         1
        177        0.010795511407111   k=         1
        178        0.009330302142464   k=         1
        179        -0.006527151271051   k=         1
        180        -0.008013811471254   k=         1
        181        0.013942912346913   k=         1
        182        -0.054234446878484   k=         1
        183        -0.158573629782504   k=         1
        184        -0.001563281225072   k=         1
        185        0.012627941248628   k=         1
        186        -0.001786530026727   k=         1
        187        0.004653285497687   k=         1
        188        0.061188743628041   k=         1
        189        0.124255366121645   k=         1
        190        0.005907204764742   k=         1
        191        -0.004139668394695   k=         1
        192        -0.079751220147975   k=         1
        193        -0.188749929760928   k=         1
        194        -0.001716796342028   k=         1
        195        -0.012382373270387   k=         1
        196        -0.014910904826979   k=         1
        197        -0.087802998165759   k=         1
        198        -0.004711075928857   k=         1
        199        -0.006326544954211   k=         1
        200        -0.033376922627540   k=         1
        201        -0.146024458152262   k=         1
        202        -0.002700603313958   k=         1
        203        0.002977083379874   k=         1
        204        0.041541057424298   k=         1
        205        0.155136226700890   k=         1
        206        0.001145657306965   k=         1
        207        0.011851797625127   k=         1
        208        0.010405900233617   k=         1
        209        0.102558313493281   k=         1
        210        0.003682300234948   k=         1
        211        -0.022445800885362   k=         1
        212        0.074231779029873   k=         1
        213        0.189088812587174   k=         1
        214        0.000054233555834   k=         1
        215        -0.007397497213462   k=         1
        216        -0.070471416527073   k=         1
        217        -0.204644416621866   k=         1
        218        -0.000875530479858   k=         1
        219        0.003692232723984   k=         1
        220        -0.020846433872030   k=         1
        221        -0.125525225886808   k=         1
        222        -0.000868296534989   k=         1
        223        0.003007920097224   k=         1
        224        -0.025421630401168   k=         1
        225        -0.134526481828613   k=         1
        226        0.001547421351016   k=         1
        227        -0.006887312069612   k=         1
        228        0.027403094335145   k=         1
        229        0.119067893529129   k=         1
        230        -0.003040601795007   k=         1
        231        0.000126192013335   k=         1
        232        0.065571101360829   k=         1
        233        0.197959704039416   k=         1
        234        -0.001623814038979   k=         1
        235        -0.001365386104258   k=         1
        236        0.040388851688544   k=         1
        237        0.134865811105829   k=         1
        238        0.000254334272972   k=         1
        239        0.004993778937406   k=         1
        240        0.058531178409755   k=         1
        241        0.144503471128532   k=         1
        242        -0.005120075395437   k=         1
        243        -0.006357590409294   k=         1
        244        0.059034398708546   k=         1
        245        0.168471524539279   k=         1
        246        -0.000683939727403   k=         1
        247        -0.001006175909392   k=         1
        248        -0.064720309376629   k=         1
        249        -0.150876990249607   k=         1
        250        0.003172411597441   k=         1
        251        -0.030313784314002   k=         1
        252        -0.044889941274303   k=         1
        253        -0.113851119175204   k=         1
        254        -0.000715449872589   k=         1
        255        -0.034991465609214   k=         1
        256        -0.056467740837960   k=         1
        257        -0.104474937592711   k=         1
        258        -0.003921586533904   k=         1
        259        0.017425537555037   k=         1
        260        0.033852671234811   k=         1
        261        0.097265105698639   k=         1
        262        -0.002857932677740   k=         1
        263        0.024771803159273   k=         1
        264        0.036265562491884   k=         1
        265        0.078554636892704   k=         1
        266        0.004866349553393   k=         1
        267        -0.020429137851937   k=         1
        268        0.058969339038063   k=         1
        269        0.165947322633086   k=         1
        270        -0.002362183354418   k=         1
        271        0.026222672176127   k=         1
        272        -0.031680302108294   k=         1
        273        -0.100428557620405   k=         1
        274        -0.001876732304744   k=         1
        275        0.012197855906801   k=         1
        276        -0.040505779333989   k=         1
        277        -0.121087257086886   k=         1
        278        0.003106154926967   k=         1
        279        0.003156145778893   k=         1
        280        0.031827853630219   k=         1
        281        0.123988953678764   k=         1
        282        -0.001809604139002   k=         1
        283        0.005138198957551   k=         1
        284        0.027993073058168   k=         1
        285        0.095499592350085   k=         1
        286        0.000292384781032   k=         1
        287        0.006307844711951   k=         1
        288        0.027813727363207   k=         1
        289        0.066954773314637   k=         1
        290        0.002940143558306   k=         1
        291        -0.001556342024780   k=         1
        292        -0.025304607854082   k=         1
        293        -0.057920559748219   k=         1
        294        -0.002077547771414   k=         1
        295        -0.003706144398777   k=         1
        296        -0.039510404919311   k=         1
        297        -0.080921341563417   k=         1
        298        0.003320123261719   k=         1
        299        0.003555067543277   k=         1
        300        -0.037868271371212   k=         1
        301        -0.127821216577137   k=         1
        302        0.001427353368879   k=         1
        303        -0.002881544274186   k=         1
        304        0.003045975922849   k=         1
        305        0.093921027180833   k=         1
        306        0.000223105636458   k=         1
        307        -0.007090068283789   k=         1
        308        0.023457300893875   k=         1
        309        0.105414146230727   k=         1
        310        0.000391386862112   k=         1
        311        0.005336552838386   k=         1
        312        0.008553042901267   k=         1
        313        -0.096446862681702   k=         1
        314        0.001406606455093   k=         1
        315        -0.005849319510626   k=         1
        316        0.030025466508995   k=         1
        317        -0.063603038337012   k=         1
        318        -0.003489061791509   k=         1
        319        0.009596385792816   k=         1
        320        0.023508501908596   k=         1
        321        -0.076610354419304   k=         1
        322        0.001851239590211   k=         1
        323        -0.001621867908138   k=         1
        324        -0.011109301758873   k=         1
        325        0.052577389718503   k=         1
        326        -0.000453223347686   k=         1
        327        0.004801733725056   k=         1
        328        -0.013769310359857   k=         1
        329        0.045347486119999   k=         1
        330        -0.001639955028758   k=         1
        331        -0.004932921256987   k=         1
        332        -0.022333472874372   k=         1
        333        0.103862002425428   k=         1
        334        -0.001588694571913   k=         1
        335        0.001842960393085   k=         1
        336        0.014292775630355   k=         1
        337        -0.046435094963116   k=         1
        338        0.000570290577619   k=         1
        339        -0.007852300374863   k=         1
        340        0.021004822912529   k=         1
        341        -0.078710484540798   k=         1
        342        -0.000238838565911   k=         1
        343        0.005011111604861   k=         1
        344        -0.015599333199742   k=         1
        345        0.037792160221819   k=         1
        346        -0.000170360162497   k=         1
        347        0.000173320527712   k=         1
        348        -0.017027303871210   k=         1
        349        0.038858155104588   k=         1
        350        0.002215771551192   k=         1
        351        -0.003470923331840   k=         1
        352        -0.014329933452166   k=         1
        353        0.044177275772740   k=         1
        354        -0.001006661437785   k=         1
        355        0.002063133454162   k=         1
        356        0.005913904252895   k=         1
        357        -0.019080801331888   k=         1
        358        -0.000711697249421   k=         1
        359        0.000395488408502   k=         1
        360        0.007711817753434   k=         1
        361        -0.019097021558660   k=         1
        362        0.000636769209714   k=         1
        363        0.008246069618755   k=         1
        364        0.021388857856222   k=         1
        365        -0.050640315531823   k=         1
        366        0.000066551830000   k=         1
        367        -0.003068103228177   k=         1
        368        -0.007040899891930   k=         1
        369        0.013333125198150   k=         1
        370        -0.005725762472042   k=         1
        371        0.007465256477862   k=         1
        372        0.003855735152617   k=         1
        373        -0.003720578150238   k=         1
        374        -0.055406151187425   k=         1
        375        -0.148028036454146   k=         1
        376        0.005159336095439   k=         1
        377        -0.002598573598175   k=         1
        378        0.005802256659366   k=         1
        379        0.006939716535569   k=         1
        380        0.009430522335536   k=         1
        381        0.006611959083199   k=         1
        382        0.003281795840039   k=         1
        383        -0.004157935191914   k=         1
        384        -0.004314261374567   k=         1
        385        0.000290115160244   k=         1
        386        0.003503487263762   k=         1
        387        -0.001463213772134   k=         1
        388        -0.003492152229174   k=         1
        389        0.006404115832567   k=         1
        390        0.001236612830744   k=         1
        391        0.000438432047707   k=         1
        392        -0.000960365964583   k=         1
        393        -0.000816155704639   k=         1
        394        0.001064042821566   k=         1
        395        0.000144539423454   k=         1
        396        -0.001304379507056   k=         1
        397        0.000139207718274   k=         1
        398        0.001750524444511   k=         1
        399        0.000517023304340   k=         1
        400        -0.002978511469328   k=         1
        401        -0.012921062402981   k=         1
        402        0.029593911802807   k=         1
        403        0.000227517249292   k=         1
        404        0.000394398344549   k=         1
        405        0.006778001314536   k=         1
        406        -0.009771257611349   k=         1
        407        0.000705510121575   k=         1
        408        -0.003725231840370   k=         1
        409        0.011060538670180   k=         1
        410        -0.007740689161181   k=         1
        411        -0.001092873857112   k=         1
        412        -0.000247830939287   k=         1
        413        0.014154577651157   k=         1
        414        -0.011621356596122   k=         1
        415        0.000175357909258   k=         1
        416        0.000553012934763   k=         1
        417        -0.004296439379081   k=         1
        418        0.003723631134645   k=         1
        419        -0.000234458395082   k=         1
        420        0.001731159181427   k=         1
        421        -0.002080659936601   k=         1
        422        0.002074842080208   k=         1
        423        -0.000160079133611   k=         1
        424        -0.003587474368589   k=         1
        425        -0.011989130767535   k=         1
        426        0.012218465029028   k=         1
