# file_format= v0.04.05
       144       426
    188.97268778      0.00000000      0.00000000    0
      0.00000000    188.97268778      0.00000000    0
      0.00000000      0.00000000    188.97268778    0
 6
       4
     2     2     2     2
     0     1     1     1
 1.710E+00 1.625E+00 1.625E+00 1.625E+00
 0.000E+00 0.000E+00 0.000E+00 0.000E+00
 0.000E+00 0.000E+00 0.000E+00 0.000E+00
 0.000E+00 0.000E+00 0.000E+00 0.000E+00
      0.822560     -0.594769    -0.247531
 6
       4
     2     2     2     2
     0     1     1     1
 1.710E+00 1.625E+00 1.625E+00 1.625E+00
 0.000E+00 0.000E+00 0.000E+00 0.000E+00
 0.000E+00 0.000E+00 0.000E+00 0.000E+00
 0.000E+00 0.000E+00 0.000E+00 0.000E+00
      -0.980841     1.311721    0.531642
 6
       4
     2     2     2     2
     0     1     1     1
 1.710E+00 1.625E+00 1.625E+00 1.625E+00
 0.000E+00 0.000E+00 0.000E+00 0.000E+00
 0.000E+00 0.000E+00 0.000E+00 0.000E+00
 0.000E+00 0.000E+00 0.000E+00 0.000E+00
      -0.237125     -2.911733    -1.083180
 6
       4
     2     2     2     2
     0     1     1     1
 1.710E+00 1.625E+00 1.625E+00 1.625E+00
 0.000E+00 0.000E+00 0.000E+00 0.000E+00
 0.000E+00 0.000E+00 0.000E+00 0.000E+00
 0.000E+00 0.000E+00 0.000E+00 0.000E+00
      -3.556411     0.830399    0.492929
 6
       4
     2     2     2     2
     0     1     1     1
 1.710E+00 1.625E+00 1.625E+00 1.625E+00
 0.000E+00 0.000E+00 0.000E+00 0.000E+00
 0.000E+00 0.000E+00 0.000E+00 0.000E+00
 0.000E+00 0.000E+00 0.000E+00 0.000E+00
      -4.707546     -1.517641    -0.259584
 6
       4
     2     2     2     2
     0     1     1     1
 1.710E+00 1.625E+00 1.625E+00 1.625E+00
 0.000E+00 0.000E+00 0.000E+00 0.000E+00
 0.000E+00 0.000E+00 0.000E+00 0.000E+00
 0.000E+00 0.000E+00 0.000E+00 0.000E+00
      -2.864492     -3.463104    -1.083743
 6
       4
     2     2     2     2
     0     1     1     1
 1.710E+00 1.625E+00 1.625E+00 1.625E+00
 0.000E+00 0.000E+00 0.000E+00 0.000E+00
 0.000E+00 0.000E+00 0.000E+00 0.000E+00
 0.000E+00 0.000E+00 0.000E+00 0.000E+00
      3.581407     -0.089084    -0.043713
 6
       4
     2     2     2     2
     0     1     1     1
 1.710E+00 1.625E+00 1.625E+00 1.625E+00
 0.000E+00 0.000E+00 0.000E+00 0.000E+00
 0.000E+00 0.000E+00 0.000E+00 0.000E+00
 0.000E+00 0.000E+00 0.000E+00 0.000E+00
      5.813479     0.563675    -0.020167
 6
       4
     2     2     2     2
     0     1     1     1
 1.710E+00 1.625E+00 1.625E+00 1.625E+00
 0.000E+00 0.000E+00 0.000E+00 0.000E+00
 0.000E+00 0.000E+00 0.000E+00 0.000E+00
 0.000E+00 0.000E+00 0.000E+00 0.000E+00
      8.580033     0.815623    0.047644
 6
       4
     2     2     2     2
     0     1     1     1
 1.710E+00 1.625E+00 1.625E+00 1.625E+00
 0.000E+00 0.000E+00 0.000E+00 0.000E+00
 0.000E+00 0.000E+00 0.000E+00 0.000E+00
 0.000E+00 0.000E+00 0.000E+00 0.000E+00
      9.825326     3.096883    -0.745013
 6
       4
     2     2     2     2
     0     1     1     1
 1.710E+00 1.625E+00 1.625E+00 1.625E+00
 0.000E+00 0.000E+00 0.000E+00 0.000E+00
 0.000E+00 0.000E+00 0.000E+00 0.000E+00
 0.000E+00 0.000E+00 0.000E+00 0.000E+00
      10.168587     -1.235098    0.941159
 6
       4
     2     2     2     2
     0     1     1     1
 1.710E+00 1.625E+00 1.625E+00 1.625E+00
 0.000E+00 0.000E+00 0.000E+00 0.000E+00
 0.000E+00 0.000E+00 0.000E+00 0.000E+00
 0.000E+00 0.000E+00 0.000E+00 0.000E+00
      12.475157     3.301555    -0.718808
 6
       4
     2     2     2     2
     0     1     1     1
 1.710E+00 1.625E+00 1.625E+00 1.625E+00
 0.000E+00 0.000E+00 0.000E+00 0.000E+00
 0.000E+00 0.000E+00 0.000E+00 0.000E+00
 0.000E+00 0.000E+00 0.000E+00 0.000E+00
      12.818567     -0.991237    0.997426
 6
       4
     2     2     2     2
     0     1     1     1
 1.710E+00 1.625E+00 1.625E+00 1.625E+00
 0.000E+00 0.000E+00 0.000E+00 0.000E+00
 0.000E+00 0.000E+00 0.000E+00 0.000E+00
 0.000E+00 0.000E+00 0.000E+00 0.000E+00
      14.048495     1.275529    0.168371
 6
       4
     2     2     2     2
     0     1     1     1
 1.710E+00 1.625E+00 1.625E+00 1.625E+00
 0.000E+00 0.000E+00 0.000E+00 0.000E+00
 0.000E+00 0.000E+00 0.000E+00 0.000E+00
 0.000E+00 0.000E+00 0.000E+00 0.000E+00
      16.814381     1.430574    0.128496
 6
       4
     2     2     2     2
     0     1     1     1
 1.710E+00 1.625E+00 1.625E+00 1.625E+00
 0.000E+00 0.000E+00 0.000E+00 0.000E+00
 0.000E+00 0.000E+00 0.000E+00 0.000E+00
 0.000E+00 0.000E+00 0.000E+00 0.000E+00
      19.101543     1.307902    0.266179
 6
       4
     2     2     2     2
     0     1     1     1
 1.710E+00 1.625E+00 1.625E+00 1.625E+00
 0.000E+00 0.000E+00 0.000E+00 0.000E+00
 0.000E+00 0.000E+00 0.000E+00 0.000E+00
 0.000E+00 0.000E+00 0.000E+00 0.000E+00
      21.888844     1.264735    0.166011
 6
       4
     2     2     2     2
     0     1     1     1
 1.710E+00 1.625E+00 1.625E+00 1.625E+00
 0.000E+00 0.000E+00 0.000E+00 0.000E+00
 0.000E+00 0.000E+00 0.000E+00 0.000E+00
 0.000E+00 0.000E+00 0.000E+00 0.000E+00
      23.130301     -0.572385    1.667324
 6
       4
     2     2     2     2
     0     1     1     1
 1.710E+00 1.625E+00 1.625E+00 1.625E+00
 0.000E+00 0.000E+00 0.000E+00 0.000E+00
 0.000E+00 0.000E+00 0.000E+00 0.000E+00
 0.000E+00 0.000E+00 0.000E+00 0.000E+00
      23.334875     2.881579    -1.435861
 6
       4
     2     2     2     2
     0     1     1     1
 1.710E+00 1.625E+00 1.625E+00 1.625E+00
 0.000E+00 0.000E+00 0.000E+00 0.000E+00
 0.000E+00 0.000E+00 0.000E+00 0.000E+00
 0.000E+00 0.000E+00 0.000E+00 0.000E+00
      26.009525     2.530918    -1.570829
 6
       4
     2     2     2     2
     0     1     1     1
 1.710E+00 1.625E+00 1.625E+00 1.625E+00
 0.000E+00 0.000E+00 0.000E+00 0.000E+00
 0.000E+00 0.000E+00 0.000E+00 0.000E+00
 0.000E+00 0.000E+00 0.000E+00 0.000E+00
      25.840897     -0.931556    1.532932
 6
       4
     2     2     2     2
     0     1     1     1
 1.710E+00 1.625E+00 1.625E+00 1.625E+00
 0.000E+00 0.000E+00 0.000E+00 0.000E+00
 0.000E+00 0.000E+00 0.000E+00 0.000E+00
 0.000E+00 0.000E+00 0.000E+00 0.000E+00
      27.245595     0.667895    -0.055182
 6
       4
     2     2     2     2
     0     1     1     1
 1.710E+00 1.625E+00 1.625E+00 1.625E+00
 0.000E+00 0.000E+00 0.000E+00 0.000E+00
 0.000E+00 0.000E+00 0.000E+00 0.000E+00
 0.000E+00 0.000E+00 0.000E+00 0.000E+00
      30.031871     0.344824    -0.038522
 6
       4
     2     2     2     2
     0     1     1     1
 1.710E+00 1.625E+00 1.625E+00 1.625E+00
 0.000E+00 0.000E+00 0.000E+00 0.000E+00
 0.000E+00 0.000E+00 0.000E+00 0.000E+00
 0.000E+00 0.000E+00 0.000E+00 0.000E+00
      32.217916     0.127579    0.323627
 6
       4
     2     2     2     2
     0     1     1     1
 1.710E+00 1.625E+00 1.625E+00 1.625E+00
 0.000E+00 0.000E+00 0.000E+00 0.000E+00
 0.000E+00 0.000E+00 0.000E+00 0.000E+00
 0.000E+00 0.000E+00 0.000E+00 0.000E+00
      34.920683     0.024387    0.285466
 6
       4
     2     2     2     2
     0     1     1     1
 1.710E+00 1.625E+00 1.625E+00 1.625E+00
 0.000E+00 0.000E+00 0.000E+00 0.000E+00
 0.000E+00 0.000E+00 0.000E+00 0.000E+00
 0.000E+00 0.000E+00 0.000E+00 0.000E+00
      36.359437     -2.286429    0.687448
 6
       4
     2     2     2     2
     0     1     1     1
 1.710E+00 1.625E+00 1.625E+00 1.625E+00
 0.000E+00 0.000E+00 0.000E+00 0.000E+00
 0.000E+00 0.000E+00 0.000E+00 0.000E+00
 0.000E+00 0.000E+00 0.000E+00 0.000E+00
      36.322971     2.283269    -0.291708
 6
       4
     2     2     2     2
     0     1     1     1
 1.710E+00 1.625E+00 1.625E+00 1.625E+00
 0.000E+00 0.000E+00 0.000E+00 0.000E+00
 0.000E+00 0.000E+00 0.000E+00 0.000E+00
 0.000E+00 0.000E+00 0.000E+00 0.000E+00
      39.021122     2.190472    -0.452111
 6
       4
     2     2     2     2
     0     1     1     1
 1.710E+00 1.625E+00 1.625E+00 1.625E+00
 0.000E+00 0.000E+00 0.000E+00 0.000E+00
 0.000E+00 0.000E+00 0.000E+00 0.000E+00
 0.000E+00 0.000E+00 0.000E+00 0.000E+00
      39.032494     -2.342257    0.639816
 6
       4
     2     2     2     2
     0     1     1     1
 1.710E+00 1.625E+00 1.625E+00 1.625E+00
 0.000E+00 0.000E+00 0.000E+00 0.000E+00
 0.000E+00 0.000E+00 0.000E+00 0.000E+00
 0.000E+00 0.000E+00 0.000E+00 0.000E+00
      40.427879     -0.079057    -0.043369
 6
       4
     2     2     2     2
     0     1     1     1
 1.710E+00 1.625E+00 1.625E+00 1.625E+00
 0.000E+00 0.000E+00 0.000E+00 0.000E+00
 0.000E+00 0.000E+00 0.000E+00 0.000E+00
 0.000E+00 0.000E+00 0.000E+00 0.000E+00
      43.163887     -0.264624    -0.264838
 6
       4
     2     2     2     2
     0     1     1     1
 1.710E+00 1.625E+00 1.625E+00 1.625E+00
 0.000E+00 0.000E+00 0.000E+00 0.000E+00
 0.000E+00 0.000E+00 0.000E+00 0.000E+00
 0.000E+00 0.000E+00 0.000E+00 0.000E+00
      45.456474     -0.523891    -0.305950
 6
       4
     2     2     2     2
     0     1     1     1
 1.710E+00 1.625E+00 1.625E+00 1.625E+00
 0.000E+00 0.000E+00 0.000E+00 0.000E+00
 0.000E+00 0.000E+00 0.000E+00 0.000E+00
 0.000E+00 0.000E+00 0.000E+00 0.000E+00
      48.319037     -0.500069    -0.276994
 6
       4
     2     2     2     2
     0     1     1     1
 1.710E+00 1.625E+00 1.625E+00 1.625E+00
 0.000E+00 0.000E+00 0.000E+00 0.000E+00
 0.000E+00 0.000E+00 0.000E+00 0.000E+00
 0.000E+00 0.000E+00 0.000E+00 0.000E+00
      49.682393     -2.481222    0.938776
 6
       4
     2     2     2     2
     0     1     1     1
 1.710E+00 1.625E+00 1.625E+00 1.625E+00
 0.000E+00 0.000E+00 0.000E+00 0.000E+00
 0.000E+00 0.000E+00 0.000E+00 0.000E+00
 0.000E+00 0.000E+00 0.000E+00 0.000E+00
      49.540760     1.786536    -1.166237
 6
       4
     2     2     2     2
     0     1     1     1
 1.710E+00 1.625E+00 1.625E+00 1.625E+00
 0.000E+00 0.000E+00 0.000E+00 0.000E+00
 0.000E+00 0.000E+00 0.000E+00 0.000E+00
 0.000E+00 0.000E+00 0.000E+00 0.000E+00
      52.137359     1.985000    -1.023272
 6
       4
     2     2     2     2
     0     1     1     1
 1.710E+00 1.625E+00 1.625E+00 1.625E+00
 0.000E+00 0.000E+00 0.000E+00 0.000E+00
 0.000E+00 0.000E+00 0.000E+00 0.000E+00
 0.000E+00 0.000E+00 0.000E+00 0.000E+00
      52.396090     -2.089264    1.141565
 6
       4
     2     2     2     2
     0     1     1     1
 1.710E+00 1.625E+00 1.625E+00 1.625E+00
 0.000E+00 0.000E+00 0.000E+00 0.000E+00
 0.000E+00 0.000E+00 0.000E+00 0.000E+00
 0.000E+00 0.000E+00 0.000E+00 0.000E+00
      53.580136     0.047838    0.167694
 6
       4
     2     2     2     2
     0     1     1     1
 1.710E+00 1.625E+00 1.625E+00 1.625E+00
 0.000E+00 0.000E+00 0.000E+00 0.000E+00
 0.000E+00 0.000E+00 0.000E+00 0.000E+00
 0.000E+00 0.000E+00 0.000E+00 0.000E+00
      56.388618     0.198143    0.218791
 1
       1
     1
     0
 1.300E+00
 0.000E+00
 0.000E+00
 0.000E+00
      -4.756308     2.412239    0.947418
 1
       1
     1
     0
 1.300E+00
 0.000E+00
 0.000E+00
 0.000E+00
      -0.296829     3.014300    1.102162
 1
       1
     1
     0
 1.300E+00
 0.000E+00
 0.000E+00
 0.000E+00
      -7.068280     -1.966717    -0.314603
 1
       1
     1
     0
 1.300E+00
 0.000E+00
 0.000E+00
 0.000E+00
      -3.597037     -5.203098    -1.748184
 1
       1
     1
     0
 1.300E+00
 0.000E+00
 0.000E+00
 0.000E+00
      1.074145     -4.349503    -1.912616
 1
       1
     1
     0
 1.300E+00
 0.000E+00
 0.000E+00
 0.000E+00
      8.844910     4.779293    -1.477218
 1
       1
     1
     0
 1.300E+00
 0.000E+00
 0.000E+00
 0.000E+00
      9.393386     -2.928093    1.602918
 1
       1
     1
     0
 1.300E+00
 0.000E+00
 0.000E+00
 0.000E+00
      13.372689     4.922613    -1.514772
 1
       1
     1
     0
 1.300E+00
 0.000E+00
 0.000E+00
 0.000E+00
      13.913699     -2.429167    1.751814
 1
       1
     1
     0
 1.300E+00
 0.000E+00
 0.000E+00
 0.000E+00
      22.367606     4.301836    -2.597997
 1
       1
     1
     0
 1.300E+00
 0.000E+00
 0.000E+00
 0.000E+00
      27.051435     3.648271    -2.695637
 1
       1
     1
     0
 1.300E+00
 0.000E+00
 0.000E+00
 0.000E+00
      22.046978     -1.698197    2.912510
 1
       1
     1
     0
 1.300E+00
 0.000E+00
 0.000E+00
 0.000E+00
      26.824298     -2.379001    2.549658
 1
       1
     1
     0
 1.300E+00
 0.000E+00
 0.000E+00
 0.000E+00
      35.455765     4.004157    -0.616268
 1
       1
     1
     0
 1.300E+00
 0.000E+00
 0.000E+00
 0.000E+00
      35.256200     -3.889077    1.261781
 1
       1
     1
     0
 1.300E+00
 0.000E+00
 0.000E+00
 0.000E+00
      40.028480     3.993974    -0.847004
 1
       1
     1
     0
 1.300E+00
 0.000E+00
 0.000E+00
 0.000E+00
      40.167632     -4.039229    0.967553
 1
       1
     1
     0
 1.300E+00
 0.000E+00
 0.000E+00
 0.000E+00
      48.236084     3.141613    -1.934055
 1
       1
     1
     0
 1.300E+00
 0.000E+00
 0.000E+00
 0.000E+00
      48.665380     -4.097929    1.774290
 1
       1
     1
     0
 1.300E+00
 0.000E+00
 0.000E+00
 0.000E+00
      53.145501     3.627616    -1.915182
 1
       1
     1
     0
 1.300E+00
 0.000E+00
 0.000E+00
 0.000E+00
      53.524979     -3.431614    2.107411
 1
       1
     1
     0
 1.300E+00
 0.000E+00
 0.000E+00
 0.000E+00
      61.773034     4.097946    -1.330397
 1
       1
     1
     0
 1.300E+00
 0.000E+00
 0.000E+00
 0.000E+00
      61.575049     -3.713574    1.021665
 6
       4
     2     2     2     2
     0     1     1     1
 1.710E+00 1.625E+00 1.625E+00 1.625E+00
 0.000E+00 0.000E+00 0.000E+00 0.000E+00
 0.000E+00 0.000E+00 0.000E+00 0.000E+00
 0.000E+00 0.000E+00 0.000E+00 0.000E+00
      69.543593     0.000779    0.127679
 1
       1
     1
     0
 1.300E+00
 0.000E+00
 0.000E+00
 0.000E+00
      66.522488     3.826034    -1.291722
 1
       1
     1
     0
 1.300E+00
 0.000E+00
 0.000E+00
 0.000E+00
      66.371020     -3.880087    0.734637
 6
       4
     2     2     2     2
     0     1     1     1
 1.710E+00 1.625E+00 1.625E+00 1.625E+00
 0.000E+00 0.000E+00 0.000E+00 0.000E+00
 0.000E+00 0.000E+00 0.000E+00 0.000E+00
 0.000E+00 0.000E+00 0.000E+00 0.000E+00
      58.643198     0.136049    0.053428
 6
       4
     2     2     2     2
     0     1     1     1
 1.710E+00 1.625E+00 1.625E+00 1.625E+00
 0.000E+00 0.000E+00 0.000E+00 0.000E+00
 0.000E+00 0.000E+00 0.000E+00 0.000E+00
 0.000E+00 0.000E+00 0.000E+00 0.000E+00
      61.376174     0.186639    -0.113631
 6
       4
     2     2     2     2
     0     1     1     1
 1.710E+00 1.625E+00 1.625E+00 1.625E+00
 0.000E+00 0.000E+00 0.000E+00 0.000E+00
 0.000E+00 0.000E+00 0.000E+00 0.000E+00
 0.000E+00 0.000E+00 0.000E+00 0.000E+00
      62.723443     -2.142481    0.619702
 6
       4
     2     2     2     2
     0     1     1     1
 1.710E+00 1.625E+00 1.625E+00 1.625E+00
 0.000E+00 0.000E+00 0.000E+00 0.000E+00
 0.000E+00 0.000E+00 0.000E+00 0.000E+00
 0.000E+00 0.000E+00 0.000E+00 0.000E+00
      62.790175     2.314412    -0.836892
 6
       4
     2     2     2     2
     0     1     1     1
 1.710E+00 1.625E+00 1.625E+00 1.625E+00
 0.000E+00 0.000E+00 0.000E+00 0.000E+00
 0.000E+00 0.000E+00 0.000E+00 0.000E+00
 0.000E+00 0.000E+00 0.000E+00 0.000E+00
      65.516237     2.240497    -0.877475
 6
       4
     2     2     2     2
     0     1     1     1
 1.710E+00 1.625E+00 1.625E+00 1.625E+00
 0.000E+00 0.000E+00 0.000E+00 0.000E+00
 0.000E+00 0.000E+00 0.000E+00 0.000E+00
 0.000E+00 0.000E+00 0.000E+00 0.000E+00
      65.306031     -2.272834    0.601209
 6
       4
     2     2     2     2
     0     1     1     1
 1.710E+00 1.625E+00 1.625E+00 1.625E+00
 0.000E+00 0.000E+00 0.000E+00 0.000E+00
 0.000E+00 0.000E+00 0.000E+00 0.000E+00
 0.000E+00 0.000E+00 0.000E+00 0.000E+00
      66.796972     0.009821    -0.009632
 6
       4
     2     2     2     2
     0     1     1     1
 1.710E+00 1.625E+00 1.625E+00 1.625E+00
 0.000E+00 0.000E+00 0.000E+00 0.000E+00
 0.000E+00 0.000E+00 0.000E+00 0.000E+00
 0.000E+00 0.000E+00 0.000E+00 0.000E+00
      80.038131     -0.202412    0.269794
 6
       4
     2     2     2     2
     0     1     1     1
 1.710E+00 1.625E+00 1.625E+00 1.625E+00
 0.000E+00 0.000E+00 0.000E+00 0.000E+00
 0.000E+00 0.000E+00 0.000E+00 0.000E+00
 0.000E+00 0.000E+00 0.000E+00 0.000E+00
      78.787240     2.135215    -0.425782
 6
       4
     2     2     2     2
     0     1     1     1
 1.710E+00 1.625E+00 1.625E+00 1.625E+00
 0.000E+00 0.000E+00 0.000E+00 0.000E+00
 0.000E+00 0.000E+00 0.000E+00 0.000E+00
 0.000E+00 0.000E+00 0.000E+00 0.000E+00
      78.374547     -2.256371    0.950162
 6
       4
     2     2     2     2
     0     1     1     1
 1.710E+00 1.625E+00 1.625E+00 1.625E+00
 0.000E+00 0.000E+00 0.000E+00 0.000E+00
 0.000E+00 0.000E+00 0.000E+00 0.000E+00
 0.000E+00 0.000E+00 0.000E+00 0.000E+00
      76.112308     2.408316    -0.467254
 6
       4
     2     2     2     2
     0     1     1     1
 1.710E+00 1.625E+00 1.625E+00 1.625E+00
 0.000E+00 0.000E+00 0.000E+00 0.000E+00
 0.000E+00 0.000E+00 0.000E+00 0.000E+00
 0.000E+00 0.000E+00 0.000E+00 0.000E+00
      74.552445     0.209920    0.153347
 6
       4
     2     2     2     2
     0     1     1     1
 1.710E+00 1.625E+00 1.625E+00 1.625E+00
 0.000E+00 0.000E+00 0.000E+00 0.000E+00
 0.000E+00 0.000E+00 0.000E+00 0.000E+00
 0.000E+00 0.000E+00 0.000E+00 0.000E+00
      75.723246     -2.081000    0.880941
 6
       4
     2     2     2     2
     0     1     1     1
 1.710E+00 1.625E+00 1.625E+00 1.625E+00
 0.000E+00 0.000E+00 0.000E+00 0.000E+00
 0.000E+00 0.000E+00 0.000E+00 0.000E+00
 0.000E+00 0.000E+00 0.000E+00 0.000E+00
      82.828362     -0.225794    0.282871
 6
       4
     2     2     2     2
     0     1     1     1
 1.710E+00 1.625E+00 1.625E+00 1.625E+00
 0.000E+00 0.000E+00 0.000E+00 0.000E+00
 0.000E+00 0.000E+00 0.000E+00 0.000E+00
 0.000E+00 0.000E+00 0.000E+00 0.000E+00
      85.094093     -0.135323    0.185397
 6
       4
     2     2     2     2
     0     1     1     1
 1.710E+00 1.625E+00 1.625E+00 1.625E+00
 0.000E+00 0.000E+00 0.000E+00 0.000E+00
 0.000E+00 0.000E+00 0.000E+00 0.000E+00
 0.000E+00 0.000E+00 0.000E+00 0.000E+00
      87.890732     0.115840    -0.013154
 6
       4
     2     2     2     2
     0     1     1     1
 1.710E+00 1.625E+00 1.625E+00 1.625E+00
 0.000E+00 0.000E+00 0.000E+00 0.000E+00
 0.000E+00 0.000E+00 0.000E+00 0.000E+00
 0.000E+00 0.000E+00 0.000E+00 0.000E+00
      89.105295     2.284327    -1.028478
 6
       4
     2     2     2     2
     0     1     1     1
 1.710E+00 1.625E+00 1.625E+00 1.625E+00
 0.000E+00 0.000E+00 0.000E+00 0.000E+00
 0.000E+00 0.000E+00 0.000E+00 0.000E+00
 0.000E+00 0.000E+00 0.000E+00 0.000E+00
      89.472546     -1.958463    0.786047
 6
       4
     2     2     2     2
     0     1     1     1
 1.710E+00 1.625E+00 1.625E+00 1.625E+00
 0.000E+00 0.000E+00 0.000E+00 0.000E+00
 0.000E+00 0.000E+00 0.000E+00 0.000E+00
 0.000E+00 0.000E+00 0.000E+00 0.000E+00
      91.824237     2.398943    -1.281775
 6
       4
     2     2     2     2
     0     1     1     1
 1.710E+00 1.625E+00 1.625E+00 1.625E+00
 0.000E+00 0.000E+00 0.000E+00 0.000E+00
 0.000E+00 0.000E+00 0.000E+00 0.000E+00
 0.000E+00 0.000E+00 0.000E+00 0.000E+00
      92.169176     -1.929119    0.457903
 6
       4
     2     2     2     2
     0     1     1     1
 1.710E+00 1.625E+00 1.625E+00 1.625E+00
 0.000E+00 0.000E+00 0.000E+00 0.000E+00
 0.000E+00 0.000E+00 0.000E+00 0.000E+00
 0.000E+00 0.000E+00 0.000E+00 0.000E+00
      93.378425     0.340744    -0.441075
 6
       4
     2     2     2     2
     0     1     1     1
 1.710E+00 1.625E+00 1.625E+00 1.625E+00
 0.000E+00 0.000E+00 0.000E+00 0.000E+00
 0.000E+00 0.000E+00 0.000E+00 0.000E+00
 0.000E+00 0.000E+00 0.000E+00 0.000E+00
      96.181720     0.498107    -0.420286
 6
       4
     2     2     2     2
     0     1     1     1
 1.710E+00 1.625E+00 1.625E+00 1.625E+00
 0.000E+00 0.000E+00 0.000E+00 0.000E+00
 0.000E+00 0.000E+00 0.000E+00 0.000E+00
 0.000E+00 0.000E+00 0.000E+00 0.000E+00
      98.428653     0.315337    0.004573
 6
       4
     2     2     2     2
     0     1     1     1
 1.710E+00 1.625E+00 1.625E+00 1.625E+00
 0.000E+00 0.000E+00 0.000E+00 0.000E+00
 0.000E+00 0.000E+00 0.000E+00 0.000E+00
 0.000E+00 0.000E+00 0.000E+00 0.000E+00
      101.237829     0.212430    0.181773
 6
       4
     2     2     2     2
     0     1     1     1
 1.710E+00 1.625E+00 1.625E+00 1.625E+00
 0.000E+00 0.000E+00 0.000E+00 0.000E+00
 0.000E+00 0.000E+00 0.000E+00 0.000E+00
 0.000E+00 0.000E+00 0.000E+00 0.000E+00
      102.561760     -2.065714    0.808568
 6
       4
     2     2     2     2
     0     1     1     1
 1.710E+00 1.625E+00 1.625E+00 1.625E+00
 0.000E+00 0.000E+00 0.000E+00 0.000E+00
 0.000E+00 0.000E+00 0.000E+00 0.000E+00
 0.000E+00 0.000E+00 0.000E+00 0.000E+00
      102.613610     2.450332    -0.596275
 6
       4
     2     2     2     2
     0     1     1     1
 1.710E+00 1.625E+00 1.625E+00 1.625E+00
 0.000E+00 0.000E+00 0.000E+00 0.000E+00
 0.000E+00 0.000E+00 0.000E+00 0.000E+00
 0.000E+00 0.000E+00 0.000E+00 0.000E+00
      105.236138     2.457591    -0.769513
 6
       4
     2     2     2     2
     0     1     1     1
 1.710E+00 1.625E+00 1.625E+00 1.625E+00
 0.000E+00 0.000E+00 0.000E+00 0.000E+00
 0.000E+00 0.000E+00 0.000E+00 0.000E+00
 0.000E+00 0.000E+00 0.000E+00 0.000E+00
      105.268639     -2.037875    0.723608
 6
       4
     2     2     2     2
     0     1     1     1
 1.710E+00 1.625E+00 1.625E+00 1.625E+00
 0.000E+00 0.000E+00 0.000E+00 0.000E+00
 0.000E+00 0.000E+00 0.000E+00 0.000E+00
 0.000E+00 0.000E+00 0.000E+00 0.000E+00
      106.632470     0.141478    -0.102327
 6
       4
     2     2     2     2
     0     1     1     1
 1.710E+00 1.625E+00 1.625E+00 1.625E+00
 0.000E+00 0.000E+00 0.000E+00 0.000E+00
 0.000E+00 0.000E+00 0.000E+00 0.000E+00
 0.000E+00 0.000E+00 0.000E+00 0.000E+00
      109.391247     0.423554    -0.097621
 6
       4
     2     2     2     2
     0     1     1     1
 1.710E+00 1.625E+00 1.625E+00 1.625E+00
 0.000E+00 0.000E+00 0.000E+00 0.000E+00
 0.000E+00 0.000E+00 0.000E+00 0.000E+00
 0.000E+00 0.000E+00 0.000E+00 0.000E+00
      111.575628     0.974364    0.192238
 6
       4
     2     2     2     2
     0     1     1     1
 1.710E+00 1.625E+00 1.625E+00 1.625E+00
 0.000E+00 0.000E+00 0.000E+00 0.000E+00
 0.000E+00 0.000E+00 0.000E+00 0.000E+00
 0.000E+00 0.000E+00 0.000E+00 0.000E+00
      114.336552     0.912974    0.199009
 6
       4
     2     2     2     2
     0     1     1     1
 1.710E+00 1.625E+00 1.625E+00 1.625E+00
 0.000E+00 0.000E+00 0.000E+00 0.000E+00
 0.000E+00 0.000E+00 0.000E+00 0.000E+00
 0.000E+00 0.000E+00 0.000E+00 0.000E+00
      115.494361     -1.512140    -0.301202
 6
       4
     2     2     2     2
     0     1     1     1
 1.710E+00 1.625E+00 1.625E+00 1.625E+00
 0.000E+00 0.000E+00 0.000E+00 0.000E+00
 0.000E+00 0.000E+00 0.000E+00 0.000E+00
 0.000E+00 0.000E+00 0.000E+00 0.000E+00
      115.908339     3.126712    0.656066
 6
       4
     2     2     2     2
     0     1     1     1
 1.710E+00 1.625E+00 1.625E+00 1.625E+00
 0.000E+00 0.000E+00 0.000E+00 0.000E+00
 0.000E+00 0.000E+00 0.000E+00 0.000E+00
 0.000E+00 0.000E+00 0.000E+00 0.000E+00
      118.532006     2.866550    0.726420
 6
       4
     2     2     2     2
     0     1     1     1
 1.710E+00 1.625E+00 1.625E+00 1.625E+00
 0.000E+00 0.000E+00 0.000E+00 0.000E+00
 0.000E+00 0.000E+00 0.000E+00 0.000E+00
 0.000E+00 0.000E+00 0.000E+00 0.000E+00
      118.154021     -1.695819    -0.333907
 6
       4
     2     2     2     2
     0     1     1     1
 1.710E+00 1.625E+00 1.625E+00 1.625E+00
 0.000E+00 0.000E+00 0.000E+00 0.000E+00
 0.000E+00 0.000E+00 0.000E+00 0.000E+00
 0.000E+00 0.000E+00 0.000E+00 0.000E+00
      119.741525     0.507340    0.215334
 6
       4
     2     2     2     2
     0     1     1     1
 1.710E+00 1.625E+00 1.625E+00 1.625E+00
 0.000E+00 0.000E+00 0.000E+00 0.000E+00
 0.000E+00 0.000E+00 0.000E+00 0.000E+00
 0.000E+00 0.000E+00 0.000E+00 0.000E+00
      122.504743     0.138740    0.186047
 6
       4
     2     2     2     2
     0     1     1     1
 1.710E+00 1.625E+00 1.625E+00 1.625E+00
 0.000E+00 0.000E+00 0.000E+00 0.000E+00
 0.000E+00 0.000E+00 0.000E+00 0.000E+00
 0.000E+00 0.000E+00 0.000E+00 0.000E+00
      124.720506     -0.218711    -0.068359
 6
       4
     2     2     2     2
     0     1     1     1
 1.710E+00 1.625E+00 1.625E+00 1.625E+00
 0.000E+00 0.000E+00 0.000E+00 0.000E+00
 0.000E+00 0.000E+00 0.000E+00 0.000E+00
 0.000E+00 0.000E+00 0.000E+00 0.000E+00
      127.541485     -0.377182    -0.245243
 6
       4
     2     2     2     2
     0     1     1     1
 1.710E+00 1.625E+00 1.625E+00 1.625E+00
 0.000E+00 0.000E+00 0.000E+00 0.000E+00
 0.000E+00 0.000E+00 0.000E+00 0.000E+00
 0.000E+00 0.000E+00 0.000E+00 0.000E+00
      128.814589     -2.517495    -1.175710
 6
       4
     2     2     2     2
     0     1     1     1
 1.710E+00 1.625E+00 1.625E+00 1.625E+00
 0.000E+00 0.000E+00 0.000E+00 0.000E+00
 0.000E+00 0.000E+00 0.000E+00 0.000E+00
 0.000E+00 0.000E+00 0.000E+00 0.000E+00
      128.988626     1.725261    0.554725
 6
       4
     2     2     2     2
     0     1     1     1
 1.710E+00 1.625E+00 1.625E+00 1.625E+00
 0.000E+00 0.000E+00 0.000E+00 0.000E+00
 0.000E+00 0.000E+00 0.000E+00 0.000E+00
 0.000E+00 0.000E+00 0.000E+00 0.000E+00
      131.748659     1.613805    0.625471
 6
       4
     2     2     2     2
     0     1     1     1
 1.710E+00 1.625E+00 1.625E+00 1.625E+00
 0.000E+00 0.000E+00 0.000E+00 0.000E+00
 0.000E+00 0.000E+00 0.000E+00 0.000E+00
 0.000E+00 0.000E+00 0.000E+00 0.000E+00
      131.448988     -2.728579    -1.170855
 6
       4
     2     2     2     2
     0     1     1     1
 1.710E+00 1.625E+00 1.625E+00 1.625E+00
 0.000E+00 0.000E+00 0.000E+00 0.000E+00
 0.000E+00 0.000E+00 0.000E+00 0.000E+00
 0.000E+00 0.000E+00 0.000E+00 0.000E+00
      132.998471     -0.703982    -0.204586
 6
       4
     2     2     2     2
     0     1     1     1
 1.710E+00 1.625E+00 1.625E+00 1.625E+00
 0.000E+00 0.000E+00 0.000E+00 0.000E+00
 0.000E+00 0.000E+00 0.000E+00 0.000E+00
 0.000E+00 0.000E+00 0.000E+00 0.000E+00
      135.749402     -0.937669    0.073709
 1
       1
     1
     0
 1.300E+00
 0.000E+00
 0.000E+00
 0.000E+00
      75.268285     3.991039    -0.949937
 1
       1
     1
     0
 1.300E+00
 0.000E+00
 0.000E+00
 0.000E+00
      79.846534     3.852652    -0.819385
 6
       4
     2     2     2     2
     0     1     1     1
 1.710E+00 1.625E+00 1.625E+00 1.625E+00
 0.000E+00 0.000E+00 0.000E+00 0.000E+00
 0.000E+00 0.000E+00 0.000E+00 0.000E+00
 0.000E+00 0.000E+00 0.000E+00 0.000E+00
      71.853811     0.329823    0.083435
 1
       1
     1
     0
 1.300E+00
 0.000E+00
 0.000E+00
 0.000E+00
      74.573947     -3.593836    1.404913
 1
       1
     1
     0
 1.300E+00
 0.000E+00
 0.000E+00
 0.000E+00
      79.288303     -4.157495    1.345201
 1
       1
     1
     0
 1.300E+00
 0.000E+00
 0.000E+00
 0.000E+00
      88.012472     3.806485    -1.426673
 1
       1
     1
     0
 1.300E+00
 0.000E+00
 0.000E+00
 0.000E+00
      88.591212     -3.515624    1.710958
 1
       1
     1
     0
 1.300E+00
 0.000E+00
 0.000E+00
 0.000E+00
      92.703577     4.088730    -1.954077
 1
       1
     1
     0
 1.300E+00
 0.000E+00
 0.000E+00
 0.000E+00
      93.366523     -3.452104    0.970314
 1
       1
     1
     0
 1.300E+00
 0.000E+00
 0.000E+00
 0.000E+00
      101.566630     3.998847    -1.138157
 1
       1
     1
     0
 1.300E+00
 0.000E+00
 0.000E+00
 0.000E+00
      106.490882     3.980933    -1.268222
 1
       1
     1
     0
 1.300E+00
 0.000E+00
 0.000E+00
 0.000E+00
      101.611179     -3.815833    1.397373
 1
       1
     1
     0
 1.300E+00
 0.000E+00
 0.000E+00
 0.000E+00
      106.328422     -3.712903    1.373355
 1
       1
     1
     0
 1.300E+00
 0.000E+00
 0.000E+00
 0.000E+00
      115.012497     4.922585    0.969322
 1
       1
     1
     0
 1.300E+00
 0.000E+00
 0.000E+00
 0.000E+00
      114.380010     -3.201831    -0.876973
 1
       1
     1
     0
 1.300E+00
 0.000E+00
 0.000E+00
 0.000E+00
      119.690981     4.478498    0.966566
 1
       1
     1
     0
 1.300E+00
 0.000E+00
 0.000E+00
 0.000E+00
      119.078407     -3.533240    -0.838458
 1
       1
     1
     0
 1.300E+00
 0.000E+00
 0.000E+00
 0.000E+00
      128.209741     3.413561    0.992539
 1
       1
     1
     0
 1.300E+00
 0.000E+00
 0.000E+00
 0.000E+00
      127.878115     -4.085397    -1.770331
 1
       1
     1
     0
 1.300E+00
 0.000E+00
 0.000E+00
 0.000E+00
      132.853947     3.009797    1.169404
 1
       1
     1
     0
 1.300E+00
 0.000E+00
 0.000E+00
 0.000E+00
      132.480679     -4.326940    -1.786849
 1
       1
     1
     0
 1.300E+00
 0.000E+00
 0.000E+00
 0.000E+00
      141.499175     1.719995    3.321655
 1
       1
     1
     0
 1.300E+00
 0.000E+00
 0.000E+00
 0.000E+00
      141.005231     -3.970133    -2.447925
 1
       1
     1
     0
 1.300E+00
 0.000E+00
 0.000E+00
 0.000E+00
      148.644197     -1.742169    0.157142
 1
       1
     1
     0
 1.300E+00
 0.000E+00
 0.000E+00
 0.000E+00
      145.991486     1.670323    3.217924
 1
       1
     1
     0
 1.300E+00
 0.000E+00
 0.000E+00
 0.000E+00
      145.535805     -4.119710    -2.824362
 6
       4
     2     2     2     2
     0     1     1     1
 1.710E+00 1.625E+00 1.625E+00 1.625E+00
 0.000E+00 0.000E+00 0.000E+00 0.000E+00
 0.000E+00 0.000E+00 0.000E+00 0.000E+00
 0.000E+00 0.000E+00 0.000E+00 0.000E+00
      138.056411     -0.947972    0.445066
 6
       4
     2     2     2     2
     0     1     1     1
 1.710E+00 1.625E+00 1.625E+00 1.625E+00
 0.000E+00 0.000E+00 0.000E+00 0.000E+00
 0.000E+00 0.000E+00 0.000E+00 0.000E+00
 0.000E+00 0.000E+00 0.000E+00 0.000E+00
      140.790168     -1.004369    0.470718
 6
       4
     2     2     2     2
     0     1     1     1
 1.710E+00 1.625E+00 1.625E+00 1.625E+00
 0.000E+00 0.000E+00 0.000E+00 0.000E+00
 0.000E+00 0.000E+00 0.000E+00 0.000E+00
 0.000E+00 0.000E+00 0.000E+00 0.000E+00
      142.069331     -2.793213    -1.267364
 6
       4
     2     2     2     2
     0     1     1     1
 1.710E+00 1.625E+00 1.625E+00 1.625E+00
 0.000E+00 0.000E+00 0.000E+00 0.000E+00
 0.000E+00 0.000E+00 0.000E+00 0.000E+00
 0.000E+00 0.000E+00 0.000E+00 0.000E+00
      142.251616     0.521808    2.027287
 6
       4
     2     2     2     2
     0     1     1     1
 1.710E+00 1.625E+00 1.625E+00 1.625E+00
 0.000E+00 0.000E+00 0.000E+00 0.000E+00
 0.000E+00 0.000E+00 0.000E+00 0.000E+00
 0.000E+00 0.000E+00 0.000E+00 0.000E+00
      145.011427     0.351189    1.884091
 6
       4
     2     2     2     2
     0     1     1     1
 1.710E+00 1.625E+00 1.625E+00 1.625E+00
 0.000E+00 0.000E+00 0.000E+00 0.000E+00
 0.000E+00 0.000E+00 0.000E+00 0.000E+00
 0.000E+00 0.000E+00 0.000E+00 0.000E+00
      144.730018     -2.916866    -1.475621
 6
       4
     2     2     2     2
     0     1     1     1
 1.710E+00 1.625E+00 1.625E+00 1.625E+00
 0.000E+00 0.000E+00 0.000E+00 0.000E+00
 0.000E+00 0.000E+00 0.000E+00 0.000E+00
 0.000E+00 0.000E+00 0.000E+00 0.000E+00
      146.205161     -1.382323    0.182156
# LCAO coefficients .. are not included.
         1
        1        0.000205150081556   k=         1
        2        0.002323996347233   k=         1
        3        0.001365131428879   k=         1
        4        -0.018581468089350   k=         1
        5        -0.002271000351493   k=         1
        6        -0.007180184702789   k=         1
        7        0.012587278516916   k=         1
        8        -0.018300344936995   k=         1
        9        0.001771455173692   k=         1
        10        -0.000169493525735   k=         1
        11        0.013013064822016   k=         1
        12        -0.015949738125232   k=         1
        13        0.000879044255096   k=         1
        14        0.002187731134480   k=         1
        15        -0.002535791731983   k=         1
        16        0.005069974854065   k=         1
        17        -0.000069455574809   k=         1
        18        0.000704185851108   k=         1
        19        -0.007430984295732   k=         1
        20        0.026211137345558   k=         1
        21        -0.000205684855123   k=         1
        22        0.001046369357538   k=         1
        23        -0.004095538138915   k=         1
        24        0.007127712146043   k=         1
        25        0.000832591071444   k=         1
        26        -0.006712251280899   k=         1
        27        0.012049846885342   k=         1
        28        0.043079332321063   k=         1
        29        -0.000025817310079   k=         1
        30        0.000012623105169   k=         1
        31        0.004023719271695   k=         1
        32        0.025208941689060   k=         1
        33        0.000624879216853   k=         1
        34        0.001695937240942   k=         1
        35        -0.018932519875461   k=         1
        36        -0.055332892615333   k=         1
        37        0.000020063320313   k=         1
        38        0.000441930795727   k=         1
        39        -0.010861593563723   k=         1
        40        -0.024856913104864   k=         1
        41        0.000224978363404   k=         1
        42        0.004717068075562   k=         1
        43        -0.011282034355929   k=         1
        44        -0.025096358479560   k=         1
        45        0.001381559190139   k=         1
        46        0.000818372319854   k=         1
        47        0.015952119355403   k=         1
        48        0.038164262025532   k=         1
        49        -0.001331203644070   k=         1
        50        -0.006266223959185   k=         1
        51        0.013015916388251   k=         1
        52        0.037031460394664   k=         1
        53        0.000583770229070   k=         1
        54        0.000406952817037   k=         1
        55        0.019940403345196   k=         1
        56        0.045564802752629   k=         1
        57        0.000449282760649   k=         1
        58        0.000231248359169   k=         1
        59        -0.037244835031457   k=         1
        60        -0.048027393122426   k=         1
        61        0.000861338004804   k=         1
        62        0.003226238232932   k=         1
        63        -0.024515852947901   k=         1
        64        -0.042984827530870   k=         1
        65        0.000018667380079   k=         1
        66        0.001371500585288   k=         1
        67        0.047394089391873   k=         1
        68        0.057637368163885   k=         1
        69        0.002291024080011   k=         1
        70        0.011293175763793   k=         1
        71        0.030198283725013   k=         1
        72        0.029625110856150   k=         1
        73        -0.000826950819488   k=         1
        74        0.009120640876975   k=         1
        75        0.028701346187391   k=         1
        76        0.025768256285306   k=         1
        77        0.003088893546524   k=         1
        78        -0.006937663932027   k=         1
        79        -0.040092405231194   k=         1
        80        -0.036804337589010   k=         1
        81        -0.003324483220201   k=         1
        82        -0.018298972313297   k=         1
        83        -0.041126749344846   k=         1
        84        -0.033876075299112   k=         1
        85        0.000444690208381   k=         1
        86        0.001559617116181   k=         1
        87        -0.038804508185050   k=         1
        88        -0.055083797423709   k=         1
        89        -0.003932275899357   k=         1
        90        -0.012634690051108   k=         1
        91        0.028167731737627   k=         1
        92        0.090680475503893   k=         1
        93        0.003788879845674   k=         1
        94        -0.001156246041031   k=         1
        95        0.029149191074947   k=         1
        96        0.058048839320750   k=         1
        97        -0.001109640582148   k=         1
        98        -0.007627259530269   k=         1
        99        -0.028666240903647   k=         1
        100        -0.119917883600827   k=         1
        101        0.004225208930366   k=         1
        102        -0.002972616461691   k=         1
        103        -0.011313248090864   k=         1
        104        -0.060723410648408   k=         1
        105        -0.000495655144030   k=         1
        106        -0.000745662798466   k=         1
        107        -0.012081648420505   k=         1
        108        -0.066893649653168   k=         1
        109        0.000708580196097   k=         1
        110        0.004804445656048   k=         1
        111        0.014315205035413   k=         1
        112        0.086523295165509   k=         1
        113        -0.001036785574765   k=         1
        114        -0.000897559048907   k=         1
        115        0.014527214982953   k=         1
        116        0.082474839093322   k=         1
        117        0.000129160609599   k=         1
        118        0.014561188679573   k=         1
        119        0.029965699605444   k=         1
        120        0.104884911308889   k=         1
        121        0.001546933861429   k=         1
        122        -0.015603799606585   k=         1
        123        -0.042472642758403   k=         1
        124        -0.110176943771297   k=         1
        125        -0.000631642779369   k=         1
        126        -0.002008067378656   k=         1
        127        -0.033546649123468   k=         1
        128        -0.101386088197474   k=         1
        129        -0.003517214420052   k=         1
        130        -0.011883789827330   k=         1
        131        0.058648481058592   k=         1
        132        0.140317291394118   k=         1
        133        -0.000391824985623   k=         1
        134        -0.019163534778694   k=         1
        135        0.049255755131535   k=         1
        136        0.074334080949386   k=         1
        137        -0.000946759147403   k=         1
        138        -0.008447548401082   k=         1
        139        0.035550193333295   k=         1
        140        0.069394107266206   k=         1
        141        0.002455514273226   k=         1
        142        0.013515688448553   k=         1
        143        -0.053894536138555   k=         1
        144        -0.076871102156628   k=         1
        145        -0.001186207693687   k=         1
        146        0.020847763042545   k=         1
        147        -0.057430787202077   k=         1
        148        -0.096852120608959   k=         1
        149        -0.002097494234364   k=         1
        150        0.005946951457851   k=         1
        151        -0.057717014347151   k=         1
        152        -0.121654415172395   k=         1
        153        0.004107400178137   k=         1
        154        0.008566930003738   k=         1
        155        0.063851664310075   k=         1
        156        0.156874468198145   k=         1
        157        -0.003129883570652   k=         1
        158        0.001104999751530   k=         1
        159        0.000754228352130   k=         1
        160        0.002147397609204   k=         1
        161        -0.002375603824585   k=         1
        162        -0.000220429950126   k=         1
        163        -0.000623001192599   k=         1
        164        -0.000057545604773   k=         1
        165        -0.000943089794906   k=         1
        166        0.001183972376827   k=         1
        167        -0.004286067435519   k=         1
        168        -0.005656223463206   k=         1
        169        0.000034071484449   k=         1
        170        0.001062013346483   k=         1
        171        -0.003087783512673   k=         1
        172        -0.003517346299716   k=         1
        173        0.000731145926029   k=         1
        174        0.005868148553191   k=         1
        175        -0.002203004926403   k=         1
        176        -0.001256091355136   k=         1
        177        0.006163692488888   k=         1
        178        0.005926486680200   k=         1
        179        -0.006098528716108   k=         1
        180        -0.003952320631176   k=         1
        181        0.013994860869401   k=         1
        182        -0.059592094816364   k=         1
        183        -0.172644960447156   k=         1
        184        -0.002020522571534   k=         1
        185        0.008418988622755   k=         1
        186        -0.003715482432046   k=         1
        187        0.009731458733012   k=         1
        188        0.052637120950829   k=         1
        189        0.113964971062665   k=         1
        190        0.003740240951004   k=         1
        191        -0.008363708646396   k=         1
        192        -0.078995449515149   k=         1
        193        -0.197560129363075   k=         1
        194        -0.001874247956711   k=         1
        195        -0.007348045266744   k=         1
        196        -0.021442493761021   k=         1
        197        -0.102207820195755   k=         1
        198        -0.003115105759956   k=         1
        199        -0.002673668976306   k=         1
        200        -0.028520649273132   k=         1
        201        -0.121434697115172   k=         1
        202        -0.001442120354909   k=         1
        203        0.000839353965594   k=         1
        204        0.043589789105005   k=         1
        205        0.161787922770710   k=         1
        206        0.002382813108558   k=         1
        207        0.008061217275293   k=         1
        208        0.015790399006094   k=         1
        209        0.121341004787301   k=         1
        210        0.002816517575302   k=         1
        211        -0.017700431345687   k=         1
        212        0.073915767123193   k=         1
        213        0.188004839537672   k=         1
        214        0.000958133522115   k=         1
        215        -0.002274579098381   k=         1
        216        -0.065974437198956   k=         1
        217        -0.193233020303084   k=         1
        218        -0.000694308480321   k=         1
        219        -0.000459040960698   k=         1
        220        -0.020081833188264   k=         1
        221        -0.095629277782595   k=         1
        222        -0.000838725520290   k=         1
        223        -0.001372638422421   k=         1
        224        -0.023918024349310   k=         1
        225        -0.107479260684987   k=         1
        226        0.002014994751283   k=         1
        227        -0.001363066483681   k=         1
        228        0.037278804688925   k=         1
        229        0.139527915320555   k=         1
        230        -0.002069258610059   k=         1
        231        -0.000262203842212   k=         1
        232        0.056080021345241   k=         1
        233        0.168183499363450   k=         1
        234        -0.001550754062613   k=         1
        235        0.002832345437643   k=         1
        236        0.039676595353773   k=         1
        237        0.132583950085544   k=         1
        238        0.001369189355939   k=         1
        239        0.001490498170995   k=         1
        240        0.042252781110611   k=         1
        241        0.105527617822002   k=         1
        242        -0.003142292180558   k=         1
        243        -0.000136975169844   k=         1
        244        0.050392314514747   k=         1
        245        0.144307448596077   k=         1
        246        -0.000392527465004   k=         1
        247        -0.002857655463158   k=         1
        248        -0.047887586301119   k=         1
        249        -0.111670426329661   k=         1
        250        0.001815683270838   k=         1
        251        -0.017146932137673   k=         1
        252        -0.037667629243083   k=         1
        253        -0.089094669271388   k=         1
        254        -0.000990787178264   k=         1
        255        -0.018912325765768   k=         1
        256        -0.043210599350234   k=         1
        257        -0.085814476379581   k=         1
        258        -0.001832556230278   k=         1
        259        0.010230257870395   k=         1
        260        0.028911156053065   k=         1
        261        0.075309104507817   k=         1
        262        -0.000999670774719   k=         1
        263        0.014138223874315   k=         1
        264        0.029505643065376   k=         1
        265        0.064103637341731   k=         1
        266        0.002290740009241   k=         1
        267        -0.009054132223930   k=         1
        268        0.047732667195152   k=         1
        269        0.125645691630552   k=         1
        270        0.000910709735533   k=         1
        271        0.016654775025674   k=         1
        272        -0.029026230114851   k=         1
        273        -0.086823327599452   k=         1
        274        -0.002228492432951   k=         1
        275        0.013862760022773   k=         1
        276        -0.036745982884525   k=         1
        277        -0.099652648072302   k=         1
        278        0.002123406775453   k=         1
        279        -0.002162106950156   k=         1
        280        0.029264664368306   k=         1
        281        0.100407866387175   k=         1
        282        -0.000578489462980   k=         1
        283        0.007913125860653   k=         1
        284        0.022655536025112   k=         1
        285        0.078358536635188   k=         1
        286        0.000170389070028   k=         1
        287        0.005459282725150   k=         1
        288        0.024726600824360   k=         1
        289        0.062266268507604   k=         1
        290        0.002533765275253   k=         1
        291        -0.002916698237944   k=         1
        292        -0.021026831641274   k=         1
        293        -0.056033797825304   k=         1
        294        -0.001296347584754   k=         1
        295        -0.008265430320458   k=         1
        296        -0.029685202328208   k=         1
        297        -0.059486766692992   k=         1
        298        0.002761327371456   k=         1
        299        0.000355342268634   k=         1
        300        -0.031160394983525   k=         1
        301        -0.109052756192771   k=         1
        302        -0.003225231397130   k=         1
        303        -0.007088331262714   k=         1
        304        -0.001655637230633   k=         1
        305        0.074676109937849   k=         1
        306        0.005866092257119   k=         1
        307        -0.011382396069911   k=         1
        308        0.016341320625858   k=         1
        309        0.087198735983548   k=         1
        310        -0.000187178253353   k=         1
        311        0.003538096854930   k=         1
        312        0.008939299685428   k=         1
        313        -0.080380087075152   k=         1
        314        0.001566261376130   k=         1
        315        -0.004995471265824   k=         1
        316        0.023492005965434   k=         1
        317        -0.053759888532849   k=         1
        318        -0.001892352753912   k=         1
        319        0.006653297099670   k=         1
        320        0.017119812103444   k=         1
        321        -0.063193156361128   k=         1
        322        0.001304949976710   k=         1
        323        -0.001719214562131   k=         1
        324        -0.007666626433585   k=         1
        325        0.041236123211264   k=         1
        326        -0.000278271126968   k=         1
        327        0.003649502184367   k=         1
        328        -0.012269883419265   k=         1
        329        0.045113213884767   k=         1
        330        -0.001059305441876   k=         1
        331        -0.003353800515657   k=         1
        332        -0.020003980011637   k=         1
        333        0.088880106967045   k=         1
        334        -0.001248429161513   k=         1
        335        0.000844752082556   k=         1
        336        0.013826959922152   k=         1
        337        -0.042280457560152   k=         1
        338        0.000459098961923   k=         1
        339        -0.006762415309505   k=         1
        340        0.017822858682695   k=         1
        341        -0.063831132491826   k=         1
        342        -0.000244993545996   k=         1
        343        0.004488126812055   k=         1
        344        -0.017108090506263   k=         1
        345        0.041153233308823   k=         1
        346        0.000040328497760   k=         1
        347        0.000679345190710   k=         1
        348        -0.013342169139963   k=         1
        349        0.034619438899541   k=         1
        350        0.001467256301033   k=         1
        351        -0.003254166813251   k=         1
        352        -0.013221981651225   k=         1
        353        0.037796416514893   k=         1
        354        -0.000779022540331   k=         1
        355        0.003005798758994   k=         1
        356        0.008753207803275   k=         1
        357        -0.025885352380100   k=         1
        358        -0.000699613402333   k=         1
        359        0.000239361372509   k=         1
        360        0.008750905864669   k=         1
        361        -0.025192053525951   k=         1
        362        0.000614736893097   k=         1
        363        0.007393480057739   k=         1
        364        0.022281945912572   k=         1
        365        -0.049373682286605   k=         1
        366        -0.000220047936430   k=         1
        367        -0.004732923497825   k=         1
        368        -0.013328491444788   k=         1
        369        0.022642125342388   k=         1
        370        -0.003211297900429   k=         1
        371        0.003362460838784   k=         1
        372        0.001048482213102   k=         1
        373        0.001977914434714   k=         1
        374        -0.066766932793914   k=         1
        375        -0.177507107346250   k=         1
        376        0.002137195934018   k=         1
        377        -0.002348686451261   k=         1
        378        0.002052033444774   k=         1
        379        0.003183489500399   k=         1
        380        0.004450104585075   k=         1
        381        0.002731371218015   k=         1
        382        0.000561405250277   k=         1
        383        -0.002717336926346   k=         1
        384        -0.004090246905571   k=         1
        385        -0.000446147842134   k=         1
        386        0.001408012418917   k=         1
        387        -0.000686485253039   k=         1
        388        -0.001716924781100   k=         1
        389        0.004102745787129   k=         1
        390        0.001213625071609   k=         1
        391        -0.000132727704504   k=         1
        392        -0.000605578611285   k=         1
        393        0.000067096030262   k=         1
        394        0.001040294550064   k=         1
        395        -0.000132092369162   k=         1
        396        -0.001008908329014   k=         1
        397        -0.000457133872396   k=         1
        398        0.001812395455700   k=         1
        399        0.001092862094951   k=         1
        400        -0.004387121415295   k=         1
        401        -0.018632749031580   k=         1
        402        0.039044625494108   k=         1
        403        0.000142959579488   k=         1
        404        0.000905164422221   k=         1
        405        0.011242570818995   k=         1
        406        -0.015632317667139   k=         1
        407        0.000970807312085   k=         1
        408        -0.003938904634736   k=         1
        409        0.020262879087562   k=         1
        410        -0.014638221965347   k=         1
        411        -0.000937597953052   k=         1
        412        0.000791695948300   k=         1
        413        0.019655570016091   k=         1
        414        -0.015506651685998   k=         1
        415        0.000212204286567   k=         1
        416        0.000221442009808   k=         1
        417        -0.007288250788088   k=         1
        418        0.006414947948751   k=         1
        419        -0.000339110855344   k=         1
        420        0.001826770455989   k=         1
        421        -0.003621471803003   k=         1
        422        0.002826115781769   k=         1
        423        -0.000106735207459   k=         1
        424        -0.002739439991096   k=         1
        425        -0.019992903336799   k=         1
        426        0.020232163238538   k=         1
