# file_format= v0.04.05
       144       426
    188.97268778      0.00000000      0.00000000    0
      0.00000000    188.97268778      0.00000000    0
      0.00000000      0.00000000    188.97268778    0
 6
       4
     2     2     2     2
     0     1     1     1
 1.710E+00 1.625E+00 1.625E+00 1.625E+00
 0.000E+00 0.000E+00 0.000E+00 0.000E+00
 0.000E+00 0.000E+00 0.000E+00 0.000E+00
 0.000E+00 0.000E+00 0.000E+00 0.000E+00
      0.875278     -0.724169    -0.153973
 6
       4
     2     2     2     2
     0     1     1     1
 1.710E+00 1.625E+00 1.625E+00 1.625E+00
 0.000E+00 0.000E+00 0.000E+00 0.000E+00
 0.000E+00 0.000E+00 0.000E+00 0.000E+00
 0.000E+00 0.000E+00 0.000E+00 0.000E+00
      -0.849963     1.292471    0.559359
 6
       4
     2     2     2     2
     0     1     1     1
 1.710E+00 1.625E+00 1.625E+00 1.625E+00
 0.000E+00 0.000E+00 0.000E+00 0.000E+00
 0.000E+00 0.000E+00 0.000E+00 0.000E+00
 0.000E+00 0.000E+00 0.000E+00 0.000E+00
      0.114313     -3.200470    -0.980065
 6
       4
     2     2     2     2
     0     1     1     1
 1.710E+00 1.625E+00 1.625E+00 1.625E+00
 0.000E+00 0.000E+00 0.000E+00 0.000E+00
 0.000E+00 0.000E+00 0.000E+00 0.000E+00
 0.000E+00 0.000E+00 0.000E+00 0.000E+00
      -3.463598     0.820014    0.451068
 6
       4
     2     2     2     2
     0     1     1     1
 1.710E+00 1.625E+00 1.625E+00 1.625E+00
 0.000E+00 0.000E+00 0.000E+00 0.000E+00
 0.000E+00 0.000E+00 0.000E+00 0.000E+00
 0.000E+00 0.000E+00 0.000E+00 0.000E+00
      -4.350085     -1.612110    -0.316283
 6
       4
     2     2     2     2
     0     1     1     1
 1.710E+00 1.625E+00 1.625E+00 1.625E+00
 0.000E+00 0.000E+00 0.000E+00 0.000E+00
 0.000E+00 0.000E+00 0.000E+00 0.000E+00
 0.000E+00 0.000E+00 0.000E+00 0.000E+00
      -2.580786     -3.685497    -1.104346
 6
       4
     2     2     2     2
     0     1     1     1
 1.710E+00 1.625E+00 1.625E+00 1.625E+00
 0.000E+00 0.000E+00 0.000E+00 0.000E+00
 0.000E+00 0.000E+00 0.000E+00 0.000E+00
 0.000E+00 0.000E+00 0.000E+00 0.000E+00
      3.606746     -0.245878    -0.046946
 6
       4
     2     2     2     2
     0     1     1     1
 1.710E+00 1.625E+00 1.625E+00 1.625E+00
 0.000E+00 0.000E+00 0.000E+00 0.000E+00
 0.000E+00 0.000E+00 0.000E+00 0.000E+00
 0.000E+00 0.000E+00 0.000E+00 0.000E+00
      5.782594     0.151169    0.074225
 6
       4
     2     2     2     2
     0     1     1     1
 1.710E+00 1.625E+00 1.625E+00 1.625E+00
 0.000E+00 0.000E+00 0.000E+00 0.000E+00
 0.000E+00 0.000E+00 0.000E+00 0.000E+00
 0.000E+00 0.000E+00 0.000E+00 0.000E+00
      8.555593     0.561799    0.056312
 6
       4
     2     2     2     2
     0     1     1     1
 1.710E+00 1.625E+00 1.625E+00 1.625E+00
 0.000E+00 0.000E+00 0.000E+00 0.000E+00
 0.000E+00 0.000E+00 0.000E+00 0.000E+00
 0.000E+00 0.000E+00 0.000E+00 0.000E+00
      9.846362     2.946954    -0.702700
 6
       4
     2     2     2     2
     0     1     1     1
 1.710E+00 1.625E+00 1.625E+00 1.625E+00
 0.000E+00 0.000E+00 0.000E+00 0.000E+00
 0.000E+00 0.000E+00 0.000E+00 0.000E+00
 0.000E+00 0.000E+00 0.000E+00 0.000E+00
      10.180073     -1.601407    0.692758
 6
       4
     2     2     2     2
     0     1     1     1
 1.710E+00 1.625E+00 1.625E+00 1.625E+00
 0.000E+00 0.000E+00 0.000E+00 0.000E+00
 0.000E+00 0.000E+00 0.000E+00 0.000E+00
 0.000E+00 0.000E+00 0.000E+00 0.000E+00
      12.499311     3.165913    -0.587206
 6
       4
     2     2     2     2
     0     1     1     1
 1.710E+00 1.625E+00 1.625E+00 1.625E+00
 0.000E+00 0.000E+00 0.000E+00 0.000E+00
 0.000E+00 0.000E+00 0.000E+00 0.000E+00
 0.000E+00 0.000E+00 0.000E+00 0.000E+00
      12.817116     -1.291879    0.812618
 6
       4
     2     2     2     2
     0     1     1     1
 1.710E+00 1.625E+00 1.625E+00 1.625E+00
 0.000E+00 0.000E+00 0.000E+00 0.000E+00
 0.000E+00 0.000E+00 0.000E+00 0.000E+00
 0.000E+00 0.000E+00 0.000E+00 0.000E+00
      14.048847     1.062856    0.249115
 6
       4
     2     2     2     2
     0     1     1     1
 1.710E+00 1.625E+00 1.625E+00 1.625E+00
 0.000E+00 0.000E+00 0.000E+00 0.000E+00
 0.000E+00 0.000E+00 0.000E+00 0.000E+00
 0.000E+00 0.000E+00 0.000E+00 0.000E+00
      16.880508     1.283984    0.516475
 6
       4
     2     2     2     2
     0     1     1     1
 1.710E+00 1.625E+00 1.625E+00 1.625E+00
 0.000E+00 0.000E+00 0.000E+00 0.000E+00
 0.000E+00 0.000E+00 0.000E+00 0.000E+00
 0.000E+00 0.000E+00 0.000E+00 0.000E+00
      19.063622     1.530162    0.359173
 6
       4
     2     2     2     2
     0     1     1     1
 1.710E+00 1.625E+00 1.625E+00 1.625E+00
 0.000E+00 0.000E+00 0.000E+00 0.000E+00
 0.000E+00 0.000E+00 0.000E+00 0.000E+00
 0.000E+00 0.000E+00 0.000E+00 0.000E+00
      21.925761     1.330583    0.238659
 6
       4
     2     2     2     2
     0     1     1     1
 1.710E+00 1.625E+00 1.625E+00 1.625E+00
 0.000E+00 0.000E+00 0.000E+00 0.000E+00
 0.000E+00 0.000E+00 0.000E+00 0.000E+00
 0.000E+00 0.000E+00 0.000E+00 0.000E+00
      23.126641     -0.710168    1.652015
 6
       4
     2     2     2     2
     0     1     1     1
 1.710E+00 1.625E+00 1.625E+00 1.625E+00
 0.000E+00 0.000E+00 0.000E+00 0.000E+00
 0.000E+00 0.000E+00 0.000E+00 0.000E+00
 0.000E+00 0.000E+00 0.000E+00 0.000E+00
      23.371882     2.901104    -1.395582
 6
       4
     2     2     2     2
     0     1     1     1
 1.710E+00 1.625E+00 1.625E+00 1.625E+00
 0.000E+00 0.000E+00 0.000E+00 0.000E+00
 0.000E+00 0.000E+00 0.000E+00 0.000E+00
 0.000E+00 0.000E+00 0.000E+00 0.000E+00
      26.126743     2.793969    -1.481647
 6
       4
     2     2     2     2
     0     1     1     1
 1.710E+00 1.625E+00 1.625E+00 1.625E+00
 0.000E+00 0.000E+00 0.000E+00 0.000E+00
 0.000E+00 0.000E+00 0.000E+00 0.000E+00
 0.000E+00 0.000E+00 0.000E+00 0.000E+00
      25.820146     -0.914537    1.419609
 6
       4
     2     2     2     2
     0     1     1     1
 1.710E+00 1.625E+00 1.625E+00 1.625E+00
 0.000E+00 0.000E+00 0.000E+00 0.000E+00
 0.000E+00 0.000E+00 0.000E+00 0.000E+00
 0.000E+00 0.000E+00 0.000E+00 0.000E+00
      27.300580     0.864487    -0.081077
 6
       4
     2     2     2     2
     0     1     1     1
 1.710E+00 1.625E+00 1.625E+00 1.625E+00
 0.000E+00 0.000E+00 0.000E+00 0.000E+00
 0.000E+00 0.000E+00 0.000E+00 0.000E+00
 0.000E+00 0.000E+00 0.000E+00 0.000E+00
      30.181258     0.556606    -0.028552
 6
       4
     2     2     2     2
     0     1     1     1
 1.710E+00 1.625E+00 1.625E+00 1.625E+00
 0.000E+00 0.000E+00 0.000E+00 0.000E+00
 0.000E+00 0.000E+00 0.000E+00 0.000E+00
 0.000E+00 0.000E+00 0.000E+00 0.000E+00
      32.257137     -0.042604    -0.082515
 6
       4
     2     2     2     2
     0     1     1     1
 1.710E+00 1.625E+00 1.625E+00 1.625E+00
 0.000E+00 0.000E+00 0.000E+00 0.000E+00
 0.000E+00 0.000E+00 0.000E+00 0.000E+00
 0.000E+00 0.000E+00 0.000E+00 0.000E+00
      35.005509     -0.185766    0.058126
 6
       4
     2     2     2     2
     0     1     1     1
 1.710E+00 1.625E+00 1.625E+00 1.625E+00
 0.000E+00 0.000E+00 0.000E+00 0.000E+00
 0.000E+00 0.000E+00 0.000E+00 0.000E+00
 0.000E+00 0.000E+00 0.000E+00 0.000E+00
      36.388736     -2.380885    0.785504
 6
       4
     2     2     2     2
     0     1     1     1
 1.710E+00 1.625E+00 1.625E+00 1.625E+00
 0.000E+00 0.000E+00 0.000E+00 0.000E+00
 0.000E+00 0.000E+00 0.000E+00 0.000E+00
 0.000E+00 0.000E+00 0.000E+00 0.000E+00
      36.517828     2.187889    -0.502034
 6
       4
     2     2     2     2
     0     1     1     1
 1.710E+00 1.625E+00 1.625E+00 1.625E+00
 0.000E+00 0.000E+00 0.000E+00 0.000E+00
 0.000E+00 0.000E+00 0.000E+00 0.000E+00
 0.000E+00 0.000E+00 0.000E+00 0.000E+00
      39.111392     2.236833    -0.528288
 6
       4
     2     2     2     2
     0     1     1     1
 1.710E+00 1.625E+00 1.625E+00 1.625E+00
 0.000E+00 0.000E+00 0.000E+00 0.000E+00
 0.000E+00 0.000E+00 0.000E+00 0.000E+00
 0.000E+00 0.000E+00 0.000E+00 0.000E+00
      39.180371     -2.360874    0.637962
 6
       4
     2     2     2     2
     0     1     1     1
 1.710E+00 1.625E+00 1.625E+00 1.625E+00
 0.000E+00 0.000E+00 0.000E+00 0.000E+00
 0.000E+00 0.000E+00 0.000E+00 0.000E+00
 0.000E+00 0.000E+00 0.000E+00 0.000E+00
      40.537070     -0.122311    -0.023584
 6
       4
     2     2     2     2
     0     1     1     1
 1.710E+00 1.625E+00 1.625E+00 1.625E+00
 0.000E+00 0.000E+00 0.000E+00 0.000E+00
 0.000E+00 0.000E+00 0.000E+00 0.000E+00
 0.000E+00 0.000E+00 0.000E+00 0.000E+00
      43.272348     -0.251398    -0.262262
 6
       4
     2     2     2     2
     0     1     1     1
 1.710E+00 1.625E+00 1.625E+00 1.625E+00
 0.000E+00 0.000E+00 0.000E+00 0.000E+00
 0.000E+00 0.000E+00 0.000E+00 0.000E+00
 0.000E+00 0.000E+00 0.000E+00 0.000E+00
      45.423370     -0.706733    -0.406626
 6
       4
     2     2     2     2
     0     1     1     1
 1.710E+00 1.625E+00 1.625E+00 1.625E+00
 0.000E+00 0.000E+00 0.000E+00 0.000E+00
 0.000E+00 0.000E+00 0.000E+00 0.000E+00
 0.000E+00 0.000E+00 0.000E+00 0.000E+00
      48.289414     -0.483502    -0.309902
 6
       4
     2     2     2     2
     0     1     1     1
 1.710E+00 1.625E+00 1.625E+00 1.625E+00
 0.000E+00 0.000E+00 0.000E+00 0.000E+00
 0.000E+00 0.000E+00 0.000E+00 0.000E+00
 0.000E+00 0.000E+00 0.000E+00 0.000E+00
      49.862232     -2.525298    0.758175
 6
       4
     2     2     2     2
     0     1     1     1
 1.710E+00 1.625E+00 1.625E+00 1.625E+00
 0.000E+00 0.000E+00 0.000E+00 0.000E+00
 0.000E+00 0.000E+00 0.000E+00 0.000E+00
 0.000E+00 0.000E+00 0.000E+00 0.000E+00
      49.379111     1.617248    -1.329874
 6
       4
     2     2     2     2
     0     1     1     1
 1.710E+00 1.625E+00 1.625E+00 1.625E+00
 0.000E+00 0.000E+00 0.000E+00 0.000E+00
 0.000E+00 0.000E+00 0.000E+00 0.000E+00
 0.000E+00 0.000E+00 0.000E+00 0.000E+00
      52.106061     1.789584    -1.127923
 6
       4
     2     2     2     2
     0     1     1     1
 1.710E+00 1.625E+00 1.625E+00 1.625E+00
 0.000E+00 0.000E+00 0.000E+00 0.000E+00
 0.000E+00 0.000E+00 0.000E+00 0.000E+00
 0.000E+00 0.000E+00 0.000E+00 0.000E+00
      52.453619     -2.178899    1.091566
 6
       4
     2     2     2     2
     0     1     1     1
 1.710E+00 1.625E+00 1.625E+00 1.625E+00
 0.000E+00 0.000E+00 0.000E+00 0.000E+00
 0.000E+00 0.000E+00 0.000E+00 0.000E+00
 0.000E+00 0.000E+00 0.000E+00 0.000E+00
      53.676527     0.013479    -0.057126
 6
       4
     2     2     2     2
     0     1     1     1
 1.710E+00 1.625E+00 1.625E+00 1.625E+00
 0.000E+00 0.000E+00 0.000E+00 0.000E+00
 0.000E+00 0.000E+00 0.000E+00 0.000E+00
 0.000E+00 0.000E+00 0.000E+00 0.000E+00
      56.516676     0.172634    -0.014764
 1
       1
     1
     0
 1.300E+00
 0.000E+00
 0.000E+00
 0.000E+00
      -4.615542     2.267777    1.014271
 1
       1
     1
     0
 1.300E+00
 0.000E+00
 0.000E+00
 0.000E+00
      -0.225110     2.940948    1.255290
 1
       1
     1
     0
 1.300E+00
 0.000E+00
 0.000E+00
 0.000E+00
      -6.866278     -2.425117    -0.222801
 1
       1
     1
     0
 1.300E+00
 0.000E+00
 0.000E+00
 0.000E+00
      -3.132557     -5.461355    -1.582742
 1
       1
     1
     0
 1.300E+00
 0.000E+00
 0.000E+00
 0.000E+00
      1.551433     -4.493047    -1.406381
 1
       1
     1
     0
 1.300E+00
 0.000E+00
 0.000E+00
 0.000E+00
      8.683758     4.452351    -1.303951
 1
       1
     1
     0
 1.300E+00
 0.000E+00
 0.000E+00
 0.000E+00
      9.332548     -3.254598    1.069787
 1
       1
     1
     0
 1.300E+00
 0.000E+00
 0.000E+00
 0.000E+00
      13.269945     4.821188    -1.217993
 1
       1
     1
     0
 1.300E+00
 0.000E+00
 0.000E+00
 0.000E+00
      13.858895     -2.769650    1.384164
 1
       1
     1
     0
 1.300E+00
 0.000E+00
 0.000E+00
 0.000E+00
      22.476278     4.211731    -2.523920
 1
       1
     1
     0
 1.300E+00
 0.000E+00
 0.000E+00
 0.000E+00
      27.143043     4.046973    -2.457883
 1
       1
     1
     0
 1.300E+00
 0.000E+00
 0.000E+00
 0.000E+00
      22.016368     -1.806431    2.743604
 1
       1
     1
     0
 1.300E+00
 0.000E+00
 0.000E+00
 0.000E+00
      26.807271     -2.323516    2.272305
 1
       1
     1
     0
 1.300E+00
 0.000E+00
 0.000E+00
 0.000E+00
      35.443595     3.687405    -0.952685
 1
       1
     1
     0
 1.300E+00
 0.000E+00
 0.000E+00
 0.000E+00
      35.475219     -3.959138    1.409705
 1
       1
     1
     0
 1.300E+00
 0.000E+00
 0.000E+00
 0.000E+00
      40.110067     3.912942    -0.881877
 1
       1
     1
     0
 1.300E+00
 0.000E+00
 0.000E+00
 0.000E+00
      40.152794     -4.053865    0.877549
 1
       1
     1
     0
 1.300E+00
 0.000E+00
 0.000E+00
 0.000E+00
      48.557473     3.201646    -2.162958
 1
       1
     1
     0
 1.300E+00
 0.000E+00
 0.000E+00
 0.000E+00
      48.934933     -4.129469    1.444440
 1
       1
     1
     0
 1.300E+00
 0.000E+00
 0.000E+00
 0.000E+00
      53.040950     3.348277    -1.996284
 1
       1
     1
     0
 1.300E+00
 0.000E+00
 0.000E+00
 0.000E+00
      53.630446     -3.402990    1.971562
 1
       1
     1
     0
 1.300E+00
 0.000E+00
 0.000E+00
 0.000E+00
      61.673872     3.965087    -1.416197
 1
       1
     1
     0
 1.300E+00
 0.000E+00
 0.000E+00
 0.000E+00
      61.888985     -3.587216    1.018164
 6
       4
     2     2     2     2
     0     1     1     1
 1.710E+00 1.625E+00 1.625E+00 1.625E+00
 0.000E+00 0.000E+00 0.000E+00 0.000E+00
 0.000E+00 0.000E+00 0.000E+00 0.000E+00
 0.000E+00 0.000E+00 0.000E+00 0.000E+00
      69.617439     0.312047    -0.060322
 1
       1
     1
     0
 1.300E+00
 0.000E+00
 0.000E+00
 0.000E+00
      66.435137     4.027212    -1.231096
 1
       1
     1
     0
 1.300E+00
 0.000E+00
 0.000E+00
 0.000E+00
      66.318010     -3.696306    0.934311
 6
       4
     2     2     2     2
     0     1     1     1
 1.710E+00 1.625E+00 1.625E+00 1.625E+00
 0.000E+00 0.000E+00 0.000E+00 0.000E+00
 0.000E+00 0.000E+00 0.000E+00 0.000E+00
 0.000E+00 0.000E+00 0.000E+00 0.000E+00
      58.688466     0.308012    -0.023085
 6
       4
     2     2     2     2
     0     1     1     1
 1.710E+00 1.625E+00 1.625E+00 1.625E+00
 0.000E+00 0.000E+00 0.000E+00 0.000E+00
 0.000E+00 0.000E+00 0.000E+00 0.000E+00
 0.000E+00 0.000E+00 0.000E+00 0.000E+00
      61.422684     0.146783    -0.030186
 6
       4
     2     2     2     2
     0     1     1     1
 1.710E+00 1.625E+00 1.625E+00 1.625E+00
 0.000E+00 0.000E+00 0.000E+00 0.000E+00
 0.000E+00 0.000E+00 0.000E+00 0.000E+00
 0.000E+00 0.000E+00 0.000E+00 0.000E+00
      62.769511     -1.996564    0.480606
 6
       4
     2     2     2     2
     0     1     1     1
 1.710E+00 1.625E+00 1.625E+00 1.625E+00
 0.000E+00 0.000E+00 0.000E+00 0.000E+00
 0.000E+00 0.000E+00 0.000E+00 0.000E+00
 0.000E+00 0.000E+00 0.000E+00 0.000E+00
      62.851612     2.424862    -0.924845
 6
       4
     2     2     2     2
     0     1     1     1
 1.710E+00 1.625E+00 1.625E+00 1.625E+00
 0.000E+00 0.000E+00 0.000E+00 0.000E+00
 0.000E+00 0.000E+00 0.000E+00 0.000E+00
 0.000E+00 0.000E+00 0.000E+00 0.000E+00
      65.381412     2.489844    -0.867688
 6
       4
     2     2     2     2
     0     1     1     1
 1.710E+00 1.625E+00 1.625E+00 1.625E+00
 0.000E+00 0.000E+00 0.000E+00 0.000E+00
 0.000E+00 0.000E+00 0.000E+00 0.000E+00
 0.000E+00 0.000E+00 0.000E+00 0.000E+00
      65.562106     -1.968977    0.534443
 6
       4
     2     2     2     2
     0     1     1     1
 1.710E+00 1.625E+00 1.625E+00 1.625E+00
 0.000E+00 0.000E+00 0.000E+00 0.000E+00
 0.000E+00 0.000E+00 0.000E+00 0.000E+00
 0.000E+00 0.000E+00 0.000E+00 0.000E+00
      66.817313     0.139568    -0.167666
 6
       4
     2     2     2     2
     0     1     1     1
 1.710E+00 1.625E+00 1.625E+00 1.625E+00
 0.000E+00 0.000E+00 0.000E+00 0.000E+00
 0.000E+00 0.000E+00 0.000E+00 0.000E+00
 0.000E+00 0.000E+00 0.000E+00 0.000E+00
      80.126782     -0.208231    0.510394
 6
       4
     2     2     2     2
     0     1     1     1
 1.710E+00 1.625E+00 1.625E+00 1.625E+00
 0.000E+00 0.000E+00 0.000E+00 0.000E+00
 0.000E+00 0.000E+00 0.000E+00 0.000E+00
 0.000E+00 0.000E+00 0.000E+00 0.000E+00
      78.858781     2.139837    -0.044641
 6
       4
     2     2     2     2
     0     1     1     1
 1.710E+00 1.625E+00 1.625E+00 1.625E+00
 0.000E+00 0.000E+00 0.000E+00 0.000E+00
 0.000E+00 0.000E+00 0.000E+00 0.000E+00
 0.000E+00 0.000E+00 0.000E+00 0.000E+00
      78.480846     -2.394837    1.022529
 6
       4
     2     2     2     2
     0     1     1     1
 1.710E+00 1.625E+00 1.625E+00 1.625E+00
 0.000E+00 0.000E+00 0.000E+00 0.000E+00
 0.000E+00 0.000E+00 0.000E+00 0.000E+00
 0.000E+00 0.000E+00 0.000E+00 0.000E+00
      76.161226     2.353727    -0.249440
 6
       4
     2     2     2     2
     0     1     1     1
 1.710E+00 1.625E+00 1.625E+00 1.625E+00
 0.000E+00 0.000E+00 0.000E+00 0.000E+00
 0.000E+00 0.000E+00 0.000E+00 0.000E+00
 0.000E+00 0.000E+00 0.000E+00 0.000E+00
      74.644662     0.185917    0.169062
 6
       4
     2     2     2     2
     0     1     1     1
 1.710E+00 1.625E+00 1.625E+00 1.625E+00
 0.000E+00 0.000E+00 0.000E+00 0.000E+00
 0.000E+00 0.000E+00 0.000E+00 0.000E+00
 0.000E+00 0.000E+00 0.000E+00 0.000E+00
      75.869241     -2.209494    0.820910
 6
       4
     2     2     2     2
     0     1     1     1
 1.710E+00 1.625E+00 1.625E+00 1.625E+00
 0.000E+00 0.000E+00 0.000E+00 0.000E+00
 0.000E+00 0.000E+00 0.000E+00 0.000E+00
 0.000E+00 0.000E+00 0.000E+00 0.000E+00
      82.874680     -0.308182    0.448619
 6
       4
     2     2     2     2
     0     1     1     1
 1.710E+00 1.625E+00 1.625E+00 1.625E+00
 0.000E+00 0.000E+00 0.000E+00 0.000E+00
 0.000E+00 0.000E+00 0.000E+00 0.000E+00
 0.000E+00 0.000E+00 0.000E+00 0.000E+00
      85.027123     -0.026358    0.344760
 6
       4
     2     2     2     2
     0     1     1     1
 1.710E+00 1.625E+00 1.625E+00 1.625E+00
 0.000E+00 0.000E+00 0.000E+00 0.000E+00
 0.000E+00 0.000E+00 0.000E+00 0.000E+00
 0.000E+00 0.000E+00 0.000E+00 0.000E+00
      87.832230     0.090945    0.122653
 6
       4
     2     2     2     2
     0     1     1     1
 1.710E+00 1.625E+00 1.625E+00 1.625E+00
 0.000E+00 0.000E+00 0.000E+00 0.000E+00
 0.000E+00 0.000E+00 0.000E+00 0.000E+00
 0.000E+00 0.000E+00 0.000E+00 0.000E+00
      89.125255     2.231863    -0.916946
 6
       4
     2     2     2     2
     0     1     1     1
 1.710E+00 1.625E+00 1.625E+00 1.625E+00
 0.000E+00 0.000E+00 0.000E+00 0.000E+00
 0.000E+00 0.000E+00 0.000E+00 0.000E+00
 0.000E+00 0.000E+00 0.000E+00 0.000E+00
      89.365989     -2.062430    0.689111
 6
       4
     2     2     2     2
     0     1     1     1
 1.710E+00 1.625E+00 1.625E+00 1.625E+00
 0.000E+00 0.000E+00 0.000E+00 0.000E+00
 0.000E+00 0.000E+00 0.000E+00 0.000E+00
 0.000E+00 0.000E+00 0.000E+00 0.000E+00
      91.832364     2.457785    -1.091413
 6
       4
     2     2     2     2
     0     1     1     1
 1.710E+00 1.625E+00 1.625E+00 1.625E+00
 0.000E+00 0.000E+00 0.000E+00 0.000E+00
 0.000E+00 0.000E+00 0.000E+00 0.000E+00
 0.000E+00 0.000E+00 0.000E+00 0.000E+00
      92.084263     -1.910358    0.462645
 6
       4
     2     2     2     2
     0     1     1     1
 1.710E+00 1.625E+00 1.625E+00 1.625E+00
 0.000E+00 0.000E+00 0.000E+00 0.000E+00
 0.000E+00 0.000E+00 0.000E+00 0.000E+00
 0.000E+00 0.000E+00 0.000E+00 0.000E+00
      93.343127     0.303284    -0.394940
 6
       4
     2     2     2     2
     0     1     1     1
 1.710E+00 1.625E+00 1.625E+00 1.625E+00
 0.000E+00 0.000E+00 0.000E+00 0.000E+00
 0.000E+00 0.000E+00 0.000E+00 0.000E+00
 0.000E+00 0.000E+00 0.000E+00 0.000E+00
      96.079843     0.356639    -0.243860
 6
       4
     2     2     2     2
     0     1     1     1
 1.710E+00 1.625E+00 1.625E+00 1.625E+00
 0.000E+00 0.000E+00 0.000E+00 0.000E+00
 0.000E+00 0.000E+00 0.000E+00 0.000E+00
 0.000E+00 0.000E+00 0.000E+00 0.000E+00
      98.254882     0.360979    -0.027482
 6
       4
     2     2     2     2
     0     1     1     1
 1.710E+00 1.625E+00 1.625E+00 1.625E+00
 0.000E+00 0.000E+00 0.000E+00 0.000E+00
 0.000E+00 0.000E+00 0.000E+00 0.000E+00
 0.000E+00 0.000E+00 0.000E+00 0.000E+00
      101.029151     0.456159    -0.040937
 6
       4
     2     2     2     2
     0     1     1     1
 1.710E+00 1.625E+00 1.625E+00 1.625E+00
 0.000E+00 0.000E+00 0.000E+00 0.000E+00
 0.000E+00 0.000E+00 0.000E+00 0.000E+00
 0.000E+00 0.000E+00 0.000E+00 0.000E+00
      102.623027     -1.777622    0.704705
 6
       4
     2     2     2     2
     0     1     1     1
 1.710E+00 1.625E+00 1.625E+00 1.625E+00
 0.000E+00 0.000E+00 0.000E+00 0.000E+00
 0.000E+00 0.000E+00 0.000E+00 0.000E+00
 0.000E+00 0.000E+00 0.000E+00 0.000E+00
      102.349718     2.647544    -0.652243
 6
       4
     2     2     2     2
     0     1     1     1
 1.710E+00 1.625E+00 1.625E+00 1.625E+00
 0.000E+00 0.000E+00 0.000E+00 0.000E+00
 0.000E+00 0.000E+00 0.000E+00 0.000E+00
 0.000E+00 0.000E+00 0.000E+00 0.000E+00
      105.135327     2.634191    -0.647913
 6
       4
     2     2     2     2
     0     1     1     1
 1.710E+00 1.625E+00 1.625E+00 1.625E+00
 0.000E+00 0.000E+00 0.000E+00 0.000E+00
 0.000E+00 0.000E+00 0.000E+00 0.000E+00
 0.000E+00 0.000E+00 0.000E+00 0.000E+00
      105.177566     -1.647663    0.847236
 6
       4
     2     2     2     2
     0     1     1     1
 1.710E+00 1.625E+00 1.625E+00 1.625E+00
 0.000E+00 0.000E+00 0.000E+00 0.000E+00
 0.000E+00 0.000E+00 0.000E+00 0.000E+00
 0.000E+00 0.000E+00 0.000E+00 0.000E+00
      106.582655     0.645256    0.307406
 6
       4
     2     2     2     2
     0     1     1     1
 1.710E+00 1.625E+00 1.625E+00 1.625E+00
 0.000E+00 0.000E+00 0.000E+00 0.000E+00
 0.000E+00 0.000E+00 0.000E+00 0.000E+00
 0.000E+00 0.000E+00 0.000E+00 0.000E+00
      109.403124     0.725203    0.327163
 6
       4
     2     2     2     2
     0     1     1     1
 1.710E+00 1.625E+00 1.625E+00 1.625E+00
 0.000E+00 0.000E+00 0.000E+00 0.000E+00
 0.000E+00 0.000E+00 0.000E+00 0.000E+00
 0.000E+00 0.000E+00 0.000E+00 0.000E+00
      111.527444     0.967581    -0.053188
 6
       4
     2     2     2     2
     0     1     1     1
 1.710E+00 1.625E+00 1.625E+00 1.625E+00
 0.000E+00 0.000E+00 0.000E+00 0.000E+00
 0.000E+00 0.000E+00 0.000E+00 0.000E+00
 0.000E+00 0.000E+00 0.000E+00 0.000E+00
      114.285726     0.905806    -0.128093
 6
       4
     2     2     2     2
     0     1     1     1
 1.710E+00 1.625E+00 1.625E+00 1.625E+00
 0.000E+00 0.000E+00 0.000E+00 0.000E+00
 0.000E+00 0.000E+00 0.000E+00 0.000E+00
 0.000E+00 0.000E+00 0.000E+00 0.000E+00
      115.498554     -1.456574    -0.538564
 6
       4
     2     2     2     2
     0     1     1     1
 1.710E+00 1.625E+00 1.625E+00 1.625E+00
 0.000E+00 0.000E+00 0.000E+00 0.000E+00
 0.000E+00 0.000E+00 0.000E+00 0.000E+00
 0.000E+00 0.000E+00 0.000E+00 0.000E+00
      115.918940     3.083422    0.532561
 6
       4
     2     2     2     2
     0     1     1     1
 1.710E+00 1.625E+00 1.625E+00 1.625E+00
 0.000E+00 0.000E+00 0.000E+00 0.000E+00
 0.000E+00 0.000E+00 0.000E+00 0.000E+00
 0.000E+00 0.000E+00 0.000E+00 0.000E+00
      118.513457     2.757945    0.642945
 6
       4
     2     2     2     2
     0     1     1     1
 1.710E+00 1.625E+00 1.625E+00 1.625E+00
 0.000E+00 0.000E+00 0.000E+00 0.000E+00
 0.000E+00 0.000E+00 0.000E+00 0.000E+00
 0.000E+00 0.000E+00 0.000E+00 0.000E+00
      118.132936     -1.724817    -0.465252
 6
       4
     2     2     2     2
     0     1     1     1
 1.710E+00 1.625E+00 1.625E+00 1.625E+00
 0.000E+00 0.000E+00 0.000E+00 0.000E+00
 0.000E+00 0.000E+00 0.000E+00 0.000E+00
 0.000E+00 0.000E+00 0.000E+00 0.000E+00
      119.777793     0.364942    0.095367
 6
       4
     2     2     2     2
     0     1     1     1
 1.710E+00 1.625E+00 1.625E+00 1.625E+00
 0.000E+00 0.000E+00 0.000E+00 0.000E+00
 0.000E+00 0.000E+00 0.000E+00 0.000E+00
 0.000E+00 0.000E+00 0.000E+00 0.000E+00
      122.550705     0.127585    0.094237
 6
       4
     2     2     2     2
     0     1     1     1
 1.710E+00 1.625E+00 1.625E+00 1.625E+00
 0.000E+00 0.000E+00 0.000E+00 0.000E+00
 0.000E+00 0.000E+00 0.000E+00 0.000E+00
 0.000E+00 0.000E+00 0.000E+00 0.000E+00
      124.717979     -0.002888    0.072371
 6
       4
     2     2     2     2
     0     1     1     1
 1.710E+00 1.625E+00 1.625E+00 1.625E+00
 0.000E+00 0.000E+00 0.000E+00 0.000E+00
 0.000E+00 0.000E+00 0.000E+00 0.000E+00
 0.000E+00 0.000E+00 0.000E+00 0.000E+00
      127.474609     -0.178366    -0.164259
 6
       4
     2     2     2     2
     0     1     1     1
 1.710E+00 1.625E+00 1.625E+00 1.625E+00
 0.000E+00 0.000E+00 0.000E+00 0.000E+00
 0.000E+00 0.000E+00 0.000E+00 0.000E+00
 0.000E+00 0.000E+00 0.000E+00 0.000E+00
      128.720012     -2.396454    -1.134563
 6
       4
     2     2     2     2
     0     1     1     1
 1.710E+00 1.625E+00 1.625E+00 1.625E+00
 0.000E+00 0.000E+00 0.000E+00 0.000E+00
 0.000E+00 0.000E+00 0.000E+00 0.000E+00
 0.000E+00 0.000E+00 0.000E+00 0.000E+00
      128.970123     1.983800    0.637087
 6
       4
     2     2     2     2
     0     1     1     1
 1.710E+00 1.625E+00 1.625E+00 1.625E+00
 0.000E+00 0.000E+00 0.000E+00 0.000E+00
 0.000E+00 0.000E+00 0.000E+00 0.000E+00
 0.000E+00 0.000E+00 0.000E+00 0.000E+00
      131.692013     1.777537    0.618517
 6
       4
     2     2     2     2
     0     1     1     1
 1.710E+00 1.625E+00 1.625E+00 1.625E+00
 0.000E+00 0.000E+00 0.000E+00 0.000E+00
 0.000E+00 0.000E+00 0.000E+00 0.000E+00
 0.000E+00 0.000E+00 0.000E+00 0.000E+00
      131.360902     -2.581020    -1.007849
 6
       4
     2     2     2     2
     0     1     1     1
 1.710E+00 1.625E+00 1.625E+00 1.625E+00
 0.000E+00 0.000E+00 0.000E+00 0.000E+00
 0.000E+00 0.000E+00 0.000E+00 0.000E+00
 0.000E+00 0.000E+00 0.000E+00 0.000E+00
      132.825839     -0.593576    0.016853
 6
       4
     2     2     2     2
     0     1     1     1
 1.710E+00 1.625E+00 1.625E+00 1.625E+00
 0.000E+00 0.000E+00 0.000E+00 0.000E+00
 0.000E+00 0.000E+00 0.000E+00 0.000E+00
 0.000E+00 0.000E+00 0.000E+00 0.000E+00
      135.634319     -0.849362    0.361692
 1
       1
     1
     0
 1.300E+00
 0.000E+00
 0.000E+00
 0.000E+00
      75.465924     4.045813    -0.751502
 1
       1
     1
     0
 1.300E+00
 0.000E+00
 0.000E+00
 0.000E+00
      80.076976     3.671866    -0.266742
 6
       4
     2     2     2     2
     0     1     1     1
 1.710E+00 1.625E+00 1.625E+00 1.625E+00
 0.000E+00 0.000E+00 0.000E+00 0.000E+00
 0.000E+00 0.000E+00 0.000E+00 0.000E+00
 0.000E+00 0.000E+00 0.000E+00 0.000E+00
      71.831369     0.305444    -0.015968
 1
       1
     1
     0
 1.300E+00
 0.000E+00
 0.000E+00
 0.000E+00
      74.793440     -3.725009    1.226340
 1
       1
     1
     0
 1.300E+00
 0.000E+00
 0.000E+00
 0.000E+00
      79.363748     -4.215397    1.369418
 1
       1
     1
     0
 1.300E+00
 0.000E+00
 0.000E+00
 0.000E+00
      88.096295     3.707098    -1.478471
 1
       1
     1
     0
 1.300E+00
 0.000E+00
 0.000E+00
 0.000E+00
      88.477715     -3.664080    1.262588
 1
       1
     1
     0
 1.300E+00
 0.000E+00
 0.000E+00
 0.000E+00
      92.648242     4.035771    -1.792672
 1
       1
     1
     0
 1.300E+00
 0.000E+00
 0.000E+00
 0.000E+00
      93.107111     -3.480802    0.843198
 1
       1
     1
     0
 1.300E+00
 0.000E+00
 0.000E+00
 0.000E+00
      101.382219     4.150982    -1.256570
 1
       1
     1
     0
 1.300E+00
 0.000E+00
 0.000E+00
 0.000E+00
      105.924051     4.344047    -1.271032
 1
       1
     1
     0
 1.300E+00
 0.000E+00
 0.000E+00
 0.000E+00
      101.626691     -3.442034    1.039701
 1
       1
     1
     0
 1.300E+00
 0.000E+00
 0.000E+00
 0.000E+00
      106.208738     -3.252825    1.382546
 1
       1
     1
     0
 1.300E+00
 0.000E+00
 0.000E+00
 0.000E+00
      115.145665     4.780466    1.005784
 1
       1
     1
     0
 1.300E+00
 0.000E+00
 0.000E+00
 0.000E+00
      114.286750     -3.014759    -0.941048
 1
       1
     1
     0
 1.300E+00
 0.000E+00
 0.000E+00
 0.000E+00
      119.604998     4.280764    1.035876
 1
       1
     1
     0
 1.300E+00
 0.000E+00
 0.000E+00
 0.000E+00
      118.923370     -3.549994    -0.727648
 1
       1
     1
     0
 1.300E+00
 0.000E+00
 0.000E+00
 0.000E+00
      127.854053     3.446452    1.064449
 1
       1
     1
     0
 1.300E+00
 0.000E+00
 0.000E+00
 0.000E+00
      127.501198     -3.735361    -1.669399
 1
       1
     1
     0
 1.300E+00
 0.000E+00
 0.000E+00
 0.000E+00
      132.634587     3.332339    1.158020
 1
       1
     1
     0
 1.300E+00
 0.000E+00
 0.000E+00
 0.000E+00
      132.026290     -4.315271    -1.649852
 1
       1
     1
     0
 1.300E+00
 0.000E+00
 0.000E+00
 0.000E+00
      141.048783     1.765917    2.922837
 1
       1
     1
     0
 1.300E+00
 0.000E+00
 0.000E+00
 0.000E+00
      140.799935     -4.037203    -2.507154
 1
       1
     1
     0
 1.300E+00
 0.000E+00
 0.000E+00
 0.000E+00
      148.401724     -1.367073    -0.180529
 1
       1
     1
     0
 1.300E+00
 0.000E+00
 0.000E+00
 0.000E+00
      145.755966     1.890964    2.980797
 1
       1
     1
     0
 1.300E+00
 0.000E+00
 0.000E+00
 0.000E+00
      145.295763     -4.180981    -2.581524
 6
       4
     2     2     2     2
     0     1     1     1
 1.710E+00 1.625E+00 1.625E+00 1.625E+00
 0.000E+00 0.000E+00 0.000E+00 0.000E+00
 0.000E+00 0.000E+00 0.000E+00 0.000E+00
 0.000E+00 0.000E+00 0.000E+00 0.000E+00
      137.818041     -1.131540    0.458206
 6
       4
     2     2     2     2
     0     1     1     1
 1.710E+00 1.625E+00 1.625E+00 1.625E+00
 0.000E+00 0.000E+00 0.000E+00 0.000E+00
 0.000E+00 0.000E+00 0.000E+00 0.000E+00
 0.000E+00 0.000E+00 0.000E+00 0.000E+00
      140.568798     -1.326552    0.366331
 6
       4
     2     2     2     2
     0     1     1     1
 1.710E+00 1.625E+00 1.625E+00 1.625E+00
 0.000E+00 0.000E+00 0.000E+00 0.000E+00
 0.000E+00 0.000E+00 0.000E+00 0.000E+00
 0.000E+00 0.000E+00 0.000E+00 0.000E+00
      141.721758     -2.941483    -1.262518
 6
       4
     2     2     2     2
     0     1     1     1
 1.710E+00 1.625E+00 1.625E+00 1.625E+00
 0.000E+00 0.000E+00 0.000E+00 0.000E+00
 0.000E+00 0.000E+00 0.000E+00 0.000E+00
 0.000E+00 0.000E+00 0.000E+00 0.000E+00
      142.101648     0.569788    1.905004
 6
       4
     2     2     2     2
     0     1     1     1
 1.710E+00 1.625E+00 1.625E+00 1.625E+00
 0.000E+00 0.000E+00 0.000E+00 0.000E+00
 0.000E+00 0.000E+00 0.000E+00 0.000E+00
 0.000E+00 0.000E+00 0.000E+00 0.000E+00
      144.667848     0.519429    1.962656
 6
       4
     2     2     2     2
     0     1     1     1
 1.710E+00 1.625E+00 1.625E+00 1.625E+00
 0.000E+00 0.000E+00 0.000E+00 0.000E+00
 0.000E+00 0.000E+00 0.000E+00 0.000E+00
 0.000E+00 0.000E+00 0.000E+00 0.000E+00
      144.594850     -3.019843    -1.252431
 6
       4
     2     2     2     2
     0     1     1     1
 1.710E+00 1.625E+00 1.625E+00 1.625E+00
 0.000E+00 0.000E+00 0.000E+00 0.000E+00
 0.000E+00 0.000E+00 0.000E+00 0.000E+00
 0.000E+00 0.000E+00 0.000E+00 0.000E+00
      145.958934     -1.376943    0.161061
# LCAO coefficients .. are not included.
         1
        1        -0.000096655126973   k=         1
        2        -0.000690982085806   k=         1
        3        -0.003797627638828   k=         1
        4        0.021337671469225   k=         1
        5        0.001066745389719   k=         1
        6        0.002195487557841   k=         1
        7        -0.011037903255171   k=         1
        8        0.019608034049692   k=         1
        9        -0.000996073452320   k=         1
        10        -0.002356001666369   k=         1
        11        -0.009636568525666   k=         1
        12        0.016212301731101   k=         1
        13        -0.000317772710465   k=         1
        14        -0.000547794851908   k=         1
        15        0.003001772003697   k=         1
        16        -0.006129614502070   k=         1
        17        0.000090746872781   k=         1
        18        -0.003425873193711   k=         1
        19        0.007647787078483   k=         1
        20        -0.026512385887662   k=         1
        21        0.000452103302579   k=         1
        22        0.001098067176085   k=         1
        23        0.003669360111083   k=         1
        24        -0.009878808208006   k=         1
        25        0.000820939738779   k=         1
        26        0.002762754331301   k=         1
        27        -0.005671872402750   k=         1
        28        -0.032184320211943   k=         1
        29        -0.000675501884365   k=         1
        30        0.000109872688818   k=         1
        31        -0.000115493811313   k=         1
        32        -0.023605312875041   k=         1
        33        0.000508360693958   k=         1
        34        -0.000054470588377   k=         1
        35        0.011353175893381   k=         1
        36        0.043726354080798   k=         1
        37        0.000034289958598   k=         1
        38        0.000784764484899   k=         1
        39        0.010041449517641   k=         1
        40        0.023375050862559   k=         1
        41        0.000605383852508   k=         1
        42        -0.002454161583203   k=         1
        43        0.007668256821505   k=         1
        44        0.024135313585328   k=         1
        45        -0.000847322844715   k=         1
        46        -0.000420604282065   k=         1
        47        -0.007903738881763   k=         1
        48        -0.023220080221648   k=         1
        49        0.000046591764087   k=         1
        50        0.003191841089891   k=         1
        51        -0.007036897893640   k=         1
        52        -0.024475342437780   k=         1
        53        0.000603258267862   k=         1
        54        0.007624807376982   k=         1
        55        -0.012509756662916   k=         1
        56        -0.039917576872057   k=         1
        57        0.000790155536320   k=         1
        58        -0.004201308727524   k=         1
        59        0.015276714495460   k=         1
        60        0.024630645323902   k=         1
        61        0.000274245704079   k=         1
        62        0.004330372937275   k=         1
        63        0.012647195368638   k=         1
        64        0.028687756209599   k=         1
        65        -0.000351441099696   k=         1
        66        -0.006986727589750   k=         1
        67        -0.022017869680502   k=         1
        68        -0.028791629997664   k=         1
        69        -0.000858575386642   k=         1
        70        -0.001306239013138   k=         1
        71        -0.014503474616660   k=         1
        72        -0.013949268181379   k=         1
        73        0.001193706425679   k=         1
        74        -0.000819666182243   k=         1
        75        -0.019795542496885   k=         1
        76        -0.018405550084477   k=         1
        77        -0.000489269649862   k=         1
        78        -0.001782150922727   k=         1
        79        0.015779790859125   k=         1
        80        0.016771891668330   k=         1
        81        0.000892496792305   k=         1
        82        0.002814208477368   k=         1
        83        0.014885382589163   k=         1
        84        0.018119089072183   k=         1
        85        0.000117742356478   k=         1
        86        0.003473510742065   k=         1
        87        0.019539456049754   k=         1
        88        0.029676941685323   k=         1
        89        -0.001542716060100   k=         1
        90        -0.004204125452595   k=         1
        91        -0.010930533368119   k=         1
        92        -0.031424189896976   k=         1
        93        0.002037272276428   k=         1
        94        -0.000912608376262   k=         1
        95        -0.012825308772313   k=         1
        96        -0.023905528251413   k=         1
        97        -0.000602195002923   k=         1
        98        -0.003491249730554   k=         1
        99        0.014406549086982   k=         1
        100        0.043036196015763   k=         1
        101        -0.000589681648410   k=         1
        102        0.001985982015664   k=         1
        103        0.008574355548150   k=         1
        104        0.027441948541634   k=         1
        105        0.000267655130493   k=         1
        106        -0.001977149470741   k=         1
        107        0.005204391482164   k=         1
        108        0.024416973620024   k=         1
        109        -0.000111712636525   k=         1
        110        0.000137246423565   k=         1
        111        -0.003764911623815   k=         1
        112        -0.020594629457071   k=         1
        113        0.000597219446116   k=         1
        114        -0.003167770318499   k=         1
        115        -0.005853654225024   k=         1
        116        -0.034106553553916   k=         1
        117        -0.000596272438337   k=         1
        118        -0.005492159735698   k=         1
        119        -0.011314680104681   k=         1
        120        -0.042533576792299   k=         1
        121        0.000758341301457   k=         1
        122        0.005212351077127   k=         1
        123        0.010065116481220   k=         1
        124        0.028647851390985   k=         1
        125        -0.001239878462333   k=         1
        126        0.001663357083349   k=         1
        127        0.010059094141711   k=         1
        128        0.034428488338200   k=         1
        129        -0.001023812477593   k=         1
        130        0.002242619959001   k=         1
        131        -0.015096830450579   k=         1
        132        -0.035505292192899   k=         1
        133        0.000238701643219   k=         1
        134        0.005344833490529   k=         1
        135        -0.010912467094164   k=         1
        136        -0.019311974309559   k=         1
        137        0.000781607567083   k=         1
        138        0.002009947270421   k=         1
        139        -0.013094794516557   k=         1
        140        -0.023419901589693   k=         1
        141        -0.000060953016961   k=         1
        142        -0.003047762761342   k=         1
        143        0.016368273005427   k=         1
        144        0.026024949920515   k=         1
        145        0.001083439461343   k=         1
        146        -0.003945887934674   k=         1
        147        0.011497943255007   k=         1
        148        0.016877536688975   k=         1
        149        -0.000562171043598   k=         1
        150        -0.001962734655525   k=         1
        151        0.017823897585283   k=         1
        152        0.034032391136687   k=         1
        153        0.000931945400337   k=         1
        154        0.001037710232313   k=         1
        155        -0.014092221283136   k=         1
        156        -0.035614411047807   k=         1
        157        0.001057335444831   k=         1
        158        -0.000894349238776   k=         1
        159        0.000943404929784   k=         1
        160        -0.001605001005282   k=         1
        161        0.000362345451127   k=         1
        162        0.000452518304793   k=         1
        163        0.000164473888157   k=         1
        164        -0.001238154476380   k=         1
        165        -0.000103449700681   k=         1
        166        -0.001924972330623   k=         1
        167        0.000894540290014   k=         1
        168        0.000199629521787   k=         1
        169        -0.001125847575655   k=         1
        170        -0.000908223835410   k=         1
        171        0.000260130827102   k=         1
        172        0.001202942028400   k=         1
        173        -0.000015022106645   k=         1
        174        -0.001393465740900   k=         1
        175        0.000300229661148   k=         1
        176        0.000197060547955   k=         1
        177        -0.001346055023481   k=         1
        178        -0.000179187213061   k=         1
        179        0.001415624722904   k=         1
        180        0.000677088450769   k=         1
        181        -0.001748336150232   k=         1
        182        0.012885747591521   k=         1
        183        0.048047533473817   k=         1
        184        0.000874030371113   k=         1
        185        -0.000814671205534   k=         1
        186        -0.001010245244835   k=         1
        187        -0.001310700191896   k=         1
        188        -0.013776589315467   k=         1
        189        -0.028250802228631   k=         1
        190        0.001546261890376   k=         1
        191        0.003953525107025   k=         1
        192        0.017091296221931   k=         1
        193        0.046666016968608   k=         1
        194        -0.000966795772438   k=         1
        195        0.001827932858765   k=         1
        196        0.008375029032750   k=         1
        197        0.034565547920714   k=         1
        198        0.000069847859137   k=         1
        199        -0.001246555068020   k=         1
        200        0.005230646971179   k=         1
        201        0.019785926133970   k=         1
        202        -0.000510796131081   k=         1
        203        0.001475101182721   k=         1
        204        -0.005651298750353   k=         1
        205        -0.024930073223201   k=         1
        206        -0.001206193818462   k=         1
        207        -0.000350998072412   k=         1
        208        -0.011094340255034   k=         1
        209        -0.039927386193534   k=         1
        210        0.000980932917387   k=         1
        211        0.001664600852541   k=         1
        212        -0.014680668915617   k=         1
        213        -0.044276144777800   k=         1
        214        -0.000061115243472   k=         1
        215        0.002235622977352   k=         1
        216        0.016519443833042   k=         1
        217        0.064709810711403   k=         1
        218        0.000444483769377   k=         1
        219        -0.003738091994499   k=         1
        220        0.008412250395642   k=         1
        221        0.048179658724118   k=         1
        222        -0.000009024463428   k=         1
        223        -0.003088014677070   k=         1
        224        0.006042454580516   k=         1
        225        0.037690137859300   k=         1
        226        -0.000038672130215   k=         1
        227        0.004524834835917   k=         1
        228        -0.008943328421788   k=         1
        229        -0.037130740220223   k=         1
        230        0.000099826684343   k=         1
        231        0.003308070205262   k=         1
        232        -0.016630617535635   k=         1
        233        -0.065039422165375   k=         1
        234        0.000796246841981   k=         1
        235        0.002734701477564   k=         1
        236        -0.009507747607548   k=         1
        237        -0.036026110920003   k=         1
        238        0.001725636774602   k=         1
        239        -0.001863310907953   k=         1
        240        -0.015155551193582   k=         1
        241        -0.045886852107797   k=         1
        242        -0.000852083564968   k=         1
        243        -0.001431869941540   k=         1
        244        -0.013699130018340   k=         1
        245        -0.051414538564944   k=         1
        246        0.001491084314463   k=         1
        247        0.004776859355188   k=         1
        248        0.020982498978851   k=         1
        249        0.056360201048213   k=         1
        250        -0.000330737245674   k=         1
        251        0.004735419867979   k=         1
        252        0.017434799447533   k=         1
        253        0.036190583943924   k=         1
        254        0.001013751712030   k=         1
        255        0.005347197066551   k=         1
        256        0.012614653542638   k=         1
        257        0.037746407582610   k=         1
        258        -0.000966633284606   k=         1
        259        -0.003991502502948   k=         1
        260        -0.013147977657584   k=         1
        261        -0.036228357946605   k=         1
        262        -0.001315860996301   k=         1
        263        -0.005720745094799   k=         1
        264        -0.014261226555181   k=         1
        265        -0.037424943198754   k=         1
        266        0.001897930532147   k=         1
        267        0.004151593514340   k=         1
        268        -0.019597718674731   k=         1
        269        -0.057948166923695   k=         1
        270        0.000078170007287   k=         1
        271        -0.006853770647638   k=         1
        272        0.012848240530652   k=         1
        273        0.043538049350994   k=         1
        274        0.001663866652388   k=         1
        275        -0.001567625670682   k=         1
        276        0.015296878579363   k=         1
        277        0.048111778261649   k=         1
        278        0.001138386179915   k=         1
        279        -0.000541792973648   k=         1
        280        -0.014291295086027   k=         1
        281        -0.051273229550481   k=         1
        282        -0.000548494965590   k=         1
        283        0.003617322718041   k=         1
        284        -0.009758271347451   k=         1
        285        -0.033925435853050   k=         1
        286        -0.000889976538120   k=         1
        287        0.001956861297915   k=         1
        288        -0.014008402030683   k=         1
        289        -0.039961767156684   k=         1
        290        -0.002059596065935   k=         1
        291        -0.004306003217335   k=         1
        292        0.018212611932681   k=         1
        293        0.034564476841654   k=         1
        294        0.001086111523167   k=         1
        295        -0.001463514933121   k=         1
        296        0.007959639613858   k=         1
        297        0.020791741868506   k=         1
        298        0.002047484105489   k=         1
        299        -0.003933766627733   k=         1
        300        0.016614021925588   k=         1
        301        0.053400695722035   k=         1
        302        -0.002913588621012   k=         1
        303        -0.003864911855108   k=         1
        304        0.001127008394812   k=         1
        305        -0.039347837232784   k=         1
        306        0.002022994758755   k=         1
        307        -0.006071787958694   k=         1
        308        -0.008904077363405   k=         1
        309        -0.039057119265165   k=         1
        310        -0.001243011244462   k=         1
        311        0.000952956854072   k=         1
        312        -0.007873379324918   k=         1
        313        0.048646954572208   k=         1
        314        -0.000924524359917   k=         1
        315        -0.000697312917611   k=         1
        316        -0.008997836880300   k=         1
        317        0.030812356776302   k=         1
        318        0.001326117416058   k=         1
        319        -0.006844414644095   k=         1
        320        -0.013090623906111   k=         1
        321        0.028520750431235   k=         1
        322        -0.000603099590060   k=         1
        323        0.004039885363119   k=         1
        324        0.005581926492734   k=         1
        325        -0.023960341543307   k=         1
        326        0.000178146218238   k=         1
        327        0.002154114960774   k=         1
        328        0.005604084038496   k=         1
        329        -0.029914347023729   k=         1
        330        0.000080643127966   k=         1
        331        0.002182209093359   k=         1
        332        0.011904445583199   k=         1
        333        -0.049528149514760   k=         1
        334        -0.000695165284991   k=         1
        335        -0.000485695254523   k=         1
        336        -0.009094802646712   k=         1
        337        0.026555142206036   k=         1
        338        0.000968610919820   k=         1
        339        0.002087907899307   k=         1
        340        -0.009647430508048   k=         1
        341        0.034948217341133   k=         1
        342        -0.000005296161806   k=         1
        343        -0.002348069345165   k=         1
        344        0.011497751153113   k=         1
        345        -0.028050837449129   k=         1
        346        0.000115232302905   k=         1
        347        -0.000402029913765   k=         1
        348        0.009894759139780   k=         1
        349        -0.023132042817701   k=         1
        350        -0.001143025038017   k=         1
        351        0.000028090477628   k=         1
        352        0.009172694848986   k=         1
        353        -0.024994864248760   k=         1
        354        0.000175011980453   k=         1
        355        -0.000466914754906   k=         1
        356        -0.004554644981793   k=         1
        357        0.014201816919529   k=         1
        358        0.000256830459611   k=         1
        359        -0.000648883308600   k=         1
        360        -0.005496799755481   k=         1
        361        0.014344769239022   k=         1
        362        0.000434451350238   k=         1
        363        -0.008043872909404   k=         1
        364        -0.011385636971939   k=         1
        365        0.031618430664778   k=         1
        366        -0.000534022445278   k=         1
        367        0.003667718118477   k=         1
        368        0.005269407778715   k=         1
        369        -0.011542573659531   k=         1
        370        0.000468063081657   k=         1
        371        -0.001566775365081   k=         1
        372        -0.000155756756656   k=         1
        373        -0.000651987889545   k=         1
        374        0.011897862994905   k=         1
        375        0.040107078390999   k=         1
        376        -0.001051494497276   k=         1
        377        -0.000344021852009   k=         1
        378        -0.000020700731827   k=         1
        379        -0.000540442695383   k=         1
        380        -0.001580089476359   k=         1
        381        -0.001052252102540   k=         1
        382        -0.001925325807305   k=         1
        383        0.001201059334481   k=         1
        384        0.000359720557578   k=         1
        385        -0.000282673629890   k=         1
        386        -0.000456662599421   k=         1
        387        0.000763730705898   k=         1
        388        0.002440196740457   k=         1
        389        -0.000387595803866   k=         1
        390        -0.000280227534760   k=         1
        391        -0.000179666248536   k=         1
        392        0.000810310096585   k=         1
        393        0.001108623155465   k=         1
        394        -0.000138987168513   k=         1
        395        0.000908709244254   k=         1
        396        -0.000717820354493   k=         1
        397        0.001215368829738   k=         1
        398        -0.000400040604866   k=         1
        399        -0.000410343898641   k=         1
        400        -0.000650702375422   k=         1
        401        0.008217136334981   k=         1
        402        -0.020643929726510   k=         1
        403        0.000032470811112   k=         1
        404        0.001640221258175   k=         1
        405        -0.005538318595134   k=         1
        406        0.008765983302231   k=         1
        407        -0.000687696319554   k=         1
        408        -0.000351843142561   k=         1
        409        -0.013224259890604   k=         1
        410        0.009997412852699   k=         1
        411        0.000605788145885   k=         1
        412        -0.002150800041346   k=         1
        413        -0.006547370051925   k=         1
        414        0.004083740555477   k=         1
        415        -0.000379169940147   k=         1
        416        0.000903615963445   k=         1
        417        0.002520358013888   k=         1
        418        -0.002638737580871   k=         1
        419        -0.000095245449572   k=         1
        420        0.000577953927040   k=         1
        421        0.002960826708678   k=         1
        422        -0.002352554474848   k=         1
        423        0.000034738510898   k=         1
        424        -0.001563143405644   k=         1
        425        0.008591384540109   k=         1
        426        -0.010353967004003   k=         1
