# file_format= v0.04.05
       144       426
    188.97268778      0.00000000      0.00000000    0
      0.00000000    188.97268778      0.00000000    0
      0.00000000      0.00000000    188.97268778    0
 6
       4
     2     2     2     2
     0     1     1     1
 1.710E+00 1.625E+00 1.625E+00 1.625E+00
 0.000E+00 0.000E+00 0.000E+00 0.000E+00
 0.000E+00 0.000E+00 0.000E+00 0.000E+00
 0.000E+00 0.000E+00 0.000E+00 0.000E+00
      0.869794     -0.732377    -0.152733
 6
       4
     2     2     2     2
     0     1     1     1
 1.710E+00 1.625E+00 1.625E+00 1.625E+00
 0.000E+00 0.000E+00 0.000E+00 0.000E+00
 0.000E+00 0.000E+00 0.000E+00 0.000E+00
 0.000E+00 0.000E+00 0.000E+00 0.000E+00
      -0.883301     1.294035    0.557259
 6
       4
     2     2     2     2
     0     1     1     1
 1.710E+00 1.625E+00 1.625E+00 1.625E+00
 0.000E+00 0.000E+00 0.000E+00 0.000E+00
 0.000E+00 0.000E+00 0.000E+00 0.000E+00
 0.000E+00 0.000E+00 0.000E+00 0.000E+00
      0.084868     -3.179872    -0.998733
 6
       4
     2     2     2     2
     0     1     1     1
 1.710E+00 1.625E+00 1.625E+00 1.625E+00
 0.000E+00 0.000E+00 0.000E+00 0.000E+00
 0.000E+00 0.000E+00 0.000E+00 0.000E+00
 0.000E+00 0.000E+00 0.000E+00 0.000E+00
      -3.461761     0.817960    0.441306
 6
       4
     2     2     2     2
     0     1     1     1
 1.710E+00 1.625E+00 1.625E+00 1.625E+00
 0.000E+00 0.000E+00 0.000E+00 0.000E+00
 0.000E+00 0.000E+00 0.000E+00 0.000E+00
 0.000E+00 0.000E+00 0.000E+00 0.000E+00
      -4.412707     -1.602815    -0.302385
 6
       4
     2     2     2     2
     0     1     1     1
 1.710E+00 1.625E+00 1.625E+00 1.625E+00
 0.000E+00 0.000E+00 0.000E+00 0.000E+00
 0.000E+00 0.000E+00 0.000E+00 0.000E+00
 0.000E+00 0.000E+00 0.000E+00 0.000E+00
      -2.577516     -3.678023    -1.105006
 6
       4
     2     2     2     2
     0     1     1     1
 1.710E+00 1.625E+00 1.625E+00 1.625E+00
 0.000E+00 0.000E+00 0.000E+00 0.000E+00
 0.000E+00 0.000E+00 0.000E+00 0.000E+00
 0.000E+00 0.000E+00 0.000E+00 0.000E+00
      3.567156     -0.238417    -0.054560
 6
       4
     2     2     2     2
     0     1     1     1
 1.710E+00 1.625E+00 1.625E+00 1.625E+00
 0.000E+00 0.000E+00 0.000E+00 0.000E+00
 0.000E+00 0.000E+00 0.000E+00 0.000E+00
 0.000E+00 0.000E+00 0.000E+00 0.000E+00
      5.813901     0.158935    0.094719
 6
       4
     2     2     2     2
     0     1     1     1
 1.710E+00 1.625E+00 1.625E+00 1.625E+00
 0.000E+00 0.000E+00 0.000E+00 0.000E+00
 0.000E+00 0.000E+00 0.000E+00 0.000E+00
 0.000E+00 0.000E+00 0.000E+00 0.000E+00
      8.545005     0.582854    0.057988
 6
       4
     2     2     2     2
     0     1     1     1
 1.710E+00 1.625E+00 1.625E+00 1.625E+00
 0.000E+00 0.000E+00 0.000E+00 0.000E+00
 0.000E+00 0.000E+00 0.000E+00 0.000E+00
 0.000E+00 0.000E+00 0.000E+00 0.000E+00
      9.833484     2.941854    -0.708347
 6
       4
     2     2     2     2
     0     1     1     1
 1.710E+00 1.625E+00 1.625E+00 1.625E+00
 0.000E+00 0.000E+00 0.000E+00 0.000E+00
 0.000E+00 0.000E+00 0.000E+00 0.000E+00
 0.000E+00 0.000E+00 0.000E+00 0.000E+00
      10.180118     -1.552516    0.688308
 6
       4
     2     2     2     2
     0     1     1     1
 1.710E+00 1.625E+00 1.625E+00 1.625E+00
 0.000E+00 0.000E+00 0.000E+00 0.000E+00
 0.000E+00 0.000E+00 0.000E+00 0.000E+00
 0.000E+00 0.000E+00 0.000E+00 0.000E+00
      12.502185     3.164348    -0.600417
 6
       4
     2     2     2     2
     0     1     1     1
 1.710E+00 1.625E+00 1.625E+00 1.625E+00
 0.000E+00 0.000E+00 0.000E+00 0.000E+00
 0.000E+00 0.000E+00 0.000E+00 0.000E+00
 0.000E+00 0.000E+00 0.000E+00 0.000E+00
      12.806099     -1.264202    0.826600
 6
       4
     2     2     2     2
     0     1     1     1
 1.710E+00 1.625E+00 1.625E+00 1.625E+00
 0.000E+00 0.000E+00 0.000E+00 0.000E+00
 0.000E+00 0.000E+00 0.000E+00 0.000E+00
 0.000E+00 0.000E+00 0.000E+00 0.000E+00
      14.066122     1.071469    0.247734
 6
       4
     2     2     2     2
     0     1     1     1
 1.710E+00 1.625E+00 1.625E+00 1.625E+00
 0.000E+00 0.000E+00 0.000E+00 0.000E+00
 0.000E+00 0.000E+00 0.000E+00 0.000E+00
 0.000E+00 0.000E+00 0.000E+00 0.000E+00
      16.860118     1.284345    0.504035
 6
       4
     2     2     2     2
     0     1     1     1
 1.710E+00 1.625E+00 1.625E+00 1.625E+00
 0.000E+00 0.000E+00 0.000E+00 0.000E+00
 0.000E+00 0.000E+00 0.000E+00 0.000E+00
 0.000E+00 0.000E+00 0.000E+00 0.000E+00
      19.101216     1.518733    0.366080
 6
       4
     2     2     2     2
     0     1     1     1
 1.710E+00 1.625E+00 1.625E+00 1.625E+00
 0.000E+00 0.000E+00 0.000E+00 0.000E+00
 0.000E+00 0.000E+00 0.000E+00 0.000E+00
 0.000E+00 0.000E+00 0.000E+00 0.000E+00
      21.917029     1.333198    0.232482
 6
       4
     2     2     2     2
     0     1     1     1
 1.710E+00 1.625E+00 1.625E+00 1.625E+00
 0.000E+00 0.000E+00 0.000E+00 0.000E+00
 0.000E+00 0.000E+00 0.000E+00 0.000E+00
 0.000E+00 0.000E+00 0.000E+00 0.000E+00
      23.125849     -0.676059    1.644060
 6
       4
     2     2     2     2
     0     1     1     1
 1.710E+00 1.625E+00 1.625E+00 1.625E+00
 0.000E+00 0.000E+00 0.000E+00 0.000E+00
 0.000E+00 0.000E+00 0.000E+00 0.000E+00
 0.000E+00 0.000E+00 0.000E+00 0.000E+00
      23.363193     2.884901    -1.394533
 6
       4
     2     2     2     2
     0     1     1     1
 1.710E+00 1.625E+00 1.625E+00 1.625E+00
 0.000E+00 0.000E+00 0.000E+00 0.000E+00
 0.000E+00 0.000E+00 0.000E+00 0.000E+00
 0.000E+00 0.000E+00 0.000E+00 0.000E+00
      26.138563     2.772190    -1.478622
 6
       4
     2     2     2     2
     0     1     1     1
 1.710E+00 1.625E+00 1.625E+00 1.625E+00
 0.000E+00 0.000E+00 0.000E+00 0.000E+00
 0.000E+00 0.000E+00 0.000E+00 0.000E+00
 0.000E+00 0.000E+00 0.000E+00 0.000E+00
      25.829584     -0.912987    1.402766
 6
       4
     2     2     2     2
     0     1     1     1
 1.710E+00 1.625E+00 1.625E+00 1.625E+00
 0.000E+00 0.000E+00 0.000E+00 0.000E+00
 0.000E+00 0.000E+00 0.000E+00 0.000E+00
 0.000E+00 0.000E+00 0.000E+00 0.000E+00
      27.303630     0.848033    -0.083908
 6
       4
     2     2     2     2
     0     1     1     1
 1.710E+00 1.625E+00 1.625E+00 1.625E+00
 0.000E+00 0.000E+00 0.000E+00 0.000E+00
 0.000E+00 0.000E+00 0.000E+00 0.000E+00
 0.000E+00 0.000E+00 0.000E+00 0.000E+00
      30.169568     0.560625    -0.011658
 6
       4
     2     2     2     2
     0     1     1     1
 1.710E+00 1.625E+00 1.625E+00 1.625E+00
 0.000E+00 0.000E+00 0.000E+00 0.000E+00
 0.000E+00 0.000E+00 0.000E+00 0.000E+00
 0.000E+00 0.000E+00 0.000E+00 0.000E+00
      32.256583     -0.055129    -0.063508
 6
       4
     2     2     2     2
     0     1     1     1
 1.710E+00 1.625E+00 1.625E+00 1.625E+00
 0.000E+00 0.000E+00 0.000E+00 0.000E+00
 0.000E+00 0.000E+00 0.000E+00 0.000E+00
 0.000E+00 0.000E+00 0.000E+00 0.000E+00
      34.990966     -0.192265    0.059785
 6
       4
     2     2     2     2
     0     1     1     1
 1.710E+00 1.625E+00 1.625E+00 1.625E+00
 0.000E+00 0.000E+00 0.000E+00 0.000E+00
 0.000E+00 0.000E+00 0.000E+00 0.000E+00
 0.000E+00 0.000E+00 0.000E+00 0.000E+00
      36.387959     -2.349615    0.787814
 6
       4
     2     2     2     2
     0     1     1     1
 1.710E+00 1.625E+00 1.625E+00 1.625E+00
 0.000E+00 0.000E+00 0.000E+00 0.000E+00
 0.000E+00 0.000E+00 0.000E+00 0.000E+00
 0.000E+00 0.000E+00 0.000E+00 0.000E+00
      36.497349     2.174464    -0.482606
 6
       4
     2     2     2     2
     0     1     1     1
 1.710E+00 1.625E+00 1.625E+00 1.625E+00
 0.000E+00 0.000E+00 0.000E+00 0.000E+00
 0.000E+00 0.000E+00 0.000E+00 0.000E+00
 0.000E+00 0.000E+00 0.000E+00 0.000E+00
      39.108059     2.237197    -0.513883
 6
       4
     2     2     2     2
     0     1     1     1
 1.710E+00 1.625E+00 1.625E+00 1.625E+00
 0.000E+00 0.000E+00 0.000E+00 0.000E+00
 0.000E+00 0.000E+00 0.000E+00 0.000E+00
 0.000E+00 0.000E+00 0.000E+00 0.000E+00
      39.163968     -2.331461    0.631116
 6
       4
     2     2     2     2
     0     1     1     1
 1.710E+00 1.625E+00 1.625E+00 1.625E+00
 0.000E+00 0.000E+00 0.000E+00 0.000E+00
 0.000E+00 0.000E+00 0.000E+00 0.000E+00
 0.000E+00 0.000E+00 0.000E+00 0.000E+00
      40.537446     -0.115154    -0.037207
 6
       4
     2     2     2     2
     0     1     1     1
 1.710E+00 1.625E+00 1.625E+00 1.625E+00
 0.000E+00 0.000E+00 0.000E+00 0.000E+00
 0.000E+00 0.000E+00 0.000E+00 0.000E+00
 0.000E+00 0.000E+00 0.000E+00 0.000E+00
      43.242566     -0.264800    -0.254488
 6
       4
     2     2     2     2
     0     1     1     1
 1.710E+00 1.625E+00 1.625E+00 1.625E+00
 0.000E+00 0.000E+00 0.000E+00 0.000E+00
 0.000E+00 0.000E+00 0.000E+00 0.000E+00
 0.000E+00 0.000E+00 0.000E+00 0.000E+00
      45.458576     -0.708230    -0.404687
 6
       4
     2     2     2     2
     0     1     1     1
 1.710E+00 1.625E+00 1.625E+00 1.625E+00
 0.000E+00 0.000E+00 0.000E+00 0.000E+00
 0.000E+00 0.000E+00 0.000E+00 0.000E+00
 0.000E+00 0.000E+00 0.000E+00 0.000E+00
      48.267610     -0.482118    -0.319604
 6
       4
     2     2     2     2
     0     1     1     1
 1.710E+00 1.625E+00 1.625E+00 1.625E+00
 0.000E+00 0.000E+00 0.000E+00 0.000E+00
 0.000E+00 0.000E+00 0.000E+00 0.000E+00
 0.000E+00 0.000E+00 0.000E+00 0.000E+00
      49.864179     -2.520637    0.753179
 6
       4
     2     2     2     2
     0     1     1     1
 1.710E+00 1.625E+00 1.625E+00 1.625E+00
 0.000E+00 0.000E+00 0.000E+00 0.000E+00
 0.000E+00 0.000E+00 0.000E+00 0.000E+00
 0.000E+00 0.000E+00 0.000E+00 0.000E+00
      49.395648     1.607367    -1.308146
 6
       4
     2     2     2     2
     0     1     1     1
 1.710E+00 1.625E+00 1.625E+00 1.625E+00
 0.000E+00 0.000E+00 0.000E+00 0.000E+00
 0.000E+00 0.000E+00 0.000E+00 0.000E+00
 0.000E+00 0.000E+00 0.000E+00 0.000E+00
      52.114217     1.775367    -1.117486
 6
       4
     2     2     2     2
     0     1     1     1
 1.710E+00 1.625E+00 1.625E+00 1.625E+00
 0.000E+00 0.000E+00 0.000E+00 0.000E+00
 0.000E+00 0.000E+00 0.000E+00 0.000E+00
 0.000E+00 0.000E+00 0.000E+00 0.000E+00
      52.441561     -2.138431    1.105221
 6
       4
     2     2     2     2
     0     1     1     1
 1.710E+00 1.625E+00 1.625E+00 1.625E+00
 0.000E+00 0.000E+00 0.000E+00 0.000E+00
 0.000E+00 0.000E+00 0.000E+00 0.000E+00
 0.000E+00 0.000E+00 0.000E+00 0.000E+00
      53.697191     0.012922    -0.048292
 6
       4
     2     2     2     2
     0     1     1     1
 1.710E+00 1.625E+00 1.625E+00 1.625E+00
 0.000E+00 0.000E+00 0.000E+00 0.000E+00
 0.000E+00 0.000E+00 0.000E+00 0.000E+00
 0.000E+00 0.000E+00 0.000E+00 0.000E+00
      56.494526     0.171680    -0.009963
 1
       1
     1
     0
 1.300E+00
 0.000E+00
 0.000E+00
 0.000E+00
      -4.701684     2.352743    1.081090
 1
       1
     1
     0
 1.300E+00
 0.000E+00
 0.000E+00
 0.000E+00
      -0.144861     2.983063    1.268611
 1
       1
     1
     0
 1.300E+00
 0.000E+00
 0.000E+00
 0.000E+00
      -6.441670     -2.253128    -0.229201
 1
       1
     1
     0
 1.300E+00
 0.000E+00
 0.000E+00
 0.000E+00
      -3.210661     -5.542321    -1.589783
 1
       1
     1
     0
 1.300E+00
 0.000E+00
 0.000E+00
 0.000E+00
      1.626060     -4.579847    -1.434618
 1
       1
     1
     0
 1.300E+00
 0.000E+00
 0.000E+00
 0.000E+00
      8.696149     4.613630    -1.367844
 1
       1
     1
     0
 1.300E+00
 0.000E+00
 0.000E+00
 0.000E+00
      9.302976     -3.359710    1.084669
 1
       1
     1
     0
 1.300E+00
 0.000E+00
 0.000E+00
 0.000E+00
      13.316668     4.944423    -1.239999
 1
       1
     1
     0
 1.300E+00
 0.000E+00
 0.000E+00
 0.000E+00
      13.893290     -2.871953    1.418734
 1
       1
     1
     0
 1.300E+00
 0.000E+00
 0.000E+00
 0.000E+00
      22.386900     4.295234    -2.612894
 1
       1
     1
     0
 1.300E+00
 0.000E+00
 0.000E+00
 0.000E+00
      27.163108     4.088235    -2.500149
 1
       1
     1
     0
 1.300E+00
 0.000E+00
 0.000E+00
 0.000E+00
      21.955810     -1.871273    2.825683
 1
       1
     1
     0
 1.300E+00
 0.000E+00
 0.000E+00
 0.000E+00
      26.902222     -2.406275    2.341792
 1
       1
     1
     0
 1.300E+00
 0.000E+00
 0.000E+00
 0.000E+00
      35.411949     3.782683    -0.959108
 1
       1
     1
     0
 1.300E+00
 0.000E+00
 0.000E+00
 0.000E+00
      35.382438     -4.041667    1.433856
 1
       1
     1
     0
 1.300E+00
 0.000E+00
 0.000E+00
 0.000E+00
      40.143916     4.064415    -0.883940
 1
       1
     1
     0
 1.300E+00
 0.000E+00
 0.000E+00
 0.000E+00
      40.253974     -4.120925    0.889042
 1
       1
     1
     0
 1.300E+00
 0.000E+00
 0.000E+00
 0.000E+00
      48.427003     3.298787    -2.150263
 1
       1
     1
     0
 1.300E+00
 0.000E+00
 0.000E+00
 0.000E+00
      48.878649     -4.267436    1.456372
 1
       1
     1
     0
 1.300E+00
 0.000E+00
 0.000E+00
 0.000E+00
      53.111318     3.481779    -1.990360
 1
       1
     1
     0
 1.300E+00
 0.000E+00
 0.000E+00
 0.000E+00
      53.684097     -3.450823    2.056069
 1
       1
     1
     0
 1.300E+00
 0.000E+00
 0.000E+00
 0.000E+00
      61.588184     4.035037    -1.457400
 1
       1
     1
     0
 1.300E+00
 0.000E+00
 0.000E+00
 0.000E+00
      61.822304     -3.685064    1.095319
 6
       4
     2     2     2     2
     0     1     1     1
 1.710E+00 1.625E+00 1.625E+00 1.625E+00
 0.000E+00 0.000E+00 0.000E+00 0.000E+00
 0.000E+00 0.000E+00 0.000E+00 0.000E+00
 0.000E+00 0.000E+00 0.000E+00 0.000E+00
      69.561579     0.304410    -0.035807
 1
       1
     1
     0
 1.300E+00
 0.000E+00
 0.000E+00
 0.000E+00
      66.464643     4.063087    -1.267949
 1
       1
     1
     0
 1.300E+00
 0.000E+00
 0.000E+00
 0.000E+00
      66.436322     -3.717533    1.006513
 6
       4
     2     2     2     2
     0     1     1     1
 1.710E+00 1.625E+00 1.625E+00 1.625E+00
 0.000E+00 0.000E+00 0.000E+00 0.000E+00
 0.000E+00 0.000E+00 0.000E+00 0.000E+00
 0.000E+00 0.000E+00 0.000E+00 0.000E+00
      58.695571     0.316665    -0.019589
 6
       4
     2     2     2     2
     0     1     1     1
 1.710E+00 1.625E+00 1.625E+00 1.625E+00
 0.000E+00 0.000E+00 0.000E+00 0.000E+00
 0.000E+00 0.000E+00 0.000E+00 0.000E+00
 0.000E+00 0.000E+00 0.000E+00 0.000E+00
      61.408152     0.145299    -0.023983
 6
       4
     2     2     2     2
     0     1     1     1
 1.710E+00 1.625E+00 1.625E+00 1.625E+00
 0.000E+00 0.000E+00 0.000E+00 0.000E+00
 0.000E+00 0.000E+00 0.000E+00 0.000E+00
 0.000E+00 0.000E+00 0.000E+00 0.000E+00
      62.780970     -1.988904    0.476232
 6
       4
     2     2     2     2
     0     1     1     1
 1.710E+00 1.625E+00 1.625E+00 1.625E+00
 0.000E+00 0.000E+00 0.000E+00 0.000E+00
 0.000E+00 0.000E+00 0.000E+00 0.000E+00
 0.000E+00 0.000E+00 0.000E+00 0.000E+00
      62.868557     2.395250    -0.916013
 6
       4
     2     2     2     2
     0     1     1     1
 1.710E+00 1.625E+00 1.625E+00 1.625E+00
 0.000E+00 0.000E+00 0.000E+00 0.000E+00
 0.000E+00 0.000E+00 0.000E+00 0.000E+00
 0.000E+00 0.000E+00 0.000E+00 0.000E+00
      65.383741     2.465832    -0.858325
 6
       4
     2     2     2     2
     0     1     1     1
 1.710E+00 1.625E+00 1.625E+00 1.625E+00
 0.000E+00 0.000E+00 0.000E+00 0.000E+00
 0.000E+00 0.000E+00 0.000E+00 0.000E+00
 0.000E+00 0.000E+00 0.000E+00 0.000E+00
      65.543679     -1.966090    0.514051
 6
       4
     2     2     2     2
     0     1     1     1
 1.710E+00 1.625E+00 1.625E+00 1.625E+00
 0.000E+00 0.000E+00 0.000E+00 0.000E+00
 0.000E+00 0.000E+00 0.000E+00 0.000E+00
 0.000E+00 0.000E+00 0.000E+00 0.000E+00
      66.821017     0.112588    -0.159727
 6
       4
     2     2     2     2
     0     1     1     1
 1.710E+00 1.625E+00 1.625E+00 1.625E+00
 0.000E+00 0.000E+00 0.000E+00 0.000E+00
 0.000E+00 0.000E+00 0.000E+00 0.000E+00
 0.000E+00 0.000E+00 0.000E+00 0.000E+00
      80.120636     -0.214312    0.501564
 6
       4
     2     2     2     2
     0     1     1     1
 1.710E+00 1.625E+00 1.625E+00 1.625E+00
 0.000E+00 0.000E+00 0.000E+00 0.000E+00
 0.000E+00 0.000E+00 0.000E+00 0.000E+00
 0.000E+00 0.000E+00 0.000E+00 0.000E+00
      78.858016     2.113080    -0.047003
 6
       4
     2     2     2     2
     0     1     1     1
 1.710E+00 1.625E+00 1.625E+00 1.625E+00
 0.000E+00 0.000E+00 0.000E+00 0.000E+00
 0.000E+00 0.000E+00 0.000E+00 0.000E+00
 0.000E+00 0.000E+00 0.000E+00 0.000E+00
      78.465626     -2.373783    1.010399
 6
       4
     2     2     2     2
     0     1     1     1
 1.710E+00 1.625E+00 1.625E+00 1.625E+00
 0.000E+00 0.000E+00 0.000E+00 0.000E+00
 0.000E+00 0.000E+00 0.000E+00 0.000E+00
 0.000E+00 0.000E+00 0.000E+00 0.000E+00
      76.155003     2.355097    -0.264505
 6
       4
     2     2     2     2
     0     1     1     1
 1.710E+00 1.625E+00 1.625E+00 1.625E+00
 0.000E+00 0.000E+00 0.000E+00 0.000E+00
 0.000E+00 0.000E+00 0.000E+00 0.000E+00
 0.000E+00 0.000E+00 0.000E+00 0.000E+00
      74.627224     0.182075    0.166390
 6
       4
     2     2     2     2
     0     1     1     1
 1.710E+00 1.625E+00 1.625E+00 1.625E+00
 0.000E+00 0.000E+00 0.000E+00 0.000E+00
 0.000E+00 0.000E+00 0.000E+00 0.000E+00
 0.000E+00 0.000E+00 0.000E+00 0.000E+00
      75.859372     -2.173262    0.817700
 6
       4
     2     2     2     2
     0     1     1     1
 1.710E+00 1.625E+00 1.625E+00 1.625E+00
 0.000E+00 0.000E+00 0.000E+00 0.000E+00
 0.000E+00 0.000E+00 0.000E+00 0.000E+00
 0.000E+00 0.000E+00 0.000E+00 0.000E+00
      82.854496     -0.322775    0.436680
 6
       4
     2     2     2     2
     0     1     1     1
 1.710E+00 1.625E+00 1.625E+00 1.625E+00
 0.000E+00 0.000E+00 0.000E+00 0.000E+00
 0.000E+00 0.000E+00 0.000E+00 0.000E+00
 0.000E+00 0.000E+00 0.000E+00 0.000E+00
      85.060955     -0.003409    0.328491
 6
       4
     2     2     2     2
     0     1     1     1
 1.710E+00 1.625E+00 1.625E+00 1.625E+00
 0.000E+00 0.000E+00 0.000E+00 0.000E+00
 0.000E+00 0.000E+00 0.000E+00 0.000E+00
 0.000E+00 0.000E+00 0.000E+00 0.000E+00
      87.834334     0.094403    0.115893
 6
       4
     2     2     2     2
     0     1     1     1
 1.710E+00 1.625E+00 1.625E+00 1.625E+00
 0.000E+00 0.000E+00 0.000E+00 0.000E+00
 0.000E+00 0.000E+00 0.000E+00 0.000E+00
 0.000E+00 0.000E+00 0.000E+00 0.000E+00
      89.120126     2.219787    -0.908622
 6
       4
     2     2     2     2
     0     1     1     1
 1.710E+00 1.625E+00 1.625E+00 1.625E+00
 0.000E+00 0.000E+00 0.000E+00 0.000E+00
 0.000E+00 0.000E+00 0.000E+00 0.000E+00
 0.000E+00 0.000E+00 0.000E+00 0.000E+00
      89.378123     -2.038260    0.705839
 6
       4
     2     2     2     2
     0     1     1     1
 1.710E+00 1.625E+00 1.625E+00 1.625E+00
 0.000E+00 0.000E+00 0.000E+00 0.000E+00
 0.000E+00 0.000E+00 0.000E+00 0.000E+00
 0.000E+00 0.000E+00 0.000E+00 0.000E+00
      91.831541     2.437482    -1.091462
 6
       4
     2     2     2     2
     0     1     1     1
 1.710E+00 1.625E+00 1.625E+00 1.625E+00
 0.000E+00 0.000E+00 0.000E+00 0.000E+00
 0.000E+00 0.000E+00 0.000E+00 0.000E+00
 0.000E+00 0.000E+00 0.000E+00 0.000E+00
      92.091104     -1.895493    0.446332
 6
       4
     2     2     2     2
     0     1     1     1
 1.710E+00 1.625E+00 1.625E+00 1.625E+00
 0.000E+00 0.000E+00 0.000E+00 0.000E+00
 0.000E+00 0.000E+00 0.000E+00 0.000E+00
 0.000E+00 0.000E+00 0.000E+00 0.000E+00
      93.354871     0.292405    -0.421566
 6
       4
     2     2     2     2
     0     1     1     1
 1.710E+00 1.625E+00 1.625E+00 1.625E+00
 0.000E+00 0.000E+00 0.000E+00 0.000E+00
 0.000E+00 0.000E+00 0.000E+00 0.000E+00
 0.000E+00 0.000E+00 0.000E+00 0.000E+00
      96.057864     0.377662    -0.246237
 6
       4
     2     2     2     2
     0     1     1     1
 1.710E+00 1.625E+00 1.625E+00 1.625E+00
 0.000E+00 0.000E+00 0.000E+00 0.000E+00
 0.000E+00 0.000E+00 0.000E+00 0.000E+00
 0.000E+00 0.000E+00 0.000E+00 0.000E+00
      98.287081     0.349282    -0.010352
 6
       4
     2     2     2     2
     0     1     1     1
 1.710E+00 1.625E+00 1.625E+00 1.625E+00
 0.000E+00 0.000E+00 0.000E+00 0.000E+00
 0.000E+00 0.000E+00 0.000E+00 0.000E+00
 0.000E+00 0.000E+00 0.000E+00 0.000E+00
      101.025887     0.450116    -0.032588
 6
       4
     2     2     2     2
     0     1     1     1
 1.710E+00 1.625E+00 1.625E+00 1.625E+00
 0.000E+00 0.000E+00 0.000E+00 0.000E+00
 0.000E+00 0.000E+00 0.000E+00 0.000E+00
 0.000E+00 0.000E+00 0.000E+00 0.000E+00
      102.621052     -1.771049    0.701907
 6
       4
     2     2     2     2
     0     1     1     1
 1.710E+00 1.625E+00 1.625E+00 1.625E+00
 0.000E+00 0.000E+00 0.000E+00 0.000E+00
 0.000E+00 0.000E+00 0.000E+00 0.000E+00
 0.000E+00 0.000E+00 0.000E+00 0.000E+00
      102.363333     2.615039    -0.636154
 6
       4
     2     2     2     2
     0     1     1     1
 1.710E+00 1.625E+00 1.625E+00 1.625E+00
 0.000E+00 0.000E+00 0.000E+00 0.000E+00
 0.000E+00 0.000E+00 0.000E+00 0.000E+00
 0.000E+00 0.000E+00 0.000E+00 0.000E+00
      105.130181     2.600399    -0.663929
 6
       4
     2     2     2     2
     0     1     1     1
 1.710E+00 1.625E+00 1.625E+00 1.625E+00
 0.000E+00 0.000E+00 0.000E+00 0.000E+00
 0.000E+00 0.000E+00 0.000E+00 0.000E+00
 0.000E+00 0.000E+00 0.000E+00 0.000E+00
      105.185879     -1.647161    0.833416
 6
       4
     2     2     2     2
     0     1     1     1
 1.710E+00 1.625E+00 1.625E+00 1.625E+00
 0.000E+00 0.000E+00 0.000E+00 0.000E+00
 0.000E+00 0.000E+00 0.000E+00 0.000E+00
 0.000E+00 0.000E+00 0.000E+00 0.000E+00
      106.604902     0.617857    0.289219
 6
       4
     2     2     2     2
     0     1     1     1
 1.710E+00 1.625E+00 1.625E+00 1.625E+00
 0.000E+00 0.000E+00 0.000E+00 0.000E+00
 0.000E+00 0.000E+00 0.000E+00 0.000E+00
 0.000E+00 0.000E+00 0.000E+00 0.000E+00
      109.383826     0.700257    0.336479
 6
       4
     2     2     2     2
     0     1     1     1
 1.710E+00 1.625E+00 1.625E+00 1.625E+00
 0.000E+00 0.000E+00 0.000E+00 0.000E+00
 0.000E+00 0.000E+00 0.000E+00 0.000E+00
 0.000E+00 0.000E+00 0.000E+00 0.000E+00
      111.548764     0.964945    -0.075667
 6
       4
     2     2     2     2
     0     1     1     1
 1.710E+00 1.625E+00 1.625E+00 1.625E+00
 0.000E+00 0.000E+00 0.000E+00 0.000E+00
 0.000E+00 0.000E+00 0.000E+00 0.000E+00
 0.000E+00 0.000E+00 0.000E+00 0.000E+00
      114.291987     0.915508    -0.102586
 6
       4
     2     2     2     2
     0     1     1     1
 1.710E+00 1.625E+00 1.625E+00 1.625E+00
 0.000E+00 0.000E+00 0.000E+00 0.000E+00
 0.000E+00 0.000E+00 0.000E+00 0.000E+00
 0.000E+00 0.000E+00 0.000E+00 0.000E+00
      115.499790     -1.426303    -0.519510
 6
       4
     2     2     2     2
     0     1     1     1
 1.710E+00 1.625E+00 1.625E+00 1.625E+00
 0.000E+00 0.000E+00 0.000E+00 0.000E+00
 0.000E+00 0.000E+00 0.000E+00 0.000E+00
 0.000E+00 0.000E+00 0.000E+00 0.000E+00
      115.924644     3.068382    0.540163
 6
       4
     2     2     2     2
     0     1     1     1
 1.710E+00 1.625E+00 1.625E+00 1.625E+00
 0.000E+00 0.000E+00 0.000E+00 0.000E+00
 0.000E+00 0.000E+00 0.000E+00 0.000E+00
 0.000E+00 0.000E+00 0.000E+00 0.000E+00
      118.512032     2.740409    0.634544
 6
       4
     2     2     2     2
     0     1     1     1
 1.710E+00 1.625E+00 1.625E+00 1.625E+00
 0.000E+00 0.000E+00 0.000E+00 0.000E+00
 0.000E+00 0.000E+00 0.000E+00 0.000E+00
 0.000E+00 0.000E+00 0.000E+00 0.000E+00
      118.131299     -1.717330    -0.466566
 6
       4
     2     2     2     2
     0     1     1     1
 1.710E+00 1.625E+00 1.625E+00 1.625E+00
 0.000E+00 0.000E+00 0.000E+00 0.000E+00
 0.000E+00 0.000E+00 0.000E+00 0.000E+00
 0.000E+00 0.000E+00 0.000E+00 0.000E+00
      119.786567     0.384126    0.111394
 6
       4
     2     2     2     2
     0     1     1     1
 1.710E+00 1.625E+00 1.625E+00 1.625E+00
 0.000E+00 0.000E+00 0.000E+00 0.000E+00
 0.000E+00 0.000E+00 0.000E+00 0.000E+00
 0.000E+00 0.000E+00 0.000E+00 0.000E+00
      122.524803     0.129433    0.101520
 6
       4
     2     2     2     2
     0     1     1     1
 1.710E+00 1.625E+00 1.625E+00 1.625E+00
 0.000E+00 0.000E+00 0.000E+00 0.000E+00
 0.000E+00 0.000E+00 0.000E+00 0.000E+00
 0.000E+00 0.000E+00 0.000E+00 0.000E+00
      124.720084     -0.016443    0.070655
 6
       4
     2     2     2     2
     0     1     1     1
 1.710E+00 1.625E+00 1.625E+00 1.625E+00
 0.000E+00 0.000E+00 0.000E+00 0.000E+00
 0.000E+00 0.000E+00 0.000E+00 0.000E+00
 0.000E+00 0.000E+00 0.000E+00 0.000E+00
      127.457726     -0.195420    -0.160232
 6
       4
     2     2     2     2
     0     1     1     1
 1.710E+00 1.625E+00 1.625E+00 1.625E+00
 0.000E+00 0.000E+00 0.000E+00 0.000E+00
 0.000E+00 0.000E+00 0.000E+00 0.000E+00
 0.000E+00 0.000E+00 0.000E+00 0.000E+00
      128.721110     -2.374327    -1.129383
 6
       4
     2     2     2     2
     0     1     1     1
 1.710E+00 1.625E+00 1.625E+00 1.625E+00
 0.000E+00 0.000E+00 0.000E+00 0.000E+00
 0.000E+00 0.000E+00 0.000E+00 0.000E+00
 0.000E+00 0.000E+00 0.000E+00 0.000E+00
      128.964851     1.944539    0.614654
 6
       4
     2     2     2     2
     0     1     1     1
 1.710E+00 1.625E+00 1.625E+00 1.625E+00
 0.000E+00 0.000E+00 0.000E+00 0.000E+00
 0.000E+00 0.000E+00 0.000E+00 0.000E+00
 0.000E+00 0.000E+00 0.000E+00 0.000E+00
      131.692211     1.767929    0.600574
 6
       4
     2     2     2     2
     0     1     1     1
 1.710E+00 1.625E+00 1.625E+00 1.625E+00
 0.000E+00 0.000E+00 0.000E+00 0.000E+00
 0.000E+00 0.000E+00 0.000E+00 0.000E+00
 0.000E+00 0.000E+00 0.000E+00 0.000E+00
      131.365094     -2.569893    -1.017816
 6
       4
     2     2     2     2
     0     1     1     1
 1.710E+00 1.625E+00 1.625E+00 1.625E+00
 0.000E+00 0.000E+00 0.000E+00 0.000E+00
 0.000E+00 0.000E+00 0.000E+00 0.000E+00
 0.000E+00 0.000E+00 0.000E+00 0.000E+00
      132.849519     -0.609117    0.014540
 6
       4
     2     2     2     2
     0     1     1     1
 1.710E+00 1.625E+00 1.625E+00 1.625E+00
 0.000E+00 0.000E+00 0.000E+00 0.000E+00
 0.000E+00 0.000E+00 0.000E+00 0.000E+00
 0.000E+00 0.000E+00 0.000E+00 0.000E+00
      135.613153     -0.849770    0.354690
 1
       1
     1
     0
 1.300E+00
 0.000E+00
 0.000E+00
 0.000E+00
      75.437557     4.069119    -0.773945
 1
       1
     1
     0
 1.300E+00
 0.000E+00
 0.000E+00
 0.000E+00
      80.088800     3.807909    -0.339807
 6
       4
     2     2     2     2
     0     1     1     1
 1.710E+00 1.625E+00 1.625E+00 1.625E+00
 0.000E+00 0.000E+00 0.000E+00 0.000E+00
 0.000E+00 0.000E+00 0.000E+00 0.000E+00
 0.000E+00 0.000E+00 0.000E+00 0.000E+00
      71.851419     0.300508    -0.016958
 1
       1
     1
     0
 1.300E+00
 0.000E+00
 0.000E+00
 0.000E+00
      74.706468     -3.774597    1.254081
 1
       1
     1
     0
 1.300E+00
 0.000E+00
 0.000E+00
 0.000E+00
      79.426294     -4.291296    1.434372
 1
       1
     1
     0
 1.300E+00
 0.000E+00
 0.000E+00
 0.000E+00
      87.990663     3.735489    -1.539673
 1
       1
     1
     0
 1.300E+00
 0.000E+00
 0.000E+00
 0.000E+00
      88.456452     -3.767707    1.295496
 1
       1
     1
     0
 1.300E+00
 0.000E+00
 0.000E+00
 0.000E+00
      92.713026     4.140410    -1.866174
 1
       1
     1
     0
 1.300E+00
 0.000E+00
 0.000E+00
 0.000E+00
      93.230582     -3.556153    0.845732
 1
       1
     1
     0
 1.300E+00
 0.000E+00
 0.000E+00
 0.000E+00
      101.346950     4.240598    -1.246208
 1
       1
     1
     0
 1.300E+00
 0.000E+00
 0.000E+00
 0.000E+00
      106.088678     4.376107    -1.319439
 1
       1
     1
     0
 1.300E+00
 0.000E+00
 0.000E+00
 0.000E+00
      101.604695     -3.589869    1.054856
 1
       1
     1
     0
 1.300E+00
 0.000E+00
 0.000E+00
 0.000E+00
      106.272632     -3.383921    1.402817
 1
       1
     1
     0
 1.300E+00
 0.000E+00
 0.000E+00
 0.000E+00
      115.105557     4.900670    1.039810
 1
       1
     1
     0
 1.300E+00
 0.000E+00
 0.000E+00
 0.000E+00
      114.249341     -3.132041    -0.906027
 1
       1
     1
     0
 1.300E+00
 0.000E+00
 0.000E+00
 0.000E+00
      119.678248     4.371201    1.073385
 1
       1
     1
     0
 1.300E+00
 0.000E+00
 0.000E+00
 0.000E+00
      118.940597     -3.681870    -0.739582
 1
       1
     1
     0
 1.300E+00
 0.000E+00
 0.000E+00
 0.000E+00
      127.888814     3.580067    1.138896
 1
       1
     1
     0
 1.300E+00
 0.000E+00
 0.000E+00
 0.000E+00
      127.486798     -3.858579    -1.774290
 1
       1
     1
     0
 1.300E+00
 0.000E+00
 0.000E+00
 0.000E+00
      132.706622     3.341344    1.157958
 1
       1
     1
     0
 1.300E+00
 0.000E+00
 0.000E+00
 0.000E+00
      132.177474     -4.412608    -1.708789
 1
       1
     1
     0
 1.300E+00
 0.000E+00
 0.000E+00
 0.000E+00
      141.060989     1.817722    3.003878
 1
       1
     1
     0
 1.300E+00
 0.000E+00
 0.000E+00
 0.000E+00
      140.811464     -4.108586    -2.607234
 1
       1
     1
     0
 1.300E+00
 0.000E+00
 0.000E+00
 0.000E+00
      147.838786     -1.403208    -0.127857
 1
       1
     1
     0
 1.300E+00
 0.000E+00
 0.000E+00
 0.000E+00
      145.740733     1.979720    3.093737
 1
       1
     1
     0
 1.300E+00
 0.000E+00
 0.000E+00
 0.000E+00
      145.285566     -4.260221    -2.672855
 6
       4
     2     2     2     2
     0     1     1     1
 1.710E+00 1.625E+00 1.625E+00 1.625E+00
 0.000E+00 0.000E+00 0.000E+00 0.000E+00
 0.000E+00 0.000E+00 0.000E+00 0.000E+00
 0.000E+00 0.000E+00 0.000E+00 0.000E+00
      137.876785     -1.139711    0.457433
 6
       4
     2     2     2     2
     0     1     1     1
 1.710E+00 1.625E+00 1.625E+00 1.625E+00
 0.000E+00 0.000E+00 0.000E+00 0.000E+00
 0.000E+00 0.000E+00 0.000E+00 0.000E+00
 0.000E+00 0.000E+00 0.000E+00 0.000E+00
      140.597490     -1.307288    0.382779
 6
       4
     2     2     2     2
     0     1     1     1
 1.710E+00 1.625E+00 1.625E+00 1.625E+00
 0.000E+00 0.000E+00 0.000E+00 0.000E+00
 0.000E+00 0.000E+00 0.000E+00 0.000E+00
 0.000E+00 0.000E+00 0.000E+00 0.000E+00
      141.722442     -2.925974    -1.258421
 6
       4
     2     2     2     2
     0     1     1     1
 1.710E+00 1.625E+00 1.625E+00 1.625E+00
 0.000E+00 0.000E+00 0.000E+00 0.000E+00
 0.000E+00 0.000E+00 0.000E+00 0.000E+00
 0.000E+00 0.000E+00 0.000E+00 0.000E+00
      142.109704     0.567120    1.901467
 6
       4
     2     2     2     2
     0     1     1     1
 1.710E+00 1.625E+00 1.625E+00 1.625E+00
 0.000E+00 0.000E+00 0.000E+00 0.000E+00
 0.000E+00 0.000E+00 0.000E+00 0.000E+00
 0.000E+00 0.000E+00 0.000E+00 0.000E+00
      144.689796     0.508818    1.947782
 6
       4
     2     2     2     2
     0     1     1     1
 1.710E+00 1.625E+00 1.625E+00 1.625E+00
 0.000E+00 0.000E+00 0.000E+00 0.000E+00
 0.000E+00 0.000E+00 0.000E+00 0.000E+00
 0.000E+00 0.000E+00 0.000E+00 0.000E+00
      144.614401     -2.993955    -1.257280
 6
       4
     2     2     2     2
     0     1     1     1
 1.710E+00 1.625E+00 1.625E+00 1.625E+00
 0.000E+00 0.000E+00 0.000E+00 0.000E+00
 0.000E+00 0.000E+00 0.000E+00 0.000E+00
 0.000E+00 0.000E+00 0.000E+00 0.000E+00
      146.009635     -1.393614    0.162012
# LCAO coefficients .. are not included.
         1
        1        -0.000041091796903   k=         1
        2        0.002570130286736   k=         1
        3        0.008231974562073   k=         1
        4        -0.050040470074554   k=         1
        5        -0.003050501202133   k=         1
        6        -0.006595825724955   k=         1
        7        0.029053261582940   k=         1
        8        -0.050259844584608   k=         1
        9        0.003323067383708   k=         1
        10        0.006111137153236   k=         1
        11        0.024517561751466   k=         1
        12        -0.040183272022860   k=         1
        13        0.000898408744739   k=         1
        14        0.001813027898085   k=         1
        15        -0.006782013698186   k=         1
        16        0.013138313354838   k=         1
        17        -0.000122004106026   k=         1
        18        0.009025926678547   k=         1
        19        -0.019544995959905   k=         1
        20        0.068587468826283   k=         1
        21        -0.001297557663101   k=         1
        22        -0.002227912130578   k=         1
        23        -0.008756220263719   k=         1
        24        0.023889084687125   k=         1
        25        -0.002488677342347   k=         1
        26        -0.008713974835831   k=         1
        27        0.016694549128080   k=         1
        28        0.085768227926466   k=         1
        29        0.002262188857568   k=         1
        30        -0.000313806701489   k=         1
        31        0.001437298577237   k=         1
        32        0.060539176571934   k=         1
        33        -0.001377376168759   k=         1
        34        -0.000680548466313   k=         1
        35        -0.029805346714481   k=         1
        36        -0.107819768542388   k=         1
        37        -0.000103763753124   k=         1
        38        -0.002121330154822   k=         1
        39        -0.023587318305074   k=         1
        40        -0.056713737403192   k=         1
        41        -0.001250756990791   k=         1
        42        0.006895673602639   k=         1
        43        -0.017292315053190   k=         1
        44        -0.058185575637197   k=         1
        45        0.002707713095995   k=         1
        46        0.001376147655334   k=         1
        47        0.019765731245670   k=         1
        48        0.065734112752380   k=         1
        49        -0.000542479750132   k=         1
        50        -0.009976251543612   k=         1
        51        0.016167648591369   k=         1
        52        0.065533173206477   k=         1
        53        -0.001621917157524   k=         1
        54        -0.018076134203719   k=         1
        55        0.033774348909107   k=         1
        56        0.095800221913334   k=         1
        57        -0.001692366388073   k=         1
        58        0.012068711270393   k=         1
        59        -0.051939198263962   k=         1
        60        -0.075495563403449   k=         1
        61        -0.001329266465109   k=         1
        62        -0.011049702016401   k=         1
        63        -0.038810254338010   k=         1
        64        -0.078445332221349   k=         1
        65        0.001258788848813   k=         1
        66        0.020231936213493   k=         1
        67        0.070518394783816   k=         1
        68        0.088279289339909   k=         1
        69        0.002768181818692   k=         1
        70        0.006042824584841   k=         1
        71        0.041833771941356   k=         1
        72        0.042021385823103   k=         1
        73        -0.003723059264684   k=         1
        74        0.001552582735011   k=         1
        75        0.057070998015360   k=         1
        76        0.053827145801138   k=         1
        77        0.002536744360258   k=         1
        78        0.006397177192887   k=         1
        79        -0.057005508808747   k=         1
        80        -0.059641777355240   k=         1
        81        -0.002934972725711   k=         1
        82        -0.012338221144477   k=         1
        83        -0.051888866105565   k=         1
        84        -0.060764776631674   k=         1
        85        -0.000634185206216   k=         1
        86        -0.010401068884131   k=         1
        87        -0.057164073671434   k=         1
        88        -0.090036671426556   k=         1
        89        0.007083836605455   k=         1
        90        0.014712206324278   k=         1
        91        0.042042384209582   k=         1
        92        0.129889105772110   k=         1
        93        -0.007354436633908   k=         1
        94        0.002473874942906   k=         1
        95        0.041026120084910   k=         1
        96        0.084511046260769   k=         1
        97        0.003517774317175   k=         1
        98        0.014400638735973   k=         1
        99        -0.059810814753459   k=         1
        100        -0.181723122356498   k=         1
        101        0.001500664317971   k=         1
        102        -0.006531417167331   k=         1
        103        -0.031442140094046   k=         1
        104        -0.100032774849059   k=         1
        105        -0.000954303546167   k=         1
        106        0.007024354481119   k=         1
        107        -0.021507751045538   k=         1
        108        -0.097893098910121   k=         1
        109        0.000842682437072   k=         1
        110        0.000764900325396   k=         1
        111        0.015936729477478   k=         1
        112        0.093982647134667   k=         1
        113        -0.002623631380348   k=         1
        114        0.013557595534961   k=         1
        115        0.027428267102246   k=         1
        116        0.156809923567859   k=         1
        117        0.001533780715613   k=         1
        118        0.022826615147533   k=         1
        119        0.045987792676151   k=         1
        120        0.171103323681528   k=         1
        121        -0.003624571587569   k=         1
        122        -0.025158371277604   k=         1
        123        -0.051714483118956   k=         1
        124        -0.143011744407294   k=         1
        125        0.005213274815211   k=         1
        126        -0.008749096473945   k=         1
        127        -0.047789863116749   k=         1
        128        -0.158984445366504   k=         1
        129        0.004418682239874   k=         1
        130        -0.009351572760562   k=         1
        131        0.069684109577370   k=         1
        132        0.160911206430768   k=         1
        133        -0.001606287728814   k=         1
        134        -0.028425217921587   k=         1
        135        0.050660964183448   k=         1
        136        0.095111453531567   k=         1
        137        -0.003862005591648   k=         1
        138        -0.009710335998495   k=         1
        139        0.057718239484411   k=         1
        140        0.111719309993949   k=         1
        141        0.001034438715134   k=         1
        142        0.014518677684294   k=         1
        143        -0.069942806696919   k=         1
        144        -0.119414808755400   k=         1
        145        -0.004860087158845   k=         1
        146        0.019868098272398   k=         1
        147        -0.046882866463518   k=         1
        148        -0.072745532251809   k=         1
        149        0.002587211730108   k=         1
        150        0.007221273322473   k=         1
        151        -0.087033821676692   k=         1
        152        -0.154280926936779   k=         1
        153        -0.004609366771131   k=         1
        154        -0.002712802325313   k=         1
        155        0.059736140542542   k=         1
        156        0.147011549793414   k=         1
        157        -0.003463571814438   k=         1
        158        0.002208445128798   k=         1
        159        -0.001280247917626   k=         1
        160        0.004520774348166   k=         1
        161        -0.001350101413975   k=         1
        162        -0.000244543573865   k=         1
        163        -0.001951207300228   k=         1
        164        0.002064641056767   k=         1
        165        0.000991273142568   k=         1
        166        0.006354296821488   k=         1
        167        -0.002796500297304   k=         1
        168        -0.001152907748556   k=         1
        169        0.003039609769276   k=         1
        170        0.004654203835576   k=         1
        171        -0.001241702581698   k=         1
        172        -0.005336640846393   k=         1
        173        -0.000023072457586   k=         1
        174        0.005879949757489   k=         1
        175        0.000430343641087   k=         1
        176        0.001803914110946   k=         1
        177        0.005736332730732   k=         1
        178        -0.000114389366503   k=         1
        179        -0.004757791685003   k=         1
        180        -0.003558116128818   k=         1
        181        0.005941122063419   k=         1
        182        -0.040616033083699   k=         1
        183        -0.151045973279585   k=         1
        184        -0.002210946522680   k=         1
        185        0.003502904701078   k=         1
        186        0.004385022135434   k=         1
        187        0.003888505820800   k=         1
        188        0.067536301409131   k=         1
        189        0.129872765309242   k=         1
        190        -0.006445924533679   k=         1
        191        -0.014159502360565   k=         1
        192        -0.063266673775558   k=         1
        193        -0.175843947425275   k=         1
        194        0.005339657048227   k=         1
        195        -0.010671352678533   k=         1
        196        -0.037851562235949   k=         1
        197        -0.148120503675462   k=         1
        198        -0.000604188041031   k=         1
        199        0.004697945511730   k=         1
        200        -0.021910610623336   k=         1
        201        -0.078576845638745   k=         1
        202        0.001895386506386   k=         1
        203        -0.005299117674122   k=         1
        204        0.023238657145165   k=         1
        205        0.091468137761593   k=         1
        206        0.002256807095577   k=         1
        207        0.001793628324037   k=         1
        208        0.041275387998074   k=         1
        209        0.135023991907204   k=         1
        210        -0.003514843617485   k=         1
        211        -0.008490546208093   k=         1
        212        0.053760411960312   k=         1
        213        0.173278403799443   k=         1
        214        -0.000022580227583   k=         1
        215        -0.006705601242202   k=         1
        216        -0.042105440366546   k=         1
        217        -0.179345902235530   k=         1
        218        -0.001216040887871   k=         1
        219        0.009859622875265   k=         1
        220        -0.021749310598628   k=         1
        221        -0.104750080715091   k=         1
        222        -0.000094152052106   k=         1
        223        0.007093199112704   k=         1
        224        -0.018038763942068   k=         1
        225        -0.090863428381180   k=         1
        226        0.000031130193861   k=         1
        227        -0.015046628533383   k=         1
        228        0.031204338236348   k=         1
        229        0.125118026572749   k=         1
        230        -0.000454803289600   k=         1
        231        -0.006581191282556   k=         1
        232        0.040974133162103   k=         1
        233        0.163328323609686   k=         1
        234        -0.002057666116272   k=         1
        235        -0.007886410407273   k=         1
        236        0.030721562899344   k=         1
        237        0.108892317030058   k=         1
        238        -0.003925030419649   k=         1
        239        0.005117993620921   k=         1
        240        0.028324385572372   k=         1
        241        0.094867463225534   k=         1
        242        0.002165503927795   k=         1
        243        0.003549984335309   k=         1
        244        0.032901860498687   k=         1
        245        0.137918913308944   k=         1
        246        -0.002110562453632   k=         1
        247        -0.005730709225410   k=         1
        248        -0.031985842533142   k=         1
        249        -0.090417910037488   k=         1
        250        0.000909261071737   k=         1
        251        -0.009691521400003   k=         1
        252        -0.039819051675989   k=         1
        253        -0.076181443072456   k=         1
        254        -0.003128496399716   k=         1
        255        -0.009500353568025   k=         1
        256        -0.029398660889833   k=         1
        257        -0.083561684565734   k=         1
        258        0.001436902547860   k=         1
        259        0.007574828111356   k=         1
        260        0.019292277287269   k=         1
        261        0.052384969112022   k=         1
        262        0.001820240060345   k=         1
        263        0.008941007012981   k=         1
        264        0.019973168880315   k=         1
        265        0.050973087701817   k=         1
        266        -0.004222030412412   k=         1
        267        -0.006237259641824   k=         1
        268        0.035801252773090   k=         1
        269        0.106751274635645   k=         1
        270        -0.000529837627382   k=         1
        271        0.008823660581830   k=         1
        272        -0.015874931773133   k=         1
        273        -0.049278509021257   k=         1
        274        -0.002584328997173   k=         1
        275        0.004280100635982   k=         1
        276        -0.027059983579024   k=         1
        277        -0.082043156315498   k=         1
        278        -0.001073343465424   k=         1
        279        0.000278582660458   k=         1
        280        0.013055373011680   k=         1
        281        0.040789488487563   k=         1
        282        0.000186446312985   k=         1
        283        -0.003184673729695   k=         1
        284        0.009882785755617   k=         1
        285        0.042800767779314   k=         1
        286        0.002047111896648   k=         1
        287        0.000401169985208   k=         1
        288        0.017283373969798   k=         1
        289        0.055816941462518   k=         1
        290        -0.000239342379907   k=         1
        291        -0.000745518697022   k=         1
        292        -0.006775263813775   k=         1
        293        -0.020551303983944   k=         1
        294        0.000351711642012   k=         1
        295        0.002518647874498   k=         1
        296        -0.002063668023822   k=         1
        297        -0.014478728107966   k=         1
        298        -0.001625323255222   k=         1
        299        0.006486250200110   k=         1
        300        -0.022841463193280   k=         1
        301        -0.055297995337897   k=         1
        302        0.000627657722927   k=         1
        303        -0.001903659343322   k=         1
        304        0.008495492037543   k=         1
        305        0.005422611382699   k=         1
        306        -0.001716653604782   k=         1
        307        0.004324891360645   k=         1
        308        0.016505122716907   k=         1
        309        0.030237740778790   k=         1
        310        0.000313115760703   k=         1
        311        -0.002152121087852   k=         1
        312        -0.005862118350757   k=         1
        313        0.005058021754436   k=         1
        314        0.001688263593517   k=         1
        315        -0.002116940196081   k=         1
        316        0.006028111330150   k=         1
        317        -0.008657097267303   k=         1
        318        -0.001934112809680   k=         1
        319        0.005142266909414   k=         1
        320        0.007125282853887   k=         1
        321        -0.005953592487480   k=         1
        322        0.000807153247320   k=         1
        323        -0.000673297216478   k=         1
        324        0.000088693857688   k=         1
        325        -0.006980400301058   k=         1
        326        -0.000536655166551   k=         1
        327        0.000557954081364   k=         1
        328        0.000309285940030   k=         1
        329        -0.008688528145603   k=         1
        330        0.000227266075297   k=         1
        331        0.000055811385985   k=         1
        332        0.000744287726070   k=         1
        333        0.003910840574604   k=         1
        334        -0.000071396615027   k=         1
        335        -0.000641007825254   k=         1
        336        -0.005561117962419   k=         1
        337        0.012870012337257   k=         1
        338        0.000156966520797   k=         1
        339        0.000316088922922   k=         1
        340        -0.002418366629475   k=         1
        341        0.003306349426679   k=         1
        342        0.000037543734075   k=         1
        343        -0.001622445452145   k=         1
        344        0.007740130442357   k=         1
        345        -0.017354345572792   k=         1
        346        -0.000284216191543   k=         1
        347        0.000108299639607   k=         1
        348        0.002998861341797   k=         1
        349        -0.008145769156263   k=         1
        350        -0.000249696444740   k=         1
        351        -0.000535992698675   k=         1
        352        0.002502674245614   k=         1
        353        -0.008046057736951   k=         1
        354        -0.000100925353628   k=         1
        355        -0.000461286242123   k=         1
        356        -0.003334158465620   k=         1
        357        0.011556204199168   k=         1
        358        0.000352242533413   k=         1
        359        -0.000734242559725   k=         1
        360        -0.003941048580909   k=         1
        361        0.010817213076816   k=         1
        362        0.000162016213276   k=         1
        363        -0.004212787028880   k=         1
        364        -0.005577736332729   k=         1
        365        0.014793805114176   k=         1
        366        -0.000292319118706   k=         1
        367        0.003098046388105   k=         1
        368        0.006001084192647   k=         1
        369        -0.011428397364125   k=         1
        370        0.000331334949325   k=         1
        371        0.003820813290675   k=         1
        372        0.001836078045028   k=         1
        373        0.001351617555537   k=         1
        374        -0.046128016376677   k=         1
        375        -0.159376500211783   k=         1
        376        0.001854583661444   k=         1
        377        0.002799980702243   k=         1
        378        -0.000045436553794   k=         1
        379        0.001912158080405   k=         1
        380        0.004174844242129   k=         1
        381        0.001422725428683   k=         1
        382        -0.000926478928507   k=         1
        383        0.000265341503213   k=         1
        384        0.001387368770668   k=         1
        385        -0.002329779779332   k=         1
        386        0.001417530445684   k=         1
        387        -0.001520762196362   k=         1
        388        -0.002757241489227   k=         1
        389        0.001988552743395   k=         1
        390        -0.000499469008852   k=         1
        391        0.000008986525201   k=         1
        392        0.000668255830598   k=         1
        393        0.000275648587651   k=         1
        394        -0.000058765765296   k=         1
        395        0.000887072869624   k=         1
        396        -0.000487890097992   k=         1
        397        0.000985078452203   k=         1
        398        -0.000244345621098   k=         1
        399        -0.000398548387750   k=         1
        400        -0.000544013144162   k=         1
        401        0.006093079127529   k=         1
        402        -0.013823155370705   k=         1
        403        0.000134924833681   k=         1
        404        0.001405166804121   k=         1
        405        -0.005915313113170   k=         1
        406        0.008491339408238   k=         1
        407        -0.000497607602100   k=         1
        408        -0.000537642118182   k=         1
        409        -0.010945422357561   k=         1
        410        0.008560439778557   k=         1
        411        0.000366772600600   k=         1
        412        -0.001681188101969   k=         1
        413        -0.004706607107920   k=         1
        414        0.002959163809571   k=         1
        415        -0.000285913067365   k=         1
        416        0.000857077923994   k=         1
        417        0.002927502413572   k=         1
        418        -0.003282729138027   k=         1
        419        -0.000079211708172   k=         1
        420        0.000671858720230   k=         1
        421        0.002731182167299   k=         1
        422        -0.002217852606320   k=         1
        423        -0.000037031277563   k=         1
        424        -0.001468392050491   k=         1
        425        0.007433336355915   k=         1
        426        -0.008695247745215   k=         1
