# file_format= v0.04.05
       144       426
    188.97268778      0.00000000      0.00000000    0
      0.00000000    188.97268778      0.00000000    0
      0.00000000      0.00000000    188.97268778    0
 6
       4
     2     2     2     2
     0     1     1     1
 1.710E+00 1.625E+00 1.625E+00 1.625E+00
 0.000E+00 0.000E+00 0.000E+00 0.000E+00
 0.000E+00 0.000E+00 0.000E+00 0.000E+00
 0.000E+00 0.000E+00 0.000E+00 0.000E+00
      1.340681     -0.739728    -0.017610
 6
       4
     2     2     2     2
     0     1     1     1
 1.710E+00 1.625E+00 1.625E+00 1.625E+00
 0.000E+00 0.000E+00 0.000E+00 0.000E+00
 0.000E+00 0.000E+00 0.000E+00 0.000E+00
 0.000E+00 0.000E+00 0.000E+00 0.000E+00
      -0.523205     1.019139    0.562203
 6
       4
     2     2     2     2
     0     1     1     1
 1.710E+00 1.625E+00 1.625E+00 1.625E+00
 0.000E+00 0.000E+00 0.000E+00 0.000E+00
 0.000E+00 0.000E+00 0.000E+00 0.000E+00
 0.000E+00 0.000E+00 0.000E+00 0.000E+00
      0.543107     -3.380741    -0.685326
 6
       4
     2     2     2     2
     0     1     1     1
 1.710E+00 1.625E+00 1.625E+00 1.625E+00
 0.000E+00 0.000E+00 0.000E+00 0.000E+00
 0.000E+00 0.000E+00 0.000E+00 0.000E+00
 0.000E+00 0.000E+00 0.000E+00 0.000E+00
      -3.114289     0.481245    0.307903
 6
       4
     2     2     2     2
     0     1     1     1
 1.710E+00 1.625E+00 1.625E+00 1.625E+00
 0.000E+00 0.000E+00 0.000E+00 0.000E+00
 0.000E+00 0.000E+00 0.000E+00 0.000E+00
 0.000E+00 0.000E+00 0.000E+00 0.000E+00
      -4.054734     -1.954561    -0.443487
 6
       4
     2     2     2     2
     0     1     1     1
 1.710E+00 1.625E+00 1.625E+00 1.625E+00
 0.000E+00 0.000E+00 0.000E+00 0.000E+00
 0.000E+00 0.000E+00 0.000E+00 0.000E+00
 0.000E+00 0.000E+00 0.000E+00 0.000E+00
      -2.183541     -3.981214    -0.869367
 6
       4
     2     2     2     2
     0     1     1     1
 1.710E+00 1.625E+00 1.625E+00 1.625E+00
 0.000E+00 0.000E+00 0.000E+00 0.000E+00
 0.000E+00 0.000E+00 0.000E+00 0.000E+00
 0.000E+00 0.000E+00 0.000E+00 0.000E+00
      4.012758     -0.503642    -0.051372
 6
       4
     2     2     2     2
     0     1     1     1
 1.710E+00 1.625E+00 1.625E+00 1.625E+00
 0.000E+00 0.000E+00 0.000E+00 0.000E+00
 0.000E+00 0.000E+00 0.000E+00 0.000E+00
 0.000E+00 0.000E+00 0.000E+00 0.000E+00
      6.264525     -0.420003    -0.166625
 6
       4
     2     2     2     2
     0     1     1     1
 1.710E+00 1.625E+00 1.625E+00 1.625E+00
 0.000E+00 0.000E+00 0.000E+00 0.000E+00
 0.000E+00 0.000E+00 0.000E+00 0.000E+00
 0.000E+00 0.000E+00 0.000E+00 0.000E+00
      8.959225     -0.072970    -0.038594
 6
       4
     2     2     2     2
     0     1     1     1
 1.710E+00 1.625E+00 1.625E+00 1.625E+00
 0.000E+00 0.000E+00 0.000E+00 0.000E+00
 0.000E+00 0.000E+00 0.000E+00 0.000E+00
 0.000E+00 0.000E+00 0.000E+00 0.000E+00
      9.990426     2.442907    -0.198502
 6
       4
     2     2     2     2
     0     1     1     1
 1.710E+00 1.625E+00 1.625E+00 1.625E+00
 0.000E+00 0.000E+00 0.000E+00 0.000E+00
 0.000E+00 0.000E+00 0.000E+00 0.000E+00
 0.000E+00 0.000E+00 0.000E+00 0.000E+00
      10.601465     -2.045029    0.468677
 6
       4
     2     2     2     2
     0     1     1     1
 1.710E+00 1.625E+00 1.625E+00 1.625E+00
 0.000E+00 0.000E+00 0.000E+00 0.000E+00
 0.000E+00 0.000E+00 0.000E+00 0.000E+00
 0.000E+00 0.000E+00 0.000E+00 0.000E+00
      12.652840     2.857056    -0.079627
 6
       4
     2     2     2     2
     0     1     1     1
 1.710E+00 1.625E+00 1.625E+00 1.625E+00
 0.000E+00 0.000E+00 0.000E+00 0.000E+00
 0.000E+00 0.000E+00 0.000E+00 0.000E+00
 0.000E+00 0.000E+00 0.000E+00 0.000E+00
      13.252624     -1.601605    0.662602
 6
       4
     2     2     2     2
     0     1     1     1
 1.710E+00 1.625E+00 1.625E+00 1.625E+00
 0.000E+00 0.000E+00 0.000E+00 0.000E+00
 0.000E+00 0.000E+00 0.000E+00 0.000E+00
 0.000E+00 0.000E+00 0.000E+00 0.000E+00
      14.368314     0.771125    0.311674
 6
       4
     2     2     2     2
     0     1     1     1
 1.710E+00 1.625E+00 1.625E+00 1.625E+00
 0.000E+00 0.000E+00 0.000E+00 0.000E+00
 0.000E+00 0.000E+00 0.000E+00 0.000E+00
 0.000E+00 0.000E+00 0.000E+00 0.000E+00
      17.041711     0.915555    0.258715
 6
       4
     2     2     2     2
     0     1     1     1
 1.710E+00 1.625E+00 1.625E+00 1.625E+00
 0.000E+00 0.000E+00 0.000E+00 0.000E+00
 0.000E+00 0.000E+00 0.000E+00 0.000E+00
 0.000E+00 0.000E+00 0.000E+00 0.000E+00
      19.277463     1.288857    0.128509
 6
       4
     2     2     2     2
     0     1     1     1
 1.710E+00 1.625E+00 1.625E+00 1.625E+00
 0.000E+00 0.000E+00 0.000E+00 0.000E+00
 0.000E+00 0.000E+00 0.000E+00 0.000E+00
 0.000E+00 0.000E+00 0.000E+00 0.000E+00
      21.962118     1.235359    0.309375
 6
       4
     2     2     2     2
     0     1     1     1
 1.710E+00 1.625E+00 1.625E+00 1.625E+00
 0.000E+00 0.000E+00 0.000E+00 0.000E+00
 0.000E+00 0.000E+00 0.000E+00 0.000E+00
 0.000E+00 0.000E+00 0.000E+00 0.000E+00
      23.281479     -0.770181    1.646401
 6
       4
     2     2     2     2
     0     1     1     1
 1.710E+00 1.625E+00 1.625E+00 1.625E+00
 0.000E+00 0.000E+00 0.000E+00 0.000E+00
 0.000E+00 0.000E+00 0.000E+00 0.000E+00
 0.000E+00 0.000E+00 0.000E+00 0.000E+00
      23.466882     3.131839    -0.961428
 6
       4
     2     2     2     2
     0     1     1     1
 1.710E+00 1.625E+00 1.625E+00 1.625E+00
 0.000E+00 0.000E+00 0.000E+00 0.000E+00
 0.000E+00 0.000E+00 0.000E+00 0.000E+00
 0.000E+00 0.000E+00 0.000E+00 0.000E+00
      26.022419     2.953942    -1.125969
 6
       4
     2     2     2     2
     0     1     1     1
 1.710E+00 1.625E+00 1.625E+00 1.625E+00
 0.000E+00 0.000E+00 0.000E+00 0.000E+00
 0.000E+00 0.000E+00 0.000E+00 0.000E+00
 0.000E+00 0.000E+00 0.000E+00 0.000E+00
      25.781035     -0.961228    1.352963
 6
       4
     2     2     2     2
     0     1     1     1
 1.710E+00 1.625E+00 1.625E+00 1.625E+00
 0.000E+00 0.000E+00 0.000E+00 0.000E+00
 0.000E+00 0.000E+00 0.000E+00 0.000E+00
 0.000E+00 0.000E+00 0.000E+00 0.000E+00
      27.332277     0.874558    0.012733
 6
       4
     2     2     2     2
     0     1     1     1
 1.710E+00 1.625E+00 1.625E+00 1.625E+00
 0.000E+00 0.000E+00 0.000E+00 0.000E+00
 0.000E+00 0.000E+00 0.000E+00 0.000E+00
 0.000E+00 0.000E+00 0.000E+00 0.000E+00
      29.994377     0.536622    -0.111730
 6
       4
     2     2     2     2
     0     1     1     1
 1.710E+00 1.625E+00 1.625E+00 1.625E+00
 0.000E+00 0.000E+00 0.000E+00 0.000E+00
 0.000E+00 0.000E+00 0.000E+00 0.000E+00
 0.000E+00 0.000E+00 0.000E+00 0.000E+00
      32.335614     0.305676    -0.292785
 6
       4
     2     2     2     2
     0     1     1     1
 1.710E+00 1.625E+00 1.625E+00 1.625E+00
 0.000E+00 0.000E+00 0.000E+00 0.000E+00
 0.000E+00 0.000E+00 0.000E+00 0.000E+00
 0.000E+00 0.000E+00 0.000E+00 0.000E+00
      34.996711     0.063538    -0.231682
 6
       4
     2     2     2     2
     0     1     1     1
 1.710E+00 1.625E+00 1.625E+00 1.625E+00
 0.000E+00 0.000E+00 0.000E+00 0.000E+00
 0.000E+00 0.000E+00 0.000E+00 0.000E+00
 0.000E+00 0.000E+00 0.000E+00 0.000E+00
      36.227344     -2.233004    0.476179
 6
       4
     2     2     2     2
     0     1     1     1
 1.710E+00 1.625E+00 1.625E+00 1.625E+00
 0.000E+00 0.000E+00 0.000E+00 0.000E+00
 0.000E+00 0.000E+00 0.000E+00 0.000E+00
 0.000E+00 0.000E+00 0.000E+00 0.000E+00
      36.739542     2.088480    -1.055363
 6
       4
     2     2     2     2
     0     1     1     1
 1.710E+00 1.625E+00 1.625E+00 1.625E+00
 0.000E+00 0.000E+00 0.000E+00 0.000E+00
 0.000E+00 0.000E+00 0.000E+00 0.000E+00
 0.000E+00 0.000E+00 0.000E+00 0.000E+00
      39.334491     1.769698    -1.000007
 6
       4
     2     2     2     2
     0     1     1     1
 1.710E+00 1.625E+00 1.625E+00 1.625E+00
 0.000E+00 0.000E+00 0.000E+00 0.000E+00
 0.000E+00 0.000E+00 0.000E+00 0.000E+00
 0.000E+00 0.000E+00 0.000E+00 0.000E+00
      38.859938     -2.580347    0.548831
 6
       4
     2     2     2     2
     0     1     1     1
 1.710E+00 1.625E+00 1.625E+00 1.625E+00
 0.000E+00 0.000E+00 0.000E+00 0.000E+00
 0.000E+00 0.000E+00 0.000E+00 0.000E+00
 0.000E+00 0.000E+00 0.000E+00 0.000E+00
      40.540148     -0.597892    -0.091056
 6
       4
     2     2     2     2
     0     1     1     1
 1.710E+00 1.625E+00 1.625E+00 1.625E+00
 0.000E+00 0.000E+00 0.000E+00 0.000E+00
 0.000E+00 0.000E+00 0.000E+00 0.000E+00
 0.000E+00 0.000E+00 0.000E+00 0.000E+00
      43.235084     -0.613743    0.066802
 6
       4
     2     2     2     2
     0     1     1     1
 1.710E+00 1.625E+00 1.625E+00 1.625E+00
 0.000E+00 0.000E+00 0.000E+00 0.000E+00
 0.000E+00 0.000E+00 0.000E+00 0.000E+00
 0.000E+00 0.000E+00 0.000E+00 0.000E+00
      45.501437     -0.518388    -0.069839
 6
       4
     2     2     2     2
     0     1     1     1
 1.710E+00 1.625E+00 1.625E+00 1.625E+00
 0.000E+00 0.000E+00 0.000E+00 0.000E+00
 0.000E+00 0.000E+00 0.000E+00 0.000E+00
 0.000E+00 0.000E+00 0.000E+00 0.000E+00
      48.303622     -0.326012    -0.318819
 6
       4
     2     2     2     2
     0     1     1     1
 1.710E+00 1.625E+00 1.625E+00 1.625E+00
 0.000E+00 0.000E+00 0.000E+00 0.000E+00
 0.000E+00 0.000E+00 0.000E+00 0.000E+00
 0.000E+00 0.000E+00 0.000E+00 0.000E+00
      49.852752     -2.379069    0.597766
 6
       4
     2     2     2     2
     0     1     1     1
 1.710E+00 1.625E+00 1.625E+00 1.625E+00
 0.000E+00 0.000E+00 0.000E+00 0.000E+00
 0.000E+00 0.000E+00 0.000E+00 0.000E+00
 0.000E+00 0.000E+00 0.000E+00 0.000E+00
      49.687170     1.723430    -1.506550
 6
       4
     2     2     2     2
     0     1     1     1
 1.710E+00 1.625E+00 1.625E+00 1.625E+00
 0.000E+00 0.000E+00 0.000E+00 0.000E+00
 0.000E+00 0.000E+00 0.000E+00 0.000E+00
 0.000E+00 0.000E+00 0.000E+00 0.000E+00
      52.323432     1.584690    -1.667908
 6
       4
     2     2     2     2
     0     1     1     1
 1.710E+00 1.625E+00 1.625E+00 1.625E+00
 0.000E+00 0.000E+00 0.000E+00 0.000E+00
 0.000E+00 0.000E+00 0.000E+00 0.000E+00
 0.000E+00 0.000E+00 0.000E+00 0.000E+00
      52.489734     -2.357739    0.611415
 6
       4
     2     2     2     2
     0     1     1     1
 1.710E+00 1.625E+00 1.625E+00 1.625E+00
 0.000E+00 0.000E+00 0.000E+00 0.000E+00
 0.000E+00 0.000E+00 0.000E+00 0.000E+00
 0.000E+00 0.000E+00 0.000E+00 0.000E+00
      53.844845     -0.269501    -0.473966
 6
       4
     2     2     2     2
     0     1     1     1
 1.710E+00 1.625E+00 1.625E+00 1.625E+00
 0.000E+00 0.000E+00 0.000E+00 0.000E+00
 0.000E+00 0.000E+00 0.000E+00 0.000E+00
 0.000E+00 0.000E+00 0.000E+00 0.000E+00
      56.620939     -0.139615    -0.539615
 1
       1
     1
     0
 1.300E+00
 0.000E+00
 0.000E+00
 0.000E+00
      -4.516740     1.747384    0.510698
 1
       1
     1
     0
 1.300E+00
 0.000E+00
 0.000E+00
 0.000E+00
      0.332097     2.658096    1.112485
 1
       1
     1
     0
 1.300E+00
 0.000E+00
 0.000E+00
 0.000E+00
      -5.763258     -2.966258    -0.814935
 1
       1
     1
     0
 1.300E+00
 0.000E+00
 0.000E+00
 0.000E+00
      -2.665564     -5.834304    -1.376958
 1
       1
     1
     0
 1.300E+00
 0.000E+00
 0.000E+00
 0.000E+00
      1.962817     -4.616924    -1.043647
 1
       1
     1
     0
 1.300E+00
 0.000E+00
 0.000E+00
 0.000E+00
      8.980768     4.058999    -0.314628
 1
       1
     1
     0
 1.300E+00
 0.000E+00
 0.000E+00
 0.000E+00
      9.885438     -3.844950    0.626202
 1
       1
     1
     0
 1.300E+00
 0.000E+00
 0.000E+00
 0.000E+00
      13.304134     4.703305    -0.243323
 1
       1
     1
     0
 1.300E+00
 0.000E+00
 0.000E+00
 0.000E+00
      14.397682     -3.130709    1.011425
 1
       1
     1
     0
 1.300E+00
 0.000E+00
 0.000E+00
 0.000E+00
      22.535147     4.552008    -1.897115
 1
       1
     1
     0
 1.300E+00
 0.000E+00
 0.000E+00
 0.000E+00
      26.944926     4.389639    -2.118266
 1
       1
     1
     0
 1.300E+00
 0.000E+00
 0.000E+00
 0.000E+00
      22.351286     -2.144006    2.700570
 1
       1
     1
     0
 1.300E+00
 0.000E+00
 0.000E+00
 0.000E+00
      26.733670     -2.509265    2.109758
 1
       1
     1
     0
 1.300E+00
 0.000E+00
 0.000E+00
 0.000E+00
      36.089775     3.796316    -1.822637
 1
       1
     1
     0
 1.300E+00
 0.000E+00
 0.000E+00
 0.000E+00
      35.035741     -3.717894    0.984394
 1
       1
     1
     0
 1.300E+00
 0.000E+00
 0.000E+00
 0.000E+00
      40.395017     3.248186    -1.605249
 1
       1
     1
     0
 1.300E+00
 0.000E+00
 0.000E+00
 0.000E+00
      39.683730     -4.282057    0.968764
 1
       1
     1
     0
 1.300E+00
 0.000E+00
 0.000E+00
 0.000E+00
      48.722325     3.285600    -2.153244
 1
       1
     1
     0
 1.300E+00
 0.000E+00
 0.000E+00
 0.000E+00
      49.030436     -3.974940    1.308297
 1
       1
     1
     0
 1.300E+00
 0.000E+00
 0.000E+00
 0.000E+00
      53.371873     2.919423    -2.571250
 1
       1
     1
     0
 1.300E+00
 0.000E+00
 0.000E+00
 0.000E+00
      53.514400     -3.924524    1.259824
 1
       1
     1
     0
 1.300E+00
 0.000E+00
 0.000E+00
 0.000E+00
      61.734659     4.205619    -1.399197
 1
       1
     1
     0
 1.300E+00
 0.000E+00
 0.000E+00
 0.000E+00
      62.053490     -3.220059    1.140302
 6
       4
     2     2     2     2
     0     1     1     1
 1.710E+00 1.625E+00 1.625E+00 1.625E+00
 0.000E+00 0.000E+00 0.000E+00 0.000E+00
 0.000E+00 0.000E+00 0.000E+00 0.000E+00
 0.000E+00 0.000E+00 0.000E+00 0.000E+00
      69.814341     0.581425    -0.269789
 1
       1
     1
     0
 1.300E+00
 0.000E+00
 0.000E+00
 0.000E+00
      66.352707     4.553368    -1.612312
 1
       1
     1
     0
 1.300E+00
 0.000E+00
 0.000E+00
 0.000E+00
      66.986481     -3.055061    0.789384
 6
       4
     2     2     2     2
     0     1     1     1
 1.710E+00 1.625E+00 1.625E+00 1.625E+00
 0.000E+00 0.000E+00 0.000E+00 0.000E+00
 0.000E+00 0.000E+00 0.000E+00 0.000E+00
 0.000E+00 0.000E+00 0.000E+00 0.000E+00
      58.918192     0.246335    -0.240243
 6
       4
     2     2     2     2
     0     1     1     1
 1.710E+00 1.625E+00 1.625E+00 1.625E+00
 0.000E+00 0.000E+00 0.000E+00 0.000E+00
 0.000E+00 0.000E+00 0.000E+00 0.000E+00
 0.000E+00 0.000E+00 0.000E+00 0.000E+00
      61.570742     0.436374    -0.198287
 6
       4
     2     2     2     2
     0     1     1     1
 1.710E+00 1.625E+00 1.625E+00 1.625E+00
 0.000E+00 0.000E+00 0.000E+00 0.000E+00
 0.000E+00 0.000E+00 0.000E+00 0.000E+00
 0.000E+00 0.000E+00 0.000E+00 0.000E+00
      63.091477     -1.731658    0.494702
 6
       4
     2     2     2     2
     0     1     1     1
 1.710E+00 1.625E+00 1.625E+00 1.625E+00
 0.000E+00 0.000E+00 0.000E+00 0.000E+00
 0.000E+00 0.000E+00 0.000E+00 0.000E+00
 0.000E+00 0.000E+00 0.000E+00 0.000E+00
      62.854153     2.766345    -0.891488
 6
       4
     2     2     2     2
     0     1     1     1
 1.710E+00 1.625E+00 1.625E+00 1.625E+00
 0.000E+00 0.000E+00 0.000E+00 0.000E+00
 0.000E+00 0.000E+00 0.000E+00 0.000E+00
 0.000E+00 0.000E+00 0.000E+00 0.000E+00
      65.572184     2.819734    -0.972470
 6
       4
     2     2     2     2
     0     1     1     1
 1.710E+00 1.625E+00 1.625E+00 1.625E+00
 0.000E+00 0.000E+00 0.000E+00 0.000E+00
 0.000E+00 0.000E+00 0.000E+00 0.000E+00
 0.000E+00 0.000E+00 0.000E+00 0.000E+00
      65.676743     -1.649852    0.408657
 6
       4
     2     2     2     2
     0     1     1     1
 1.710E+00 1.625E+00 1.625E+00 1.625E+00
 0.000E+00 0.000E+00 0.000E+00 0.000E+00
 0.000E+00 0.000E+00 0.000E+00 0.000E+00
 0.000E+00 0.000E+00 0.000E+00 0.000E+00
      66.997682     0.718449    -0.249827
 6
       4
     2     2     2     2
     0     1     1     1
 1.710E+00 1.625E+00 1.625E+00 1.625E+00
 0.000E+00 0.000E+00 0.000E+00 0.000E+00
 0.000E+00 0.000E+00 0.000E+00 0.000E+00
 0.000E+00 0.000E+00 0.000E+00 0.000E+00
      80.130867     -0.097070    0.792107
 6
       4
     2     2     2     2
     0     1     1     1
 1.710E+00 1.625E+00 1.625E+00 1.625E+00
 0.000E+00 0.000E+00 0.000E+00 0.000E+00
 0.000E+00 0.000E+00 0.000E+00 0.000E+00
 0.000E+00 0.000E+00 0.000E+00 0.000E+00
      78.785929     2.319183    0.485240
 6
       4
     2     2     2     2
     0     1     1     1
 1.710E+00 1.625E+00 1.625E+00 1.625E+00
 0.000E+00 0.000E+00 0.000E+00 0.000E+00
 0.000E+00 0.000E+00 0.000E+00 0.000E+00
 0.000E+00 0.000E+00 0.000E+00 0.000E+00
      78.683553     -2.338502    0.996434
 6
       4
     2     2     2     2
     0     1     1     1
 1.710E+00 1.625E+00 1.625E+00 1.625E+00
 0.000E+00 0.000E+00 0.000E+00 0.000E+00
 0.000E+00 0.000E+00 0.000E+00 0.000E+00
 0.000E+00 0.000E+00 0.000E+00 0.000E+00
      76.140688     2.285380    0.183670
 6
       4
     2     2     2     2
     0     1     1     1
 1.710E+00 1.625E+00 1.625E+00 1.625E+00
 0.000E+00 0.000E+00 0.000E+00 0.000E+00
 0.000E+00 0.000E+00 0.000E+00 0.000E+00
 0.000E+00 0.000E+00 0.000E+00 0.000E+00
      74.763732     -0.039890    0.263587
 6
       4
     2     2     2     2
     0     1     1     1
 1.710E+00 1.625E+00 1.625E+00 1.625E+00
 0.000E+00 0.000E+00 0.000E+00 0.000E+00
 0.000E+00 0.000E+00 0.000E+00 0.000E+00
 0.000E+00 0.000E+00 0.000E+00 0.000E+00
      76.092035     -2.352410    0.679634
 6
       4
     2     2     2     2
     0     1     1     1
 1.710E+00 1.625E+00 1.625E+00 1.625E+00
 0.000E+00 0.000E+00 0.000E+00 0.000E+00
 0.000E+00 0.000E+00 0.000E+00 0.000E+00
 0.000E+00 0.000E+00 0.000E+00 0.000E+00
      82.814473     -0.034956    0.569492
 6
       4
     2     2     2     2
     0     1     1     1
 1.710E+00 1.625E+00 1.625E+00 1.625E+00
 0.000E+00 0.000E+00 0.000E+00 0.000E+00
 0.000E+00 0.000E+00 0.000E+00 0.000E+00
 0.000E+00 0.000E+00 0.000E+00 0.000E+00
      85.139157     -0.126307    0.291503
 6
       4
     2     2     2     2
     0     1     1     1
 1.710E+00 1.625E+00 1.625E+00 1.625E+00
 0.000E+00 0.000E+00 0.000E+00 0.000E+00
 0.000E+00 0.000E+00 0.000E+00 0.000E+00
 0.000E+00 0.000E+00 0.000E+00 0.000E+00
      87.858367     -0.127768    0.150585
 6
       4
     2     2     2     2
     0     1     1     1
 1.710E+00 1.625E+00 1.625E+00 1.625E+00
 0.000E+00 0.000E+00 0.000E+00 0.000E+00
 0.000E+00 0.000E+00 0.000E+00 0.000E+00
 0.000E+00 0.000E+00 0.000E+00 0.000E+00
      89.257084     2.237538    -0.443307
 6
       4
     2     2     2     2
     0     1     1     1
 1.710E+00 1.625E+00 1.625E+00 1.625E+00
 0.000E+00 0.000E+00 0.000E+00 0.000E+00
 0.000E+00 0.000E+00 0.000E+00 0.000E+00
 0.000E+00 0.000E+00 0.000E+00 0.000E+00
      89.337834     -2.257123    0.799057
 6
       4
     2     2     2     2
     0     1     1     1
 1.710E+00 1.625E+00 1.625E+00 1.625E+00
 0.000E+00 0.000E+00 0.000E+00 0.000E+00
 0.000E+00 0.000E+00 0.000E+00 0.000E+00
 0.000E+00 0.000E+00 0.000E+00 0.000E+00
      91.792138     2.374350    -0.488747
 6
       4
     2     2     2     2
     0     1     1     1
 1.710E+00 1.625E+00 1.625E+00 1.625E+00
 0.000E+00 0.000E+00 0.000E+00 0.000E+00
 0.000E+00 0.000E+00 0.000E+00 0.000E+00
 0.000E+00 0.000E+00 0.000E+00 0.000E+00
      91.931501     -2.206157    0.614896
 6
       4
     2     2     2     2
     0     1     1     1
 1.710E+00 1.625E+00 1.625E+00 1.625E+00
 0.000E+00 0.000E+00 0.000E+00 0.000E+00
 0.000E+00 0.000E+00 0.000E+00 0.000E+00
 0.000E+00 0.000E+00 0.000E+00 0.000E+00
      93.281788     0.122836    -0.019544
 6
       4
     2     2     2     2
     0     1     1     1
 1.710E+00 1.625E+00 1.625E+00 1.625E+00
 0.000E+00 0.000E+00 0.000E+00 0.000E+00
 0.000E+00 0.000E+00 0.000E+00 0.000E+00
 0.000E+00 0.000E+00 0.000E+00 0.000E+00
      95.983718     0.154447    -0.252927
 6
       4
     2     2     2     2
     0     1     1     1
 1.710E+00 1.625E+00 1.625E+00 1.625E+00
 0.000E+00 0.000E+00 0.000E+00 0.000E+00
 0.000E+00 0.000E+00 0.000E+00 0.000E+00
 0.000E+00 0.000E+00 0.000E+00 0.000E+00
      98.247421     0.507904    -0.330721
 6
       4
     2     2     2     2
     0     1     1     1
 1.710E+00 1.625E+00 1.625E+00 1.625E+00
 0.000E+00 0.000E+00 0.000E+00 0.000E+00
 0.000E+00 0.000E+00 0.000E+00 0.000E+00
 0.000E+00 0.000E+00 0.000E+00 0.000E+00
      100.916194     0.889479    -0.078828
 6
       4
     2     2     2     2
     0     1     1     1
 1.710E+00 1.625E+00 1.625E+00 1.625E+00
 0.000E+00 0.000E+00 0.000E+00 0.000E+00
 0.000E+00 0.000E+00 0.000E+00 0.000E+00
 0.000E+00 0.000E+00 0.000E+00 0.000E+00
      102.493943     -1.214778    0.745469
 6
       4
     2     2     2     2
     0     1     1     1
 1.710E+00 1.625E+00 1.625E+00 1.625E+00
 0.000E+00 0.000E+00 0.000E+00 0.000E+00
 0.000E+00 0.000E+00 0.000E+00 0.000E+00
 0.000E+00 0.000E+00 0.000E+00 0.000E+00
      102.126698     3.218232    -0.633190
 6
       4
     2     2     2     2
     0     1     1     1
 1.710E+00 1.625E+00 1.625E+00 1.625E+00
 0.000E+00 0.000E+00 0.000E+00 0.000E+00
 0.000E+00 0.000E+00 0.000E+00 0.000E+00
 0.000E+00 0.000E+00 0.000E+00 0.000E+00
      104.844797     3.462685    -0.472122
 6
       4
     2     2     2     2
     0     1     1     1
 1.710E+00 1.625E+00 1.625E+00 1.625E+00
 0.000E+00 0.000E+00 0.000E+00 0.000E+00
 0.000E+00 0.000E+00 0.000E+00 0.000E+00
 0.000E+00 0.000E+00 0.000E+00 0.000E+00
      105.081517     -0.906481    1.048133
 6
       4
     2     2     2     2
     0     1     1     1
 1.710E+00 1.625E+00 1.625E+00 1.625E+00
 0.000E+00 0.000E+00 0.000E+00 0.000E+00
 0.000E+00 0.000E+00 0.000E+00 0.000E+00
 0.000E+00 0.000E+00 0.000E+00 0.000E+00
      106.358393     1.464432    0.252110
 6
       4
     2     2     2     2
     0     1     1     1
 1.710E+00 1.625E+00 1.625E+00 1.625E+00
 0.000E+00 0.000E+00 0.000E+00 0.000E+00
 0.000E+00 0.000E+00 0.000E+00 0.000E+00
 0.000E+00 0.000E+00 0.000E+00 0.000E+00
      109.131372     1.300011    0.264480
 6
       4
     2     2     2     2
     0     1     1     1
 1.710E+00 1.625E+00 1.625E+00 1.625E+00
 0.000E+00 0.000E+00 0.000E+00 0.000E+00
 0.000E+00 0.000E+00 0.000E+00 0.000E+00
 0.000E+00 0.000E+00 0.000E+00 0.000E+00
      111.396785     0.813814    0.066197
 6
       4
     2     2     2     2
     0     1     1     1
 1.710E+00 1.625E+00 1.625E+00 1.625E+00
 0.000E+00 0.000E+00 0.000E+00 0.000E+00
 0.000E+00 0.000E+00 0.000E+00 0.000E+00
 0.000E+00 0.000E+00 0.000E+00 0.000E+00
      114.050638     0.674165    -0.057266
 6
       4
     2     2     2     2
     0     1     1     1
 1.710E+00 1.625E+00 1.625E+00 1.625E+00
 0.000E+00 0.000E+00 0.000E+00 0.000E+00
 0.000E+00 0.000E+00 0.000E+00 0.000E+00
 0.000E+00 0.000E+00 0.000E+00 0.000E+00
      115.281906     -1.690560    -0.728504
 6
       4
     2     2     2     2
     0     1     1     1
 1.710E+00 1.625E+00 1.625E+00 1.625E+00
 0.000E+00 0.000E+00 0.000E+00 0.000E+00
 0.000E+00 0.000E+00 0.000E+00 0.000E+00
 0.000E+00 0.000E+00 0.000E+00 0.000E+00
      115.574277     2.820645    0.439280
 6
       4
     2     2     2     2
     0     1     1     1
 1.710E+00 1.625E+00 1.625E+00 1.625E+00
 0.000E+00 0.000E+00 0.000E+00 0.000E+00
 0.000E+00 0.000E+00 0.000E+00 0.000E+00
 0.000E+00 0.000E+00 0.000E+00 0.000E+00
      118.199585     2.764157    0.354671
 6
       4
     2     2     2     2
     0     1     1     1
 1.710E+00 1.625E+00 1.625E+00 1.625E+00
 0.000E+00 0.000E+00 0.000E+00 0.000E+00
 0.000E+00 0.000E+00 0.000E+00 0.000E+00
 0.000E+00 0.000E+00 0.000E+00 0.000E+00
      118.019652     -1.763585    -0.901256
 6
       4
     2     2     2     2
     0     1     1     1
 1.710E+00 1.625E+00 1.625E+00 1.625E+00
 0.000E+00 0.000E+00 0.000E+00 0.000E+00
 0.000E+00 0.000E+00 0.000E+00 0.000E+00
 0.000E+00 0.000E+00 0.000E+00 0.000E+00
      119.476934     0.365798    -0.371569
 6
       4
     2     2     2     2
     0     1     1     1
 1.710E+00 1.625E+00 1.625E+00 1.625E+00
 0.000E+00 0.000E+00 0.000E+00 0.000E+00
 0.000E+00 0.000E+00 0.000E+00 0.000E+00
 0.000E+00 0.000E+00 0.000E+00 0.000E+00
      122.144142     0.315303    -0.317614
 6
       4
     2     2     2     2
     0     1     1     1
 1.710E+00 1.625E+00 1.625E+00 1.625E+00
 0.000E+00 0.000E+00 0.000E+00 0.000E+00
 0.000E+00 0.000E+00 0.000E+00 0.000E+00
 0.000E+00 0.000E+00 0.000E+00 0.000E+00
      124.504591     0.502949    -0.117161
 6
       4
     2     2     2     2
     0     1     1     1
 1.710E+00 1.625E+00 1.625E+00 1.625E+00
 0.000E+00 0.000E+00 0.000E+00 0.000E+00
 0.000E+00 0.000E+00 0.000E+00 0.000E+00
 0.000E+00 0.000E+00 0.000E+00 0.000E+00
      127.242356     0.221398    0.052561
 6
       4
     2     2     2     2
     0     1     1     1
 1.710E+00 1.625E+00 1.625E+00 1.625E+00
 0.000E+00 0.000E+00 0.000E+00 0.000E+00
 0.000E+00 0.000E+00 0.000E+00 0.000E+00
 0.000E+00 0.000E+00 0.000E+00 0.000E+00
      128.401270     -2.143871    -0.600147
 6
       4
     2     2     2     2
     0     1     1     1
 1.710E+00 1.625E+00 1.625E+00 1.625E+00
 0.000E+00 0.000E+00 0.000E+00 0.000E+00
 0.000E+00 0.000E+00 0.000E+00 0.000E+00
 0.000E+00 0.000E+00 0.000E+00 0.000E+00
      128.778866     2.270069    0.935552
 6
       4
     2     2     2     2
     0     1     1     1
 1.710E+00 1.625E+00 1.625E+00 1.625E+00
 0.000E+00 0.000E+00 0.000E+00 0.000E+00
 0.000E+00 0.000E+00 0.000E+00 0.000E+00
 0.000E+00 0.000E+00 0.000E+00 0.000E+00
      131.424067     1.963127    1.066146
 6
       4
     2     2     2     2
     0     1     1     1
 1.710E+00 1.625E+00 1.625E+00 1.625E+00
 0.000E+00 0.000E+00 0.000E+00 0.000E+00
 0.000E+00 0.000E+00 0.000E+00 0.000E+00
 0.000E+00 0.000E+00 0.000E+00 0.000E+00
      130.949640     -2.443351    -0.444921
 6
       4
     2     2     2     2
     0     1     1     1
 1.710E+00 1.625E+00 1.625E+00 1.625E+00
 0.000E+00 0.000E+00 0.000E+00 0.000E+00
 0.000E+00 0.000E+00 0.000E+00 0.000E+00
 0.000E+00 0.000E+00 0.000E+00 0.000E+00
      132.542639     -0.350928    0.254746
 6
       4
     2     2     2     2
     0     1     1     1
 1.710E+00 1.625E+00 1.625E+00 1.625E+00
 0.000E+00 0.000E+00 0.000E+00 0.000E+00
 0.000E+00 0.000E+00 0.000E+00 0.000E+00
 0.000E+00 0.000E+00 0.000E+00 0.000E+00
      135.269623     -0.668052    0.251927
 1
       1
     1
     0
 1.300E+00
 0.000E+00
 0.000E+00
 0.000E+00
      75.220787     3.998683    -0.176230
 1
       1
     1
     0
 1.300E+00
 0.000E+00
 0.000E+00
 0.000E+00
      79.653521     4.031763    0.396287
 6
       4
     2     2     2     2
     0     1     1     1
 1.710E+00 1.625E+00 1.625E+00 1.625E+00
 0.000E+00 0.000E+00 0.000E+00 0.000E+00
 0.000E+00 0.000E+00 0.000E+00 0.000E+00
 0.000E+00 0.000E+00 0.000E+00 0.000E+00
      71.972593     0.122088    -0.011170
 1
       1
     1
     0
 1.300E+00
 0.000E+00
 0.000E+00
 0.000E+00
      75.047529     -4.051195    0.885099
 1
       1
     1
     0
 1.300E+00
 0.000E+00
 0.000E+00
 0.000E+00
      79.796728     -3.892165    1.299134
 1
       1
     1
     0
 1.300E+00
 0.000E+00
 0.000E+00
 0.000E+00
      88.157607     3.762189    -0.944912
 1
       1
     1
     0
 1.300E+00
 0.000E+00
 0.000E+00
 0.000E+00
      88.459882     -3.979326    1.253973
 1
       1
     1
     0
 1.300E+00
 0.000E+00
 0.000E+00
 0.000E+00
      92.646379     4.020670    -1.062895
 1
       1
     1
     0
 1.300E+00
 0.000E+00
 0.000E+00
 0.000E+00
      92.992643     -3.844854    0.814275
 1
       1
     1
     0
 1.300E+00
 0.000E+00
 0.000E+00
 0.000E+00
      101.047587     4.737356    -1.281329
 1
       1
     1
     0
 1.300E+00
 0.000E+00
 0.000E+00
 0.000E+00
      105.821598     5.050489    -0.902635
 1
       1
     1
     0
 1.300E+00
 0.000E+00
 0.000E+00
 0.000E+00
      101.713110     -2.958039    1.116839
 1
       1
     1
     0
 1.300E+00
 0.000E+00
 0.000E+00
 0.000E+00
      106.133712     -2.407728    1.690878
 1
       1
     1
     0
 1.300E+00
 0.000E+00
 0.000E+00
 0.000E+00
      114.603228     4.409827    1.035953
 1
       1
     1
     0
 1.300E+00
 0.000E+00
 0.000E+00
 0.000E+00
      114.391416     -3.373297    -0.957902
 1
       1
     1
     0
 1.300E+00
 0.000E+00
 0.000E+00
 0.000E+00
      119.386920     4.259486    0.768453
 1
       1
     1
     0
 1.300E+00
 0.000E+00
 0.000E+00
 0.000E+00
      118.738791     -3.526661    -1.173977
 1
       1
     1
     0
 1.300E+00
 0.000E+00
 0.000E+00
 0.000E+00
      127.997510     3.938694    1.553829
 1
       1
     1
     0
 1.300E+00
 0.000E+00
 0.000E+00
 0.000E+00
      127.188225     -3.572746    -1.125719
 1
       1
     1
     0
 1.300E+00
 0.000E+00
 0.000E+00
 0.000E+00
      132.459799     3.474231    1.828043
 1
       1
     1
     0
 1.300E+00
 0.000E+00
 0.000E+00
 0.000E+00
      131.794234     -4.123758    -0.903351
 1
       1
     1
     0
 1.300E+00
 0.000E+00
 0.000E+00
 0.000E+00
      140.333887     1.692034    2.841441
 1
       1
     1
     0
 1.300E+00
 0.000E+00
 0.000E+00
 0.000E+00
      140.753283     -4.786073    -1.928705
 1
       1
     1
     0
 1.300E+00
 0.000E+00
 0.000E+00
 0.000E+00
      147.420933     -1.165513    0.154309
 1
       1
     1
     0
 1.300E+00
 0.000E+00
 0.000E+00
 0.000E+00
      145.129047     1.819680    2.804448
 1
       1
     1
     0
 1.300E+00
 0.000E+00
 0.000E+00
 0.000E+00
      145.066645     -4.723412    -2.038455
 6
       4
     2     2     2     2
     0     1     1     1
 1.710E+00 1.625E+00 1.625E+00 1.625E+00
 0.000E+00 0.000E+00 0.000E+00 0.000E+00
 0.000E+00 0.000E+00 0.000E+00 0.000E+00
 0.000E+00 0.000E+00 0.000E+00 0.000E+00
      137.474049     -1.145100    0.225904
 6
       4
     2     2     2     2
     0     1     1     1
 1.710E+00 1.625E+00 1.625E+00 1.625E+00
 0.000E+00 0.000E+00 0.000E+00 0.000E+00
 0.000E+00 0.000E+00 0.000E+00 0.000E+00
 0.000E+00 0.000E+00 0.000E+00 0.000E+00
      140.172971     -1.395224    0.336360
 6
       4
     2     2     2     2
     0     1     1     1
 1.710E+00 1.625E+00 1.625E+00 1.625E+00
 0.000E+00 0.000E+00 0.000E+00 0.000E+00
 0.000E+00 0.000E+00 0.000E+00 0.000E+00
 0.000E+00 0.000E+00 0.000E+00 0.000E+00
      141.588326     -3.299265    -1.006290
 6
       4
     2     2     2     2
     0     1     1     1
 1.710E+00 1.625E+00 1.625E+00 1.625E+00
 0.000E+00 0.000E+00 0.000E+00 0.000E+00
 0.000E+00 0.000E+00 0.000E+00 0.000E+00
 0.000E+00 0.000E+00 0.000E+00 0.000E+00
      141.487430     0.490664    1.705376
 6
       4
     2     2     2     2
     0     1     1     1
 1.710E+00 1.625E+00 1.625E+00 1.625E+00
 0.000E+00 0.000E+00 0.000E+00 0.000E+00
 0.000E+00 0.000E+00 0.000E+00 0.000E+00
 0.000E+00 0.000E+00 0.000E+00 0.000E+00
      144.297704     0.503688    1.729695
 6
       4
     2     2     2     2
     0     1     1     1
 1.710E+00 1.625E+00 1.625E+00 1.625E+00
 0.000E+00 0.000E+00 0.000E+00 0.000E+00
 0.000E+00 0.000E+00 0.000E+00 0.000E+00
 0.000E+00 0.000E+00 0.000E+00 0.000E+00
      144.284508     -3.315076    -1.078213
 6
       4
     2     2     2     2
     0     1     1     1
 1.710E+00 1.625E+00 1.625E+00 1.625E+00
 0.000E+00 0.000E+00 0.000E+00 0.000E+00
 0.000E+00 0.000E+00 0.000E+00 0.000E+00
 0.000E+00 0.000E+00 0.000E+00 0.000E+00
      145.623723     -1.184066    0.320261
# LCAO coefficients .. are not included.
         1
        1        0.000058799012135   k=         1
        2        0.004962238045548   k=         1
        3        -0.001078358021718   k=         1
        4        0.041145254221700   k=         1
        5        0.002402202152225   k=         1
        6        0.003580956910901   k=         1
        7        -0.022935708145289   k=         1
        8        0.047253421188588   k=         1
        9        -0.004154991789573   k=         1
        10        -0.004986792278663   k=         1
        11        -0.029330617310854   k=         1
        12        0.055079884991900   k=         1
        13        -0.000230585206720   k=         1
        14        0.001936322208689   k=         1
        15        0.007059777214015   k=         1
        16        -0.019310901640534   k=         1
        17        0.000026449237135   k=         1
        18        0.004747950648983   k=         1
        19        0.014516132514095   k=         1
        20        -0.063673402270533   k=         1
        21        0.001437085941555   k=         1
        22        0.003648743336863   k=         1
        23        0.004348431663673   k=         1
        24        -0.007101537427193   k=         1
        25        -0.000811520011557   k=         1
        26        -0.008728965712002   k=         1
        27        -0.012713505271908   k=         1
        28        -0.093964469207849   k=         1
        29        0.000590709209639   k=         1
        30        0.000029206600297   k=         1
        31        -0.003048260317679   k=         1
        32        -0.054238399577951   k=         1
        33        -0.001427477141892   k=         1
        34        -0.014702604276873   k=         1
        35        0.018948148645723   k=         1
        36        0.124665168585921   k=         1
        37        -0.000397812277927   k=         1
        38        -0.004033423557898   k=         1
        39        0.000767003378616   k=         1
        40        0.057793778221285   k=         1
        41        -0.002481212876043   k=         1
        42        -0.014973136684283   k=         1
        43        0.004484866352087   k=         1
        44        0.051134694642446   k=         1
        45        -0.003427822313436   k=         1
        46        -0.003172002678237   k=         1
        47        -0.000123671060310   k=         1
        48        -0.095187587436169   k=         1
        49        0.005984747789581   k=         1
        50        0.022900883845245   k=         1
        51        -0.000285638996644   k=         1
        52        -0.112642115020669   k=         1
        53        -0.002066863436787   k=         1
        54        -0.008023447569505   k=         1
        55        -0.032811350880224   k=         1
        56        -0.095159067645689   k=         1
        57        -0.002932532755702   k=         1
        58        0.005692375907042   k=         1
        59        0.092047588875341   k=         1
        60        0.145618126854585   k=         1
        61        -0.005344355237382   k=         1
        62        -0.016662658522216   k=         1
        63        0.046291041617465   k=         1
        64        0.104805991402649   k=         1
        65        0.000530364228978   k=         1
        66        0.020664545072273   k=         1
        67        -0.116745204584695   k=         1
        68        -0.176868619735607   k=         1
        69        -0.003068991718762   k=         1
        70        -0.019805970358834   k=         1
        71        -0.059814530396143   k=         1
        72        -0.082167461294085   k=         1
        73        0.001688449495165   k=         1
        74        -0.017288990969993   k=         1
        75        -0.073927933592163   k=         1
        76        -0.094743418328282   k=         1
        77        -0.004495493260294   k=         1
        78        0.018496305382082   k=         1
        79        0.070482353896453   k=         1
        80        0.102644058744372   k=         1
        81        -0.001715965283030   k=         1
        82        0.031934677424696   k=         1
        83        0.065155240392398   k=         1
        84        0.102109197345557   k=         1
        85        0.001517599800745   k=         1
        86        0.022341421727841   k=         1
        87        0.096719760821130   k=         1
        88        0.168929381715142   k=         1
        89        -0.005164238496334   k=         1
        90        -0.014719236695921   k=         1
        91        -0.062309735085346   k=         1
        92        -0.138333186043710   k=         1
        93        0.006283421808165   k=         1
        94        -0.011246407982210   k=         1
        95        -0.087686376809439   k=         1
        96        -0.160757626859572   k=         1
        97        0.000761999967411   k=         1
        98        0.003457721959685   k=         1
        99        0.051330754147081   k=         1
        100        0.128177866109778   k=         1
        101        -0.000835318149856   k=         1
        102        0.011312270239863   k=         1
        103        0.037133793638910   k=         1
        104        0.137070044836626   k=         1
        105        0.005429963909320   k=         1
        106        -0.000354955469621   k=         1
        107        0.036981220560601   k=         1
        108        0.105616212668699   k=         1
        109        -0.001866992727596   k=         1
        110        -0.004303096275616   k=         1
        111        -0.023102060400615   k=         1
        112        -0.070086830480788   k=         1
        113        -0.000216670444694   k=         1
        114        -0.006496401208489   k=         1
        115        -0.018961672459412   k=         1
        116        -0.073195011287819   k=         1
        117        0.001520175824646   k=         1
        118        0.014897890740329   k=         1
        119        -0.061466205473105   k=         1
        120        -0.163476050890505   k=         1
        121        0.003397536572435   k=         1
        122        -0.006329778534423   k=         1
        123        0.024664119313270   k=         1
        124        0.061885809982738   k=         1
        125        -0.001065923393164   k=         1
        126        0.011117541472914   k=         1
        127        0.045906696867614   k=         1
        128        0.120491306968349   k=         1
        129        0.000844031133083   k=         1
        130        -0.008003516586319   k=         1
        131        -0.026643508560570   k=         1
        132        -0.054173402254565   k=         1
        133        -0.000813649756278   k=         1
        134        0.003000131835312   k=         1
        135        -0.029085562949541   k=         1
        136        -0.061261466520426   k=         1
        137        0.000301022602918   k=         1
        138        -0.008656141221349   k=         1
        139        -0.031639014136158   k=         1
        140        -0.062208813578912   k=         1
        141        -0.000479655467079   k=         1
        142        0.003087540656183   k=         1
        143        0.016477992705087   k=         1
        144        0.027191254429677   k=         1
        145        0.001401447423454   k=         1
        146        -0.001903009136055   k=         1
        147        0.012153162398154   k=         1
        148        0.026899954370702   k=         1
        149        0.002071079522903   k=         1
        150        -0.002120712147727   k=         1
        151        0.045132865166636   k=         1
        152        0.070502080512439   k=         1
        153        0.001837343983041   k=         1
        154        0.004151135135642   k=         1
        155        -0.014580919567048   k=         1
        156        -0.027855344412701   k=         1
        157        0.003350545785793   k=         1
        158        -0.003964637136274   k=         1
        159        0.000812282072429   k=         1
        160        -0.004144057450904   k=         1
        161        0.000597136330559   k=         1
        162        -0.005158417964756   k=         1
        163        0.006049197003283   k=         1
        164        0.006619862195879   k=         1
        165        0.000154650909085   k=         1
        166        0.003571262709363   k=         1
        167        0.006194868832635   k=         1
        168        0.007938757514612   k=         1
        169        0.000210095387069   k=         1
        170        -0.002690950310982   k=         1
        171        0.001244859433409   k=         1
        172        -0.000178877612148   k=         1
        173        -0.005625179185712   k=         1
        174        -0.000262132840100   k=         1
        175        -0.001452894335017   k=         1
        176        0.000098998503606   k=         1
        177        0.001411365383709   k=         1
        178        -0.000650505431236   k=         1
        179        -0.000224037955937   k=         1
        180        -0.000247412330762   k=         1
        181        -0.001335195506056   k=         1
        182        0.003169205870382   k=         1
        183        0.022124957839831   k=         1
        184        0.000249582318972   k=         1
        185        -0.001785050529607   k=         1
        186        -0.002788596672326   k=         1
        187        0.010133799995522   k=         1
        188        -0.030509433117880   k=         1
        189        -0.047646890971924   k=         1
        190        0.000351959281210   k=         1
        191        -0.003288892100125   k=         1
        192        0.009745857248543   k=         1
        193        0.024293042420843   k=         1
        194        -0.001811477770375   k=         1
        195        0.004953740163196   k=         1
        196        0.005277752994652   k=         1
        197        0.026851784750442   k=         1
        198        0.001237158643463   k=         1
        199        -0.000794698721056   k=         1
        200        0.010063787887891   k=         1
        201        0.036872768148792   k=         1
        202        0.000213987687189   k=         1
        203        -0.000117460679501   k=         1
        204        -0.005404232100233   k=         1
        205        -0.014391895632552   k=         1
        206        0.000540320771552   k=         1
        207        -0.002485287785505   k=         1
        208        -0.004393289543508   k=         1
        209        -0.013708636543579   k=         1
        210        -0.000711042644656   k=         1
        211        0.000324840307263   k=         1
        212        -0.010910371279281   k=         1
        213        -0.036328320365872   k=         1
        214        0.000530690311565   k=         1
        215        0.003895956419448   k=         1
        216        0.004221040092605   k=         1
        217        0.026678818478131   k=         1
        218        0.000534198329828   k=         1
        219        -0.003914804668014   k=         1
        220        0.002368813922877   k=         1
        221        0.030164548016597   k=         1
        222        -0.000872087295964   k=         1
        223        -0.006100543431723   k=         1
        224        0.000444264831179   k=         1
        225        0.029041445811339   k=         1
        226        -0.000054452669225   k=         1
        227        0.003752622451415   k=         1
        228        -0.000978395748163   k=         1
        229        -0.014055533477756   k=         1
        230        0.000172231856605   k=         1
        231        0.003599076519002   k=         1
        232        -0.004516850979896   k=         1
        233        -0.035267192504629   k=         1
        234        0.001132934849243   k=         1
        235        0.003474454287651   k=         1
        236        -0.001718160870530   k=         1
        237        -0.015856107897718   k=         1
        238        -0.000230000657083   k=         1
        239        -0.009184045867959   k=         1
        240        -0.014643236994114   k=         1
        241        -0.048897707545589   k=         1
        242        0.000802486957548   k=         1
        243        -0.002104009997804   k=         1
        244        -0.006444348138172   k=         1
        245        -0.030043735673505   k=         1
        246        -0.001965676458638   k=         1
        247        -0.001213537235628   k=         1
        248        0.019674015464610   k=         1
        249        0.066646914561357   k=         1
        250        0.000119377303555   k=         1
        251        -0.002014542066766   k=         1
        252        0.008550783825260   k=         1
        253        0.030688300619643   k=         1
        254        0.000693932537494   k=         1
        255        0.000036903069028   k=         1
        256        0.007738523652758   k=         1
        257        0.026925939196954   k=         1
        258        -0.001207856666438   k=         1
        259        -0.001102701773696   k=         1
        260        -0.010755975181468   k=         1
        261        -0.040285726801894   k=         1
        262        0.000019070624375   k=         1
        263        -0.004540874500769   k=         1
        264        -0.010001747989206   k=         1
        265        -0.055216737931200   k=         1
        266        -0.000601705362647   k=         1
        267        -0.007772752900806   k=         1
        268        -0.013525337217366   k=         1
        269        -0.055662739419289   k=         1
        270        -0.000924680331651   k=         1
        271        0.006150406724210   k=         1
        272        0.019983239214861   k=         1
        273        0.069957383392579   k=         1
        274        -0.001057928585888   k=         1
        275        -0.006188740245289   k=         1
        276        0.013015130594545   k=         1
        277        0.056145223358139   k=         1
        278        -0.001220236007107   k=         1
        279        0.014706916209476   k=         1
        280        -0.020579474561652   k=         1
        281        -0.085806743921079   k=         1
        282        -0.000951733537045   k=         1
        283        0.005220721502854   k=         1
        284        -0.013216078865720   k=         1
        285        -0.035263788175659   k=         1
        286        0.001256015472226   k=         1
        287        0.008751285346193   k=         1
        288        -0.021601022221734   k=         1
        289        -0.057363996410536   k=         1
        290        -0.004498971879257   k=         1
        291        -0.012512514159783   k=         1
        292        0.032173069889938   k=         1
        293        0.060756041768893   k=         1
        294        0.005325342160520   k=         1
        295        -0.000439823498435   k=         1
        296        0.033047420852932   k=         1
        297        0.055658971295682   k=         1
        298        -0.000333613348599   k=         1
        299        0.001375246719668   k=         1
        300        0.016550114307769   k=         1
        301        0.079475810088532   k=         1
        302        -0.001503422697690   k=         1
        303        -0.003185140262963   k=         1
        304        0.021026981085533   k=         1
        305        -0.118598542666436   k=         1
        306        0.002613510138767   k=         1
        307        -0.006663866609952   k=         1
        308        -0.002897981842453   k=         1
        309        -0.084613671409939   k=         1
        310        0.000918062632011   k=         1
        311        0.007185674051554   k=         1
        312        -0.031031020375385   k=         1
        313        0.129689531979249   k=         1
        314        -0.003011371081341   k=         1
        315        0.013992934894235   k=         1
        316        -0.024223405315994   k=         1
        317        0.093831354611638   k=         1
        318        0.000815986802937   k=         1
        319        0.000775970229444   k=         1
        320        -0.020661103520037   k=         1
        321        0.053753844503122   k=         1
        322        -0.000023096830423   k=         1
        323        -0.001117660153457   k=         1
        324        0.027355813115679   k=         1
        325        -0.095770342825358   k=         1
        326        0.002191499368669   k=         1
        327        -0.006512849087566   k=         1
        328        0.014889725102798   k=         1
        329        -0.085589914675029   k=         1
        330        -0.000219190632762   k=         1
        331        0.002387201279744   k=         1
        332        0.035773884095756   k=         1
        333        -0.119022283029703   k=         1
        334        0.000639524639822   k=         1
        335        -0.005705611552980   k=         1
        336        -0.035143723639134   k=         1
        337        0.111159374407182   k=         1
        338        -0.000377511786258   k=         1
        339        -0.009937939217686   k=         1
        340        -0.038711212995443   k=         1
        341        0.125343351766896   k=         1
        342        -0.000241100447728   k=         1
        343        0.010662727234207   k=         1
        344        0.034003864572329   k=         1
        345        -0.105775501743684   k=         1
        346        0.001796361368269   k=         1
        347        0.009025830419418   k=         1
        348        0.025734814609078   k=         1
        349        -0.079964593086967   k=         1
        350        0.001534309545407   k=         1
        351        0.011447399866406   k=         1
        352        0.035714298530080   k=         1
        353        -0.088919697081545   k=         1
        354        -0.000843537874636   k=         1
        355        -0.008440472823761   k=         1
        356        -0.022831028224138   k=         1
        357        0.057195492700192   k=         1
        358        0.000341453656388   k=         1
        359        -0.006110763680932   k=         1
        360        -0.016975214317851   k=         1
        361        0.055578194867920   k=         1
        362        -0.001325548547131   k=         1
        363        0.001126616290604   k=         1
        364        -0.042090669541254   k=         1
        365        0.124952036723658   k=         1
        366        0.001854543340903   k=         1
        367        -0.000528075631551   k=         1
        368        0.022795127864216   k=         1
        369        -0.051004615045347   k=         1
        370        0.000059679922440   k=         1
        371        -0.001244722198020   k=         1
        372        0.000477673350568   k=         1
        373        -0.001095060788557   k=         1
        374        0.006111850000369   k=         1
        375        0.022373899648333   k=         1
        376        -0.001542924362423   k=         1
        377        -0.000590584672586   k=         1
        378        -0.000609615825691   k=         1
        379        0.000514701533550   k=         1
        380        0.000914124820794   k=         1
        381        0.000571595038391   k=         1
        382        -0.004236394220530   k=         1
        383        0.002305270688131   k=         1
        384        0.005786155647922   k=         1
        385        -0.003270320763416   k=         1
        386        -0.000322064503743   k=         1
        387        -0.001176697721840   k=         1
        388        0.000390413025782   k=         1
        389        -0.001375231401073   k=         1
        390        0.000332682877685   k=         1
        391        -0.000616429124385   k=         1
        392        -0.003325116553519   k=         1
        393        -0.001614358813674   k=         1
        394        -0.001565424349182   k=         1
        395        0.001127725108411   k=         1
        396        -0.000157251458193   k=         1
        397        0.002508795381510   k=         1
        398        -0.002329298094725   k=         1
        399        0.000431917476691   k=         1
        400        0.010051383558557   k=         1
        401        0.030922166753273   k=         1
        402        -0.091610879385485   k=         1
        403        0.001384703461370   k=         1
        404        -0.005380655745522   k=         1
        405        -0.018768608044648   k=         1
        406        0.037315613929385   k=         1
        407        -0.003760691636459   k=         1
        408        0.006959501148379   k=         1
        409        -0.028163697788069   k=         1
        410        0.027304324713025   k=         1
        411        -0.000535796879013   k=         1
        412        -0.001891337559834   k=         1
        413        -0.050121647403211   k=         1
        414        0.053511036094451   k=         1
        415        0.000160363509073   k=         1
        416        -0.000162219735550   k=         1
        417        0.006589624712857   k=         1
        418        -0.006600106622157   k=         1
        419        0.001190538082114   k=         1
        420        -0.003221169942414   k=         1
        421        0.013669976818436   k=         1
        422        -0.017834316423441   k=         1
        423        0.000233613944312   k=         1
        424        -0.005475744521080   k=         1
        425        0.035011373304446   k=         1
        426        -0.049702371984779   k=         1
