# file_format= v0.04.05
       144       426
    188.97268778      0.00000000      0.00000000    0
      0.00000000    188.97268778      0.00000000    0
      0.00000000      0.00000000    188.97268778    0
 6
       4
     2     2     2     2
     0     1     1     1
 1.710E+00 1.625E+00 1.625E+00 1.625E+00
 0.000E+00 0.000E+00 0.000E+00 0.000E+00
 0.000E+00 0.000E+00 0.000E+00 0.000E+00
 0.000E+00 0.000E+00 0.000E+00 0.000E+00
      1.434385     -0.816721    -0.015925
 6
       4
     2     2     2     2
     0     1     1     1
 1.710E+00 1.625E+00 1.625E+00 1.625E+00
 0.000E+00 0.000E+00 0.000E+00 0.000E+00
 0.000E+00 0.000E+00 0.000E+00 0.000E+00
 0.000E+00 0.000E+00 0.000E+00 0.000E+00
      -0.479994     1.042490    0.538617
 6
       4
     2     2     2     2
     0     1     1     1
 1.710E+00 1.625E+00 1.625E+00 1.625E+00
 0.000E+00 0.000E+00 0.000E+00 0.000E+00
 0.000E+00 0.000E+00 0.000E+00 0.000E+00
 0.000E+00 0.000E+00 0.000E+00 0.000E+00
      0.489447     -3.360231    -0.682229
 6
       4
     2     2     2     2
     0     1     1     1
 1.710E+00 1.625E+00 1.625E+00 1.625E+00
 0.000E+00 0.000E+00 0.000E+00 0.000E+00
 0.000E+00 0.000E+00 0.000E+00 0.000E+00
 0.000E+00 0.000E+00 0.000E+00 0.000E+00
      -3.142321     0.411278    0.294958
 6
       4
     2     2     2     2
     0     1     1     1
 1.710E+00 1.625E+00 1.625E+00 1.625E+00
 0.000E+00 0.000E+00 0.000E+00 0.000E+00
 0.000E+00 0.000E+00 0.000E+00 0.000E+00
 0.000E+00 0.000E+00 0.000E+00 0.000E+00
      -4.065267     -2.033557    -0.479440
 6
       4
     2     2     2     2
     0     1     1     1
 1.710E+00 1.625E+00 1.625E+00 1.625E+00
 0.000E+00 0.000E+00 0.000E+00 0.000E+00
 0.000E+00 0.000E+00 0.000E+00 0.000E+00
 0.000E+00 0.000E+00 0.000E+00 0.000E+00
      -2.080647     -3.965310    -0.847761
 6
       4
     2     2     2     2
     0     1     1     1
 1.710E+00 1.625E+00 1.625E+00 1.625E+00
 0.000E+00 0.000E+00 0.000E+00 0.000E+00
 0.000E+00 0.000E+00 0.000E+00 0.000E+00
 0.000E+00 0.000E+00 0.000E+00 0.000E+00
      4.004135     -0.515455    -0.042126
 6
       4
     2     2     2     2
     0     1     1     1
 1.710E+00 1.625E+00 1.625E+00 1.625E+00
 0.000E+00 0.000E+00 0.000E+00 0.000E+00
 0.000E+00 0.000E+00 0.000E+00 0.000E+00
 0.000E+00 0.000E+00 0.000E+00 0.000E+00
      6.282829     -0.411014    -0.163526
 6
       4
     2     2     2     2
     0     1     1     1
 1.710E+00 1.625E+00 1.625E+00 1.625E+00
 0.000E+00 0.000E+00 0.000E+00 0.000E+00
 0.000E+00 0.000E+00 0.000E+00 0.000E+00
 0.000E+00 0.000E+00 0.000E+00 0.000E+00
      8.946467     -0.079172    -0.016435
 6
       4
     2     2     2     2
     0     1     1     1
 1.710E+00 1.625E+00 1.625E+00 1.625E+00
 0.000E+00 0.000E+00 0.000E+00 0.000E+00
 0.000E+00 0.000E+00 0.000E+00 0.000E+00
 0.000E+00 0.000E+00 0.000E+00 0.000E+00
      10.021672     2.409280    -0.161012
 6
       4
     2     2     2     2
     0     1     1     1
 1.710E+00 1.625E+00 1.625E+00 1.625E+00
 0.000E+00 0.000E+00 0.000E+00 0.000E+00
 0.000E+00 0.000E+00 0.000E+00 0.000E+00
 0.000E+00 0.000E+00 0.000E+00 0.000E+00
      10.642481     -2.053573    0.454806
 6
       4
     2     2     2     2
     0     1     1     1
 1.710E+00 1.625E+00 1.625E+00 1.625E+00
 0.000E+00 0.000E+00 0.000E+00 0.000E+00
 0.000E+00 0.000E+00 0.000E+00 0.000E+00
 0.000E+00 0.000E+00 0.000E+00 0.000E+00
      12.683264     2.801077    -0.063062
 6
       4
     2     2     2     2
     0     1     1     1
 1.710E+00 1.625E+00 1.625E+00 1.625E+00
 0.000E+00 0.000E+00 0.000E+00 0.000E+00
 0.000E+00 0.000E+00 0.000E+00 0.000E+00
 0.000E+00 0.000E+00 0.000E+00 0.000E+00
      13.280505     -1.607815    0.622755
 6
       4
     2     2     2     2
     0     1     1     1
 1.710E+00 1.625E+00 1.625E+00 1.625E+00
 0.000E+00 0.000E+00 0.000E+00 0.000E+00
 0.000E+00 0.000E+00 0.000E+00 0.000E+00
 0.000E+00 0.000E+00 0.000E+00 0.000E+00
      14.360723     0.748872    0.297743
 6
       4
     2     2     2     2
     0     1     1     1
 1.710E+00 1.625E+00 1.625E+00 1.625E+00
 0.000E+00 0.000E+00 0.000E+00 0.000E+00
 0.000E+00 0.000E+00 0.000E+00 0.000E+00
 0.000E+00 0.000E+00 0.000E+00 0.000E+00
      17.060325     0.926261    0.278767
 6
       4
     2     2     2     2
     0     1     1     1
 1.710E+00 1.625E+00 1.625E+00 1.625E+00
 0.000E+00 0.000E+00 0.000E+00 0.000E+00
 0.000E+00 0.000E+00 0.000E+00 0.000E+00
 0.000E+00 0.000E+00 0.000E+00 0.000E+00
      19.316384     1.302834    0.132853
 6
       4
     2     2     2     2
     0     1     1     1
 1.710E+00 1.625E+00 1.625E+00 1.625E+00
 0.000E+00 0.000E+00 0.000E+00 0.000E+00
 0.000E+00 0.000E+00 0.000E+00 0.000E+00
 0.000E+00 0.000E+00 0.000E+00 0.000E+00
      21.967090     1.234008    0.310558
 6
       4
     2     2     2     2
     0     1     1     1
 1.710E+00 1.625E+00 1.625E+00 1.625E+00
 0.000E+00 0.000E+00 0.000E+00 0.000E+00
 0.000E+00 0.000E+00 0.000E+00 0.000E+00
 0.000E+00 0.000E+00 0.000E+00 0.000E+00
      23.299265     -0.770247    1.613879
 6
       4
     2     2     2     2
     0     1     1     1
 1.710E+00 1.625E+00 1.625E+00 1.625E+00
 0.000E+00 0.000E+00 0.000E+00 0.000E+00
 0.000E+00 0.000E+00 0.000E+00 0.000E+00
 0.000E+00 0.000E+00 0.000E+00 0.000E+00
      23.454901     3.102085    -0.963770
 6
       4
     2     2     2     2
     0     1     1     1
 1.710E+00 1.625E+00 1.625E+00 1.625E+00
 0.000E+00 0.000E+00 0.000E+00 0.000E+00
 0.000E+00 0.000E+00 0.000E+00 0.000E+00
 0.000E+00 0.000E+00 0.000E+00 0.000E+00
      26.018214     2.934442    -1.073306
 6
       4
     2     2     2     2
     0     1     1     1
 1.710E+00 1.625E+00 1.625E+00 1.625E+00
 0.000E+00 0.000E+00 0.000E+00 0.000E+00
 0.000E+00 0.000E+00 0.000E+00 0.000E+00
 0.000E+00 0.000E+00 0.000E+00 0.000E+00
      25.820732     -0.957621    1.342715
 6
       4
     2     2     2     2
     0     1     1     1
 1.710E+00 1.625E+00 1.625E+00 1.625E+00
 0.000E+00 0.000E+00 0.000E+00 0.000E+00
 0.000E+00 0.000E+00 0.000E+00 0.000E+00
 0.000E+00 0.000E+00 0.000E+00 0.000E+00
      27.394812     0.867972    0.050994
 6
       4
     2     2     2     2
     0     1     1     1
 1.710E+00 1.625E+00 1.625E+00 1.625E+00
 0.000E+00 0.000E+00 0.000E+00 0.000E+00
 0.000E+00 0.000E+00 0.000E+00 0.000E+00
 0.000E+00 0.000E+00 0.000E+00 0.000E+00
      29.994171     0.545904    -0.118618
 6
       4
     2     2     2     2
     0     1     1     1
 1.710E+00 1.625E+00 1.625E+00 1.625E+00
 0.000E+00 0.000E+00 0.000E+00 0.000E+00
 0.000E+00 0.000E+00 0.000E+00 0.000E+00
 0.000E+00 0.000E+00 0.000E+00 0.000E+00
      32.356909     0.356931    -0.317729
 6
       4
     2     2     2     2
     0     1     1     1
 1.710E+00 1.625E+00 1.625E+00 1.625E+00
 0.000E+00 0.000E+00 0.000E+00 0.000E+00
 0.000E+00 0.000E+00 0.000E+00 0.000E+00
 0.000E+00 0.000E+00 0.000E+00 0.000E+00
      34.966528     0.084257    -0.251307
 6
       4
     2     2     2     2
     0     1     1     1
 1.710E+00 1.625E+00 1.625E+00 1.625E+00
 0.000E+00 0.000E+00 0.000E+00 0.000E+00
 0.000E+00 0.000E+00 0.000E+00 0.000E+00
 0.000E+00 0.000E+00 0.000E+00 0.000E+00
      36.242660     -2.226093    0.467764
 6
       4
     2     2     2     2
     0     1     1     1
 1.710E+00 1.625E+00 1.625E+00 1.625E+00
 0.000E+00 0.000E+00 0.000E+00 0.000E+00
 0.000E+00 0.000E+00 0.000E+00 0.000E+00
 0.000E+00 0.000E+00 0.000E+00 0.000E+00
      36.710049     2.064227    -1.088441
 6
       4
     2     2     2     2
     0     1     1     1
 1.710E+00 1.625E+00 1.625E+00 1.625E+00
 0.000E+00 0.000E+00 0.000E+00 0.000E+00
 0.000E+00 0.000E+00 0.000E+00 0.000E+00
 0.000E+00 0.000E+00 0.000E+00 0.000E+00
      39.323531     1.707929    -0.984547
 6
       4
     2     2     2     2
     0     1     1     1
 1.710E+00 1.625E+00 1.625E+00 1.625E+00
 0.000E+00 0.000E+00 0.000E+00 0.000E+00
 0.000E+00 0.000E+00 0.000E+00 0.000E+00
 0.000E+00 0.000E+00 0.000E+00 0.000E+00
      38.804147     -2.563946    0.538859
 6
       4
     2     2     2     2
     0     1     1     1
 1.710E+00 1.625E+00 1.625E+00 1.625E+00
 0.000E+00 0.000E+00 0.000E+00 0.000E+00
 0.000E+00 0.000E+00 0.000E+00 0.000E+00
 0.000E+00 0.000E+00 0.000E+00 0.000E+00
      40.549041     -0.616313    -0.087954
 6
       4
     2     2     2     2
     0     1     1     1
 1.710E+00 1.625E+00 1.625E+00 1.625E+00
 0.000E+00 0.000E+00 0.000E+00 0.000E+00
 0.000E+00 0.000E+00 0.000E+00 0.000E+00
 0.000E+00 0.000E+00 0.000E+00 0.000E+00
      43.229207     -0.605961    0.051499
 6
       4
     2     2     2     2
     0     1     1     1
 1.710E+00 1.625E+00 1.625E+00 1.625E+00
 0.000E+00 0.000E+00 0.000E+00 0.000E+00
 0.000E+00 0.000E+00 0.000E+00 0.000E+00
 0.000E+00 0.000E+00 0.000E+00 0.000E+00
      45.532802     -0.525733    -0.084238
 6
       4
     2     2     2     2
     0     1     1     1
 1.710E+00 1.625E+00 1.625E+00 1.625E+00
 0.000E+00 0.000E+00 0.000E+00 0.000E+00
 0.000E+00 0.000E+00 0.000E+00 0.000E+00
 0.000E+00 0.000E+00 0.000E+00 0.000E+00
      48.282616     -0.328867    -0.304225
 6
       4
     2     2     2     2
     0     1     1     1
 1.710E+00 1.625E+00 1.625E+00 1.625E+00
 0.000E+00 0.000E+00 0.000E+00 0.000E+00
 0.000E+00 0.000E+00 0.000E+00 0.000E+00
 0.000E+00 0.000E+00 0.000E+00 0.000E+00
      49.860330     -2.343600    0.567895
 6
       4
     2     2     2     2
     0     1     1     1
 1.710E+00 1.625E+00 1.625E+00 1.625E+00
 0.000E+00 0.000E+00 0.000E+00 0.000E+00
 0.000E+00 0.000E+00 0.000E+00 0.000E+00
 0.000E+00 0.000E+00 0.000E+00 0.000E+00
      49.759900     1.678237    -1.446804
 6
       4
     2     2     2     2
     0     1     1     1
 1.710E+00 1.625E+00 1.625E+00 1.625E+00
 0.000E+00 0.000E+00 0.000E+00 0.000E+00
 0.000E+00 0.000E+00 0.000E+00 0.000E+00
 0.000E+00 0.000E+00 0.000E+00 0.000E+00
      52.330751     1.582417    -1.695196
 6
       4
     2     2     2     2
     0     1     1     1
 1.710E+00 1.625E+00 1.625E+00 1.625E+00
 0.000E+00 0.000E+00 0.000E+00 0.000E+00
 0.000E+00 0.000E+00 0.000E+00 0.000E+00
 0.000E+00 0.000E+00 0.000E+00 0.000E+00
      52.479059     -2.316967    0.561719
 6
       4
     2     2     2     2
     0     1     1     1
 1.710E+00 1.625E+00 1.625E+00 1.625E+00
 0.000E+00 0.000E+00 0.000E+00 0.000E+00
 0.000E+00 0.000E+00 0.000E+00 0.000E+00
 0.000E+00 0.000E+00 0.000E+00 0.000E+00
      53.872503     -0.295340    -0.499092
 6
       4
     2     2     2     2
     0     1     1     1
 1.710E+00 1.625E+00 1.625E+00 1.625E+00
 0.000E+00 0.000E+00 0.000E+00 0.000E+00
 0.000E+00 0.000E+00 0.000E+00 0.000E+00
 0.000E+00 0.000E+00 0.000E+00 0.000E+00
      56.641611     -0.135767    -0.565814
 1
       1
     1
     0
 1.300E+00
 0.000E+00
 0.000E+00
 0.000E+00
      -4.575592     2.025337    0.630592
 1
       1
     1
     0
 1.300E+00
 0.000E+00
 0.000E+00
 0.000E+00
      0.414727     2.837140    1.180740
 1
       1
     1
     0
 1.300E+00
 0.000E+00
 0.000E+00
 0.000E+00
      -5.908773     -2.505824    -0.587501
 1
       1
     1
     0
 1.300E+00
 0.000E+00
 0.000E+00
 0.000E+00
      -2.906196     -5.991187    -1.325983
 1
       1
     1
     0
 1.300E+00
 0.000E+00
 0.000E+00
 0.000E+00
      2.041626     -4.720503    -1.092791
 1
       1
     1
     0
 1.300E+00
 0.000E+00
 0.000E+00
 0.000E+00
      8.871644     4.104625    -0.313700
 1
       1
     1
     0
 1.300E+00
 0.000E+00
 0.000E+00
 0.000E+00
      9.871566     -4.113376    0.649525
 1
       1
     1
     0
 1.300E+00
 0.000E+00
 0.000E+00
 0.000E+00
      13.262180     4.819151    -0.356448
 1
       1
     1
     0
 1.300E+00
 0.000E+00
 0.000E+00
 0.000E+00
      14.552370     -3.359944    1.059154
 1
       1
     1
     0
 1.300E+00
 0.000E+00
 0.000E+00
 0.000E+00
      22.503528     4.691693    -2.038803
 1
       1
     1
     0
 1.300E+00
 0.000E+00
 0.000E+00
 0.000E+00
      27.057301     4.609711    -2.184236
 1
       1
     1
     0
 1.300E+00
 0.000E+00
 0.000E+00
 0.000E+00
      22.261590     -2.279701    2.823003
 1
       1
     1
     0
 1.300E+00
 0.000E+00
 0.000E+00
 0.000E+00
      26.771293     -2.759287    2.144350
 1
       1
     1
     0
 1.300E+00
 0.000E+00
 0.000E+00
 0.000E+00
      35.991417     3.969604    -1.956666
 1
       1
     1
     0
 1.300E+00
 0.000E+00
 0.000E+00
 0.000E+00
      34.917979     -3.824229    1.043233
 1
       1
     1
     0
 1.300E+00
 0.000E+00
 0.000E+00
 0.000E+00
      40.496123     3.287169    -1.676618
 1
       1
     1
     0
 1.300E+00
 0.000E+00
 0.000E+00
 0.000E+00
      39.646476     -4.451208    0.960773
 1
       1
     1
     0
 1.300E+00
 0.000E+00
 0.000E+00
 0.000E+00
      48.697677     3.346983    -2.141018
 1
       1
     1
     0
 1.300E+00
 0.000E+00
 0.000E+00
 0.000E+00
      48.941635     -4.014676    1.439973
 1
       1
     1
     0
 1.300E+00
 0.000E+00
 0.000E+00
 0.000E+00
      53.425205     2.873969    -2.756904
 1
       1
     1
     0
 1.300E+00
 0.000E+00
 0.000E+00
 0.000E+00
      53.574384     -4.028183    1.386692
 1
       1
     1
     0
 1.300E+00
 0.000E+00
 0.000E+00
 0.000E+00
      61.725454     4.349178    -1.425691
 1
       1
     1
     0
 1.300E+00
 0.000E+00
 0.000E+00
 0.000E+00
      61.860212     -3.319092    1.137980
 6
       4
     2     2     2     2
     0     1     1     1
 1.710E+00 1.625E+00 1.625E+00 1.625E+00
 0.000E+00 0.000E+00 0.000E+00 0.000E+00
 0.000E+00 0.000E+00 0.000E+00 0.000E+00
 0.000E+00 0.000E+00 0.000E+00 0.000E+00
      69.762258     0.598610    -0.275369
 1
       1
     1
     0
 1.300E+00
 0.000E+00
 0.000E+00
 0.000E+00
      66.505724     4.715541    -1.586064
 1
       1
     1
     0
 1.300E+00
 0.000E+00
 0.000E+00
 0.000E+00
      66.997750     -3.247341    0.721420
 6
       4
     2     2     2     2
     0     1     1     1
 1.710E+00 1.625E+00 1.625E+00 1.625E+00
 0.000E+00 0.000E+00 0.000E+00 0.000E+00
 0.000E+00 0.000E+00 0.000E+00 0.000E+00
 0.000E+00 0.000E+00 0.000E+00 0.000E+00
      58.913840     0.236522    -0.249166
 6
       4
     2     2     2     2
     0     1     1     1
 1.710E+00 1.625E+00 1.625E+00 1.625E+00
 0.000E+00 0.000E+00 0.000E+00 0.000E+00
 0.000E+00 0.000E+00 0.000E+00 0.000E+00
 0.000E+00 0.000E+00 0.000E+00 0.000E+00
      61.576536     0.476787    -0.209971
 6
       4
     2     2     2     2
     0     1     1     1
 1.710E+00 1.625E+00 1.625E+00 1.625E+00
 0.000E+00 0.000E+00 0.000E+00 0.000E+00
 0.000E+00 0.000E+00 0.000E+00 0.000E+00
 0.000E+00 0.000E+00 0.000E+00 0.000E+00
      63.150098     -1.695800    0.475353
 6
       4
     2     2     2     2
     0     1     1     1
 1.710E+00 1.625E+00 1.625E+00 1.625E+00
 0.000E+00 0.000E+00 0.000E+00 0.000E+00
 0.000E+00 0.000E+00 0.000E+00 0.000E+00
 0.000E+00 0.000E+00 0.000E+00 0.000E+00
      62.867423     2.713599    -0.897964
 6
       4
     2     2     2     2
     0     1     1     1
 1.710E+00 1.625E+00 1.625E+00 1.625E+00
 0.000E+00 0.000E+00 0.000E+00 0.000E+00
 0.000E+00 0.000E+00 0.000E+00 0.000E+00
 0.000E+00 0.000E+00 0.000E+00 0.000E+00
      65.555932     2.774545    -0.964325
 6
       4
     2     2     2     2
     0     1     1     1
 1.710E+00 1.625E+00 1.625E+00 1.625E+00
 0.000E+00 0.000E+00 0.000E+00 0.000E+00
 0.000E+00 0.000E+00 0.000E+00 0.000E+00
 0.000E+00 0.000E+00 0.000E+00 0.000E+00
      65.625380     -1.598542    0.411133
 6
       4
     2     2     2     2
     0     1     1     1
 1.710E+00 1.625E+00 1.625E+00 1.625E+00
 0.000E+00 0.000E+00 0.000E+00 0.000E+00
 0.000E+00 0.000E+00 0.000E+00 0.000E+00
 0.000E+00 0.000E+00 0.000E+00 0.000E+00
      67.064008     0.744654    -0.233445
 6
       4
     2     2     2     2
     0     1     1     1
 1.710E+00 1.625E+00 1.625E+00 1.625E+00
 0.000E+00 0.000E+00 0.000E+00 0.000E+00
 0.000E+00 0.000E+00 0.000E+00 0.000E+00
 0.000E+00 0.000E+00 0.000E+00 0.000E+00
      80.141926     -0.063096    0.778958
 6
       4
     2     2     2     2
     0     1     1     1
 1.710E+00 1.625E+00 1.625E+00 1.625E+00
 0.000E+00 0.000E+00 0.000E+00 0.000E+00
 0.000E+00 0.000E+00 0.000E+00 0.000E+00
 0.000E+00 0.000E+00 0.000E+00 0.000E+00
      78.762016     2.313129    0.497595
 6
       4
     2     2     2     2
     0     1     1     1
 1.710E+00 1.625E+00 1.625E+00 1.625E+00
 0.000E+00 0.000E+00 0.000E+00 0.000E+00
 0.000E+00 0.000E+00 0.000E+00 0.000E+00
 0.000E+00 0.000E+00 0.000E+00 0.000E+00
      78.710502     -2.329550    1.004985
 6
       4
     2     2     2     2
     0     1     1     1
 1.710E+00 1.625E+00 1.625E+00 1.625E+00
 0.000E+00 0.000E+00 0.000E+00 0.000E+00
 0.000E+00 0.000E+00 0.000E+00 0.000E+00
 0.000E+00 0.000E+00 0.000E+00 0.000E+00
      76.150458     2.251709    0.216929
 6
       4
     2     2     2     2
     0     1     1     1
 1.710E+00 1.625E+00 1.625E+00 1.625E+00
 0.000E+00 0.000E+00 0.000E+00 0.000E+00
 0.000E+00 0.000E+00 0.000E+00 0.000E+00
 0.000E+00 0.000E+00 0.000E+00 0.000E+00
      74.698157     -0.065779    0.258191
 6
       4
     2     2     2     2
     0     1     1     1
 1.710E+00 1.625E+00 1.625E+00 1.625E+00
 0.000E+00 0.000E+00 0.000E+00 0.000E+00
 0.000E+00 0.000E+00 0.000E+00 0.000E+00
 0.000E+00 0.000E+00 0.000E+00 0.000E+00
      76.087903     -2.328702    0.676240
 6
       4
     2     2     2     2
     0     1     1     1
 1.710E+00 1.625E+00 1.625E+00 1.625E+00
 0.000E+00 0.000E+00 0.000E+00 0.000E+00
 0.000E+00 0.000E+00 0.000E+00 0.000E+00
 0.000E+00 0.000E+00 0.000E+00 0.000E+00
      82.832862     -0.022337    0.545082
 6
       4
     2     2     2     2
     0     1     1     1
 1.710E+00 1.625E+00 1.625E+00 1.625E+00
 0.000E+00 0.000E+00 0.000E+00 0.000E+00
 0.000E+00 0.000E+00 0.000E+00 0.000E+00
 0.000E+00 0.000E+00 0.000E+00 0.000E+00
      85.140176     -0.152947    0.325511
 6
       4
     2     2     2     2
     0     1     1     1
 1.710E+00 1.625E+00 1.625E+00 1.625E+00
 0.000E+00 0.000E+00 0.000E+00 0.000E+00
 0.000E+00 0.000E+00 0.000E+00 0.000E+00
 0.000E+00 0.000E+00 0.000E+00 0.000E+00
      87.838442     -0.111728    0.171328
 6
       4
     2     2     2     2
     0     1     1     1
 1.710E+00 1.625E+00 1.625E+00 1.625E+00
 0.000E+00 0.000E+00 0.000E+00 0.000E+00
 0.000E+00 0.000E+00 0.000E+00 0.000E+00
 0.000E+00 0.000E+00 0.000E+00 0.000E+00
      89.244984     2.214938    -0.415279
 6
       4
     2     2     2     2
     0     1     1     1
 1.710E+00 1.625E+00 1.625E+00 1.625E+00
 0.000E+00 0.000E+00 0.000E+00 0.000E+00
 0.000E+00 0.000E+00 0.000E+00 0.000E+00
 0.000E+00 0.000E+00 0.000E+00 0.000E+00
      89.366302     -2.234537    0.796557
 6
       4
     2     2     2     2
     0     1     1     1
 1.710E+00 1.625E+00 1.625E+00 1.625E+00
 0.000E+00 0.000E+00 0.000E+00 0.000E+00
 0.000E+00 0.000E+00 0.000E+00 0.000E+00
 0.000E+00 0.000E+00 0.000E+00 0.000E+00
      91.777668     2.342041    -0.451773
 6
       4
     2     2     2     2
     0     1     1     1
 1.710E+00 1.625E+00 1.625E+00 1.625E+00
 0.000E+00 0.000E+00 0.000E+00 0.000E+00
 0.000E+00 0.000E+00 0.000E+00 0.000E+00
 0.000E+00 0.000E+00 0.000E+00 0.000E+00
      91.942433     -2.184982    0.613416
 6
       4
     2     2     2     2
     0     1     1     1
 1.710E+00 1.625E+00 1.625E+00 1.625E+00
 0.000E+00 0.000E+00 0.000E+00 0.000E+00
 0.000E+00 0.000E+00 0.000E+00 0.000E+00
 0.000E+00 0.000E+00 0.000E+00 0.000E+00
      93.317247     0.092776    -0.024674
 6
       4
     2     2     2     2
     0     1     1     1
 1.710E+00 1.625E+00 1.625E+00 1.625E+00
 0.000E+00 0.000E+00 0.000E+00 0.000E+00
 0.000E+00 0.000E+00 0.000E+00 0.000E+00
 0.000E+00 0.000E+00 0.000E+00 0.000E+00
      95.987666     0.122159    -0.256574
 6
       4
     2     2     2     2
     0     1     1     1
 1.710E+00 1.625E+00 1.625E+00 1.625E+00
 0.000E+00 0.000E+00 0.000E+00 0.000E+00
 0.000E+00 0.000E+00 0.000E+00 0.000E+00
 0.000E+00 0.000E+00 0.000E+00 0.000E+00
      98.264740     0.536300    -0.286437
 6
       4
     2     2     2     2
     0     1     1     1
 1.710E+00 1.625E+00 1.625E+00 1.625E+00
 0.000E+00 0.000E+00 0.000E+00 0.000E+00
 0.000E+00 0.000E+00 0.000E+00 0.000E+00
 0.000E+00 0.000E+00 0.000E+00 0.000E+00
      100.903066     0.916202    -0.055607
 6
       4
     2     2     2     2
     0     1     1     1
 1.710E+00 1.625E+00 1.625E+00 1.625E+00
 0.000E+00 0.000E+00 0.000E+00 0.000E+00
 0.000E+00 0.000E+00 0.000E+00 0.000E+00
 0.000E+00 0.000E+00 0.000E+00 0.000E+00
      102.490425     -1.185278    0.722928
 6
       4
     2     2     2     2
     0     1     1     1
 1.710E+00 1.625E+00 1.625E+00 1.625E+00
 0.000E+00 0.000E+00 0.000E+00 0.000E+00
 0.000E+00 0.000E+00 0.000E+00 0.000E+00
 0.000E+00 0.000E+00 0.000E+00 0.000E+00
      102.207559     3.243851    -0.612156
 6
       4
     2     2     2     2
     0     1     1     1
 1.710E+00 1.625E+00 1.625E+00 1.625E+00
 0.000E+00 0.000E+00 0.000E+00 0.000E+00
 0.000E+00 0.000E+00 0.000E+00 0.000E+00
 0.000E+00 0.000E+00 0.000E+00 0.000E+00
      104.809270     3.473721    -0.495772
 6
       4
     2     2     2     2
     0     1     1     1
 1.710E+00 1.625E+00 1.625E+00 1.625E+00
 0.000E+00 0.000E+00 0.000E+00 0.000E+00
 0.000E+00 0.000E+00 0.000E+00 0.000E+00
 0.000E+00 0.000E+00 0.000E+00 0.000E+00
      105.067253     -0.853266    1.045659
 6
       4
     2     2     2     2
     0     1     1     1
 1.710E+00 1.625E+00 1.625E+00 1.625E+00
 0.000E+00 0.000E+00 0.000E+00 0.000E+00
 0.000E+00 0.000E+00 0.000E+00 0.000E+00
 0.000E+00 0.000E+00 0.000E+00 0.000E+00
      106.365416     1.467971    0.254799
 6
       4
     2     2     2     2
     0     1     1     1
 1.710E+00 1.625E+00 1.625E+00 1.625E+00
 0.000E+00 0.000E+00 0.000E+00 0.000E+00
 0.000E+00 0.000E+00 0.000E+00 0.000E+00
 0.000E+00 0.000E+00 0.000E+00 0.000E+00
      109.086192     1.332967    0.249542
 6
       4
     2     2     2     2
     0     1     1     1
 1.710E+00 1.625E+00 1.625E+00 1.625E+00
 0.000E+00 0.000E+00 0.000E+00 0.000E+00
 0.000E+00 0.000E+00 0.000E+00 0.000E+00
 0.000E+00 0.000E+00 0.000E+00 0.000E+00
      111.357189     0.825614    0.091172
 6
       4
     2     2     2     2
     0     1     1     1
 1.710E+00 1.625E+00 1.625E+00 1.625E+00
 0.000E+00 0.000E+00 0.000E+00 0.000E+00
 0.000E+00 0.000E+00 0.000E+00 0.000E+00
 0.000E+00 0.000E+00 0.000E+00 0.000E+00
      113.992954     0.642204    -0.074419
 6
       4
     2     2     2     2
     0     1     1     1
 1.710E+00 1.625E+00 1.625E+00 1.625E+00
 0.000E+00 0.000E+00 0.000E+00 0.000E+00
 0.000E+00 0.000E+00 0.000E+00 0.000E+00
 0.000E+00 0.000E+00 0.000E+00 0.000E+00
      115.292491     -1.673383    -0.721010
 6
       4
     2     2     2     2
     0     1     1     1
 1.710E+00 1.625E+00 1.625E+00 1.625E+00
 0.000E+00 0.000E+00 0.000E+00 0.000E+00
 0.000E+00 0.000E+00 0.000E+00 0.000E+00
 0.000E+00 0.000E+00 0.000E+00 0.000E+00
      115.559046     2.794102    0.427847
 6
       4
     2     2     2     2
     0     1     1     1
 1.710E+00 1.625E+00 1.625E+00 1.625E+00
 0.000E+00 0.000E+00 0.000E+00 0.000E+00
 0.000E+00 0.000E+00 0.000E+00 0.000E+00
 0.000E+00 0.000E+00 0.000E+00 0.000E+00
      118.189484     2.713187    0.339361
 6
       4
     2     2     2     2
     0     1     1     1
 1.710E+00 1.625E+00 1.625E+00 1.625E+00
 0.000E+00 0.000E+00 0.000E+00 0.000E+00
 0.000E+00 0.000E+00 0.000E+00 0.000E+00
 0.000E+00 0.000E+00 0.000E+00 0.000E+00
      117.991624     -1.740963    -0.890868
 6
       4
     2     2     2     2
     0     1     1     1
 1.710E+00 1.625E+00 1.625E+00 1.625E+00
 0.000E+00 0.000E+00 0.000E+00 0.000E+00
 0.000E+00 0.000E+00 0.000E+00 0.000E+00
 0.000E+00 0.000E+00 0.000E+00 0.000E+00
      119.438735     0.407009    -0.404755
 6
       4
     2     2     2     2
     0     1     1     1
 1.710E+00 1.625E+00 1.625E+00 1.625E+00
 0.000E+00 0.000E+00 0.000E+00 0.000E+00
 0.000E+00 0.000E+00 0.000E+00 0.000E+00
 0.000E+00 0.000E+00 0.000E+00 0.000E+00
      122.152778     0.335988    -0.377957
 6
       4
     2     2     2     2
     0     1     1     1
 1.710E+00 1.625E+00 1.625E+00 1.625E+00
 0.000E+00 0.000E+00 0.000E+00 0.000E+00
 0.000E+00 0.000E+00 0.000E+00 0.000E+00
 0.000E+00 0.000E+00 0.000E+00 0.000E+00
      124.457828     0.499702    -0.096966
 6
       4
     2     2     2     2
     0     1     1     1
 1.710E+00 1.625E+00 1.625E+00 1.625E+00
 0.000E+00 0.000E+00 0.000E+00 0.000E+00
 0.000E+00 0.000E+00 0.000E+00 0.000E+00
 0.000E+00 0.000E+00 0.000E+00 0.000E+00
      127.192560     0.247293    0.078541
 6
       4
     2     2     2     2
     0     1     1     1
 1.710E+00 1.625E+00 1.625E+00 1.625E+00
 0.000E+00 0.000E+00 0.000E+00 0.000E+00
 0.000E+00 0.000E+00 0.000E+00 0.000E+00
 0.000E+00 0.000E+00 0.000E+00 0.000E+00
      128.365558     -2.116223    -0.594646
 6
       4
     2     2     2     2
     0     1     1     1
 1.710E+00 1.625E+00 1.625E+00 1.625E+00
 0.000E+00 0.000E+00 0.000E+00 0.000E+00
 0.000E+00 0.000E+00 0.000E+00 0.000E+00
 0.000E+00 0.000E+00 0.000E+00 0.000E+00
      128.772089     2.253767    0.958533
 6
       4
     2     2     2     2
     0     1     1     1
 1.710E+00 1.625E+00 1.625E+00 1.625E+00
 0.000E+00 0.000E+00 0.000E+00 0.000E+00
 0.000E+00 0.000E+00 0.000E+00 0.000E+00
 0.000E+00 0.000E+00 0.000E+00 0.000E+00
      131.399980     1.939628    1.053447
 6
       4
     2     2     2     2
     0     1     1     1
 1.710E+00 1.625E+00 1.625E+00 1.625E+00
 0.000E+00 0.000E+00 0.000E+00 0.000E+00
 0.000E+00 0.000E+00 0.000E+00 0.000E+00
 0.000E+00 0.000E+00 0.000E+00 0.000E+00
      130.949441     -2.406980    -0.423433
 6
       4
     2     2     2     2
     0     1     1     1
 1.710E+00 1.625E+00 1.625E+00 1.625E+00
 0.000E+00 0.000E+00 0.000E+00 0.000E+00
 0.000E+00 0.000E+00 0.000E+00 0.000E+00
 0.000E+00 0.000E+00 0.000E+00 0.000E+00
      132.564938     -0.344100    0.262080
 6
       4
     2     2     2     2
     0     1     1     1
 1.710E+00 1.625E+00 1.625E+00 1.625E+00
 0.000E+00 0.000E+00 0.000E+00 0.000E+00
 0.000E+00 0.000E+00 0.000E+00 0.000E+00
 0.000E+00 0.000E+00 0.000E+00 0.000E+00
      135.223026     -0.670031    0.272396
 1
       1
     1
     0
 1.300E+00
 0.000E+00
 0.000E+00
 0.000E+00
      75.163723     4.241414    -0.174802
 1
       1
     1
     0
 1.300E+00
 0.000E+00
 0.000E+00
 0.000E+00
      79.756785     4.177364    0.511233
 6
       4
     2     2     2     2
     0     1     1     1
 1.710E+00 1.625E+00 1.625E+00 1.625E+00
 0.000E+00 0.000E+00 0.000E+00 0.000E+00
 0.000E+00 0.000E+00 0.000E+00 0.000E+00
 0.000E+00 0.000E+00 0.000E+00 0.000E+00
      72.003107     0.140586    -0.014952
 1
       1
     1
     0
 1.300E+00
 0.000E+00
 0.000E+00
 0.000E+00
      74.896068     -4.186597    0.906231
 1
       1
     1
     0
 1.300E+00
 0.000E+00
 0.000E+00
 0.000E+00
      79.687470     -3.997194    1.198264
 1
       1
     1
     0
 1.300E+00
 0.000E+00
 0.000E+00
 0.000E+00
      88.011108     4.009985    -0.984971
 1
       1
     1
     0
 1.300E+00
 0.000E+00
 0.000E+00
 0.000E+00
      88.343942     -4.099942    1.307209
 1
       1
     1
     0
 1.300E+00
 0.000E+00
 0.000E+00
 0.000E+00
      92.737849     4.177836    -1.114589
 1
       1
     1
     0
 1.300E+00
 0.000E+00
 0.000E+00
 0.000E+00
      93.072563     -4.066804    0.744898
 1
       1
     1
     0
 1.300E+00
 0.000E+00
 0.000E+00
 0.000E+00
      100.865567     4.842542    -1.350959
 1
       1
     1
     0
 1.300E+00
 0.000E+00
 0.000E+00
 0.000E+00
      105.820827     5.229913    -1.017272
 1
       1
     1
     0
 1.300E+00
 0.000E+00
 0.000E+00
 0.000E+00
      101.596681     -3.051388    1.098932
 1
       1
     1
     0
 1.300E+00
 0.000E+00
 0.000E+00
 0.000E+00
      106.235533     -2.476480    1.687196
 1
       1
     1
     0
 1.300E+00
 0.000E+00
 0.000E+00
 0.000E+00
      114.543161     4.563116    1.158538
 1
       1
     1
     0
 1.300E+00
 0.000E+00
 0.000E+00
 0.000E+00
      114.356309     -3.452433    -1.006067
 1
       1
     1
     0
 1.300E+00
 0.000E+00
 0.000E+00
 0.000E+00
      119.493947     4.411613    0.834722
 1
       1
     1
     0
 1.300E+00
 0.000E+00
 0.000E+00
 0.000E+00
      118.806912     -3.574078    -1.197381
 1
       1
     1
     0
 1.300E+00
 0.000E+00
 0.000E+00
 0.000E+00
      127.916340     4.180690    1.608293
 1
       1
     1
     0
 1.300E+00
 0.000E+00
 0.000E+00
 0.000E+00
      126.960148     -3.680037    -1.069557
 1
       1
     1
     0
 1.300E+00
 0.000E+00
 0.000E+00
 0.000E+00
      132.443171     3.697976    1.856531
 1
       1
     1
     0
 1.300E+00
 0.000E+00
 0.000E+00
 0.000E+00
      131.804310     -4.281528    -0.869232
 1
       1
     1
     0
 1.300E+00
 0.000E+00
 0.000E+00
 0.000E+00
      140.393468     1.920795    2.997963
 1
       1
     1
     0
 1.300E+00
 0.000E+00
 0.000E+00
 0.000E+00
      140.779110     -5.003324    -1.943379
 1
       1
     1
     0
 1.300E+00
 0.000E+00
 0.000E+00
 0.000E+00
      147.871168     -1.291656    0.251094
 1
       1
     1
     0
 1.300E+00
 0.000E+00
 0.000E+00
 0.000E+00
      145.054380     1.945790    2.810744
 1
       1
     1
     0
 1.300E+00
 0.000E+00
 0.000E+00
 0.000E+00
      144.991214     -4.884014    -2.119732
 6
       4
     2     2     2     2
     0     1     1     1
 1.710E+00 1.625E+00 1.625E+00 1.625E+00
 0.000E+00 0.000E+00 0.000E+00 0.000E+00
 0.000E+00 0.000E+00 0.000E+00 0.000E+00
 0.000E+00 0.000E+00 0.000E+00 0.000E+00
      137.463582     -1.144435    0.248200
 6
       4
     2     2     2     2
     0     1     1     1
 1.710E+00 1.625E+00 1.625E+00 1.625E+00
 0.000E+00 0.000E+00 0.000E+00 0.000E+00
 0.000E+00 0.000E+00 0.000E+00 0.000E+00
 0.000E+00 0.000E+00 0.000E+00 0.000E+00
      140.152851     -1.345390    0.315771
 6
       4
     2     2     2     2
     0     1     1     1
 1.710E+00 1.625E+00 1.625E+00 1.625E+00
 0.000E+00 0.000E+00 0.000E+00 0.000E+00
 0.000E+00 0.000E+00 0.000E+00 0.000E+00
 0.000E+00 0.000E+00 0.000E+00 0.000E+00
      141.573603     -3.303341    -0.990054
 6
       4
     2     2     2     2
     0     1     1     1
 1.710E+00 1.625E+00 1.625E+00 1.625E+00
 0.000E+00 0.000E+00 0.000E+00 0.000E+00
 0.000E+00 0.000E+00 0.000E+00 0.000E+00
 0.000E+00 0.000E+00 0.000E+00 0.000E+00
      141.444938     0.438305    1.676525
 6
       4
     2     2     2     2
     0     1     1     1
 1.710E+00 1.625E+00 1.625E+00 1.625E+00
 0.000E+00 0.000E+00 0.000E+00 0.000E+00
 0.000E+00 0.000E+00 0.000E+00 0.000E+00
 0.000E+00 0.000E+00 0.000E+00 0.000E+00
      144.273296     0.473579    1.682508
 6
       4
     2     2     2     2
     0     1     1     1
 1.710E+00 1.625E+00 1.625E+00 1.625E+00
 0.000E+00 0.000E+00 0.000E+00 0.000E+00
 0.000E+00 0.000E+00 0.000E+00 0.000E+00
 0.000E+00 0.000E+00 0.000E+00 0.000E+00
      144.291895     -3.300044    -1.062854
 6
       4
     2     2     2     2
     0     1     1     1
 1.710E+00 1.625E+00 1.625E+00 1.625E+00
 0.000E+00 0.000E+00 0.000E+00 0.000E+00
 0.000E+00 0.000E+00 0.000E+00 0.000E+00
 0.000E+00 0.000E+00 0.000E+00 0.000E+00
      145.621281     -1.171948    0.353923
# LCAO coefficients .. are not included.
         1
        1        -0.000176661309311   k=         1
        2        -0.001053629073268   k=         1
        3        0.000874137484800   k=         1
        4        -0.011511990444513   k=         1
        5        -0.000476062016202   k=         1
        6        -0.000723460737808   k=         1
        7        0.006806457956892   k=         1
        8        -0.015457614252027   k=         1
        9        0.000980797091098   k=         1
        10        0.001068502723606   k=         1
        11        0.006814283558893   k=         1
        12        -0.012893871627046   k=         1
        13        0.000119538186674   k=         1
        14        -0.000431091693138   k=         1
        15        -0.001672571961730   k=         1
        16        0.004305559775768   k=         1
        17        -0.000465903346708   k=         1
        18        -0.000748989059637   k=         1
        19        -0.004074970679811   k=         1
        20        0.018233632174544   k=         1
        21        -0.000300673404751   k=         1
        22        -0.000656236395886   k=         1
        23        -0.001156388206837   k=         1
        24        0.003408269798956   k=         1
        25        0.000325732658577   k=         1
        26        0.001938937416339   k=         1
        27        0.001876118117556   k=         1
        28        0.022196275436818   k=         1
        29        -0.000383455614304   k=         1
        30        -0.000093957542574   k=         1
        31        -0.000203881057177   k=         1
        32        0.015338375391120   k=         1
        33        0.000232478667625   k=         1
        34        0.003033407708772   k=         1
        35        -0.002873873012432   k=         1
        36        -0.026452278649714   k=         1
        37        0.000108005485684   k=         1
        38        0.000430299041215   k=         1
        39        -0.000986732520637   k=         1
        40        -0.014268349466494   k=         1
        41        0.000394065825338   k=         1
        42        0.003305515037508   k=         1
        43        -0.001720788148452   k=         1
        44        -0.012945288804382   k=         1
        45        0.000812242789609   k=         1
        46        0.001120022422603   k=         1
        47        0.001097651592245   k=         1
        48        0.019337063246473   k=         1
        49        -0.001246450146908   k=         1
        50        -0.004414299173255   k=         1
        51        0.000639440815021   k=         1
        52        0.021503200930340   k=         1
        53        0.000301260523868   k=         1
        54        0.001114159092693   k=         1
        55        0.006103379871884   k=         1
        56        0.021197019670985   k=         1
        57        0.000280049784506   k=         1
        58        -0.000536044966231   k=         1
        59        -0.018783047900750   k=         1
        60        -0.030372885301543   k=         1
        61        0.001085011737705   k=         1
        62        0.002646880897039   k=         1
        63        -0.009327158544562   k=         1
        64        -0.022678519318204   k=         1
        65        -0.000001859958287   k=         1
        66        -0.003189678199695   k=         1
        67        0.022449349497635   k=         1
        68        0.034114336934781   k=         1
        69        0.000560662509331   k=         1
        70        0.003491631338430   k=         1
        71        0.013193162169716   k=         1
        72        0.017684293451931   k=         1
        73        -0.000614520656923   k=         1
        74        0.002748786888179   k=         1
        75        0.014689029202686   k=         1
        76        0.018290289104708   k=         1
        77        0.000732954218021   k=         1
        78        -0.002865542938566   k=         1
        79        -0.013692233315493   k=         1
        80        -0.021053281544392   k=         1
        81        0.000253151578238   k=         1
        82        -0.005554348625387   k=         1
        83        -0.011590413055415   k=         1
        84        -0.020406230781488   k=         1
        85        -0.000492921741716   k=         1
        86        -0.004785699958213   k=         1
        87        -0.019153217516344   k=         1
        88        -0.033625205295791   k=         1
        89        0.000628846604325   k=         1
        90        0.003159660151009   k=         1
        91        0.011860951979295   k=         1
        92        0.024628798717661   k=         1
        93        -0.001048276126760   k=         1
        94        0.002449405930797   k=         1
        95        0.018592017763866   k=         1
        96        0.033616834213695   k=         1
        97        -0.000158024173381   k=         1
        98        -0.000580188462896   k=         1
        99        -0.007912722291117   k=         1
        100        -0.018827311650523   k=         1
        101        0.000261623003249   k=         1
        102        -0.002237958100222   k=         1
        103        -0.007250521962148   k=         1
        104        -0.025853510969582   k=         1
        105        -0.000979927954688   k=         1
        106        0.000492089044598   k=         1
        107        -0.008889686717511   k=         1
        108        -0.023515415536186   k=         1
        109        0.000271291605760   k=         1
        110        0.000252970932889   k=         1
        111        0.003096362884916   k=         1
        112        0.008176447317244   k=         1
        113        0.000068251652304   k=         1
        114        0.001310860295885   k=         1
        115        0.001974554244467   k=         1
        116        0.007367440893944   k=         1
        117        -0.000290558551577   k=         1
        118        -0.002532403263931   k=         1
        119        0.011095545660464   k=         1
        120        0.031160521114365   k=         1
        121        -0.000267108100000   k=         1
        122        0.000695512067063   k=         1
        123        0.000261945222998   k=         1
        124        -0.001464118368881   k=         1
        125        0.000211358101006   k=         1
        126        -0.001686031099794   k=         1
        127        -0.007148849008279   k=         1
        128        -0.020772792551296   k=         1
        129        -0.000092396103671   k=         1
        130        0.000170799738193   k=         1
        131        -0.002786413761013   k=         1
        132        -0.006111723918511   k=         1
        133        -0.000035898472086   k=         1
        134        -0.000567738931301   k=         1
        135        0.003555841393479   k=         1
        136        0.006952447405548   k=         1
        137        -0.000040242640896   k=         1
        138        0.001103863656078   k=         1
        139        0.003314290325635   k=         1
        140        0.006640200105940   k=         1
        141        -0.000275273953435   k=         1
        142        0.000299623823217   k=         1
        143        0.004859195341356   k=         1
        144        0.005462216827552   k=         1
        145        0.000511665882415   k=         1
        146        0.001177423103263   k=         1
        147        0.004838726006744   k=         1
        148        0.006436385034624   k=         1
        149        -0.000284049527323   k=         1
        150        -0.000374924127863   k=         1
        151        -0.003093111523542   k=         1
        152        -0.002635175394431   k=         1
        153        0.000959126312553   k=         1
        154        0.002077758082539   k=         1
        155        -0.004603463362336   k=         1
        156        -0.016594474620379   k=         1
        157        -0.000924708402011   k=         1
        158        0.000934342947989   k=         1
        159        -0.000024212243398   k=         1
        160        0.001278763914483   k=         1
        161        -0.000290101228911   k=         1
        162        0.000854267685171   k=         1
        163        -0.000960070357450   k=         1
        164        -0.001062248170344   k=         1
        165        -0.000341600994668   k=         1
        166        -0.000619463359227   k=         1
        167        -0.001295433734119   k=         1
        168        -0.001266696444766   k=         1
        169        0.000237842328776   k=         1
        170        0.000313285257655   k=         1
        171        -0.000104756637274   k=         1
        172        0.000173631868678   k=         1
        173        0.000991536304159   k=         1
        174        -0.000587051103023   k=         1
        175        0.000716996189139   k=         1
        176        0.000459455721881   k=         1
        177        -0.000430419241086   k=         1
        178        0.000078453932630   k=         1
        179        -0.000271455379746   k=         1
        180        -0.000212789263261   k=         1
        181        -0.000548093040503   k=         1
        182        0.002679932595942   k=         1
        183        0.012844240454167   k=         1
        184        -0.000561263902458   k=         1
        185        -0.000044912155628   k=         1
        186        -0.000128018861925   k=         1
        187        0.000748767656369   k=         1
        188        0.000003512448645   k=         1
        189        -0.004827892551028   k=         1
        190        -0.000023167351576   k=         1
        191        -0.000910077924576   k=         1
        192        0.005913853113139   k=         1
        193        0.019879373937393   k=         1
        194        0.000057594505477   k=         1
        195        0.000410102359727   k=         1
        196        0.002521507346234   k=         1
        197        0.006521119657574   k=         1
        198        -0.000153247219413   k=         1
        199        0.000490370721333   k=         1
        200        0.003999502663443   k=         1
        201        0.010609559955507   k=         1
        202        0.000380068270440   k=         1
        203        -0.000226434385004   k=         1
        204        -0.004725169305873   k=         1
        205        -0.013079371079758   k=         1
        206        -0.000117873795333   k=         1
        207        -0.000925931940279   k=         1
        208        -0.002969516911717   k=         1
        209        -0.010774961177586   k=         1
        210        -0.000513044834993   k=         1
        211        0.000143375736131   k=         1
        212        -0.005255687975805   k=         1
        213        -0.017939431649585   k=         1
        214        0.000104046132887   k=         1
        215        0.001139240063881   k=         1
        216        0.000862182881899   k=         1
        217        0.017368319072775   k=         1
        218        -0.000239182546938   k=         1
        219        -0.001663012783028   k=         1
        220        0.000934257038124   k=         1
        221        0.000178316082483   k=         1
        222        0.000296526778166   k=         1
        223        0.000137835259898   k=         1
        224        0.000960261396608   k=         1
        225        0.000496488210806   k=         1
        226        0.000009211573025   k=         1
        227        0.003151853246458   k=         1
        228        -0.001042925443562   k=         1
        229        -0.011926127863384   k=         1
        230        -0.000110353323031   k=         1
        231        0.000660568315938   k=         1
        232        -0.001024017029537   k=         1
        233        -0.008568476981139   k=         1
        234        0.000533619237201   k=         1
        235        0.001834984528108   k=         1
        236        -0.001884504432778   k=         1
        237        -0.013268175189154   k=         1
        238        0.000539064119588   k=         1
        239        0.001274469962194   k=         1
        240        0.005427711489880   k=         1
        241        0.010690881461152   k=         1
        242        -0.000195640313231   k=         1
        243        -0.001303019753794   k=         1
        244        0.000701451026074   k=         1
        245        -0.010598213852693   k=         1
        246        0.000860050974469   k=         1
        247        0.000458704954790   k=         1
        248        -0.008274302305901   k=         1
        249        -0.023877105055830   k=         1
        250        -0.000448487205484   k=         1
        251        0.000484239051356   k=         1
        252        0.000800782525030   k=         1
        253        -0.000690976716143   k=         1
        254        0.000308293108523   k=         1
        255        -0.000990447191672   k=         1
        256        0.001566319893120   k=         1
        257        0.000891672773875   k=         1
        258        0.000999828644323   k=         1
        259        0.001489408135425   k=         1
        260        0.004415060594428   k=         1
        261        0.019846665077095   k=         1
        262        0.000156172600373   k=         1
        263        0.002960566240682   k=         1
        264        0.003719346055979   k=         1
        265        0.024358727797222   k=         1
        266        -0.000048397662858   k=         1
        267        0.001205235119472   k=         1
        268        0.002796408401679   k=         1
        269        0.008131596205181   k=         1
        270        0.000901593390977   k=         1
        271        -0.001984198759712   k=         1
        272        -0.011326825881493   k=         1
        273        -0.039971839235246   k=         1
        274        -0.000003124265011   k=         1
        275        0.002416761181784   k=         1
        276        -0.004473266385625   k=         1
        277        -0.017010889573465   k=         1
        278        0.000726792456863   k=         1
        279        -0.008106716282747   k=         1
        280        0.012211353374163   k=         1
        281        0.052256017781560   k=         1
        282        0.000462610890922   k=         1
        283        -0.002344035751803   k=         1
        284        0.006168695832080   k=         1
        285        0.017567548166698   k=         1
        286        -0.000590099128658   k=         1
        287        -0.003542549263075   k=         1
        288        0.009975510970903   k=         1
        289        0.024573741855856   k=         1
        290        0.002769861310232   k=         1
        291        0.006853374443598   k=         1
        292        -0.018365707871745   k=         1
        293        -0.032806226618735   k=         1
        294        -0.003739819272264   k=         1
        295        0.000573794224409   k=         1
        296        -0.020167402517886   k=         1
        297        -0.036186607704638   k=         1
        298        0.000389446424952   k=         1
        299        -0.000453608879113   k=         1
        300        -0.008825728002724   k=         1
        301        -0.042750406417793   k=         1
        302        0.000080675230259   k=         1
        303        0.001191317280254   k=         1
        304        -0.010885676055458   k=         1
        305        0.067073517140902   k=         1
        306        -0.000690544988711   k=         1
        307        0.004173118300656   k=         1
        308        0.001766633024000   k=         1
        309        0.049563850080995   k=         1
        310        -0.000282970580087   k=         1
        311        -0.004743843951256   k=         1
        312        0.015880365977246   k=         1
        313        -0.070616606565804   k=         1
        314        0.001545311258757   k=         1
        315        -0.006906737303315   k=         1
        316        0.013486614200802   k=         1
        317        -0.048428726418644   k=         1
        318        -0.000353314141192   k=         1
        319        -0.000256350850752   k=         1
        320        0.014956881203414   k=         1
        321        -0.036135947696838   k=         1
        322        0.000162400609654   k=         1
        323        0.000214411067585   k=         1
        324        -0.014263349724433   k=         1
        325        0.046627985898347   k=         1
        326        -0.000658250410894   k=         1
        327        0.003596240375896   k=         1
        328        -0.007603424712047   k=         1
        329        0.046422112043975   k=         1
        330        -0.000411321306923   k=         1
        331        0.000240640433564   k=         1
        332        -0.019300315363534   k=         1
        333        0.065783448479707   k=         1
        334        0.000935333509118   k=         1
        335        0.003769496687438   k=         1
        336        0.020790203484239   k=         1
        337        -0.060692019103684   k=         1
        338        -0.000826497751886   k=         1
        339        0.007505823253475   k=         1
        340        0.020316070716155   k=         1
        341        -0.063786746202216   k=         1
        342        0.000439826501900   k=         1
        343        -0.007222856584661   k=         1
        344        -0.022198429790325   k=         1
        345        0.062069002075747   k=         1
        346        -0.001442870984233   k=         1
        347        -0.003914459007402   k=         1
        348        -0.012915272644130   k=         1
        349        0.045627504364030   k=         1
        350        -0.000658222351873   k=         1
        351        -0.004734505642582   k=         1
        352        -0.017250734652853   k=         1
        353        0.048139410619381   k=         1
        354        0.000628818923885   k=         1
        355        0.004023946874927   k=         1
        356        0.013222197664042   k=         1
        357        -0.036293437389690   k=         1
        358        -0.000155627117813   k=         1
        359        0.003061677634994   k=         1
        360        0.009047799941675   k=         1
        361        -0.035111605199028   k=         1
        362        0.000762787284880   k=         1
        363        0.000414006015102   k=         1
        364        0.024382053085604   k=         1
        365        -0.069097995216509   k=         1
        366        -0.000835902816043   k=         1
        367        -0.000660554796681   k=         1
        368        -0.014834883113311   k=         1
        369        0.033271601742241   k=         1
        370        -0.000773225646888   k=         1
        371        -0.000510083990194   k=         1
        372        0.000315631982883   k=         1
        373        -0.000899843037904   k=         1
        374        0.004675380504646   k=         1
        375        0.017849079157160   k=         1
        376        0.000083904363110   k=         1
        377        -0.000610907108324   k=         1
        378        0.001213300330956   k=         1
        379        -0.000693008779811   k=         1
        380        -0.000908552926401   k=         1
        381        0.000841872494306   k=         1
        382        0.003436693973034   k=         1
        383        -0.001838477543933   k=         1
        384        -0.003779862907943   k=         1
        385        0.002155483216423   k=         1
        386        0.000595836945016   k=         1
        387        0.000464687004517   k=         1
        388        -0.001085121214102   k=         1
        389        0.000740825243439   k=         1
        390        0.000251647056148   k=         1
        391        -0.000743663917888   k=         1
        392        0.000880129160429   k=         1
        393        0.001485619779180   k=         1
        394        0.001493845609669   k=         1
        395        -0.000394674729143   k=         1
        396        -0.000442945798672   k=         1
        397        -0.001141118733385   k=         1
        398        0.001559308399706   k=         1
        399        -0.000161962786207   k=         1
        400        -0.005727492917553   k=         1
        401        -0.020494848090320   k=         1
        402        0.057881341376871   k=         1
        403        -0.000249227834669   k=         1
        404        0.003066364831536   k=         1
        405        0.011355391128263   k=         1
        406        -0.022114351361605   k=         1
        407        0.002120797370471   k=         1
        408        -0.005259091283751   k=         1
        409        0.015251572415824   k=         1
        410        -0.016024331267632   k=         1
        411        -0.000538723952077   k=         1
        412        0.000505656860392   k=         1
        413        0.031210881087395   k=         1
        414        -0.033998239279143   k=         1
        415        0.000037846214563   k=         1
        416        0.000469038876663   k=         1
        417        -0.003754605575431   k=         1
        418        0.003860273358663   k=         1
        419        -0.000593206250585   k=         1
        420        0.002588442124966   k=         1
        421        -0.007905822295984   k=         1
        422        0.011072698952293   k=         1
        423        -0.000302460701995   k=         1
        424        0.000539623139805   k=         1
        425        -0.020501436791600   k=         1
        426        0.028374045734785   k=         1
