# file_format= v0.04.05
       144       426
    188.97268778      0.00000000      0.00000000    0
      0.00000000    188.97268778      0.00000000    0
      0.00000000      0.00000000    188.97268778    0
 6
       4
     2     2     2     2
     0     1     1     1
 1.710E+00 1.625E+00 1.625E+00 1.625E+00
 0.000E+00 0.000E+00 0.000E+00 0.000E+00
 0.000E+00 0.000E+00 0.000E+00 0.000E+00
 0.000E+00 0.000E+00 0.000E+00 0.000E+00
      0.821946     -0.588364    -0.244704
 6
       4
     2     2     2     2
     0     1     1     1
 1.710E+00 1.625E+00 1.625E+00 1.625E+00
 0.000E+00 0.000E+00 0.000E+00 0.000E+00
 0.000E+00 0.000E+00 0.000E+00 0.000E+00
 0.000E+00 0.000E+00 0.000E+00 0.000E+00
      -0.979345     1.312692    0.532755
 6
       4
     2     2     2     2
     0     1     1     1
 1.710E+00 1.625E+00 1.625E+00 1.625E+00
 0.000E+00 0.000E+00 0.000E+00 0.000E+00
 0.000E+00 0.000E+00 0.000E+00 0.000E+00
 0.000E+00 0.000E+00 0.000E+00 0.000E+00
      -0.243302     -2.907689    -1.088911
 6
       4
     2     2     2     2
     0     1     1     1
 1.710E+00 1.625E+00 1.625E+00 1.625E+00
 0.000E+00 0.000E+00 0.000E+00 0.000E+00
 0.000E+00 0.000E+00 0.000E+00 0.000E+00
 0.000E+00 0.000E+00 0.000E+00 0.000E+00
      -3.568332     0.843162    0.491610
 6
       4
     2     2     2     2
     0     1     1     1
 1.710E+00 1.625E+00 1.625E+00 1.625E+00
 0.000E+00 0.000E+00 0.000E+00 0.000E+00
 0.000E+00 0.000E+00 0.000E+00 0.000E+00
 0.000E+00 0.000E+00 0.000E+00 0.000E+00
      -4.689616     -1.515632    -0.260206
 6
       4
     2     2     2     2
     0     1     1     1
 1.710E+00 1.625E+00 1.625E+00 1.625E+00
 0.000E+00 0.000E+00 0.000E+00 0.000E+00
 0.000E+00 0.000E+00 0.000E+00 0.000E+00
 0.000E+00 0.000E+00 0.000E+00 0.000E+00
      -2.868640     -3.448066    -1.087473
 6
       4
     2     2     2     2
     0     1     1     1
 1.710E+00 1.625E+00 1.625E+00 1.625E+00
 0.000E+00 0.000E+00 0.000E+00 0.000E+00
 0.000E+00 0.000E+00 0.000E+00 0.000E+00
 0.000E+00 0.000E+00 0.000E+00 0.000E+00
      3.565257     -0.089089    -0.051690
 6
       4
     2     2     2     2
     0     1     1     1
 1.710E+00 1.625E+00 1.625E+00 1.625E+00
 0.000E+00 0.000E+00 0.000E+00 0.000E+00
 0.000E+00 0.000E+00 0.000E+00 0.000E+00
 0.000E+00 0.000E+00 0.000E+00 0.000E+00
      5.827511     0.581164    -0.034933
 6
       4
     2     2     2     2
     0     1     1     1
 1.710E+00 1.625E+00 1.625E+00 1.625E+00
 0.000E+00 0.000E+00 0.000E+00 0.000E+00
 0.000E+00 0.000E+00 0.000E+00 0.000E+00
 0.000E+00 0.000E+00 0.000E+00 0.000E+00
      8.584417     0.820708    0.053967
 6
       4
     2     2     2     2
     0     1     1     1
 1.710E+00 1.625E+00 1.625E+00 1.625E+00
 0.000E+00 0.000E+00 0.000E+00 0.000E+00
 0.000E+00 0.000E+00 0.000E+00 0.000E+00
 0.000E+00 0.000E+00 0.000E+00 0.000E+00
      9.828886     3.103191    -0.744359
 6
       4
     2     2     2     2
     0     1     1     1
 1.710E+00 1.625E+00 1.625E+00 1.625E+00
 0.000E+00 0.000E+00 0.000E+00 0.000E+00
 0.000E+00 0.000E+00 0.000E+00 0.000E+00
 0.000E+00 0.000E+00 0.000E+00 0.000E+00
      10.163098     -1.225973    0.957178
 6
       4
     2     2     2     2
     0     1     1     1
 1.710E+00 1.625E+00 1.625E+00 1.625E+00
 0.000E+00 0.000E+00 0.000E+00 0.000E+00
 0.000E+00 0.000E+00 0.000E+00 0.000E+00
 0.000E+00 0.000E+00 0.000E+00 0.000E+00
      12.481693     3.312748    -0.727639
 6
       4
     2     2     2     2
     0     1     1     1
 1.710E+00 1.625E+00 1.625E+00 1.625E+00
 0.000E+00 0.000E+00 0.000E+00 0.000E+00
 0.000E+00 0.000E+00 0.000E+00 0.000E+00
 0.000E+00 0.000E+00 0.000E+00 0.000E+00
      12.819132     -0.980575    1.007388
 6
       4
     2     2     2     2
     0     1     1     1
 1.710E+00 1.625E+00 1.625E+00 1.625E+00
 0.000E+00 0.000E+00 0.000E+00 0.000E+00
 0.000E+00 0.000E+00 0.000E+00 0.000E+00
 0.000E+00 0.000E+00 0.000E+00 0.000E+00
      14.043939     1.282103    0.156908
 6
       4
     2     2     2     2
     0     1     1     1
 1.710E+00 1.625E+00 1.625E+00 1.625E+00
 0.000E+00 0.000E+00 0.000E+00 0.000E+00
 0.000E+00 0.000E+00 0.000E+00 0.000E+00
 0.000E+00 0.000E+00 0.000E+00 0.000E+00
      16.789110     1.435525    0.119064
 6
       4
     2     2     2     2
     0     1     1     1
 1.710E+00 1.625E+00 1.625E+00 1.625E+00
 0.000E+00 0.000E+00 0.000E+00 0.000E+00
 0.000E+00 0.000E+00 0.000E+00 0.000E+00
 0.000E+00 0.000E+00 0.000E+00 0.000E+00
      19.115922     1.311009    0.248389
 6
       4
     2     2     2     2
     0     1     1     1
 1.710E+00 1.625E+00 1.625E+00 1.625E+00
 0.000E+00 0.000E+00 0.000E+00 0.000E+00
 0.000E+00 0.000E+00 0.000E+00 0.000E+00
 0.000E+00 0.000E+00 0.000E+00 0.000E+00
      21.883257     1.258454    0.170327
 6
       4
     2     2     2     2
     0     1     1     1
 1.710E+00 1.625E+00 1.625E+00 1.625E+00
 0.000E+00 0.000E+00 0.000E+00 0.000E+00
 0.000E+00 0.000E+00 0.000E+00 0.000E+00
 0.000E+00 0.000E+00 0.000E+00 0.000E+00
      23.128903     -0.586425    1.677102
 6
       4
     2     2     2     2
     0     1     1     1
 1.710E+00 1.625E+00 1.625E+00 1.625E+00
 0.000E+00 0.000E+00 0.000E+00 0.000E+00
 0.000E+00 0.000E+00 0.000E+00 0.000E+00
 0.000E+00 0.000E+00 0.000E+00 0.000E+00
      23.339615     2.871174    -1.432930
 6
       4
     2     2     2     2
     0     1     1     1
 1.710E+00 1.625E+00 1.625E+00 1.625E+00
 0.000E+00 0.000E+00 0.000E+00 0.000E+00
 0.000E+00 0.000E+00 0.000E+00 0.000E+00
 0.000E+00 0.000E+00 0.000E+00 0.000E+00
      26.008119     2.533087    -1.578252
 6
       4
     2     2     2     2
     0     1     1     1
 1.710E+00 1.625E+00 1.625E+00 1.625E+00
 0.000E+00 0.000E+00 0.000E+00 0.000E+00
 0.000E+00 0.000E+00 0.000E+00 0.000E+00
 0.000E+00 0.000E+00 0.000E+00 0.000E+00
      25.821191     -0.928307    1.545254
 6
       4
     2     2     2     2
     0     1     1     1
 1.710E+00 1.625E+00 1.625E+00 1.625E+00
 0.000E+00 0.000E+00 0.000E+00 0.000E+00
 0.000E+00 0.000E+00 0.000E+00 0.000E+00
 0.000E+00 0.000E+00 0.000E+00 0.000E+00
      27.244061     0.663626    -0.059504
 6
       4
     2     2     2     2
     0     1     1     1
 1.710E+00 1.625E+00 1.625E+00 1.625E+00
 0.000E+00 0.000E+00 0.000E+00 0.000E+00
 0.000E+00 0.000E+00 0.000E+00 0.000E+00
 0.000E+00 0.000E+00 0.000E+00 0.000E+00
      30.000543     0.340893    -0.051937
 6
       4
     2     2     2     2
     0     1     1     1
 1.710E+00 1.625E+00 1.625E+00 1.625E+00
 0.000E+00 0.000E+00 0.000E+00 0.000E+00
 0.000E+00 0.000E+00 0.000E+00 0.000E+00
 0.000E+00 0.000E+00 0.000E+00 0.000E+00
      32.235723     0.138524    0.336830
 6
       4
     2     2     2     2
     0     1     1     1
 1.710E+00 1.625E+00 1.625E+00 1.625E+00
 0.000E+00 0.000E+00 0.000E+00 0.000E+00
 0.000E+00 0.000E+00 0.000E+00 0.000E+00
 0.000E+00 0.000E+00 0.000E+00 0.000E+00
      34.938254     0.029640    0.296130
 6
       4
     2     2     2     2
     0     1     1     1
 1.710E+00 1.625E+00 1.625E+00 1.625E+00
 0.000E+00 0.000E+00 0.000E+00 0.000E+00
 0.000E+00 0.000E+00 0.000E+00 0.000E+00
 0.000E+00 0.000E+00 0.000E+00 0.000E+00
      36.354845     -2.282103    0.691844
 6
       4
     2     2     2     2
     0     1     1     1
 1.710E+00 1.625E+00 1.625E+00 1.625E+00
 0.000E+00 0.000E+00 0.000E+00 0.000E+00
 0.000E+00 0.000E+00 0.000E+00 0.000E+00
 0.000E+00 0.000E+00 0.000E+00 0.000E+00
      36.335024     2.285414    -0.281437
 6
       4
     2     2     2     2
     0     1     1     1
 1.710E+00 1.625E+00 1.625E+00 1.625E+00
 0.000E+00 0.000E+00 0.000E+00 0.000E+00
 0.000E+00 0.000E+00 0.000E+00 0.000E+00
 0.000E+00 0.000E+00 0.000E+00 0.000E+00
      39.020905     2.190674    -0.456773
 6
       4
     2     2     2     2
     0     1     1     1
 1.710E+00 1.625E+00 1.625E+00 1.625E+00
 0.000E+00 0.000E+00 0.000E+00 0.000E+00
 0.000E+00 0.000E+00 0.000E+00 0.000E+00
 0.000E+00 0.000E+00 0.000E+00 0.000E+00
      39.023802     -2.345690    0.635092
 6
       4
     2     2     2     2
     0     1     1     1
 1.710E+00 1.625E+00 1.625E+00 1.625E+00
 0.000E+00 0.000E+00 0.000E+00 0.000E+00
 0.000E+00 0.000E+00 0.000E+00 0.000E+00
 0.000E+00 0.000E+00 0.000E+00 0.000E+00
      40.419963     -0.087804    -0.034597
 6
       4
     2     2     2     2
     0     1     1     1
 1.710E+00 1.625E+00 1.625E+00 1.625E+00
 0.000E+00 0.000E+00 0.000E+00 0.000E+00
 0.000E+00 0.000E+00 0.000E+00 0.000E+00
 0.000E+00 0.000E+00 0.000E+00 0.000E+00
      43.150738     -0.244655    -0.265898
 6
       4
     2     2     2     2
     0     1     1     1
 1.710E+00 1.625E+00 1.625E+00 1.625E+00
 0.000E+00 0.000E+00 0.000E+00 0.000E+00
 0.000E+00 0.000E+00 0.000E+00 0.000E+00
 0.000E+00 0.000E+00 0.000E+00 0.000E+00
      45.477938     -0.518361    -0.308617
 6
       4
     2     2     2     2
     0     1     1     1
 1.710E+00 1.625E+00 1.625E+00 1.625E+00
 0.000E+00 0.000E+00 0.000E+00 0.000E+00
 0.000E+00 0.000E+00 0.000E+00 0.000E+00
 0.000E+00 0.000E+00 0.000E+00 0.000E+00
      48.297511     -0.478947    -0.256364
 6
       4
     2     2     2     2
     0     1     1     1
 1.710E+00 1.625E+00 1.625E+00 1.625E+00
 0.000E+00 0.000E+00 0.000E+00 0.000E+00
 0.000E+00 0.000E+00 0.000E+00 0.000E+00
 0.000E+00 0.000E+00 0.000E+00 0.000E+00
      49.694888     -2.462028    0.946469
 6
       4
     2     2     2     2
     0     1     1     1
 1.710E+00 1.625E+00 1.625E+00 1.625E+00
 0.000E+00 0.000E+00 0.000E+00 0.000E+00
 0.000E+00 0.000E+00 0.000E+00 0.000E+00
 0.000E+00 0.000E+00 0.000E+00 0.000E+00
      49.522159     1.781324    -1.173454
 6
       4
     2     2     2     2
     0     1     1     1
 1.710E+00 1.625E+00 1.625E+00 1.625E+00
 0.000E+00 0.000E+00 0.000E+00 0.000E+00
 0.000E+00 0.000E+00 0.000E+00 0.000E+00
 0.000E+00 0.000E+00 0.000E+00 0.000E+00
      52.136703     1.984095    -1.014734
 6
       4
     2     2     2     2
     0     1     1     1
 1.710E+00 1.625E+00 1.625E+00 1.625E+00
 0.000E+00 0.000E+00 0.000E+00 0.000E+00
 0.000E+00 0.000E+00 0.000E+00 0.000E+00
 0.000E+00 0.000E+00 0.000E+00 0.000E+00
      52.383830     -2.103012    1.143726
 6
       4
     2     2     2     2
     0     1     1     1
 1.710E+00 1.625E+00 1.625E+00 1.625E+00
 0.000E+00 0.000E+00 0.000E+00 0.000E+00
 0.000E+00 0.000E+00 0.000E+00 0.000E+00
 0.000E+00 0.000E+00 0.000E+00 0.000E+00
      53.588392     0.049834    0.170947
 6
       4
     2     2     2     2
     0     1     1     1
 1.710E+00 1.625E+00 1.625E+00 1.625E+00
 0.000E+00 0.000E+00 0.000E+00 0.000E+00
 0.000E+00 0.000E+00 0.000E+00 0.000E+00
 0.000E+00 0.000E+00 0.000E+00 0.000E+00
      56.363799     0.197516    0.231820
 1
       1
     1
     0
 1.300E+00
 0.000E+00
 0.000E+00
 0.000E+00
      -4.853279     2.445094    1.015818
 1
       1
     1
     0
 1.300E+00
 0.000E+00
 0.000E+00
 0.000E+00
      -0.280059     3.099566    1.137470
 1
       1
     1
     0
 1.300E+00
 0.000E+00
 0.000E+00
 0.000E+00
      -7.265598     -1.938855    -0.282287
 1
       1
     1
     0
 1.300E+00
 0.000E+00
 0.000E+00
 0.000E+00
      -3.610535     -5.273981    -1.769872
 1
       1
     1
     0
 1.300E+00
 0.000E+00
 0.000E+00
 0.000E+00
      1.122964     -4.411182    -1.895650
 1
       1
     1
     0
 1.300E+00
 0.000E+00
 0.000E+00
 0.000E+00
      8.743911     4.803721    -1.498783
 1
       1
     1
     0
 1.300E+00
 0.000E+00
 0.000E+00
 0.000E+00
      9.341382     -2.997383    1.647945
 1
       1
     1
     0
 1.300E+00
 0.000E+00
 0.000E+00
 0.000E+00
      13.406678     5.022495    -1.523605
 1
       1
     1
     0
 1.300E+00
 0.000E+00
 0.000E+00
 0.000E+00
      13.967439     -2.496751    1.774371
 1
       1
     1
     0
 1.300E+00
 0.000E+00
 0.000E+00
 0.000E+00
      22.320578     4.340689    -2.635684
 1
       1
     1
     0
 1.300E+00
 0.000E+00
 0.000E+00
 0.000E+00
      27.124379     3.684410    -2.754523
 1
       1
     1
     0
 1.300E+00
 0.000E+00
 0.000E+00
 0.000E+00
      21.989526     -1.784224    2.954483
 1
       1
     1
     0
 1.300E+00
 0.000E+00
 0.000E+00
 0.000E+00
      26.833867     -2.419771    2.641969
 1
       1
     1
     0
 1.300E+00
 0.000E+00
 0.000E+00
 0.000E+00
      35.400018     4.069039    -0.622602
 1
       1
     1
     0
 1.300E+00
 0.000E+00
 0.000E+00
 0.000E+00
      35.205580     -3.974859    1.236467
 1
       1
     1
     0
 1.300E+00
 0.000E+00
 0.000E+00
 0.000E+00
      40.087349     4.040064    -0.889018
 1
       1
     1
     0
 1.300E+00
 0.000E+00
 0.000E+00
 0.000E+00
      40.161069     -4.141062    0.974932
 1
       1
     1
     0
 1.300E+00
 0.000E+00
 0.000E+00
 0.000E+00
      48.207029     3.224466    -1.993646
 1
       1
     1
     0
 1.300E+00
 0.000E+00
 0.000E+00
 0.000E+00
      48.652802     -4.158650    1.790667
 1
       1
     1
     0
 1.300E+00
 0.000E+00
 0.000E+00
 0.000E+00
      53.186151     3.702019    -1.891145
 1
       1
     1
     0
 1.300E+00
 0.000E+00
 0.000E+00
 0.000E+00
      53.564415     -3.521873    2.111975
 1
       1
     1
     0
 1.300E+00
 0.000E+00
 0.000E+00
 0.000E+00
      61.757122     4.159121    -1.374921
 1
       1
     1
     0
 1.300E+00
 0.000E+00
 0.000E+00
 0.000E+00
      61.526275     -3.792096    1.044412
 6
       4
     2     2     2     2
     0     1     1     1
 1.710E+00 1.625E+00 1.625E+00 1.625E+00
 0.000E+00 0.000E+00 0.000E+00 0.000E+00
 0.000E+00 0.000E+00 0.000E+00 0.000E+00
 0.000E+00 0.000E+00 0.000E+00 0.000E+00
      69.525640     -0.010749    0.122970
 1
       1
     1
     0
 1.300E+00
 0.000E+00
 0.000E+00
 0.000E+00
      66.579164     3.861116    -1.327517
 1
       1
     1
     0
 1.300E+00
 0.000E+00
 0.000E+00
 0.000E+00
      66.369972     -3.960594    0.845469
 6
       4
     2     2     2     2
     0     1     1     1
 1.710E+00 1.625E+00 1.625E+00 1.625E+00
 0.000E+00 0.000E+00 0.000E+00 0.000E+00
 0.000E+00 0.000E+00 0.000E+00 0.000E+00
 0.000E+00 0.000E+00 0.000E+00 0.000E+00
      58.659780     0.130555    0.050715
 6
       4
     2     2     2     2
     0     1     1     1
 1.710E+00 1.625E+00 1.625E+00 1.625E+00
 0.000E+00 0.000E+00 0.000E+00 0.000E+00
 0.000E+00 0.000E+00 0.000E+00 0.000E+00
 0.000E+00 0.000E+00 0.000E+00 0.000E+00
      61.379071     0.175748    -0.098716
 6
       4
     2     2     2     2
     0     1     1     1
 1.710E+00 1.625E+00 1.625E+00 1.625E+00
 0.000E+00 0.000E+00 0.000E+00 0.000E+00
 0.000E+00 0.000E+00 0.000E+00 0.000E+00
 0.000E+00 0.000E+00 0.000E+00 0.000E+00
      62.709321     -2.138098    0.609563
 6
       4
     2     2     2     2
     0     1     1     1
 1.710E+00 1.625E+00 1.625E+00 1.625E+00
 0.000E+00 0.000E+00 0.000E+00 0.000E+00
 0.000E+00 0.000E+00 0.000E+00 0.000E+00
 0.000E+00 0.000E+00 0.000E+00 0.000E+00
      62.796793     2.312480    -0.838829
 6
       4
     2     2     2     2
     0     1     1     1
 1.710E+00 1.625E+00 1.625E+00 1.625E+00
 0.000E+00 0.000E+00 0.000E+00 0.000E+00
 0.000E+00 0.000E+00 0.000E+00 0.000E+00
 0.000E+00 0.000E+00 0.000E+00 0.000E+00
      65.502276     2.227460    -0.860929
 6
       4
     2     2     2     2
     0     1     1     1
 1.710E+00 1.625E+00 1.625E+00 1.625E+00
 0.000E+00 0.000E+00 0.000E+00 0.000E+00
 0.000E+00 0.000E+00 0.000E+00 0.000E+00
 0.000E+00 0.000E+00 0.000E+00 0.000E+00
      65.314299     -2.263814    0.599013
 6
       4
     2     2     2     2
     0     1     1     1
 1.710E+00 1.625E+00 1.625E+00 1.625E+00
 0.000E+00 0.000E+00 0.000E+00 0.000E+00
 0.000E+00 0.000E+00 0.000E+00 0.000E+00
 0.000E+00 0.000E+00 0.000E+00 0.000E+00
      66.795574     -0.003165    -0.008200
 6
       4
     2     2     2     2
     0     1     1     1
 1.710E+00 1.625E+00 1.625E+00 1.625E+00
 0.000E+00 0.000E+00 0.000E+00 0.000E+00
 0.000E+00 0.000E+00 0.000E+00 0.000E+00
 0.000E+00 0.000E+00 0.000E+00 0.000E+00
      80.024174     -0.187678    0.259346
 6
       4
     2     2     2     2
     0     1     1     1
 1.710E+00 1.625E+00 1.625E+00 1.625E+00
 0.000E+00 0.000E+00 0.000E+00 0.000E+00
 0.000E+00 0.000E+00 0.000E+00 0.000E+00
 0.000E+00 0.000E+00 0.000E+00 0.000E+00
      78.782062     2.138098    -0.436404
 6
       4
     2     2     2     2
     0     1     1     1
 1.710E+00 1.625E+00 1.625E+00 1.625E+00
 0.000E+00 0.000E+00 0.000E+00 0.000E+00
 0.000E+00 0.000E+00 0.000E+00 0.000E+00
 0.000E+00 0.000E+00 0.000E+00 0.000E+00
      78.388268     -2.259982    0.940632
 6
       4
     2     2     2     2
     0     1     1     1
 1.710E+00 1.625E+00 1.625E+00 1.625E+00
 0.000E+00 0.000E+00 0.000E+00 0.000E+00
 0.000E+00 0.000E+00 0.000E+00 0.000E+00
 0.000E+00 0.000E+00 0.000E+00 0.000E+00
      76.113304     2.395762    -0.473817
 6
       4
     2     2     2     2
     0     1     1     1
 1.710E+00 1.625E+00 1.625E+00 1.625E+00
 0.000E+00 0.000E+00 0.000E+00 0.000E+00
 0.000E+00 0.000E+00 0.000E+00 0.000E+00
 0.000E+00 0.000E+00 0.000E+00 0.000E+00
      74.560949     0.218449    0.155855
 6
       4
     2     2     2     2
     0     1     1     1
 1.710E+00 1.625E+00 1.625E+00 1.625E+00
 0.000E+00 0.000E+00 0.000E+00 0.000E+00
 0.000E+00 0.000E+00 0.000E+00 0.000E+00
 0.000E+00 0.000E+00 0.000E+00 0.000E+00
      75.736996     -2.078302    0.883778
 6
       4
     2     2     2     2
     0     1     1     1
 1.710E+00 1.625E+00 1.625E+00 1.625E+00
 0.000E+00 0.000E+00 0.000E+00 0.000E+00
 0.000E+00 0.000E+00 0.000E+00 0.000E+00
 0.000E+00 0.000E+00 0.000E+00 0.000E+00
      82.798699     -0.220363    0.277126
 6
       4
     2     2     2     2
     0     1     1     1
 1.710E+00 1.625E+00 1.625E+00 1.625E+00
 0.000E+00 0.000E+00 0.000E+00 0.000E+00
 0.000E+00 0.000E+00 0.000E+00 0.000E+00
 0.000E+00 0.000E+00 0.000E+00 0.000E+00
      85.113570     -0.146182    0.184872
 6
       4
     2     2     2     2
     0     1     1     1
 1.710E+00 1.625E+00 1.625E+00 1.625E+00
 0.000E+00 0.000E+00 0.000E+00 0.000E+00
 0.000E+00 0.000E+00 0.000E+00 0.000E+00
 0.000E+00 0.000E+00 0.000E+00 0.000E+00
      87.888880     0.106669    -0.014969
 6
       4
     2     2     2     2
     0     1     1     1
 1.710E+00 1.625E+00 1.625E+00 1.625E+00
 0.000E+00 0.000E+00 0.000E+00 0.000E+00
 0.000E+00 0.000E+00 0.000E+00 0.000E+00
 0.000E+00 0.000E+00 0.000E+00 0.000E+00
      89.115613     2.281769    -1.031180
 6
       4
     2     2     2     2
     0     1     1     1
 1.710E+00 1.625E+00 1.625E+00 1.625E+00
 0.000E+00 0.000E+00 0.000E+00 0.000E+00
 0.000E+00 0.000E+00 0.000E+00 0.000E+00
 0.000E+00 0.000E+00 0.000E+00 0.000E+00
      89.480162     -1.953287    0.779414
 6
       4
     2     2     2     2
     0     1     1     1
 1.710E+00 1.625E+00 1.625E+00 1.625E+00
 0.000E+00 0.000E+00 0.000E+00 0.000E+00
 0.000E+00 0.000E+00 0.000E+00 0.000E+00
 0.000E+00 0.000E+00 0.000E+00 0.000E+00
      91.824004     2.396552    -1.275008
 6
       4
     2     2     2     2
     0     1     1     1
 1.710E+00 1.625E+00 1.625E+00 1.625E+00
 0.000E+00 0.000E+00 0.000E+00 0.000E+00
 0.000E+00 0.000E+00 0.000E+00 0.000E+00
 0.000E+00 0.000E+00 0.000E+00 0.000E+00
      92.158216     -1.906015    0.467475
 6
       4
     2     2     2     2
     0     1     1     1
 1.710E+00 1.625E+00 1.625E+00 1.625E+00
 0.000E+00 0.000E+00 0.000E+00 0.000E+00
 0.000E+00 0.000E+00 0.000E+00 0.000E+00
 0.000E+00 0.000E+00 0.000E+00 0.000E+00
      93.384895     0.342828    -0.446922
 6
       4
     2     2     2     2
     0     1     1     1
 1.710E+00 1.625E+00 1.625E+00 1.625E+00
 0.000E+00 0.000E+00 0.000E+00 0.000E+00
 0.000E+00 0.000E+00 0.000E+00 0.000E+00
 0.000E+00 0.000E+00 0.000E+00 0.000E+00
      96.166219     0.489171    -0.425328
 6
       4
     2     2     2     2
     0     1     1     1
 1.710E+00 1.625E+00 1.625E+00 1.625E+00
 0.000E+00 0.000E+00 0.000E+00 0.000E+00
 0.000E+00 0.000E+00 0.000E+00 0.000E+00
 0.000E+00 0.000E+00 0.000E+00 0.000E+00
      98.455527     0.319122    0.002358
 6
       4
     2     2     2     2
     0     1     1     1
 1.710E+00 1.625E+00 1.625E+00 1.625E+00
 0.000E+00 0.000E+00 0.000E+00 0.000E+00
 0.000E+00 0.000E+00 0.000E+00 0.000E+00
 0.000E+00 0.000E+00 0.000E+00 0.000E+00
      101.233041     0.206477    0.171564
 6
       4
     2     2     2     2
     0     1     1     1
 1.710E+00 1.625E+00 1.625E+00 1.625E+00
 0.000E+00 0.000E+00 0.000E+00 0.000E+00
 0.000E+00 0.000E+00 0.000E+00 0.000E+00
 0.000E+00 0.000E+00 0.000E+00 0.000E+00
      102.571902     -2.062424    0.819446
 6
       4
     2     2     2     2
     0     1     1     1
 1.710E+00 1.625E+00 1.625E+00 1.625E+00
 0.000E+00 0.000E+00 0.000E+00 0.000E+00
 0.000E+00 0.000E+00 0.000E+00 0.000E+00
 0.000E+00 0.000E+00 0.000E+00 0.000E+00
      102.610757     2.435294    -0.595944
 6
       4
     2     2     2     2
     0     1     1     1
 1.710E+00 1.625E+00 1.625E+00 1.625E+00
 0.000E+00 0.000E+00 0.000E+00 0.000E+00
 0.000E+00 0.000E+00 0.000E+00 0.000E+00
 0.000E+00 0.000E+00 0.000E+00 0.000E+00
      105.242344     2.429897    -0.763068
 6
       4
     2     2     2     2
     0     1     1     1
 1.710E+00 1.625E+00 1.625E+00 1.625E+00
 0.000E+00 0.000E+00 0.000E+00 0.000E+00
 0.000E+00 0.000E+00 0.000E+00 0.000E+00
 0.000E+00 0.000E+00 0.000E+00 0.000E+00
      105.269998     -2.044924    0.713927
 6
       4
     2     2     2     2
     0     1     1     1
 1.710E+00 1.625E+00 1.625E+00 1.625E+00
 0.000E+00 0.000E+00 0.000E+00 0.000E+00
 0.000E+00 0.000E+00 0.000E+00 0.000E+00
 0.000E+00 0.000E+00 0.000E+00 0.000E+00
      106.635631     0.138506    -0.108149
 6
       4
     2     2     2     2
     0     1     1     1
 1.710E+00 1.625E+00 1.625E+00 1.625E+00
 0.000E+00 0.000E+00 0.000E+00 0.000E+00
 0.000E+00 0.000E+00 0.000E+00 0.000E+00
 0.000E+00 0.000E+00 0.000E+00 0.000E+00
      109.373170     0.403455    -0.123376
 6
       4
     2     2     2     2
     0     1     1     1
 1.710E+00 1.625E+00 1.625E+00 1.625E+00
 0.000E+00 0.000E+00 0.000E+00 0.000E+00
 0.000E+00 0.000E+00 0.000E+00 0.000E+00
 0.000E+00 0.000E+00 0.000E+00 0.000E+00
      111.592175     0.972459    0.213093
 6
       4
     2     2     2     2
     0     1     1     1
 1.710E+00 1.625E+00 1.625E+00 1.625E+00
 0.000E+00 0.000E+00 0.000E+00 0.000E+00
 0.000E+00 0.000E+00 0.000E+00 0.000E+00
 0.000E+00 0.000E+00 0.000E+00 0.000E+00
      114.338487     0.908894    0.206817
 6
       4
     2     2     2     2
     0     1     1     1
 1.710E+00 1.625E+00 1.625E+00 1.625E+00
 0.000E+00 0.000E+00 0.000E+00 0.000E+00
 0.000E+00 0.000E+00 0.000E+00 0.000E+00
 0.000E+00 0.000E+00 0.000E+00 0.000E+00
      115.496190     -1.500066    -0.299051
 6
       4
     2     2     2     2
     0     1     1     1
 1.710E+00 1.625E+00 1.625E+00 1.625E+00
 0.000E+00 0.000E+00 0.000E+00 0.000E+00
 0.000E+00 0.000E+00 0.000E+00 0.000E+00
 0.000E+00 0.000E+00 0.000E+00 0.000E+00
      115.903027     3.111689    0.659494
 6
       4
     2     2     2     2
     0     1     1     1
 1.710E+00 1.625E+00 1.625E+00 1.625E+00
 0.000E+00 0.000E+00 0.000E+00 0.000E+00
 0.000E+00 0.000E+00 0.000E+00 0.000E+00
 0.000E+00 0.000E+00 0.000E+00 0.000E+00
      118.530540     2.868572    0.725279
 6
       4
     2     2     2     2
     0     1     1     1
 1.710E+00 1.625E+00 1.625E+00 1.625E+00
 0.000E+00 0.000E+00 0.000E+00 0.000E+00
 0.000E+00 0.000E+00 0.000E+00 0.000E+00
 0.000E+00 0.000E+00 0.000E+00 0.000E+00
      118.156191     -1.684713    -0.324666
 6
       4
     2     2     2     2
     0     1     1     1
 1.710E+00 1.625E+00 1.625E+00 1.625E+00
 0.000E+00 0.000E+00 0.000E+00 0.000E+00
 0.000E+00 0.000E+00 0.000E+00 0.000E+00
 0.000E+00 0.000E+00 0.000E+00 0.000E+00
      119.742873     0.501429    0.222292
 6
       4
     2     2     2     2
     0     1     1     1
 1.710E+00 1.625E+00 1.625E+00 1.625E+00
 0.000E+00 0.000E+00 0.000E+00 0.000E+00
 0.000E+00 0.000E+00 0.000E+00 0.000E+00
 0.000E+00 0.000E+00 0.000E+00 0.000E+00
      122.492653     0.143663    0.183538
 6
       4
     2     2     2     2
     0     1     1     1
 1.710E+00 1.625E+00 1.625E+00 1.625E+00
 0.000E+00 0.000E+00 0.000E+00 0.000E+00
 0.000E+00 0.000E+00 0.000E+00 0.000E+00
 0.000E+00 0.000E+00 0.000E+00 0.000E+00
      124.754829     -0.226125    -0.077367
 6
       4
     2     2     2     2
     0     1     1     1
 1.710E+00 1.625E+00 1.625E+00 1.625E+00
 0.000E+00 0.000E+00 0.000E+00 0.000E+00
 0.000E+00 0.000E+00 0.000E+00 0.000E+00
 0.000E+00 0.000E+00 0.000E+00 0.000E+00
      127.543032     -0.375322    -0.250572
 6
       4
     2     2     2     2
     0     1     1     1
 1.710E+00 1.625E+00 1.625E+00 1.625E+00
 0.000E+00 0.000E+00 0.000E+00 0.000E+00
 0.000E+00 0.000E+00 0.000E+00 0.000E+00
 0.000E+00 0.000E+00 0.000E+00 0.000E+00
      128.815918     -2.538871    -1.174177
 6
       4
     2     2     2     2
     0     1     1     1
 1.710E+00 1.625E+00 1.625E+00 1.625E+00
 0.000E+00 0.000E+00 0.000E+00 0.000E+00
 0.000E+00 0.000E+00 0.000E+00 0.000E+00
 0.000E+00 0.000E+00 0.000E+00 0.000E+00
      129.010027     1.722748    0.552641
 6
       4
     2     2     2     2
     0     1     1     1
 1.710E+00 1.625E+00 1.625E+00 1.625E+00
 0.000E+00 0.000E+00 0.000E+00 0.000E+00
 0.000E+00 0.000E+00 0.000E+00 0.000E+00
 0.000E+00 0.000E+00 0.000E+00 0.000E+00
      131.741960     1.598336    0.624171
 6
       4
     2     2     2     2
     0     1     1     1
 1.710E+00 1.625E+00 1.625E+00 1.625E+00
 0.000E+00 0.000E+00 0.000E+00 0.000E+00
 0.000E+00 0.000E+00 0.000E+00 0.000E+00
 0.000E+00 0.000E+00 0.000E+00 0.000E+00
      131.459085     -2.732487    -1.174820
 6
       4
     2     2     2     2
     0     1     1     1
 1.710E+00 1.625E+00 1.625E+00 1.625E+00
 0.000E+00 0.000E+00 0.000E+00 0.000E+00
 0.000E+00 0.000E+00 0.000E+00 0.000E+00
 0.000E+00 0.000E+00 0.000E+00 0.000E+00
      132.993900     -0.702307    -0.207687
 6
       4
     2     2     2     2
     0     1     1     1
 1.710E+00 1.625E+00 1.625E+00 1.625E+00
 0.000E+00 0.000E+00 0.000E+00 0.000E+00
 0.000E+00 0.000E+00 0.000E+00 0.000E+00
 0.000E+00 0.000E+00 0.000E+00 0.000E+00
      135.734042     -0.934674    0.056599
 1
       1
     1
     0
 1.300E+00
 0.000E+00
 0.000E+00
 0.000E+00
      75.243503     4.063107    -0.979265
 1
       1
     1
     0
 1.300E+00
 0.000E+00
 0.000E+00
 0.000E+00
      79.917663     3.883583    -0.885427
 6
       4
     2     2     2     2
     0     1     1     1
 1.710E+00 1.625E+00 1.625E+00 1.625E+00
 0.000E+00 0.000E+00 0.000E+00 0.000E+00
 0.000E+00 0.000E+00 0.000E+00 0.000E+00
 0.000E+00 0.000E+00 0.000E+00 0.000E+00
      71.862118     0.334695    0.090172
 1
       1
     1
     0
 1.300E+00
 0.000E+00
 0.000E+00
 0.000E+00
      74.530409     -3.661063    1.419761
 1
       1
     1
     0
 1.300E+00
 0.000E+00
 0.000E+00
 0.000E+00
      79.328274     -4.209367    1.403048
 1
       1
     1
     0
 1.300E+00
 0.000E+00
 0.000E+00
 0.000E+00
      87.973145     3.866022    -1.521409
 1
       1
     1
     0
 1.300E+00
 0.000E+00
 0.000E+00
 0.000E+00
      88.565622     -3.608693    1.684150
 1
       1
     1
     0
 1.300E+00
 0.000E+00
 0.000E+00
 0.000E+00
      92.746793     4.151943    -2.001488
 1
       1
     1
     0
 1.300E+00
 0.000E+00
 0.000E+00
 0.000E+00
      93.379171     -3.514114    1.026599
 1
       1
     1
     0
 1.300E+00
 0.000E+00
 0.000E+00
 0.000E+00
      101.523671     4.071966    -1.133335
 1
       1
     1
     0
 1.300E+00
 0.000E+00
 0.000E+00
 0.000E+00
      106.492570     4.054681    -1.296881
 1
       1
     1
     0
 1.300E+00
 0.000E+00
 0.000E+00
 0.000E+00
      101.566160     -3.873318    1.423818
 1
       1
     1
     0
 1.300E+00
 0.000E+00
 0.000E+00
 0.000E+00
      106.370062     -3.798043    1.355017
 1
       1
     1
     0
 1.300E+00
 0.000E+00
 0.000E+00
 0.000E+00
      114.958616     4.975630    0.977230
 1
       1
     1
     0
 1.300E+00
 0.000E+00
 0.000E+00
 0.000E+00
      114.323492     -3.254310    -0.844651
 1
       1
     1
     0
 1.300E+00
 0.000E+00
 0.000E+00
 0.000E+00
      119.717592     4.558469    1.005733
 1
       1
     1
     0
 1.300E+00
 0.000E+00
 0.000E+00
 0.000E+00
      119.098559     -3.593390    -0.828607
 1
       1
     1
     0
 1.300E+00
 0.000E+00
 0.000E+00
 0.000E+00
      128.154189     3.461300    1.065036
 1
       1
     1
     0
 1.300E+00
 0.000E+00
 0.000E+00
 0.000E+00
      127.808350     -4.165336    -1.800718
 1
       1
     1
     0
 1.300E+00
 0.000E+00
 0.000E+00
 0.000E+00
      132.858816     3.077627    1.233702
 1
       1
     1
     0
 1.300E+00
 0.000E+00
 0.000E+00
 0.000E+00
      132.505139     -4.424657    -1.814847
 1
       1
     1
     0
 1.300E+00
 0.000E+00
 0.000E+00
 0.000E+00
      141.469013     1.780120    3.376205
 1
       1
     1
     0
 1.300E+00
 0.000E+00
 0.000E+00
 0.000E+00
      140.920556     -3.978238    -2.511251
 1
       1
     1
     0
 1.300E+00
 0.000E+00
 0.000E+00
 0.000E+00
      148.848068     -1.713942    0.102017
 1
       1
     1
     0
 1.300E+00
 0.000E+00
 0.000E+00
 0.000E+00
      146.078234     1.670660    3.258177
 1
       1
     1
     0
 1.300E+00
 0.000E+00
 0.000E+00
 0.000E+00
      145.604429     -4.166387    -2.857026
 6
       4
     2     2     2     2
     0     1     1     1
 1.710E+00 1.625E+00 1.625E+00 1.625E+00
 0.000E+00 0.000E+00 0.000E+00 0.000E+00
 0.000E+00 0.000E+00 0.000E+00 0.000E+00
 0.000E+00 0.000E+00 0.000E+00 0.000E+00
      138.071493     -0.937688    0.440064
 6
       4
     2     2     2     2
     0     1     1     1
 1.710E+00 1.625E+00 1.625E+00 1.625E+00
 0.000E+00 0.000E+00 0.000E+00 0.000E+00
 0.000E+00 0.000E+00 0.000E+00 0.000E+00
 0.000E+00 0.000E+00 0.000E+00 0.000E+00
      140.797340     -1.017693    0.459776
 6
       4
     2     2     2     2
     0     1     1     1
 1.710E+00 1.625E+00 1.625E+00 1.625E+00
 0.000E+00 0.000E+00 0.000E+00 0.000E+00
 0.000E+00 0.000E+00 0.000E+00 0.000E+00
 0.000E+00 0.000E+00 0.000E+00 0.000E+00
      142.067466     -2.783200    -1.270193
 6
       4
     2     2     2     2
     0     1     1     1
 1.710E+00 1.625E+00 1.625E+00 1.625E+00
 0.000E+00 0.000E+00 0.000E+00 0.000E+00
 0.000E+00 0.000E+00 0.000E+00 0.000E+00
 0.000E+00 0.000E+00 0.000E+00 0.000E+00
      142.277901     0.525695    2.029182
 6
       4
     2     2     2     2
     0     1     1     1
 1.710E+00 1.625E+00 1.625E+00 1.625E+00
 0.000E+00 0.000E+00 0.000E+00 0.000E+00
 0.000E+00 0.000E+00 0.000E+00 0.000E+00
 0.000E+00 0.000E+00 0.000E+00 0.000E+00
      145.008664     0.345654    1.892381
 6
       4
     2     2     2     2
     0     1     1     1
 1.710E+00 1.625E+00 1.625E+00 1.625E+00
 0.000E+00 0.000E+00 0.000E+00 0.000E+00
 0.000E+00 0.000E+00 0.000E+00 0.000E+00
 0.000E+00 0.000E+00 0.000E+00 0.000E+00
      144.725045     -2.909966    -1.465067
 6
       4
     2     2     2     2
     0     1     1     1
 1.710E+00 1.625E+00 1.625E+00 1.625E+00
 0.000E+00 0.000E+00 0.000E+00 0.000E+00
 0.000E+00 0.000E+00 0.000E+00 0.000E+00
 0.000E+00 0.000E+00 0.000E+00 0.000E+00
      146.212397     -1.379251    0.182285
# LCAO coefficients .. are not included.
         1
        1        -0.000143597949978   k=         1
        2        -0.002081561604881   k=         1
        3        -0.000828523091142   k=         1
        4        0.017595134799901   k=         1
        5        0.002542854619453   k=         1
        6        0.007301709193068   k=         1
        7        -0.012916033467936   k=         1
        8        0.018568858866198   k=         1
        9        -0.002102555600464   k=         1
        10        -0.000510087740120   k=         1
        11        -0.013708413098705   k=         1
        12        0.016898025321521   k=         1
        13        -0.000870305031939   k=         1
        14        -0.002103701645044   k=         1
        15        0.002385340291193   k=         1
        16        -0.004868113183167   k=         1
        17        0.000014640631748   k=         1
        18        -0.001061065640565   k=         1
        19        0.007596562641070   k=         1
        20        -0.026082721951276   k=         1
        21        0.000333007984903   k=         1
        22        -0.000597369893615   k=         1
        23        0.003673488340018   k=         1
        24        -0.006372486079783   k=         1
        25        -0.000771226039924   k=         1
        26        0.006890569281739   k=         1
        27        -0.013934826636941   k=         1
        28        -0.046255960680078   k=         1
        29        0.000117219241037   k=         1
        30        0.000433802689415   k=         1
        31        -0.004621074479256   k=         1
        32        -0.025446528735676   k=         1
        33        -0.000575869586352   k=         1
        34        -0.002521853443965   k=         1
        35        0.020686356963419   k=         1
        36        0.058218990555246   k=         1
        37        0.000099269013188   k=         1
        38        -0.000239895209932   k=         1
        39        0.010966721310167   k=         1
        40        0.025357603757660   k=         1
        41        -0.000303201087281   k=         1
        42        -0.004470291671376   k=         1
        43        0.011000737711198   k=         1
        44        0.025000675575604   k=         1
        45        -0.001525853214423   k=         1
        46        -0.001462316155780   k=         1
        47        -0.016295374941371   k=         1
        48        -0.041963860564292   k=         1
        49        0.001610115880324   k=         1
        50        0.006478087701704   k=         1
        51        -0.013959661605991   k=         1
        52        -0.041644101650631   k=         1
        53        -0.000459124480113   k=         1
        54        -0.000370019989740   k=         1
        55        -0.021060447144370   k=         1
        56        -0.045583885789660   k=         1
        57        -0.000336123987782   k=         1
        58        -0.000439081766275   k=         1
        59        0.043588897667419   k=         1
        60        0.054974610242095   k=         1
        61        -0.000904084691913   k=         1
        62        -0.002948273552217   k=         1
        63        0.027497011010252   k=         1
        64        0.046282585567451   k=         1
        65        -0.000196071267471   k=         1
        66        -0.001900797778893   k=         1
        67        -0.053471873534278   k=         1
        68        -0.064464397791892   k=         1
        69        -0.002510866733311   k=         1
        70        -0.011251086327852   k=         1
        71        -0.032050988525290   k=         1
        72        -0.032291975519008   k=         1
        73        0.000917742865573   k=         1
        74        -0.009313038393329   k=         1
        75        -0.031766296866254   k=         1
        76        -0.029189123328807   k=         1
        77        -0.003553321924016   k=         1
        78        0.007187946429382   k=         1
        79        0.045531141746559   k=         1
        80        0.041613241500497   k=         1
        81        0.003928486794782   k=         1
        82        0.019895440017770   k=         1
        83        0.047326862653539   k=         1
        84        0.038107974279917   k=         1
        85        -0.000688663747204   k=         1
        86        -0.000858977217447   k=         1
        87        0.043060214786047   k=         1
        88        0.060585884576995   k=         1
        89        0.005334017826471   k=         1
        90        0.013921596410075   k=         1
        91        -0.031852199956555   k=         1
        92        -0.102240813953144   k=         1
        93        -0.004777438120086   k=         1
        94        0.002554609532150   k=         1
        95        -0.034446993069386   k=         1
        96        -0.066168455503817   k=         1
        97        0.001234545440897   k=         1
        98        0.007514388388202   k=         1
        99        0.031112903105482   k=         1
        100        0.129736335161616   k=         1
        101        -0.004567123350840   k=         1
        102        0.003317927087589   k=         1
        103        0.010616347882194   k=         1
        104        0.066707068450832   k=         1
        105        0.000949877311261   k=         1
        106        0.001197964188803   k=         1
        107        0.012625854737748   k=         1
        108        0.070903171245109   k=         1
        109        -0.000906108244553   k=         1
        110        -0.006696590747909   k=         1
        111        -0.016413050061827   k=         1
        112        -0.095289530012249   k=         1
        113        0.001489815040551   k=         1
        114        0.000844015453662   k=         1
        115        -0.015355392683753   k=         1
        116        -0.091689685193990   k=         1
        117        -0.000439927062569   k=         1
        118        -0.015830542101402   k=         1
        119        -0.032637081792314   k=         1
        120        -0.111970587324090   k=         1
        121        -0.001235894488824   k=         1
        122        0.017835612965029   k=         1
        123        0.050934940841095   k=         1
        124        0.126020137296268   k=         1
        125        -0.000050480988020   k=         1
        126        0.001452399920193   k=         1
        127        0.038405200985898   k=         1
        128        0.112698548830103   k=         1
        129        0.002758300685236   k=         1
        130        0.013238816907192   k=         1
        131        -0.066378784423360   k=         1
        132        -0.151157156942428   k=         1
        133        -0.000035122758068   k=         1
        134        0.018795801772122   k=         1
        135        -0.051675129466445   k=         1
        136        -0.081822374787346   k=         1
        137        0.001365412200594   k=         1
        138        0.009683332067540   k=         1
        139        -0.040149808284498   k=         1
        140        -0.078581872266659   k=         1
        141        -0.002751809647815   k=         1
        142        -0.015673829904294   k=         1
        143        0.058879306617188   k=         1
        144        0.088682183151477   k=         1
        145        0.001398840582156   k=         1
        146        -0.019599727491843   k=         1
        147        0.059031391912107   k=         1
        148        0.103581678870458   k=         1
        149        0.002107109105881   k=         1
        150        -0.007564389871137   k=         1
        151        0.063542429877503   k=         1
        152        0.132597172814778   k=         1
        153        -0.005121114269324   k=         1
        154        -0.008481390794068   k=         1
        155        -0.065852575721989   k=         1
        156        -0.167219072491823   k=         1
        157        0.003208846515362   k=         1
        158        -0.001178661230705   k=         1
        159        -0.000656464366575   k=         1
        160        -0.002439436931694   k=         1
        161        0.002330779511761   k=         1
        162        -0.000386304125167   k=         1
        163        0.000929918516995   k=         1
        164        0.000318574035884   k=         1
        165        0.000663191769647   k=         1
        166        -0.001473818457697   k=         1
        167        0.004577727538105   k=         1
        168        0.006547715350525   k=         1
        169        -0.000179610750559   k=         1
        170        -0.001478368917044   k=         1
        171        0.003742941954914   k=         1
        172        0.003867078797400   k=         1
        173        -0.001425721228405   k=         1
        174        -0.005859889932191   k=         1
        175        0.001757700019634   k=         1
        176        0.000993995316808   k=         1
        177        -0.005743042759714   k=         1
        178        -0.003956403306171   k=         1
        179        0.005145776458639   k=         1
        180        0.003044418843180   k=         1
        181        -0.013686492404590   k=         1
        182        0.058945037102108   k=         1
        183        0.176111891160991   k=         1
        184        0.001455022634623   k=         1
        185        -0.007115142424446   k=         1
        186        0.004235830067506   k=         1
        187        -0.012568921940872   k=         1
        188        -0.058752238802223   k=         1
        189        -0.128130847930699   k=         1
        190        -0.002558117136997   k=         1
        191        0.010200338754387   k=         1
        192        0.075232923965062   k=         1
        193        0.197064397505272   k=         1
        194        0.001563071625223   k=         1
        195        0.006501811651486   k=         1
        196        0.025649428228734   k=         1
        197        0.110511269010401   k=         1
        198        0.003000889728730   k=         1
        199        0.001463388835448   k=         1
        200        0.031072610581916   k=         1
        201        0.123122691687801   k=         1
        202        0.000590268165468   k=         1
        203        -0.000055877327928   k=         1
        204        -0.044708607305124   k=         1
        205        -0.154624274205312   k=         1
        206        -0.001801082299274   k=         1
        207        -0.006096387970724   k=         1
        208        -0.022596572638493   k=         1
        209        -0.125161142792408   k=         1
        210        -0.002649893225429   k=         1
        211        0.016781589998173   k=         1
        212        -0.070235347891127   k=         1
        213        -0.189093217142318   k=         1
        214        -0.000878531930633   k=         1
        215        0.001308583478817   k=         1
        216        0.064390661033046   k=         1
        217        0.191685014980888   k=         1
        218        0.000692846580050   k=         1
        219        0.001714466739253   k=         1
        220        0.023567064620880   k=         1
        221        0.100324314308308   k=         1
        222        0.000320980590959   k=         1
        223        0.001344916857576   k=         1
        224        0.026518717935294   k=         1
        225        0.107834980694967   k=         1
        226        -0.001704247187695   k=         1
        227        -0.000291542426467   k=         1
        228        -0.038545166614316   k=         1
        229        -0.138627280539913   k=         1
        230        0.001742889009266   k=         1
        231        0.000531169892043   k=         1
        232        -0.055190400520422   k=         1
        233        -0.168649527000411   k=         1
        234        0.001133390312136   k=         1
        235        -0.002945497642437   k=         1
        236        -0.040098653072280   k=         1
        237        -0.133164829611076   k=         1
        238        -0.001542133212746   k=         1
        239        -0.001089256288577   k=         1
        240        -0.046391249770613   k=         1
        241        -0.116706240487475   k=         1
        242        0.002783480119696   k=         1
        243        -0.001249943976790   k=         1
        244        -0.053172032370073   k=         1
        245        -0.153442935413094   k=         1
        246        0.000179078554290   k=         1
        247        0.003685487994897   k=         1
        248        0.050792231495405   k=         1
        249        0.119451951780918   k=         1
        250        -0.001247399229198   k=         1
        251        0.015868140279272   k=         1
        252        0.042242805321840   k=         1
        253        0.095796838288673   k=         1
        254        0.001713723970956   k=         1
        255        0.016893145047926   k=         1
        256        0.044503807571887   k=         1
        257        0.091303017927424   k=         1
        258        0.001422394257412   k=         1
        259        -0.009932329442443   k=         1
        260        -0.031322332174435   k=         1
        261        -0.080047905327476   k=         1
        262        0.000582542555414   k=         1
        263        -0.013711501924106   k=         1
        264        -0.032885890573707   k=         1
        265        -0.070962223765681   k=         1
        266        -0.001439367310594   k=         1
        267        0.007743781267733   k=         1
        268        -0.051346560858532   k=         1
        269        -0.133911590397744   k=         1
        270        -0.001752841081347   k=         1
        271        -0.017038977896623   k=         1
        272        0.033238805816314   k=         1
        273        0.097530619177285   k=         1
        274        0.002750804885483   k=         1
        275        -0.016268130200906   k=         1
        276        0.042084866991368   k=         1
        277        0.111828418326058   k=         1
        278        -0.001956817522368   k=         1
        279        0.003528466150663   k=         1
        280        -0.032016470835475   k=         1
        281        -0.105258874858151   k=         1
        282        0.000365068487770   k=         1
        283        -0.009354582797553   k=         1
        284        -0.023927549648849   k=         1
        285        -0.084781928291793   k=         1
        286        -0.000097482126864   k=         1
        287        -0.006397620356662   k=         1
        288        -0.026908916047463   k=         1
        289        -0.071311707692194   k=         1
        290        -0.002686875553867   k=         1
        291        0.003549979251853   k=         1
        292        0.021805924120358   k=         1
        293        0.060011349835847   k=         1
        294        0.001427673331608   k=         1
        295        0.010071456369985   k=         1
        296        0.030568178106328   k=         1
        297        0.062575561060366   k=         1
        298        -0.002692084405136   k=         1
        299        -0.000046575883232   k=         1
        300        0.033531967803112   k=         1
        301        0.116268173140070   k=         1
        302        0.004280765951565   k=         1
        303        0.008728528054809   k=         1
        304        0.002033382050075   k=         1
        305        -0.080716341955896   k=         1
        306        -0.007580939288561   k=         1
        307        0.013772095902257   k=         1
        308        -0.018443643173915   k=         1
        309        -0.097208092897750   k=         1
        310        0.000466913777085   k=         1
        311        -0.003721487633640   k=         1
        312        -0.009069665442134   k=         1
        313        0.082198526320127   k=         1
        314        -0.002322298784626   k=         1
        315        0.005930317638563   k=         1
        316        -0.025060583237362   k=         1
        317        0.058478158320149   k=         1
        318        0.002057799276769   k=         1
        319        -0.007025665945456   k=         1
        320        -0.017523322456202   k=         1
        321        0.065796005990255   k=         1
        322        -0.001133692967825   k=         1
        323        0.002210929967396   k=         1
        324        0.008154467398557   k=         1
        325        -0.044313660985355   k=         1
        326        0.000532719883367   k=         1
        327        -0.003675322482836   k=         1
        328        0.012526234075985   k=         1
        329        -0.047050790110454   k=         1
        330        0.000787064190055   k=         1
        331        0.003195929105330   k=         1
        332        0.020997217034594   k=         1
        333        -0.092420525291032   k=         1
        334        0.001348913378917   k=         1
        335        -0.000521402641592   k=         1
        336        -0.015535062195871   k=         1
        337        0.047726793395400   k=         1
        338        -0.000553062757968   k=         1
        339        0.007203703797633   k=         1
        340        -0.019693015989899   k=         1
        341        0.070508896886430   k=         1
        342        0.000262040316492   k=         1
        343        -0.004592019708696   k=         1
        344        0.017839871908178   k=         1
        345        -0.044482151736642   k=         1
        346        -0.000021912420961   k=         1
        347        -0.000932740538947   k=         1
        348        0.015522098484921   k=         1
        349        -0.039180963248229   k=         1
        350        -0.001383852683465   k=         1
        351        0.003365773952794   k=         1
        352        0.015714332508954   k=         1
        353        -0.041553185903765   k=         1
        354        0.000696926965971   k=         1
        355        -0.003124455521288   k=         1
        356        -0.009772787215509   k=         1
        357        0.027084113745668   k=         1
        358        0.000615156218367   k=         1
        359        -0.000194408308357   k=         1
        360        -0.009369588737301   k=         1
        361        0.026666571246566   k=         1
        362        -0.000559961690393   k=         1
        363        -0.007962451009782   k=         1
        364        -0.024025026980678   k=         1
        365        0.054077811389737   k=         1
        366        0.000302014194629   k=         1
        367        0.005163424057502   k=         1
        368        0.014317024427350   k=         1
        369        -0.024615740920250   k=         1
        370        0.002877387949295   k=         1
        371        -0.002335851586283   k=         1
        372        -0.000591568710583   k=         1
        373        -0.003158350672766   k=         1
        374        0.066010124407473   k=         1
        375        0.183490217876760   k=         1
        376        -0.001507868958605   k=         1
        377        0.002069272367087   k=         1
        378        -0.001879541193520   k=         1
        379        -0.003352093692045   k=         1
        380        -0.004609370726907   k=         1
        381        -0.002422330204095   k=         1
        382        0.000023478988821   k=         1
        383        0.002764406196308   k=         1
        384        0.004621043605191   k=         1
        385        0.001028007750213   k=         1
        386        -0.001404031311591   k=         1
        387        0.000715679708966   k=         1
        388        0.001774940802888   k=         1
        389        -0.004584644181910   k=         1
        390        -0.001069238013887   k=         1
        391        0.000017814571242   k=         1
        392        0.000500669256300   k=         1
        393        0.000189991610575   k=         1
        394        -0.001085359153710   k=         1
        395        0.000300425859958   k=         1
        396        0.000881134801659   k=         1
        397        0.000773378609236   k=         1
        398        -0.002033001278722   k=         1
        399        -0.001382641909490   k=         1
        400        0.004866304051199   k=         1
        401        0.020659313243349   k=         1
        402        -0.043961475614762   k=         1
        403        -0.000052192214842   k=         1
        404        -0.000969586521596   k=         1
        405        -0.011669758037616   k=         1
        406        0.016541546512818   k=         1
        407        -0.001168493282975   k=         1
        408        0.003775401644719   k=         1
        409        -0.022671433575402   k=         1
        410        0.016046783949659   k=         1
        411        0.001000942364359   k=         1
        412        -0.001489281347526   k=         1
        413        -0.021670602433264   k=         1
        414        0.017109069230912   k=         1
        415        -0.000237746064952   k=         1
        416        0.000068356066369   k=         1
        417        0.007070718908934   k=         1
        418        -0.006180574213706   k=         1
        419        0.000430197185865   k=         1
        420        -0.001637185018069   k=         1
        421        0.004226918808978   k=         1
        422        -0.003255019353635   k=         1
        423        0.000065876865593   k=         1
        424        0.002074910295947   k=         1
        425        0.022179951590874   k=         1
        426        -0.022411763390778   k=         1
