# file_format= v0.04.05
       144       426
    188.97268778      0.00000000      0.00000000    0
      0.00000000    188.97268778      0.00000000    0
      0.00000000      0.00000000    188.97268778    0
 6
       4
     2     2     2     2
     0     1     1     1
 1.710E+00 1.625E+00 1.625E+00 1.625E+00
 0.000E+00 0.000E+00 0.000E+00 0.000E+00
 0.000E+00 0.000E+00 0.000E+00 0.000E+00
 0.000E+00 0.000E+00 0.000E+00 0.000E+00
      0.822560     -0.594769    -0.247531
 6
       4
     2     2     2     2
     0     1     1     1
 1.710E+00 1.625E+00 1.625E+00 1.625E+00
 0.000E+00 0.000E+00 0.000E+00 0.000E+00
 0.000E+00 0.000E+00 0.000E+00 0.000E+00
 0.000E+00 0.000E+00 0.000E+00 0.000E+00
      -0.980841     1.311721    0.531642
 6
       4
     2     2     2     2
     0     1     1     1
 1.710E+00 1.625E+00 1.625E+00 1.625E+00
 0.000E+00 0.000E+00 0.000E+00 0.000E+00
 0.000E+00 0.000E+00 0.000E+00 0.000E+00
 0.000E+00 0.000E+00 0.000E+00 0.000E+00
      -0.237125     -2.911733    -1.083180
 6
       4
     2     2     2     2
     0     1     1     1
 1.710E+00 1.625E+00 1.625E+00 1.625E+00
 0.000E+00 0.000E+00 0.000E+00 0.000E+00
 0.000E+00 0.000E+00 0.000E+00 0.000E+00
 0.000E+00 0.000E+00 0.000E+00 0.000E+00
      -3.556411     0.830399    0.492929
 6
       4
     2     2     2     2
     0     1     1     1
 1.710E+00 1.625E+00 1.625E+00 1.625E+00
 0.000E+00 0.000E+00 0.000E+00 0.000E+00
 0.000E+00 0.000E+00 0.000E+00 0.000E+00
 0.000E+00 0.000E+00 0.000E+00 0.000E+00
      -4.707546     -1.517641    -0.259584
 6
       4
     2     2     2     2
     0     1     1     1
 1.710E+00 1.625E+00 1.625E+00 1.625E+00
 0.000E+00 0.000E+00 0.000E+00 0.000E+00
 0.000E+00 0.000E+00 0.000E+00 0.000E+00
 0.000E+00 0.000E+00 0.000E+00 0.000E+00
      -2.864492     -3.463104    -1.083743
 6
       4
     2     2     2     2
     0     1     1     1
 1.710E+00 1.625E+00 1.625E+00 1.625E+00
 0.000E+00 0.000E+00 0.000E+00 0.000E+00
 0.000E+00 0.000E+00 0.000E+00 0.000E+00
 0.000E+00 0.000E+00 0.000E+00 0.000E+00
      3.581407     -0.089084    -0.043713
 6
       4
     2     2     2     2
     0     1     1     1
 1.710E+00 1.625E+00 1.625E+00 1.625E+00
 0.000E+00 0.000E+00 0.000E+00 0.000E+00
 0.000E+00 0.000E+00 0.000E+00 0.000E+00
 0.000E+00 0.000E+00 0.000E+00 0.000E+00
      5.813479     0.563675    -0.020167
 6
       4
     2     2     2     2
     0     1     1     1
 1.710E+00 1.625E+00 1.625E+00 1.625E+00
 0.000E+00 0.000E+00 0.000E+00 0.000E+00
 0.000E+00 0.000E+00 0.000E+00 0.000E+00
 0.000E+00 0.000E+00 0.000E+00 0.000E+00
      8.580033     0.815623    0.047644
 6
       4
     2     2     2     2
     0     1     1     1
 1.710E+00 1.625E+00 1.625E+00 1.625E+00
 0.000E+00 0.000E+00 0.000E+00 0.000E+00
 0.000E+00 0.000E+00 0.000E+00 0.000E+00
 0.000E+00 0.000E+00 0.000E+00 0.000E+00
      9.825326     3.096883    -0.745013
 6
       4
     2     2     2     2
     0     1     1     1
 1.710E+00 1.625E+00 1.625E+00 1.625E+00
 0.000E+00 0.000E+00 0.000E+00 0.000E+00
 0.000E+00 0.000E+00 0.000E+00 0.000E+00
 0.000E+00 0.000E+00 0.000E+00 0.000E+00
      10.168587     -1.235098    0.941159
 6
       4
     2     2     2     2
     0     1     1     1
 1.710E+00 1.625E+00 1.625E+00 1.625E+00
 0.000E+00 0.000E+00 0.000E+00 0.000E+00
 0.000E+00 0.000E+00 0.000E+00 0.000E+00
 0.000E+00 0.000E+00 0.000E+00 0.000E+00
      12.475157     3.301555    -0.718808
 6
       4
     2     2     2     2
     0     1     1     1
 1.710E+00 1.625E+00 1.625E+00 1.625E+00
 0.000E+00 0.000E+00 0.000E+00 0.000E+00
 0.000E+00 0.000E+00 0.000E+00 0.000E+00
 0.000E+00 0.000E+00 0.000E+00 0.000E+00
      12.818567     -0.991237    0.997426
 6
       4
     2     2     2     2
     0     1     1     1
 1.710E+00 1.625E+00 1.625E+00 1.625E+00
 0.000E+00 0.000E+00 0.000E+00 0.000E+00
 0.000E+00 0.000E+00 0.000E+00 0.000E+00
 0.000E+00 0.000E+00 0.000E+00 0.000E+00
      14.048495     1.275529    0.168371
 6
       4
     2     2     2     2
     0     1     1     1
 1.710E+00 1.625E+00 1.625E+00 1.625E+00
 0.000E+00 0.000E+00 0.000E+00 0.000E+00
 0.000E+00 0.000E+00 0.000E+00 0.000E+00
 0.000E+00 0.000E+00 0.000E+00 0.000E+00
      16.814381     1.430574    0.128496
 6
       4
     2     2     2     2
     0     1     1     1
 1.710E+00 1.625E+00 1.625E+00 1.625E+00
 0.000E+00 0.000E+00 0.000E+00 0.000E+00
 0.000E+00 0.000E+00 0.000E+00 0.000E+00
 0.000E+00 0.000E+00 0.000E+00 0.000E+00
      19.101543     1.307902    0.266179
 6
       4
     2     2     2     2
     0     1     1     1
 1.710E+00 1.625E+00 1.625E+00 1.625E+00
 0.000E+00 0.000E+00 0.000E+00 0.000E+00
 0.000E+00 0.000E+00 0.000E+00 0.000E+00
 0.000E+00 0.000E+00 0.000E+00 0.000E+00
      21.888844     1.264735    0.166011
 6
       4
     2     2     2     2
     0     1     1     1
 1.710E+00 1.625E+00 1.625E+00 1.625E+00
 0.000E+00 0.000E+00 0.000E+00 0.000E+00
 0.000E+00 0.000E+00 0.000E+00 0.000E+00
 0.000E+00 0.000E+00 0.000E+00 0.000E+00
      23.130301     -0.572385    1.667324
 6
       4
     2     2     2     2
     0     1     1     1
 1.710E+00 1.625E+00 1.625E+00 1.625E+00
 0.000E+00 0.000E+00 0.000E+00 0.000E+00
 0.000E+00 0.000E+00 0.000E+00 0.000E+00
 0.000E+00 0.000E+00 0.000E+00 0.000E+00
      23.334875     2.881579    -1.435861
 6
       4
     2     2     2     2
     0     1     1     1
 1.710E+00 1.625E+00 1.625E+00 1.625E+00
 0.000E+00 0.000E+00 0.000E+00 0.000E+00
 0.000E+00 0.000E+00 0.000E+00 0.000E+00
 0.000E+00 0.000E+00 0.000E+00 0.000E+00
      26.009525     2.530918    -1.570829
 6
       4
     2     2     2     2
     0     1     1     1
 1.710E+00 1.625E+00 1.625E+00 1.625E+00
 0.000E+00 0.000E+00 0.000E+00 0.000E+00
 0.000E+00 0.000E+00 0.000E+00 0.000E+00
 0.000E+00 0.000E+00 0.000E+00 0.000E+00
      25.840897     -0.931556    1.532932
 6
       4
     2     2     2     2
     0     1     1     1
 1.710E+00 1.625E+00 1.625E+00 1.625E+00
 0.000E+00 0.000E+00 0.000E+00 0.000E+00
 0.000E+00 0.000E+00 0.000E+00 0.000E+00
 0.000E+00 0.000E+00 0.000E+00 0.000E+00
      27.245595     0.667895    -0.055182
 6
       4
     2     2     2     2
     0     1     1     1
 1.710E+00 1.625E+00 1.625E+00 1.625E+00
 0.000E+00 0.000E+00 0.000E+00 0.000E+00
 0.000E+00 0.000E+00 0.000E+00 0.000E+00
 0.000E+00 0.000E+00 0.000E+00 0.000E+00
      30.031871     0.344824    -0.038522
 6
       4
     2     2     2     2
     0     1     1     1
 1.710E+00 1.625E+00 1.625E+00 1.625E+00
 0.000E+00 0.000E+00 0.000E+00 0.000E+00
 0.000E+00 0.000E+00 0.000E+00 0.000E+00
 0.000E+00 0.000E+00 0.000E+00 0.000E+00
      32.217916     0.127579    0.323627
 6
       4
     2     2     2     2
     0     1     1     1
 1.710E+00 1.625E+00 1.625E+00 1.625E+00
 0.000E+00 0.000E+00 0.000E+00 0.000E+00
 0.000E+00 0.000E+00 0.000E+00 0.000E+00
 0.000E+00 0.000E+00 0.000E+00 0.000E+00
      34.920683     0.024387    0.285466
 6
       4
     2     2     2     2
     0     1     1     1
 1.710E+00 1.625E+00 1.625E+00 1.625E+00
 0.000E+00 0.000E+00 0.000E+00 0.000E+00
 0.000E+00 0.000E+00 0.000E+00 0.000E+00
 0.000E+00 0.000E+00 0.000E+00 0.000E+00
      36.359437     -2.286429    0.687448
 6
       4
     2     2     2     2
     0     1     1     1
 1.710E+00 1.625E+00 1.625E+00 1.625E+00
 0.000E+00 0.000E+00 0.000E+00 0.000E+00
 0.000E+00 0.000E+00 0.000E+00 0.000E+00
 0.000E+00 0.000E+00 0.000E+00 0.000E+00
      36.322971     2.283269    -0.291708
 6
       4
     2     2     2     2
     0     1     1     1
 1.710E+00 1.625E+00 1.625E+00 1.625E+00
 0.000E+00 0.000E+00 0.000E+00 0.000E+00
 0.000E+00 0.000E+00 0.000E+00 0.000E+00
 0.000E+00 0.000E+00 0.000E+00 0.000E+00
      39.021122     2.190472    -0.452111
 6
       4
     2     2     2     2
     0     1     1     1
 1.710E+00 1.625E+00 1.625E+00 1.625E+00
 0.000E+00 0.000E+00 0.000E+00 0.000E+00
 0.000E+00 0.000E+00 0.000E+00 0.000E+00
 0.000E+00 0.000E+00 0.000E+00 0.000E+00
      39.032494     -2.342257    0.639816
 6
       4
     2     2     2     2
     0     1     1     1
 1.710E+00 1.625E+00 1.625E+00 1.625E+00
 0.000E+00 0.000E+00 0.000E+00 0.000E+00
 0.000E+00 0.000E+00 0.000E+00 0.000E+00
 0.000E+00 0.000E+00 0.000E+00 0.000E+00
      40.427879     -0.079057    -0.043369
 6
       4
     2     2     2     2
     0     1     1     1
 1.710E+00 1.625E+00 1.625E+00 1.625E+00
 0.000E+00 0.000E+00 0.000E+00 0.000E+00
 0.000E+00 0.000E+00 0.000E+00 0.000E+00
 0.000E+00 0.000E+00 0.000E+00 0.000E+00
      43.163887     -0.264624    -0.264838
 6
       4
     2     2     2     2
     0     1     1     1
 1.710E+00 1.625E+00 1.625E+00 1.625E+00
 0.000E+00 0.000E+00 0.000E+00 0.000E+00
 0.000E+00 0.000E+00 0.000E+00 0.000E+00
 0.000E+00 0.000E+00 0.000E+00 0.000E+00
      45.456474     -0.523891    -0.305950
 6
       4
     2     2     2     2
     0     1     1     1
 1.710E+00 1.625E+00 1.625E+00 1.625E+00
 0.000E+00 0.000E+00 0.000E+00 0.000E+00
 0.000E+00 0.000E+00 0.000E+00 0.000E+00
 0.000E+00 0.000E+00 0.000E+00 0.000E+00
      48.319037     -0.500069    -0.276994
 6
       4
     2     2     2     2
     0     1     1     1
 1.710E+00 1.625E+00 1.625E+00 1.625E+00
 0.000E+00 0.000E+00 0.000E+00 0.000E+00
 0.000E+00 0.000E+00 0.000E+00 0.000E+00
 0.000E+00 0.000E+00 0.000E+00 0.000E+00
      49.682393     -2.481222    0.938776
 6
       4
     2     2     2     2
     0     1     1     1
 1.710E+00 1.625E+00 1.625E+00 1.625E+00
 0.000E+00 0.000E+00 0.000E+00 0.000E+00
 0.000E+00 0.000E+00 0.000E+00 0.000E+00
 0.000E+00 0.000E+00 0.000E+00 0.000E+00
      49.540760     1.786536    -1.166237
 6
       4
     2     2     2     2
     0     1     1     1
 1.710E+00 1.625E+00 1.625E+00 1.625E+00
 0.000E+00 0.000E+00 0.000E+00 0.000E+00
 0.000E+00 0.000E+00 0.000E+00 0.000E+00
 0.000E+00 0.000E+00 0.000E+00 0.000E+00
      52.137359     1.985000    -1.023272
 6
       4
     2     2     2     2
     0     1     1     1
 1.710E+00 1.625E+00 1.625E+00 1.625E+00
 0.000E+00 0.000E+00 0.000E+00 0.000E+00
 0.000E+00 0.000E+00 0.000E+00 0.000E+00
 0.000E+00 0.000E+00 0.000E+00 0.000E+00
      52.396090     -2.089264    1.141565
 6
       4
     2     2     2     2
     0     1     1     1
 1.710E+00 1.625E+00 1.625E+00 1.625E+00
 0.000E+00 0.000E+00 0.000E+00 0.000E+00
 0.000E+00 0.000E+00 0.000E+00 0.000E+00
 0.000E+00 0.000E+00 0.000E+00 0.000E+00
      53.580136     0.047838    0.167694
 6
       4
     2     2     2     2
     0     1     1     1
 1.710E+00 1.625E+00 1.625E+00 1.625E+00
 0.000E+00 0.000E+00 0.000E+00 0.000E+00
 0.000E+00 0.000E+00 0.000E+00 0.000E+00
 0.000E+00 0.000E+00 0.000E+00 0.000E+00
      56.388618     0.198143    0.218791
 1
       1
     1
     0
 1.300E+00
 0.000E+00
 0.000E+00
 0.000E+00
      -4.756308     2.412239    0.947418
 1
       1
     1
     0
 1.300E+00
 0.000E+00
 0.000E+00
 0.000E+00
      -0.296829     3.014300    1.102162
 1
       1
     1
     0
 1.300E+00
 0.000E+00
 0.000E+00
 0.000E+00
      -7.068280     -1.966717    -0.314603
 1
       1
     1
     0
 1.300E+00
 0.000E+00
 0.000E+00
 0.000E+00
      -3.597037     -5.203098    -1.748184
 1
       1
     1
     0
 1.300E+00
 0.000E+00
 0.000E+00
 0.000E+00
      1.074145     -4.349503    -1.912616
 1
       1
     1
     0
 1.300E+00
 0.000E+00
 0.000E+00
 0.000E+00
      8.844910     4.779293    -1.477218
 1
       1
     1
     0
 1.300E+00
 0.000E+00
 0.000E+00
 0.000E+00
      9.393386     -2.928093    1.602918
 1
       1
     1
     0
 1.300E+00
 0.000E+00
 0.000E+00
 0.000E+00
      13.372689     4.922613    -1.514772
 1
       1
     1
     0
 1.300E+00
 0.000E+00
 0.000E+00
 0.000E+00
      13.913699     -2.429167    1.751814
 1
       1
     1
     0
 1.300E+00
 0.000E+00
 0.000E+00
 0.000E+00
      22.367606     4.301836    -2.597997
 1
       1
     1
     0
 1.300E+00
 0.000E+00
 0.000E+00
 0.000E+00
      27.051435     3.648271    -2.695637
 1
       1
     1
     0
 1.300E+00
 0.000E+00
 0.000E+00
 0.000E+00
      22.046978     -1.698197    2.912510
 1
       1
     1
     0
 1.300E+00
 0.000E+00
 0.000E+00
 0.000E+00
      26.824298     -2.379001    2.549658
 1
       1
     1
     0
 1.300E+00
 0.000E+00
 0.000E+00
 0.000E+00
      35.455765     4.004157    -0.616268
 1
       1
     1
     0
 1.300E+00
 0.000E+00
 0.000E+00
 0.000E+00
      35.256200     -3.889077    1.261781
 1
       1
     1
     0
 1.300E+00
 0.000E+00
 0.000E+00
 0.000E+00
      40.028480     3.993974    -0.847004
 1
       1
     1
     0
 1.300E+00
 0.000E+00
 0.000E+00
 0.000E+00
      40.167632     -4.039229    0.967553
 1
       1
     1
     0
 1.300E+00
 0.000E+00
 0.000E+00
 0.000E+00
      48.236084     3.141613    -1.934055
 1
       1
     1
     0
 1.300E+00
 0.000E+00
 0.000E+00
 0.000E+00
      48.665380     -4.097929    1.774290
 1
       1
     1
     0
 1.300E+00
 0.000E+00
 0.000E+00
 0.000E+00
      53.145501     3.627616    -1.915182
 1
       1
     1
     0
 1.300E+00
 0.000E+00
 0.000E+00
 0.000E+00
      53.524979     -3.431614    2.107411
 1
       1
     1
     0
 1.300E+00
 0.000E+00
 0.000E+00
 0.000E+00
      61.773034     4.097946    -1.330397
 1
       1
     1
     0
 1.300E+00
 0.000E+00
 0.000E+00
 0.000E+00
      61.575049     -3.713574    1.021665
 6
       4
     2     2     2     2
     0     1     1     1
 1.710E+00 1.625E+00 1.625E+00 1.625E+00
 0.000E+00 0.000E+00 0.000E+00 0.000E+00
 0.000E+00 0.000E+00 0.000E+00 0.000E+00
 0.000E+00 0.000E+00 0.000E+00 0.000E+00
      69.543593     0.000779    0.127679
 1
       1
     1
     0
 1.300E+00
 0.000E+00
 0.000E+00
 0.000E+00
      66.522488     3.826034    -1.291722
 1
       1
     1
     0
 1.300E+00
 0.000E+00
 0.000E+00
 0.000E+00
      66.371020     -3.880087    0.734637
 6
       4
     2     2     2     2
     0     1     1     1
 1.710E+00 1.625E+00 1.625E+00 1.625E+00
 0.000E+00 0.000E+00 0.000E+00 0.000E+00
 0.000E+00 0.000E+00 0.000E+00 0.000E+00
 0.000E+00 0.000E+00 0.000E+00 0.000E+00
      58.643198     0.136049    0.053428
 6
       4
     2     2     2     2
     0     1     1     1
 1.710E+00 1.625E+00 1.625E+00 1.625E+00
 0.000E+00 0.000E+00 0.000E+00 0.000E+00
 0.000E+00 0.000E+00 0.000E+00 0.000E+00
 0.000E+00 0.000E+00 0.000E+00 0.000E+00
      61.376174     0.186639    -0.113631
 6
       4
     2     2     2     2
     0     1     1     1
 1.710E+00 1.625E+00 1.625E+00 1.625E+00
 0.000E+00 0.000E+00 0.000E+00 0.000E+00
 0.000E+00 0.000E+00 0.000E+00 0.000E+00
 0.000E+00 0.000E+00 0.000E+00 0.000E+00
      62.723443     -2.142481    0.619702
 6
       4
     2     2     2     2
     0     1     1     1
 1.710E+00 1.625E+00 1.625E+00 1.625E+00
 0.000E+00 0.000E+00 0.000E+00 0.000E+00
 0.000E+00 0.000E+00 0.000E+00 0.000E+00
 0.000E+00 0.000E+00 0.000E+00 0.000E+00
      62.790175     2.314412    -0.836892
 6
       4
     2     2     2     2
     0     1     1     1
 1.710E+00 1.625E+00 1.625E+00 1.625E+00
 0.000E+00 0.000E+00 0.000E+00 0.000E+00
 0.000E+00 0.000E+00 0.000E+00 0.000E+00
 0.000E+00 0.000E+00 0.000E+00 0.000E+00
      65.516237     2.240497    -0.877475
 6
       4
     2     2     2     2
     0     1     1     1
 1.710E+00 1.625E+00 1.625E+00 1.625E+00
 0.000E+00 0.000E+00 0.000E+00 0.000E+00
 0.000E+00 0.000E+00 0.000E+00 0.000E+00
 0.000E+00 0.000E+00 0.000E+00 0.000E+00
      65.306031     -2.272834    0.601209
 6
       4
     2     2     2     2
     0     1     1     1
 1.710E+00 1.625E+00 1.625E+00 1.625E+00
 0.000E+00 0.000E+00 0.000E+00 0.000E+00
 0.000E+00 0.000E+00 0.000E+00 0.000E+00
 0.000E+00 0.000E+00 0.000E+00 0.000E+00
      66.796972     0.009821    -0.009632
 6
       4
     2     2     2     2
     0     1     1     1
 1.710E+00 1.625E+00 1.625E+00 1.625E+00
 0.000E+00 0.000E+00 0.000E+00 0.000E+00
 0.000E+00 0.000E+00 0.000E+00 0.000E+00
 0.000E+00 0.000E+00 0.000E+00 0.000E+00
      80.038131     -0.202412    0.269794
 6
       4
     2     2     2     2
     0     1     1     1
 1.710E+00 1.625E+00 1.625E+00 1.625E+00
 0.000E+00 0.000E+00 0.000E+00 0.000E+00
 0.000E+00 0.000E+00 0.000E+00 0.000E+00
 0.000E+00 0.000E+00 0.000E+00 0.000E+00
      78.787240     2.135215    -0.425782
 6
       4
     2     2     2     2
     0     1     1     1
 1.710E+00 1.625E+00 1.625E+00 1.625E+00
 0.000E+00 0.000E+00 0.000E+00 0.000E+00
 0.000E+00 0.000E+00 0.000E+00 0.000E+00
 0.000E+00 0.000E+00 0.000E+00 0.000E+00
      78.374547     -2.256371    0.950162
 6
       4
     2     2     2     2
     0     1     1     1
 1.710E+00 1.625E+00 1.625E+00 1.625E+00
 0.000E+00 0.000E+00 0.000E+00 0.000E+00
 0.000E+00 0.000E+00 0.000E+00 0.000E+00
 0.000E+00 0.000E+00 0.000E+00 0.000E+00
      76.112308     2.408316    -0.467254
 6
       4
     2     2     2     2
     0     1     1     1
 1.710E+00 1.625E+00 1.625E+00 1.625E+00
 0.000E+00 0.000E+00 0.000E+00 0.000E+00
 0.000E+00 0.000E+00 0.000E+00 0.000E+00
 0.000E+00 0.000E+00 0.000E+00 0.000E+00
      74.552445     0.209920    0.153347
 6
       4
     2     2     2     2
     0     1     1     1
 1.710E+00 1.625E+00 1.625E+00 1.625E+00
 0.000E+00 0.000E+00 0.000E+00 0.000E+00
 0.000E+00 0.000E+00 0.000E+00 0.000E+00
 0.000E+00 0.000E+00 0.000E+00 0.000E+00
      75.723246     -2.081000    0.880941
 6
       4
     2     2     2     2
     0     1     1     1
 1.710E+00 1.625E+00 1.625E+00 1.625E+00
 0.000E+00 0.000E+00 0.000E+00 0.000E+00
 0.000E+00 0.000E+00 0.000E+00 0.000E+00
 0.000E+00 0.000E+00 0.000E+00 0.000E+00
      82.828362     -0.225794    0.282871
 6
       4
     2     2     2     2
     0     1     1     1
 1.710E+00 1.625E+00 1.625E+00 1.625E+00
 0.000E+00 0.000E+00 0.000E+00 0.000E+00
 0.000E+00 0.000E+00 0.000E+00 0.000E+00
 0.000E+00 0.000E+00 0.000E+00 0.000E+00
      85.094093     -0.135323    0.185397
 6
       4
     2     2     2     2
     0     1     1     1
 1.710E+00 1.625E+00 1.625E+00 1.625E+00
 0.000E+00 0.000E+00 0.000E+00 0.000E+00
 0.000E+00 0.000E+00 0.000E+00 0.000E+00
 0.000E+00 0.000E+00 0.000E+00 0.000E+00
      87.890732     0.115840    -0.013154
 6
       4
     2     2     2     2
     0     1     1     1
 1.710E+00 1.625E+00 1.625E+00 1.625E+00
 0.000E+00 0.000E+00 0.000E+00 0.000E+00
 0.000E+00 0.000E+00 0.000E+00 0.000E+00
 0.000E+00 0.000E+00 0.000E+00 0.000E+00
      89.105295     2.284327    -1.028478
 6
       4
     2     2     2     2
     0     1     1     1
 1.710E+00 1.625E+00 1.625E+00 1.625E+00
 0.000E+00 0.000E+00 0.000E+00 0.000E+00
 0.000E+00 0.000E+00 0.000E+00 0.000E+00
 0.000E+00 0.000E+00 0.000E+00 0.000E+00
      89.472546     -1.958463    0.786047
 6
       4
     2     2     2     2
     0     1     1     1
 1.710E+00 1.625E+00 1.625E+00 1.625E+00
 0.000E+00 0.000E+00 0.000E+00 0.000E+00
 0.000E+00 0.000E+00 0.000E+00 0.000E+00
 0.000E+00 0.000E+00 0.000E+00 0.000E+00
      91.824237     2.398943    -1.281775
 6
       4
     2     2     2     2
     0     1     1     1
 1.710E+00 1.625E+00 1.625E+00 1.625E+00
 0.000E+00 0.000E+00 0.000E+00 0.000E+00
 0.000E+00 0.000E+00 0.000E+00 0.000E+00
 0.000E+00 0.000E+00 0.000E+00 0.000E+00
      92.169176     -1.929119    0.457903
 6
       4
     2     2     2     2
     0     1     1     1
 1.710E+00 1.625E+00 1.625E+00 1.625E+00
 0.000E+00 0.000E+00 0.000E+00 0.000E+00
 0.000E+00 0.000E+00 0.000E+00 0.000E+00
 0.000E+00 0.000E+00 0.000E+00 0.000E+00
      93.378425     0.340744    -0.441075
 6
       4
     2     2     2     2
     0     1     1     1
 1.710E+00 1.625E+00 1.625E+00 1.625E+00
 0.000E+00 0.000E+00 0.000E+00 0.000E+00
 0.000E+00 0.000E+00 0.000E+00 0.000E+00
 0.000E+00 0.000E+00 0.000E+00 0.000E+00
      96.181720     0.498107    -0.420286
 6
       4
     2     2     2     2
     0     1     1     1
 1.710E+00 1.625E+00 1.625E+00 1.625E+00
 0.000E+00 0.000E+00 0.000E+00 0.000E+00
 0.000E+00 0.000E+00 0.000E+00 0.000E+00
 0.000E+00 0.000E+00 0.000E+00 0.000E+00
      98.428653     0.315337    0.004573
 6
       4
     2     2     2     2
     0     1     1     1
 1.710E+00 1.625E+00 1.625E+00 1.625E+00
 0.000E+00 0.000E+00 0.000E+00 0.000E+00
 0.000E+00 0.000E+00 0.000E+00 0.000E+00
 0.000E+00 0.000E+00 0.000E+00 0.000E+00
      101.237829     0.212430    0.181773
 6
       4
     2     2     2     2
     0     1     1     1
 1.710E+00 1.625E+00 1.625E+00 1.625E+00
 0.000E+00 0.000E+00 0.000E+00 0.000E+00
 0.000E+00 0.000E+00 0.000E+00 0.000E+00
 0.000E+00 0.000E+00 0.000E+00 0.000E+00
      102.561760     -2.065714    0.808568
 6
       4
     2     2     2     2
     0     1     1     1
 1.710E+00 1.625E+00 1.625E+00 1.625E+00
 0.000E+00 0.000E+00 0.000E+00 0.000E+00
 0.000E+00 0.000E+00 0.000E+00 0.000E+00
 0.000E+00 0.000E+00 0.000E+00 0.000E+00
      102.613610     2.450332    -0.596275
 6
       4
     2     2     2     2
     0     1     1     1
 1.710E+00 1.625E+00 1.625E+00 1.625E+00
 0.000E+00 0.000E+00 0.000E+00 0.000E+00
 0.000E+00 0.000E+00 0.000E+00 0.000E+00
 0.000E+00 0.000E+00 0.000E+00 0.000E+00
      105.236138     2.457591    -0.769513
 6
       4
     2     2     2     2
     0     1     1     1
 1.710E+00 1.625E+00 1.625E+00 1.625E+00
 0.000E+00 0.000E+00 0.000E+00 0.000E+00
 0.000E+00 0.000E+00 0.000E+00 0.000E+00
 0.000E+00 0.000E+00 0.000E+00 0.000E+00
      105.268639     -2.037875    0.723608
 6
       4
     2     2     2     2
     0     1     1     1
 1.710E+00 1.625E+00 1.625E+00 1.625E+00
 0.000E+00 0.000E+00 0.000E+00 0.000E+00
 0.000E+00 0.000E+00 0.000E+00 0.000E+00
 0.000E+00 0.000E+00 0.000E+00 0.000E+00
      106.632470     0.141478    -0.102327
 6
       4
     2     2     2     2
     0     1     1     1
 1.710E+00 1.625E+00 1.625E+00 1.625E+00
 0.000E+00 0.000E+00 0.000E+00 0.000E+00
 0.000E+00 0.000E+00 0.000E+00 0.000E+00
 0.000E+00 0.000E+00 0.000E+00 0.000E+00
      109.391247     0.423554    -0.097621
 6
       4
     2     2     2     2
     0     1     1     1
 1.710E+00 1.625E+00 1.625E+00 1.625E+00
 0.000E+00 0.000E+00 0.000E+00 0.000E+00
 0.000E+00 0.000E+00 0.000E+00 0.000E+00
 0.000E+00 0.000E+00 0.000E+00 0.000E+00
      111.575628     0.974364    0.192238
 6
       4
     2     2     2     2
     0     1     1     1
 1.710E+00 1.625E+00 1.625E+00 1.625E+00
 0.000E+00 0.000E+00 0.000E+00 0.000E+00
 0.000E+00 0.000E+00 0.000E+00 0.000E+00
 0.000E+00 0.000E+00 0.000E+00 0.000E+00
      114.336552     0.912974    0.199009
 6
       4
     2     2     2     2
     0     1     1     1
 1.710E+00 1.625E+00 1.625E+00 1.625E+00
 0.000E+00 0.000E+00 0.000E+00 0.000E+00
 0.000E+00 0.000E+00 0.000E+00 0.000E+00
 0.000E+00 0.000E+00 0.000E+00 0.000E+00
      115.494361     -1.512140    -0.301202
 6
       4
     2     2     2     2
     0     1     1     1
 1.710E+00 1.625E+00 1.625E+00 1.625E+00
 0.000E+00 0.000E+00 0.000E+00 0.000E+00
 0.000E+00 0.000E+00 0.000E+00 0.000E+00
 0.000E+00 0.000E+00 0.000E+00 0.000E+00
      115.908339     3.126712    0.656066
 6
       4
     2     2     2     2
     0     1     1     1
 1.710E+00 1.625E+00 1.625E+00 1.625E+00
 0.000E+00 0.000E+00 0.000E+00 0.000E+00
 0.000E+00 0.000E+00 0.000E+00 0.000E+00
 0.000E+00 0.000E+00 0.000E+00 0.000E+00
      118.532006     2.866550    0.726420
 6
       4
     2     2     2     2
     0     1     1     1
 1.710E+00 1.625E+00 1.625E+00 1.625E+00
 0.000E+00 0.000E+00 0.000E+00 0.000E+00
 0.000E+00 0.000E+00 0.000E+00 0.000E+00
 0.000E+00 0.000E+00 0.000E+00 0.000E+00
      118.154021     -1.695819    -0.333907
 6
       4
     2     2     2     2
     0     1     1     1
 1.710E+00 1.625E+00 1.625E+00 1.625E+00
 0.000E+00 0.000E+00 0.000E+00 0.000E+00
 0.000E+00 0.000E+00 0.000E+00 0.000E+00
 0.000E+00 0.000E+00 0.000E+00 0.000E+00
      119.741525     0.507340    0.215334
 6
       4
     2     2     2     2
     0     1     1     1
 1.710E+00 1.625E+00 1.625E+00 1.625E+00
 0.000E+00 0.000E+00 0.000E+00 0.000E+00
 0.000E+00 0.000E+00 0.000E+00 0.000E+00
 0.000E+00 0.000E+00 0.000E+00 0.000E+00
      122.504743     0.138740    0.186047
 6
       4
     2     2     2     2
     0     1     1     1
 1.710E+00 1.625E+00 1.625E+00 1.625E+00
 0.000E+00 0.000E+00 0.000E+00 0.000E+00
 0.000E+00 0.000E+00 0.000E+00 0.000E+00
 0.000E+00 0.000E+00 0.000E+00 0.000E+00
      124.720506     -0.218711    -0.068359
 6
       4
     2     2     2     2
     0     1     1     1
 1.710E+00 1.625E+00 1.625E+00 1.625E+00
 0.000E+00 0.000E+00 0.000E+00 0.000E+00
 0.000E+00 0.000E+00 0.000E+00 0.000E+00
 0.000E+00 0.000E+00 0.000E+00 0.000E+00
      127.541485     -0.377182    -0.245243
 6
       4
     2     2     2     2
     0     1     1     1
 1.710E+00 1.625E+00 1.625E+00 1.625E+00
 0.000E+00 0.000E+00 0.000E+00 0.000E+00
 0.000E+00 0.000E+00 0.000E+00 0.000E+00
 0.000E+00 0.000E+00 0.000E+00 0.000E+00
      128.814589     -2.517495    -1.175710
 6
       4
     2     2     2     2
     0     1     1     1
 1.710E+00 1.625E+00 1.625E+00 1.625E+00
 0.000E+00 0.000E+00 0.000E+00 0.000E+00
 0.000E+00 0.000E+00 0.000E+00 0.000E+00
 0.000E+00 0.000E+00 0.000E+00 0.000E+00
      128.988626     1.725261    0.554725
 6
       4
     2     2     2     2
     0     1     1     1
 1.710E+00 1.625E+00 1.625E+00 1.625E+00
 0.000E+00 0.000E+00 0.000E+00 0.000E+00
 0.000E+00 0.000E+00 0.000E+00 0.000E+00
 0.000E+00 0.000E+00 0.000E+00 0.000E+00
      131.748659     1.613805    0.625471
 6
       4
     2     2     2     2
     0     1     1     1
 1.710E+00 1.625E+00 1.625E+00 1.625E+00
 0.000E+00 0.000E+00 0.000E+00 0.000E+00
 0.000E+00 0.000E+00 0.000E+00 0.000E+00
 0.000E+00 0.000E+00 0.000E+00 0.000E+00
      131.448988     -2.728579    -1.170855
 6
       4
     2     2     2     2
     0     1     1     1
 1.710E+00 1.625E+00 1.625E+00 1.625E+00
 0.000E+00 0.000E+00 0.000E+00 0.000E+00
 0.000E+00 0.000E+00 0.000E+00 0.000E+00
 0.000E+00 0.000E+00 0.000E+00 0.000E+00
      132.998471     -0.703982    -0.204586
 6
       4
     2     2     2     2
     0     1     1     1
 1.710E+00 1.625E+00 1.625E+00 1.625E+00
 0.000E+00 0.000E+00 0.000E+00 0.000E+00
 0.000E+00 0.000E+00 0.000E+00 0.000E+00
 0.000E+00 0.000E+00 0.000E+00 0.000E+00
      135.749402     -0.937669    0.073709
 1
       1
     1
     0
 1.300E+00
 0.000E+00
 0.000E+00
 0.000E+00
      75.268285     3.991039    -0.949937
 1
       1
     1
     0
 1.300E+00
 0.000E+00
 0.000E+00
 0.000E+00
      79.846534     3.852652    -0.819385
 6
       4
     2     2     2     2
     0     1     1     1
 1.710E+00 1.625E+00 1.625E+00 1.625E+00
 0.000E+00 0.000E+00 0.000E+00 0.000E+00
 0.000E+00 0.000E+00 0.000E+00 0.000E+00
 0.000E+00 0.000E+00 0.000E+00 0.000E+00
      71.853811     0.329823    0.083435
 1
       1
     1
     0
 1.300E+00
 0.000E+00
 0.000E+00
 0.000E+00
      74.573947     -3.593836    1.404913
 1
       1
     1
     0
 1.300E+00
 0.000E+00
 0.000E+00
 0.000E+00
      79.288303     -4.157495    1.345201
 1
       1
     1
     0
 1.300E+00
 0.000E+00
 0.000E+00
 0.000E+00
      88.012472     3.806485    -1.426673
 1
       1
     1
     0
 1.300E+00
 0.000E+00
 0.000E+00
 0.000E+00
      88.591212     -3.515624    1.710958
 1
       1
     1
     0
 1.300E+00
 0.000E+00
 0.000E+00
 0.000E+00
      92.703577     4.088730    -1.954077
 1
       1
     1
     0
 1.300E+00
 0.000E+00
 0.000E+00
 0.000E+00
      93.366523     -3.452104    0.970314
 1
       1
     1
     0
 1.300E+00
 0.000E+00
 0.000E+00
 0.000E+00
      101.566630     3.998847    -1.138157
 1
       1
     1
     0
 1.300E+00
 0.000E+00
 0.000E+00
 0.000E+00
      106.490882     3.980933    -1.268222
 1
       1
     1
     0
 1.300E+00
 0.000E+00
 0.000E+00
 0.000E+00
      101.611179     -3.815833    1.397373
 1
       1
     1
     0
 1.300E+00
 0.000E+00
 0.000E+00
 0.000E+00
      106.328422     -3.712903    1.373355
 1
       1
     1
     0
 1.300E+00
 0.000E+00
 0.000E+00
 0.000E+00
      115.012497     4.922585    0.969322
 1
       1
     1
     0
 1.300E+00
 0.000E+00
 0.000E+00
 0.000E+00
      114.380010     -3.201831    -0.876973
 1
       1
     1
     0
 1.300E+00
 0.000E+00
 0.000E+00
 0.000E+00
      119.690981     4.478498    0.966566
 1
       1
     1
     0
 1.300E+00
 0.000E+00
 0.000E+00
 0.000E+00
      119.078407     -3.533240    -0.838458
 1
       1
     1
     0
 1.300E+00
 0.000E+00
 0.000E+00
 0.000E+00
      128.209741     3.413561    0.992539
 1
       1
     1
     0
 1.300E+00
 0.000E+00
 0.000E+00
 0.000E+00
      127.878115     -4.085397    -1.770331
 1
       1
     1
     0
 1.300E+00
 0.000E+00
 0.000E+00
 0.000E+00
      132.853947     3.009797    1.169404
 1
       1
     1
     0
 1.300E+00
 0.000E+00
 0.000E+00
 0.000E+00
      132.480679     -4.326940    -1.786849
 1
       1
     1
     0
 1.300E+00
 0.000E+00
 0.000E+00
 0.000E+00
      141.499175     1.719995    3.321655
 1
       1
     1
     0
 1.300E+00
 0.000E+00
 0.000E+00
 0.000E+00
      141.005231     -3.970133    -2.447925
 1
       1
     1
     0
 1.300E+00
 0.000E+00
 0.000E+00
 0.000E+00
      148.644197     -1.742169    0.157142
 1
       1
     1
     0
 1.300E+00
 0.000E+00
 0.000E+00
 0.000E+00
      145.991486     1.670323    3.217924
 1
       1
     1
     0
 1.300E+00
 0.000E+00
 0.000E+00
 0.000E+00
      145.535805     -4.119710    -2.824362
 6
       4
     2     2     2     2
     0     1     1     1
 1.710E+00 1.625E+00 1.625E+00 1.625E+00
 0.000E+00 0.000E+00 0.000E+00 0.000E+00
 0.000E+00 0.000E+00 0.000E+00 0.000E+00
 0.000E+00 0.000E+00 0.000E+00 0.000E+00
      138.056411     -0.947972    0.445066
 6
       4
     2     2     2     2
     0     1     1     1
 1.710E+00 1.625E+00 1.625E+00 1.625E+00
 0.000E+00 0.000E+00 0.000E+00 0.000E+00
 0.000E+00 0.000E+00 0.000E+00 0.000E+00
 0.000E+00 0.000E+00 0.000E+00 0.000E+00
      140.790168     -1.004369    0.470718
 6
       4
     2     2     2     2
     0     1     1     1
 1.710E+00 1.625E+00 1.625E+00 1.625E+00
 0.000E+00 0.000E+00 0.000E+00 0.000E+00
 0.000E+00 0.000E+00 0.000E+00 0.000E+00
 0.000E+00 0.000E+00 0.000E+00 0.000E+00
      142.069331     -2.793213    -1.267364
 6
       4
     2     2     2     2
     0     1     1     1
 1.710E+00 1.625E+00 1.625E+00 1.625E+00
 0.000E+00 0.000E+00 0.000E+00 0.000E+00
 0.000E+00 0.000E+00 0.000E+00 0.000E+00
 0.000E+00 0.000E+00 0.000E+00 0.000E+00
      142.251616     0.521808    2.027287
 6
       4
     2     2     2     2
     0     1     1     1
 1.710E+00 1.625E+00 1.625E+00 1.625E+00
 0.000E+00 0.000E+00 0.000E+00 0.000E+00
 0.000E+00 0.000E+00 0.000E+00 0.000E+00
 0.000E+00 0.000E+00 0.000E+00 0.000E+00
      145.011427     0.351189    1.884091
 6
       4
     2     2     2     2
     0     1     1     1
 1.710E+00 1.625E+00 1.625E+00 1.625E+00
 0.000E+00 0.000E+00 0.000E+00 0.000E+00
 0.000E+00 0.000E+00 0.000E+00 0.000E+00
 0.000E+00 0.000E+00 0.000E+00 0.000E+00
      144.730018     -2.916866    -1.475621
 6
       4
     2     2     2     2
     0     1     1     1
 1.710E+00 1.625E+00 1.625E+00 1.625E+00
 0.000E+00 0.000E+00 0.000E+00 0.000E+00
 0.000E+00 0.000E+00 0.000E+00 0.000E+00
 0.000E+00 0.000E+00 0.000E+00 0.000E+00
      146.205161     -1.382323    0.182156
# LCAO coefficients .. are not included.
         1
        1        -0.000155305894453   k=         1
        2        -0.001743743687331   k=         1
        3        -0.001089388874890   k=         1
        4        0.014096523714214   k=         1
        5        0.001696565539006   k=         1
        6        0.005378332766908   k=         1
        7        -0.009452047132809   k=         1
        8        0.013790037081143   k=         1
        9        -0.001321064558690   k=         1
        10        0.000144827031566   k=         1
        11        -0.009761707820061   k=         1
        12        0.012002030860401   k=         1
        13        -0.000660044320220   k=         1
        14        -0.001643825688196   k=         1
        15        0.001921438977835   k=         1
        16        -0.003861287825228   k=         1
        17        0.000052797282883   k=         1
        18        -0.000531008097156   k=         1
        19        0.005612202322926   k=         1
        20        -0.019774373912981   k=         1
        21        0.000150668285839   k=         1
        22        -0.000799722989250   k=         1
        23        0.003105990840797   k=         1
        24        -0.005431369623471   k=         1
        25        -0.000628681386555   k=         1
        26        0.005011015623887   k=         1
        27        -0.008948809868410   k=         1
        28        -0.032225008494694   k=         1
        29        0.000025199286996   k=         1
        30        -0.000015518040731   k=         1
        31        -0.002975543475354   k=         1
        32        -0.019065422025759   k=         1
        33        -0.000466077211677   k=         1
        34        -0.001247953262113   k=         1
        35        0.014057797017388   k=         1
        36        0.041197550626380   k=         1
        37        -0.000028256615641   k=         1
        38        -0.000331818977011   k=         1
        39        0.008190719898428   k=         1
        40        0.018677019858786   k=         1
        41        -0.000148741744513   k=         1
        42        -0.003529174639780   k=         1
        43        0.008521277824034   k=         1
        44        0.018874299940471   k=         1
        45        -0.001001897788698   k=         1
        46        -0.000566928986917   k=         1
        47        -0.011861490718593   k=         1
        48        -0.028229271592982   k=         1
        49        0.000958755919492   k=         1
        50        0.004613607503950   k=         1
        51        -0.009690638495325   k=         1
        52        -0.027368315515792   k=         1
        53        -0.000431044460105   k=         1
        54        -0.000275174065294   k=         1
        55        -0.014876728465942   k=         1
        56        -0.034184327879010   k=         1
        57        -0.000339412396535   k=         1
        58        -0.000168738751224   k=         1
        59        0.027152800578724   k=         1
        60        0.035238854481073   k=         1
        61        -0.000604855250503   k=         1
        62        -0.002350028980007   k=         1
        63        0.018151884885986   k=         1
        64        0.032087287332577   k=         1
        65        -0.000015579113869   k=         1
        66        -0.000975078937867   k=         1
        67        -0.034346098699995   k=         1
        68        -0.041841896471237   k=         1
        69        -0.001656821960264   k=         1
        70        -0.008158621566739   k=         1
        71        -0.022316344955357   k=         1
        72        -0.021871790643858   k=         1
        73        0.000615628086764   k=         1
        74        -0.006732069069373   k=         1
        75        -0.021138953267048   k=         1
        76        -0.018959670442937   k=         1
        77        -0.002201186198918   k=         1
        78        0.005087973805644   k=         1
        79        0.028797023675397   k=         1
        80        0.026544725272906   k=         1
        81        0.002344604292346   k=         1
        82        0.013057684430513   k=         1
        83        0.029469209078375   k=         1
        84        0.024403012209593   k=         1
        85        -0.000303716098380   k=         1
        86        -0.000988880365417   k=         1
        87        0.028507232330054   k=         1
        88        0.040177990179499   k=         1
        89        0.002765807340726   k=         1
        90        0.008954454221143   k=         1
        91        -0.020229097920014   k=         1
        92        -0.064275410408596   k=         1
        93        -0.002714564939855   k=         1
        94        0.000847811212918   k=         1
        95        -0.021349713939322   k=         1
        96        -0.041859936474972   k=         1
        97        0.000786630061446   k=         1
        98        0.005373920000665   k=         1
        99        0.020311132094719   k=         1
        100        0.084518702409438   k=         1
        101        -0.003041136959187   k=         1
        102        0.002229615390385   k=         1
        103        0.007994567448850   k=         1
        104        0.043431716471577   k=         1
        105        0.000385887124234   k=         1
        106        0.000466625519188   k=         1
        107        0.008564573383519   k=         1
        108        0.047833707923364   k=         1
        109        -0.000494830447300   k=         1
        110        -0.003292622869282   k=         1
        111        -0.010041778731229   k=         1
        112        -0.060574887435080   k=         1
        113        0.000727405068050   k=         1
        114        0.000573371131311   k=         1
        115        -0.010197718728291   k=         1
        116        -0.057769361036983   k=         1
        117        -0.000089012122908   k=         1
        118        -0.010320966816756   k=         1
        119        -0.021231498002331   k=         1
        120        -0.074521496358219   k=         1
        121        -0.001095206693844   k=         1
        122        0.010836839672089   k=         1
        123        0.029340684288463   k=         1
        124        0.076442039558768   k=         1
        125        0.000439868528105   k=         1
        126        0.001406347158589   k=         1
        127        0.023534824584503   k=         1
        128        0.071530063062728   k=         1
        129        0.002402616051061   k=         1
        130        0.008178431104463   k=         1
        131        -0.040293588855560   k=         1
        132        -0.096534701226325   k=         1
        133        0.000254641765171   k=         1
        134        0.013344834844941   k=         1
        135        -0.034384230829817   k=         1
        136        -0.051871724695083   k=         1
        137        0.000658863083358   k=         1
        138        0.005806200711744   k=         1
        139        -0.024771370055186   k=         1
        140        -0.048304100351602   k=         1
        141        -0.001670862059028   k=         1
        142        -0.009196525153584   k=         1
        143        0.036838242222479   k=         1
        144        0.052603341964845   k=         1
        145        0.000814711724286   k=         1
        146        -0.014287058349213   k=         1
        147        0.039231230458883   k=         1
        148        0.066152940675476   k=         1
        149        0.001446873516087   k=         1
        150        -0.004197842501024   k=         1
        151        0.039991838386762   k=         1
        152        0.084158993127950   k=         1
        153        -0.002784219409714   k=         1
        154        -0.005803019768565   k=         1
        155        -0.043408623847700   k=         1
        156        -0.106449671711435   k=         1
        157        0.002345774156681   k=         1
        158        -0.000829276042567   k=         1
        159        -0.000569683127484   k=         1
        160        -0.001606779862301   k=         1
        161        0.001788183067309   k=         1
        162        0.000196423747996   k=         1
        163        0.000430751608440   k=         1
        164        0.000014693769968   k=         1
        165        0.000726608007698   k=         1
        166        -0.000830626889860   k=         1
        167        0.003103124763848   k=         1
        168        0.004050576629878   k=         1
        169        -0.000038352195235   k=         1
        170        -0.000751024901615   k=         1
        171        0.002187763282755   k=         1
        172        0.002519659078256   k=         1
        173        -0.000559968066740   k=         1
        174        -0.004009450634312   k=         1
        175        0.001515945687346   k=         1
        176        0.000874973112930   k=         1
        177        -0.004256727305853   k=         1
        178        -0.004022145438950   k=         1
        179        0.004128393316674   k=         1
        180        0.002668861921178   k=         1
        181        -0.009442055843368   k=         1
        182        0.040113633009713   k=         1
        183        0.116187231050615   k=         1
        184        0.001383327865916   k=         1
        185        -0.005713189492624   k=         1
        186        0.002543612955922   k=         1
        187        -0.006708919294014   k=         1
        188        -0.036220513705637   k=         1
        189        -0.078205002900263   k=         1
        190        -0.002534456233016   k=         1
        191        0.005684193045585   k=         1
        192        0.053468085934483   k=         1
        193        0.133608533092306   k=         1
        194        0.001259442127115   k=         1
        195        0.005001232259103   k=         1
        196        0.014587479215978   k=         1
        197        0.069564347542466   k=         1
        198        0.002131948547630   k=         1
        199        0.001796699428121   k=         1
        200        0.019423686820738   k=         1
        201        0.082780732726363   k=         1
        202        0.000963643626896   k=         1
        203        -0.000561097176981   k=         1
        204        -0.029387749606285   k=         1
        205        -0.109153649919758   k=         1
        206        -0.001606495263714   k=         1
        207        -0.005450276885688   k=         1
        208        -0.010645074670257   k=         1
        209        -0.081902966268629   k=         1
        210        -0.001912538723206   k=         1
        211        0.012005932242038   k=         1
        212        -0.050134546831195   k=         1
        213        -0.127548516762467   k=         1
        214        -0.000645904643571   k=         1
        215        0.001527269136143   k=         1
        216        0.044403169442899   k=         1
        217        0.130093779339576   k=         1
        218        0.000468029542293   k=         1
        219        0.000300047119576   k=         1
        220        0.013489082811197   k=         1
        221        0.064221696402485   k=         1
        222        0.000563859527803   k=         1
        223        0.000922379113743   k=         1
        224        0.016060992666709   k=         1
        225        0.072158484964882   k=         1
        226        -0.001360466970329   k=         1
        227        0.000924915749728   k=         1
        228        -0.025134658480553   k=         1
        229        -0.094077640940629   k=         1
        230        0.001393085792696   k=         1
        231        0.000164531367691   k=         1
        232        -0.037689289626527   k=         1
        233        -0.113019680659772   k=         1
        234        0.001047869106733   k=         1
        235        -0.001908541772859   k=         1
        236        -0.026762176836015   k=         1
        237        -0.089422811828528   k=         1
        238        -0.000917768976955   k=         1
        239        -0.001001600327250   k=         1
        240        -0.028361415446876   k=         1
        241        -0.070842445848377   k=         1
        242        0.002110027254163   k=         1
        243        0.000085902175053   k=         1
        244        -0.033871728285165   k=         1
        245        -0.097038412943982   k=         1
        246        0.000264621721080   k=         1
        247        0.001921728184335   k=         1
        248        0.032167335130059   k=         1
        249        0.075017992811363   k=         1
        250        -0.001221492851444   k=         1
        251        0.011519466971009   k=         1
        252        0.025310210971816   k=         1
        253        0.059856691445753   k=         1
        254        0.000668071141008   k=         1
        255        0.012701817190763   k=         1
        256        0.029029507105684   k=         1
        257        0.057642818902606   k=         1
        258        0.001232631018190   k=         1
        259        -0.006872982623380   k=         1
        260        -0.019450981676071   k=         1
        261        -0.050661109398555   k=         1
        262        0.000667981942384   k=         1
        263        -0.009507934823479   k=         1
        264        -0.019859674743083   k=         1
        265        -0.043131650584373   k=         1
        266        -0.001536479328341   k=         1
        267        0.006089657067051   k=         1
        268        -0.032058019940017   k=         1
        269        -0.084403245359807   k=         1
        270        -0.000627447742330   k=         1
        271        -0.011227191846736   k=         1
        272        0.019573758496898   k=         1
        273        0.058608400811154   k=         1
        274        0.001500725875187   k=         1
        275        -0.009322903046800   k=         1
        276        0.024696937054822   k=         1
        277        0.067007587167899   k=         1
        278        -0.001440573425646   k=         1
        279        0.001457887691443   k=         1
        280        -0.019794462030931   k=         1
        281        -0.067986573907770   k=         1
        282        0.000380145296088   k=         1
        283        -0.005346939088193   k=         1
        284        -0.015288757843853   k=         1
        285        -0.052803468285899   k=         1
        286        -0.000105251618323   k=         1
        287        -0.003668104038870   k=         1
        288        -0.016686713839043   k=         1
        289        -0.041975954242117   k=         1
        290        -0.001737772665117   k=         1
        291        0.001933658077689   k=         1
        292        0.014327068287141   k=         1
        293        0.038021084466919   k=         1
        294        0.000900667518436   k=         1
        295        0.005633445726958   k=         1
        296        0.020213297499308   k=         1
        297        0.040393444050008   k=         1
        298        -0.001867275793008   k=         1
        299        -0.000242577624330   k=         1
        300        0.020985155160600   k=         1
        301        0.073693486023603   k=         1
        302        0.002196547786150   k=         1
        303        0.004807115898261   k=         1
        304        0.001266172421080   k=         1
        305        -0.051019638943543   k=         1
        306        -0.003967029702928   k=         1
        307        0.007692504945232   k=         1
        308        -0.010943459989967   k=         1
        309        -0.059122585862460   k=         1
        310        0.000122330601552   k=         1
        311        -0.002397873668253   k=         1
        312        -0.006214206733005   k=         1
        313        0.055128112542305   k=         1
        314        -0.001041459647326   k=         1
        315        0.003368439359448   k=         1
        316        -0.015945293941158   k=         1
        317        0.036639249176014   k=         1
        318        0.001275061672642   k=         1
        319        -0.004506984156128   k=         1
        320        -0.011632837073471   k=         1
        321        0.043103173187714   k=         1
        322        -0.000887996551786   k=         1
        323        0.001180329689882   k=         1
        324        0.005251367549255   k=         1
        325        -0.028374645027377   k=         1
        326        0.000173386771015   k=         1
        327        -0.002485593465062   k=         1
        328        0.008419302239888   k=         1
        329        -0.031062043663688   k=         1
        330        0.000724959215955   k=         1
        331        0.002299243145832   k=         1
        332        0.013703661552246   k=         1
        333        -0.060764650720476   k=         1
        334        0.000860107687906   k=         1
        335        -0.000580803640530   k=         1
        336        -0.009595064492719   k=         1
        337        0.029242661555235   k=         1
        338        -0.000312165495385   k=         1
        339        0.004639908020309   k=         1
        340        -0.012256946683809   k=         1
        341        0.043776847709347   k=         1
        342        0.000166999452864   k=         1
        343        -0.003101275132072   k=         1
        344        0.011903739492464   k=         1
        345        -0.028595607018288   k=         1
        346        -0.000034594295619   k=         1
        347        -0.000468950457056   k=         1
        348        0.009190353524627   k=         1
        349        -0.023886324583199   k=         1
        350        -0.001006503838690   k=         1
        351        0.002234086244141   k=         1
        352        0.009098422783996   k=         1
        353        -0.026056761551914   k=         1
        354        0.000534413692519   k=         1
        355        -0.002086992194665   k=         1
        356        -0.006096829701175   k=         1
        357        0.018058209822281   k=         1
        358        0.000490063355239   k=         1
        359        -0.000160111488527   k=         1
        360        -0.006085709448912   k=         1
        361        0.017551250478497   k=         1
        362        -0.000425462546566   k=         1
        363        -0.005124815518759   k=         1
        364        -0.015438162805795   k=         1
        365        0.034172804408945   k=         1
        366        0.000150522255388   k=         1
        367        0.003310448931403   k=         1
        368        0.009343991297149   k=         1
        369        -0.015822978142211   k=         1
        370        0.002155875047627   k=         1
        371        -0.002261849323864   k=         1
        372        -0.000706594624628   k=         1
        373        -0.001332094471643   k=         1
        374        0.045158303553300   k=         1
        375        0.120040871277281   k=         1
        376        -0.001436382755278   k=         1
        377        0.001575189478115   k=         1
        378        -0.001375963430945   k=         1
        379        -0.002139729945265   k=         1
        380        -0.002991627355498   k=         1
        381        -0.001832743811633   k=         1
        382        -0.000408273857895   k=         1
        383        0.001849920867027   k=         1
        384        0.002797208188214   k=         1
        385        0.000275423617754   k=         1
        386        -0.000938902644858   k=         1
        387        0.000457255192270   k=         1
        388        0.001149575930639   k=         1
        389        -0.002767322521781   k=         1
        390        -0.000847708977272   k=         1
        391        0.000101052515002   k=         1
        392        0.000427576476867   k=         1
        393        -0.000054281688190   k=         1
        394        -0.000724802269452   k=         1
        395        0.000090994460578   k=         1
        396        0.000706275401967   k=         1
        397        0.000315318411154   k=         1
        398        -0.001259760711943   k=         1
        399        -0.000755890244103   k=         1
        400        0.003045467478113   k=         1
        401        0.012963767280505   k=         1
        402        -0.027106065887590   k=         1
        403        -0.000101873559965   k=         1
        404        -0.000627025612708   k=         1
        405        -0.007893733094063   k=         1
        406        0.010944372583373   k=         1
        407        -0.000670695690987   k=         1
        408        0.002739176300405   k=         1
        409        -0.014121512494447   k=         1
        410        0.010219551544936   k=         1
        411        0.000650697106160   k=         1
        412        -0.000544233883202   k=         1
        413        -0.013680212359226   k=         1
        414        0.010798681759659   k=         1
        415        -0.000147557696083   k=         1
        416        -0.000155958375472   k=         1
        417        0.005116645584626   k=         1
        418        -0.004507961181515   k=         1
        419        0.000234839940492   k=         1
        420        -0.001272885331712   k=         1
        421        0.002534711426205   k=         1
        422        -0.001981971786862   k=         1
        423        0.000074033506099   k=         1
        424        0.001913606767681   k=         1
        425        0.013954700764875   k=         1
        426        -0.014119267804332   k=         1
