# file_format= v0.04.05
       144       426
    188.97268778      0.00000000      0.00000000    0
      0.00000000    188.97268778      0.00000000    0
      0.00000000      0.00000000    188.97268778    0
 6
       4
     2     2     2     2
     0     1     1     1
 1.710E+00 1.625E+00 1.625E+00 1.625E+00
 0.000E+00 0.000E+00 0.000E+00 0.000E+00
 0.000E+00 0.000E+00 0.000E+00 0.000E+00
 0.000E+00 0.000E+00 0.000E+00 0.000E+00
      0.819423     -0.573626    -0.236822
 6
       4
     2     2     2     2
     0     1     1     1
 1.710E+00 1.625E+00 1.625E+00 1.625E+00
 0.000E+00 0.000E+00 0.000E+00 0.000E+00
 0.000E+00 0.000E+00 0.000E+00 0.000E+00
 0.000E+00 0.000E+00 0.000E+00 0.000E+00
      -0.974146     1.315308    0.535526
 6
       4
     2     2     2     2
     0     1     1     1
 1.710E+00 1.625E+00 1.625E+00 1.625E+00
 0.000E+00 0.000E+00 0.000E+00 0.000E+00
 0.000E+00 0.000E+00 0.000E+00 0.000E+00
 0.000E+00 0.000E+00 0.000E+00 0.000E+00
      -0.250988     -2.907725    -1.106157
 6
       4
     2     2     2     2
     0     1     1     1
 1.710E+00 1.625E+00 1.625E+00 1.625E+00
 0.000E+00 0.000E+00 0.000E+00 0.000E+00
 0.000E+00 0.000E+00 0.000E+00 0.000E+00
 0.000E+00 0.000E+00 0.000E+00 0.000E+00
      -3.607508     0.873917    0.489447
 6
       4
     2     2     2     2
     0     1     1     1
 1.710E+00 1.625E+00 1.625E+00 1.625E+00
 0.000E+00 0.000E+00 0.000E+00 0.000E+00
 0.000E+00 0.000E+00 0.000E+00 0.000E+00
 0.000E+00 0.000E+00 0.000E+00 0.000E+00
      -4.655986     -1.514315    -0.262978
 6
       4
     2     2     2     2
     0     1     1     1
 1.710E+00 1.625E+00 1.625E+00 1.625E+00
 0.000E+00 0.000E+00 0.000E+00 0.000E+00
 0.000E+00 0.000E+00 0.000E+00 0.000E+00
 0.000E+00 0.000E+00 0.000E+00 0.000E+00
      -2.886114     -3.414194    -1.096045
 6
       4
     2     2     2     2
     0     1     1     1
 1.710E+00 1.625E+00 1.625E+00 1.625E+00
 0.000E+00 0.000E+00 0.000E+00 0.000E+00
 0.000E+00 0.000E+00 0.000E+00 0.000E+00
 0.000E+00 0.000E+00 0.000E+00 0.000E+00
      3.556283     -0.080253    -0.071356
 6
       4
     2     2     2     2
     0     1     1     1
 1.710E+00 1.625E+00 1.625E+00 1.625E+00
 0.000E+00 0.000E+00 0.000E+00 0.000E+00
 0.000E+00 0.000E+00 0.000E+00 0.000E+00
 0.000E+00 0.000E+00 0.000E+00 0.000E+00
      5.830290     0.607796    -0.067081
 6
       4
     2     2     2     2
     0     1     1     1
 1.710E+00 1.625E+00 1.625E+00 1.625E+00
 0.000E+00 0.000E+00 0.000E+00 0.000E+00
 0.000E+00 0.000E+00 0.000E+00 0.000E+00
 0.000E+00 0.000E+00 0.000E+00 0.000E+00
      8.593848     0.833832    0.068321
 6
       4
     2     2     2     2
     0     1     1     1
 1.710E+00 1.625E+00 1.625E+00 1.625E+00
 0.000E+00 0.000E+00 0.000E+00 0.000E+00
 0.000E+00 0.000E+00 0.000E+00 0.000E+00
 0.000E+00 0.000E+00 0.000E+00 0.000E+00
      9.834880     3.123645    -0.746650
 6
       4
     2     2     2     2
     0     1     1     1
 1.710E+00 1.625E+00 1.625E+00 1.625E+00
 0.000E+00 0.000E+00 0.000E+00 0.000E+00
 0.000E+00 0.000E+00 0.000E+00 0.000E+00
 0.000E+00 0.000E+00 0.000E+00 0.000E+00
      10.150752     -1.208561    0.994121
 6
       4
     2     2     2     2
     0     1     1     1
 1.710E+00 1.625E+00 1.625E+00 1.625E+00
 0.000E+00 0.000E+00 0.000E+00 0.000E+00
 0.000E+00 0.000E+00 0.000E+00 0.000E+00
 0.000E+00 0.000E+00 0.000E+00 0.000E+00
      12.497446     3.341557    -0.750533
 6
       4
     2     2     2     2
     0     1     1     1
 1.710E+00 1.625E+00 1.625E+00 1.625E+00
 0.000E+00 0.000E+00 0.000E+00 0.000E+00
 0.000E+00 0.000E+00 0.000E+00 0.000E+00
 0.000E+00 0.000E+00 0.000E+00 0.000E+00
      12.819971     -0.959489    1.031866
 6
       4
     2     2     2     2
     0     1     1     1
 1.710E+00 1.625E+00 1.625E+00 1.625E+00
 0.000E+00 0.000E+00 0.000E+00 0.000E+00
 0.000E+00 0.000E+00 0.000E+00 0.000E+00
 0.000E+00 0.000E+00 0.000E+00 0.000E+00
      14.033956     1.297080    0.130584
 6
       4
     2     2     2     2
     0     1     1     1
 1.710E+00 1.625E+00 1.625E+00 1.625E+00
 0.000E+00 0.000E+00 0.000E+00 0.000E+00
 0.000E+00 0.000E+00 0.000E+00 0.000E+00
 0.000E+00 0.000E+00 0.000E+00 0.000E+00
      16.759723     1.444121    0.100823
 6
       4
     2     2     2     2
     0     1     1     1
 1.710E+00 1.625E+00 1.625E+00 1.625E+00
 0.000E+00 0.000E+00 0.000E+00 0.000E+00
 0.000E+00 0.000E+00 0.000E+00 0.000E+00
 0.000E+00 0.000E+00 0.000E+00 0.000E+00
      19.121650     1.321710    0.206086
 6
       4
     2     2     2     2
     0     1     1     1
 1.710E+00 1.625E+00 1.625E+00 1.625E+00
 0.000E+00 0.000E+00 0.000E+00 0.000E+00
 0.000E+00 0.000E+00 0.000E+00 0.000E+00
 0.000E+00 0.000E+00 0.000E+00 0.000E+00
      21.869158     1.243183    0.180558
 6
       4
     2     2     2     2
     0     1     1     1
 1.710E+00 1.625E+00 1.625E+00 1.625E+00
 0.000E+00 0.000E+00 0.000E+00 0.000E+00
 0.000E+00 0.000E+00 0.000E+00 0.000E+00
 0.000E+00 0.000E+00 0.000E+00 0.000E+00
      23.128067     -0.623258    1.703225
 6
       4
     2     2     2     2
     0     1     1     1
 1.710E+00 1.625E+00 1.625E+00 1.625E+00
 0.000E+00 0.000E+00 0.000E+00 0.000E+00
 0.000E+00 0.000E+00 0.000E+00 0.000E+00
 0.000E+00 0.000E+00 0.000E+00 0.000E+00
      23.348831     2.852462    -1.431910
 6
       4
     2     2     2     2
     0     1     1     1
 1.710E+00 1.625E+00 1.625E+00 1.625E+00
 0.000E+00 0.000E+00 0.000E+00 0.000E+00
 0.000E+00 0.000E+00 0.000E+00 0.000E+00
 0.000E+00 0.000E+00 0.000E+00 0.000E+00
      26.001549     2.539187    -1.593570
 6
       4
     2     2     2     2
     0     1     1     1
 1.710E+00 1.625E+00 1.625E+00 1.625E+00
 0.000E+00 0.000E+00 0.000E+00 0.000E+00
 0.000E+00 0.000E+00 0.000E+00 0.000E+00
 0.000E+00 0.000E+00 0.000E+00 0.000E+00
      25.774440     -0.925053    1.576241
 6
       4
     2     2     2     2
     0     1     1     1
 1.710E+00 1.625E+00 1.625E+00 1.625E+00
 0.000E+00 0.000E+00 0.000E+00 0.000E+00
 0.000E+00 0.000E+00 0.000E+00 0.000E+00
 0.000E+00 0.000E+00 0.000E+00 0.000E+00
      27.242364     0.652942    -0.068875
 6
       4
     2     2     2     2
     0     1     1     1
 1.710E+00 1.625E+00 1.625E+00 1.625E+00
 0.000E+00 0.000E+00 0.000E+00 0.000E+00
 0.000E+00 0.000E+00 0.000E+00 0.000E+00
 0.000E+00 0.000E+00 0.000E+00 0.000E+00
      29.944604     0.332892    -0.078306
 6
       4
     2     2     2     2
     0     1     1     1
 1.710E+00 1.625E+00 1.625E+00 1.625E+00
 0.000E+00 0.000E+00 0.000E+00 0.000E+00
 0.000E+00 0.000E+00 0.000E+00 0.000E+00
 0.000E+00 0.000E+00 0.000E+00 0.000E+00
      32.259099     0.163032    0.361323
 6
       4
     2     2     2     2
     0     1     1     1
 1.710E+00 1.625E+00 1.625E+00 1.625E+00
 0.000E+00 0.000E+00 0.000E+00 0.000E+00
 0.000E+00 0.000E+00 0.000E+00 0.000E+00
 0.000E+00 0.000E+00 0.000E+00 0.000E+00
      34.981623     0.041625    0.318785
 6
       4
     2     2     2     2
     0     1     1     1
 1.710E+00 1.625E+00 1.625E+00 1.625E+00
 0.000E+00 0.000E+00 0.000E+00 0.000E+00
 0.000E+00 0.000E+00 0.000E+00 0.000E+00
 0.000E+00 0.000E+00 0.000E+00 0.000E+00
      36.342428     -2.277961    0.706423
 6
       4
     2     2     2     2
     0     1     1     1
 1.710E+00 1.625E+00 1.625E+00 1.625E+00
 0.000E+00 0.000E+00 0.000E+00 0.000E+00
 0.000E+00 0.000E+00 0.000E+00 0.000E+00
 0.000E+00 0.000E+00 0.000E+00 0.000E+00
      36.365938     2.292139    -0.259724
 6
       4
     2     2     2     2
     0     1     1     1
 1.710E+00 1.625E+00 1.625E+00 1.625E+00
 0.000E+00 0.000E+00 0.000E+00 0.000E+00
 0.000E+00 0.000E+00 0.000E+00 0.000E+00
 0.000E+00 0.000E+00 0.000E+00 0.000E+00
      39.023652     2.199388    -0.468125
 6
       4
     2     2     2     2
     0     1     1     1
 1.710E+00 1.625E+00 1.625E+00 1.625E+00
 0.000E+00 0.000E+00 0.000E+00 0.000E+00
 0.000E+00 0.000E+00 0.000E+00 0.000E+00
 0.000E+00 0.000E+00 0.000E+00 0.000E+00
      39.004937     -2.359313    0.623899
 6
       4
     2     2     2     2
     0     1     1     1
 1.710E+00 1.625E+00 1.625E+00 1.625E+00
 0.000E+00 0.000E+00 0.000E+00 0.000E+00
 0.000E+00 0.000E+00 0.000E+00 0.000E+00
 0.000E+00 0.000E+00 0.000E+00 0.000E+00
      40.401650     -0.107486    -0.015819
 6
       4
     2     2     2     2
     0     1     1     1
 1.710E+00 1.625E+00 1.625E+00 1.625E+00
 0.000E+00 0.000E+00 0.000E+00 0.000E+00
 0.000E+00 0.000E+00 0.000E+00 0.000E+00
 0.000E+00 0.000E+00 0.000E+00 0.000E+00
      43.150177     -0.203380    -0.267721
 6
       4
     2     2     2     2
     0     1     1     1
 1.710E+00 1.625E+00 1.625E+00 1.625E+00
 0.000E+00 0.000E+00 0.000E+00 0.000E+00
 0.000E+00 0.000E+00 0.000E+00 0.000E+00
 0.000E+00 0.000E+00 0.000E+00 0.000E+00
      45.499719     -0.502444    -0.313821
 6
       4
     2     2     2     2
     0     1     1     1
 1.710E+00 1.625E+00 1.625E+00 1.625E+00
 0.000E+00 0.000E+00 0.000E+00 0.000E+00
 0.000E+00 0.000E+00 0.000E+00 0.000E+00
 0.000E+00 0.000E+00 0.000E+00 0.000E+00
      48.244138     -0.433645    -0.207949
 6
       4
     2     2     2     2
     0     1     1     1
 1.710E+00 1.625E+00 1.625E+00 1.625E+00
 0.000E+00 0.000E+00 0.000E+00 0.000E+00
 0.000E+00 0.000E+00 0.000E+00 0.000E+00
 0.000E+00 0.000E+00 0.000E+00 0.000E+00
      49.721444     -2.421298    0.965520
 6
       4
     2     2     2     2
     0     1     1     1
 1.710E+00 1.625E+00 1.625E+00 1.625E+00
 0.000E+00 0.000E+00 0.000E+00 0.000E+00
 0.000E+00 0.000E+00 0.000E+00 0.000E+00
 0.000E+00 0.000E+00 0.000E+00 0.000E+00
      49.477378     1.771932    -1.191871
 6
       4
     2     2     2     2
     0     1     1     1
 1.710E+00 1.625E+00 1.625E+00 1.625E+00
 0.000E+00 0.000E+00 0.000E+00 0.000E+00
 0.000E+00 0.000E+00 0.000E+00 0.000E+00
 0.000E+00 0.000E+00 0.000E+00 0.000E+00
      52.137910     1.992671    -1.001691
 6
       4
     2     2     2     2
     0     1     1     1
 1.710E+00 1.625E+00 1.625E+00 1.625E+00
 0.000E+00 0.000E+00 0.000E+00 0.000E+00
 0.000E+00 0.000E+00 0.000E+00 0.000E+00
 0.000E+00 0.000E+00 0.000E+00 0.000E+00
      52.354942     -2.141477    1.153147
 6
       4
     2     2     2     2
     0     1     1     1
 1.710E+00 1.625E+00 1.625E+00 1.625E+00
 0.000E+00 0.000E+00 0.000E+00 0.000E+00
 0.000E+00 0.000E+00 0.000E+00 0.000E+00
 0.000E+00 0.000E+00 0.000E+00 0.000E+00
      53.609378     0.054449    0.176909
 6
       4
     2     2     2     2
     0     1     1     1
 1.710E+00 1.625E+00 1.625E+00 1.625E+00
 0.000E+00 0.000E+00 0.000E+00 0.000E+00
 0.000E+00 0.000E+00 0.000E+00 0.000E+00
 0.000E+00 0.000E+00 0.000E+00 0.000E+00
      56.328493     0.195205    0.257957
 1
       1
     1
     0
 1.300E+00
 0.000E+00
 0.000E+00
 0.000E+00
      -4.998696     2.433451    1.144034
 1
       1
     1
     0
 1.300E+00
 0.000E+00
 0.000E+00
 0.000E+00
      -0.259905     3.253794    1.203975
 1
       1
     1
     0
 1.300E+00
 0.000E+00
 0.000E+00
 0.000E+00
      -7.385353     -1.829168    -0.208643
 1
       1
     1
     0
 1.300E+00
 0.000E+00
 0.000E+00
 0.000E+00
      -3.593597     -5.344498    -1.784168
 1
       1
     1
     0
 1.300E+00
 0.000E+00
 0.000E+00
 0.000E+00
      1.127463     -4.446253    -1.795102
 1
       1
     1
     0
 1.300E+00
 0.000E+00
 0.000E+00
 0.000E+00
      8.578772     4.735196    -1.490540
 1
       1
     1
     0
 1.300E+00
 0.000E+00
 0.000E+00
 0.000E+00
      9.250061     -3.065173    1.710597
 1
       1
     1
     0
 1.300E+00
 0.000E+00
 0.000E+00
 0.000E+00
      13.431766     5.156885    -1.492833
 1
       1
     1
     0
 1.300E+00
 0.000E+00
 0.000E+00
 0.000E+00
      14.043843     -2.593658    1.790190
 1
       1
     1
     0
 1.300E+00
 0.000E+00
 0.000E+00
 0.000E+00
      22.296336     4.326412    -2.636935
 1
       1
     1
     0
 1.300E+00
 0.000E+00
 0.000E+00
 0.000E+00
      27.267903     3.756758    -2.877195
 1
       1
     1
     0
 1.300E+00
 0.000E+00
 0.000E+00
 0.000E+00
      21.921725     -1.915328    2.980854
 1
       1
     1
     0
 1.300E+00
 0.000E+00
 0.000E+00
 0.000E+00
      26.784853     -2.422496    2.788448
 1
       1
     1
     0
 1.300E+00
 0.000E+00
 0.000E+00
 0.000E+00
      35.300270     4.145135    -0.620263
 1
       1
     1
     0
 1.300E+00
 0.000E+00
 0.000E+00
 0.000E+00
      35.171389     -4.074771    1.143934
 1
       1
     1
     0
 1.300E+00
 0.000E+00
 0.000E+00
 0.000E+00
      40.141582     4.003027    -0.954365
 1
       1
     1
     0
 1.300E+00
 0.000E+00
 0.000E+00
 0.000E+00
      40.058103     -4.242543    0.970454
 1
       1
     1
     0
 1.300E+00
 0.000E+00
 0.000E+00
 0.000E+00
      48.240591     3.333356    -2.082928
 1
       1
     1
     0
 1.300E+00
 0.000E+00
 0.000E+00
 0.000E+00
      48.711803     -4.170155    1.760527
 1
       1
     1
     0
 1.300E+00
 0.000E+00
 0.000E+00
 0.000E+00
      53.194798     3.740503    -1.767020
 1
       1
     1
     0
 1.300E+00
 0.000E+00
 0.000E+00
 0.000E+00
      53.590662     -3.662960    2.077533
 1
       1
     1
     0
 1.300E+00
 0.000E+00
 0.000E+00
 0.000E+00
      61.802612     4.153132    -1.438272
 1
       1
     1
     0
 1.300E+00
 0.000E+00
 0.000E+00
 0.000E+00
      61.477711     -3.889950    1.078387
 6
       4
     2     2     2     2
     0     1     1     1
 1.710E+00 1.625E+00 1.625E+00 1.625E+00
 0.000E+00 0.000E+00 0.000E+00 0.000E+00
 0.000E+00 0.000E+00 0.000E+00 0.000E+00
 0.000E+00 0.000E+00 0.000E+00 0.000E+00
      69.514891     -0.030729    0.111261
 1
       1
     1
     0
 1.300E+00
 0.000E+00
 0.000E+00
 0.000E+00
      66.677661     3.903501    -1.401937
 1
       1
     1
     0
 1.300E+00
 0.000E+00
 0.000E+00
 0.000E+00
      66.336839     -4.105781    1.104868
 6
       4
     2     2     2     2
     0     1     1     1
 1.710E+00 1.625E+00 1.625E+00 1.625E+00
 0.000E+00 0.000E+00 0.000E+00 0.000E+00
 0.000E+00 0.000E+00 0.000E+00 0.000E+00
 0.000E+00 0.000E+00 0.000E+00 0.000E+00
      58.674526     0.121464    0.046191
 6
       4
     2     2     2     2
     0     1     1     1
 1.710E+00 1.625E+00 1.625E+00 1.625E+00
 0.000E+00 0.000E+00 0.000E+00 0.000E+00
 0.000E+00 0.000E+00 0.000E+00 0.000E+00
 0.000E+00 0.000E+00 0.000E+00 0.000E+00
      61.385972     0.150547    -0.064357
 6
       4
     2     2     2     2
     0     1     1     1
 1.710E+00 1.625E+00 1.625E+00 1.625E+00
 0.000E+00 0.000E+00 0.000E+00 0.000E+00
 0.000E+00 0.000E+00 0.000E+00 0.000E+00
 0.000E+00 0.000E+00 0.000E+00 0.000E+00
      62.676139     -2.133400    0.586868
 6
       4
     2     2     2     2
     0     1     1     1
 1.710E+00 1.625E+00 1.625E+00 1.625E+00
 0.000E+00 0.000E+00 0.000E+00 0.000E+00
 0.000E+00 0.000E+00 0.000E+00 0.000E+00
 0.000E+00 0.000E+00 0.000E+00 0.000E+00
      62.809607     2.316318    -0.845316
 6
       4
     2     2     2     2
     0     1     1     1
 1.710E+00 1.625E+00 1.625E+00 1.625E+00
 0.000E+00 0.000E+00 0.000E+00 0.000E+00
 0.000E+00 0.000E+00 0.000E+00 0.000E+00
 0.000E+00 0.000E+00 0.000E+00 0.000E+00
      65.468982     2.199363    -0.821539
 6
       4
     2     2     2     2
     0     1     1     1
 1.710E+00 1.625E+00 1.625E+00 1.625E+00
 0.000E+00 0.000E+00 0.000E+00 0.000E+00
 0.000E+00 0.000E+00 0.000E+00 0.000E+00
 0.000E+00 0.000E+00 0.000E+00 0.000E+00
      65.334056     -2.242999    0.592529
 6
       4
     2     2     2     2
     0     1     1     1
 1.710E+00 1.625E+00 1.625E+00 1.625E+00
 0.000E+00 0.000E+00 0.000E+00 0.000E+00
 0.000E+00 0.000E+00 0.000E+00 0.000E+00
 0.000E+00 0.000E+00 0.000E+00 0.000E+00
      66.792507     -0.031254    -0.006880
 6
       4
     2     2     2     2
     0     1     1     1
 1.710E+00 1.625E+00 1.625E+00 1.625E+00
 0.000E+00 0.000E+00 0.000E+00 0.000E+00
 0.000E+00 0.000E+00 0.000E+00 0.000E+00
 0.000E+00 0.000E+00 0.000E+00 0.000E+00
      79.991436     -0.153818    0.236826
 6
       4
     2     2     2     2
     0     1     1     1
 1.710E+00 1.625E+00 1.625E+00 1.625E+00
 0.000E+00 0.000E+00 0.000E+00 0.000E+00
 0.000E+00 0.000E+00 0.000E+00 0.000E+00
 0.000E+00 0.000E+00 0.000E+00 0.000E+00
      78.771603     2.152940    -0.460950
 6
       4
     2     2     2     2
     0     1     1     1
 1.710E+00 1.625E+00 1.625E+00 1.625E+00
 0.000E+00 0.000E+00 0.000E+00 0.000E+00
 0.000E+00 0.000E+00 0.000E+00 0.000E+00
 0.000E+00 0.000E+00 0.000E+00 0.000E+00
      78.425023     -2.278821    0.920431
 6
       4
     2     2     2     2
     0     1     1     1
 1.710E+00 1.625E+00 1.625E+00 1.625E+00
 0.000E+00 0.000E+00 0.000E+00 0.000E+00
 0.000E+00 0.000E+00 0.000E+00 0.000E+00
 0.000E+00 0.000E+00 0.000E+00 0.000E+00
      76.120483     2.361171    -0.487302
 6
       4
     2     2     2     2
     0     1     1     1
 1.710E+00 1.625E+00 1.625E+00 1.625E+00
 0.000E+00 0.000E+00 0.000E+00 0.000E+00
 0.000E+00 0.000E+00 0.000E+00 0.000E+00
 0.000E+00 0.000E+00 0.000E+00 0.000E+00
      74.578911     0.240277    0.161367
 6
       4
     2     2     2     2
     0     1     1     1
 1.710E+00 1.625E+00 1.625E+00 1.625E+00
 0.000E+00 0.000E+00 0.000E+00 0.000E+00
 0.000E+00 0.000E+00 0.000E+00 0.000E+00
 0.000E+00 0.000E+00 0.000E+00 0.000E+00
      75.769760     -2.076276    0.891646
 6
       4
     2     2     2     2
     0     1     1     1
 1.710E+00 1.625E+00 1.625E+00 1.625E+00
 0.000E+00 0.000E+00 0.000E+00 0.000E+00
 0.000E+00 0.000E+00 0.000E+00 0.000E+00
 0.000E+00 0.000E+00 0.000E+00 0.000E+00
      82.755156     -0.209257    0.263243
 6
       4
     2     2     2     2
     0     1     1     1
 1.710E+00 1.625E+00 1.625E+00 1.625E+00
 0.000E+00 0.000E+00 0.000E+00 0.000E+00
 0.000E+00 0.000E+00 0.000E+00 0.000E+00
 0.000E+00 0.000E+00 0.000E+00 0.000E+00
      85.135094     -0.168046    0.184090
 6
       4
     2     2     2     2
     0     1     1     1
 1.710E+00 1.625E+00 1.625E+00 1.625E+00
 0.000E+00 0.000E+00 0.000E+00 0.000E+00
 0.000E+00 0.000E+00 0.000E+00 0.000E+00
 0.000E+00 0.000E+00 0.000E+00 0.000E+00
      87.885895     0.083526    -0.018310
 6
       4
     2     2     2     2
     0     1     1     1
 1.710E+00 1.625E+00 1.625E+00 1.625E+00
 0.000E+00 0.000E+00 0.000E+00 0.000E+00
 0.000E+00 0.000E+00 0.000E+00 0.000E+00
 0.000E+00 0.000E+00 0.000E+00 0.000E+00
      89.140293     2.278250    -1.037898
 6
       4
     2     2     2     2
     0     1     1     1
 1.710E+00 1.625E+00 1.625E+00 1.625E+00
 0.000E+00 0.000E+00 0.000E+00 0.000E+00
 0.000E+00 0.000E+00 0.000E+00 0.000E+00
 0.000E+00 0.000E+00 0.000E+00 0.000E+00
      89.498162     -1.948464    0.766822
 6
       4
     2     2     2     2
     0     1     1     1
 1.710E+00 1.625E+00 1.625E+00 1.625E+00
 0.000E+00 0.000E+00 0.000E+00 0.000E+00
 0.000E+00 0.000E+00 0.000E+00 0.000E+00
 0.000E+00 0.000E+00 0.000E+00 0.000E+00
      91.823137     2.396566    -1.260383
 6
       4
     2     2     2     2
     0     1     1     1
 1.710E+00 1.625E+00 1.625E+00 1.625E+00
 0.000E+00 0.000E+00 0.000E+00 0.000E+00
 0.000E+00 0.000E+00 0.000E+00 0.000E+00
 0.000E+00 0.000E+00 0.000E+00 0.000E+00
      92.133916     -1.858230    0.492007
 6
       4
     2     2     2     2
     0     1     1     1
 1.710E+00 1.625E+00 1.625E+00 1.625E+00
 0.000E+00 0.000E+00 0.000E+00 0.000E+00
 0.000E+00 0.000E+00 0.000E+00 0.000E+00
 0.000E+00 0.000E+00 0.000E+00 0.000E+00
      93.399095     0.348743    -0.461284
 6
       4
     2     2     2     2
     0     1     1     1
 1.710E+00 1.625E+00 1.625E+00 1.625E+00
 0.000E+00 0.000E+00 0.000E+00 0.000E+00
 0.000E+00 0.000E+00 0.000E+00 0.000E+00
 0.000E+00 0.000E+00 0.000E+00 0.000E+00
      96.156401     0.466054    -0.430124
 6
       4
     2     2     2     2
     0     1     1     1
 1.710E+00 1.625E+00 1.625E+00 1.625E+00
 0.000E+00 0.000E+00 0.000E+00 0.000E+00
 0.000E+00 0.000E+00 0.000E+00 0.000E+00
 0.000E+00 0.000E+00 0.000E+00 0.000E+00
      98.489816     0.328083    -0.007508
 6
       4
     2     2     2     2
     0     1     1     1
 1.710E+00 1.625E+00 1.625E+00 1.625E+00
 0.000E+00 0.000E+00 0.000E+00 0.000E+00
 0.000E+00 0.000E+00 0.000E+00 0.000E+00
 0.000E+00 0.000E+00 0.000E+00 0.000E+00
      101.219960     0.191442    0.147225
 6
       4
     2     2     2     2
     0     1     1     1
 1.710E+00 1.625E+00 1.625E+00 1.625E+00
 0.000E+00 0.000E+00 0.000E+00 0.000E+00
 0.000E+00 0.000E+00 0.000E+00 0.000E+00
 0.000E+00 0.000E+00 0.000E+00 0.000E+00
      102.594197     -2.059675    0.845214
 6
       4
     2     2     2     2
     0     1     1     1
 1.710E+00 1.625E+00 1.625E+00 1.625E+00
 0.000E+00 0.000E+00 0.000E+00 0.000E+00
 0.000E+00 0.000E+00 0.000E+00 0.000E+00
 0.000E+00 0.000E+00 0.000E+00 0.000E+00
      102.606066     2.405117    -0.597329
 6
       4
     2     2     2     2
     0     1     1     1
 1.710E+00 1.625E+00 1.625E+00 1.625E+00
 0.000E+00 0.000E+00 0.000E+00 0.000E+00
 0.000E+00 0.000E+00 0.000E+00 0.000E+00
 0.000E+00 0.000E+00 0.000E+00 0.000E+00
      105.259119     2.371383    -0.749159
 6
       4
     2     2     2     2
     0     1     1     1
 1.710E+00 1.625E+00 1.625E+00 1.625E+00
 0.000E+00 0.000E+00 0.000E+00 0.000E+00
 0.000E+00 0.000E+00 0.000E+00 0.000E+00
 0.000E+00 0.000E+00 0.000E+00 0.000E+00
      105.276493     -2.067224    0.695039
 6
       4
     2     2     2     2
     0     1     1     1
 1.710E+00 1.625E+00 1.625E+00 1.625E+00
 0.000E+00 0.000E+00 0.000E+00 0.000E+00
 0.000E+00 0.000E+00 0.000E+00 0.000E+00
 0.000E+00 0.000E+00 0.000E+00 0.000E+00
      106.641450     0.133590    -0.119319
 6
       4
     2     2     2     2
     0     1     1     1
 1.710E+00 1.625E+00 1.625E+00 1.625E+00
 0.000E+00 0.000E+00 0.000E+00 0.000E+00
 0.000E+00 0.000E+00 0.000E+00 0.000E+00
 0.000E+00 0.000E+00 0.000E+00 0.000E+00
      109.353806     0.362723    -0.174327
 6
       4
     2     2     2     2
     0     1     1     1
 1.710E+00 1.625E+00 1.625E+00 1.625E+00
 0.000E+00 0.000E+00 0.000E+00 0.000E+00
 0.000E+00 0.000E+00 0.000E+00 0.000E+00
 0.000E+00 0.000E+00 0.000E+00 0.000E+00
      111.607729     0.961171    0.253363
 6
       4
     2     2     2     2
     0     1     1     1
 1.710E+00 1.625E+00 1.625E+00 1.625E+00
 0.000E+00 0.000E+00 0.000E+00 0.000E+00
 0.000E+00 0.000E+00 0.000E+00 0.000E+00
 0.000E+00 0.000E+00 0.000E+00 0.000E+00
      114.341694     0.900175    0.224439
 6
       4
     2     2     2     2
     0     1     1     1
 1.710E+00 1.625E+00 1.625E+00 1.625E+00
 0.000E+00 0.000E+00 0.000E+00 0.000E+00
 0.000E+00 0.000E+00 0.000E+00 0.000E+00
 0.000E+00 0.000E+00 0.000E+00 0.000E+00
      115.501526     -1.479939    -0.297643
 6
       4
     2     2     2     2
     0     1     1     1
 1.710E+00 1.625E+00 1.625E+00 1.625E+00
 0.000E+00 0.000E+00 0.000E+00 0.000E+00
 0.000E+00 0.000E+00 0.000E+00 0.000E+00
 0.000E+00 0.000E+00 0.000E+00 0.000E+00
      115.887063     3.080998    0.668356
 6
       4
     2     2     2     2
     0     1     1     1
 1.710E+00 1.625E+00 1.625E+00 1.625E+00
 0.000E+00 0.000E+00 0.000E+00 0.000E+00
 0.000E+00 0.000E+00 0.000E+00 0.000E+00
 0.000E+00 0.000E+00 0.000E+00 0.000E+00
      118.531224     2.877886    0.721741
 6
       4
     2     2     2     2
     0     1     1     1
 1.710E+00 1.625E+00 1.625E+00 1.625E+00
 0.000E+00 0.000E+00 0.000E+00 0.000E+00
 0.000E+00 0.000E+00 0.000E+00 0.000E+00
 0.000E+00 0.000E+00 0.000E+00 0.000E+00
      118.163062     -1.667523    -0.306204
 6
       4
     2     2     2     2
     0     1     1     1
 1.710E+00 1.625E+00 1.625E+00 1.625E+00
 0.000E+00 0.000E+00 0.000E+00 0.000E+00
 0.000E+00 0.000E+00 0.000E+00 0.000E+00
 0.000E+00 0.000E+00 0.000E+00 0.000E+00
      119.745150     0.483502    0.237314
 6
       4
     2     2     2     2
     0     1     1     1
 1.710E+00 1.625E+00 1.625E+00 1.625E+00
 0.000E+00 0.000E+00 0.000E+00 0.000E+00
 0.000E+00 0.000E+00 0.000E+00 0.000E+00
 0.000E+00 0.000E+00 0.000E+00 0.000E+00
      122.485649     0.152773    0.174597
 6
       4
     2     2     2     2
     0     1     1     1
 1.710E+00 1.625E+00 1.625E+00 1.625E+00
 0.000E+00 0.000E+00 0.000E+00 0.000E+00
 0.000E+00 0.000E+00 0.000E+00 0.000E+00
 0.000E+00 0.000E+00 0.000E+00 0.000E+00
      124.811229     -0.238215    -0.095014
 6
       4
     2     2     2     2
     0     1     1     1
 1.710E+00 1.625E+00 1.625E+00 1.625E+00
 0.000E+00 0.000E+00 0.000E+00 0.000E+00
 0.000E+00 0.000E+00 0.000E+00 0.000E+00
 0.000E+00 0.000E+00 0.000E+00 0.000E+00
      127.544125     -0.370224    -0.261822
 6
       4
     2     2     2     2
     0     1     1     1
 1.710E+00 1.625E+00 1.625E+00 1.625E+00
 0.000E+00 0.000E+00 0.000E+00 0.000E+00
 0.000E+00 0.000E+00 0.000E+00 0.000E+00
 0.000E+00 0.000E+00 0.000E+00 0.000E+00
      128.820839     -2.592107    -1.171774
 6
       4
     2     2     2     2
     0     1     1     1
 1.710E+00 1.625E+00 1.625E+00 1.625E+00
 0.000E+00 0.000E+00 0.000E+00 0.000E+00
 0.000E+00 0.000E+00 0.000E+00 0.000E+00
 0.000E+00 0.000E+00 0.000E+00 0.000E+00
      129.063529     1.720322    0.548555
 6
       4
     2     2     2     2
     0     1     1     1
 1.710E+00 1.625E+00 1.625E+00 1.625E+00
 0.000E+00 0.000E+00 0.000E+00 0.000E+00
 0.000E+00 0.000E+00 0.000E+00 0.000E+00
 0.000E+00 0.000E+00 0.000E+00 0.000E+00
      131.721663     1.558068    0.618281
 6
       4
     2     2     2     2
     0     1     1     1
 1.710E+00 1.625E+00 1.625E+00 1.625E+00
 0.000E+00 0.000E+00 0.000E+00 0.000E+00
 0.000E+00 0.000E+00 0.000E+00 0.000E+00
 0.000E+00 0.000E+00 0.000E+00 0.000E+00
      131.486550     -2.743147    -1.183492
 6
       4
     2     2     2     2
     0     1     1     1
 1.710E+00 1.625E+00 1.625E+00 1.625E+00
 0.000E+00 0.000E+00 0.000E+00 0.000E+00
 0.000E+00 0.000E+00 0.000E+00 0.000E+00
 0.000E+00 0.000E+00 0.000E+00 0.000E+00
      132.984311     -0.697573    -0.212772
 6
       4
     2     2     2     2
     0     1     1     1
 1.710E+00 1.625E+00 1.625E+00 1.625E+00
 0.000E+00 0.000E+00 0.000E+00 0.000E+00
 0.000E+00 0.000E+00 0.000E+00 0.000E+00
 0.000E+00 0.000E+00 0.000E+00 0.000E+00
      135.730368     -0.927003    0.023907
 1
       1
     1
     0
 1.300E+00
 0.000E+00
 0.000E+00
 0.000E+00
      75.182705     4.243017    -1.049355
 1
       1
     1
     0
 1.300E+00
 0.000E+00
 0.000E+00
 0.000E+00
      80.016259     3.838281    -1.006137
 6
       4
     2     2     2     2
     0     1     1     1
 1.710E+00 1.625E+00 1.625E+00 1.625E+00
 0.000E+00 0.000E+00 0.000E+00 0.000E+00
 0.000E+00 0.000E+00 0.000E+00 0.000E+00
 0.000E+00 0.000E+00 0.000E+00 0.000E+00
      71.848637     0.339826    0.105626
 1
       1
     1
     0
 1.300E+00
 0.000E+00
 0.000E+00
 0.000E+00
      74.490464     -3.751790    1.429432
 1
       1
     1
     0
 1.300E+00
 0.000E+00
 0.000E+00
 0.000E+00
      79.343232     -4.168184    1.502068
 1
       1
     1
     0
 1.300E+00
 0.000E+00
 0.000E+00
 0.000E+00
      87.920133     3.965346    -1.729439
 1
       1
     1
     0
 1.300E+00
 0.000E+00
 0.000E+00
 0.000E+00
      88.559357     -3.733955    1.572957
 1
       1
     1
     0
 1.300E+00
 0.000E+00
 0.000E+00
 0.000E+00
      92.781468     4.189840    -2.064588
 1
       1
     1
     0
 1.300E+00
 0.000E+00
 0.000E+00
 0.000E+00
      93.332070     -3.569063    1.126330
 1
       1
     1
     0
 1.300E+00
 0.000E+00
 0.000E+00
 0.000E+00
      101.462255     4.187480    -1.101538
 1
       1
     1
     0
 1.300E+00
 0.000E+00
 0.000E+00
 0.000E+00
      106.395024     4.131703    -1.335261
 1
       1
     1
     0
 1.300E+00
 0.000E+00
 0.000E+00
 0.000E+00
      101.530487     -3.863205    1.439589
 1
       1
     1
     0
 1.300E+00
 0.000E+00
 0.000E+00
 0.000E+00
      106.383394     -3.862953    1.263236
 1
       1
     1
     0
 1.300E+00
 0.000E+00
 0.000E+00
 0.000E+00
      114.897033     4.985365    0.978366
 1
       1
     1
     0
 1.300E+00
 0.000E+00
 0.000E+00
 0.000E+00
      114.276451     -3.229330    -0.723274
 1
       1
     1
     0
 1.300E+00
 0.000E+00
 0.000E+00
 0.000E+00
      119.726101     4.655845    1.086437
 1
       1
     1
     0
 1.300E+00
 0.000E+00
 0.000E+00
 0.000E+00
      119.077177     -3.576743    -0.764470
 1
       1
     1
     0
 1.300E+00
 0.000E+00
 0.000E+00
 0.000E+00
      128.039902     3.529048    1.223565
 1
       1
     1
     0
 1.300E+00
 0.000E+00
 0.000E+00
 0.000E+00
      127.653600     -4.304325    -1.859067
 1
       1
     1
     0
 1.300E+00
 0.000E+00
 0.000E+00
 0.000E+00
      132.866166     3.243662    1.383079
 1
       1
     1
     0
 1.300E+00
 0.000E+00
 0.000E+00
 0.000E+00
      132.487139     -4.562201    -1.851421
 1
       1
     1
     0
 1.300E+00
 0.000E+00
 0.000E+00
 0.000E+00
      141.417231     1.887855    3.459831
 1
       1
     1
     0
 1.300E+00
 0.000E+00
 0.000E+00
 0.000E+00
      140.781190     -3.940710    -2.590266
 1
       1
     1
     0
 1.300E+00
 0.000E+00
 0.000E+00
 0.000E+00
      148.998121     -1.602172    -0.003968
 1
       1
     1
     0
 1.300E+00
 0.000E+00
 0.000E+00
 0.000E+00
      146.205821     1.564723    3.239015
 1
       1
     1
     0
 1.300E+00
 0.000E+00
 0.000E+00
 0.000E+00
      145.715374     -4.219274    -2.864594
 6
       4
     2     2     2     2
     0     1     1     1
 1.710E+00 1.625E+00 1.625E+00 1.625E+00
 0.000E+00 0.000E+00 0.000E+00 0.000E+00
 0.000E+00 0.000E+00 0.000E+00 0.000E+00
 0.000E+00 0.000E+00 0.000E+00 0.000E+00
      138.071529     -0.914958    0.422135
 6
       4
     2     2     2     2
     0     1     1     1
 1.710E+00 1.625E+00 1.625E+00 1.625E+00
 0.000E+00 0.000E+00 0.000E+00 0.000E+00
 0.000E+00 0.000E+00 0.000E+00 0.000E+00
 0.000E+00 0.000E+00 0.000E+00 0.000E+00
      140.813565     -1.050296    0.433624
 6
       4
     2     2     2     2
     0     1     1     1
 1.710E+00 1.625E+00 1.625E+00 1.625E+00
 0.000E+00 0.000E+00 0.000E+00 0.000E+00
 0.000E+00 0.000E+00 0.000E+00 0.000E+00
 0.000E+00 0.000E+00 0.000E+00 0.000E+00
      142.061665     -2.762526    -1.280280
 6
       4
     2     2     2     2
     0     1     1     1
 1.710E+00 1.625E+00 1.625E+00 1.625E+00
 0.000E+00 0.000E+00 0.000E+00 0.000E+00
 0.000E+00 0.000E+00 0.000E+00 0.000E+00
 0.000E+00 0.000E+00 0.000E+00 0.000E+00
      142.341656     0.533351    2.033666
 6
       4
     2     2     2     2
     0     1     1     1
 1.710E+00 1.625E+00 1.625E+00 1.625E+00
 0.000E+00 0.000E+00 0.000E+00 0.000E+00
 0.000E+00 0.000E+00 0.000E+00 0.000E+00
 0.000E+00 0.000E+00 0.000E+00 0.000E+00
      145.010157     0.336090    1.914151
 6
       4
     2     2     2     2
     0     1     1     1
 1.710E+00 1.625E+00 1.625E+00 1.625E+00
 0.000E+00 0.000E+00 0.000E+00 0.000E+00
 0.000E+00 0.000E+00 0.000E+00 0.000E+00
 0.000E+00 0.000E+00 0.000E+00 0.000E+00
      144.717017     -2.894790    -1.441262
 6
       4
     2     2     2     2
     0     1     1     1
 1.710E+00 1.625E+00 1.625E+00 1.625E+00
 0.000E+00 0.000E+00 0.000E+00 0.000E+00
 0.000E+00 0.000E+00 0.000E+00 0.000E+00
 0.000E+00 0.000E+00 0.000E+00 0.000E+00
      146.241257     -1.371682    0.184898
# LCAO coefficients .. are not included.
         1
        1        -0.000041510542337   k=         1
        2        -0.001588854955729   k=         1
        3        0.000076967530237   k=         1
        4        0.015633090512418   k=         1
        5        0.002933763241731   k=         1
        6        0.007240941366379   k=         1
        7        -0.012935841256481   k=         1
        8        0.018259016178901   k=         1
        9        -0.002658123958693   k=         1
        10        -0.001823392785718   k=         1
        11        -0.014547849934334   k=         1
        12        0.017956748512268   k=         1
        13        -0.000811270054131   k=         1
        14        -0.002001141844326   k=         1
        15        0.002224119296590   k=         1
        16        -0.004565675626868   k=         1
        17        -0.000138138685254   k=         1
        18        -0.001527021801523   k=         1
        19        0.007467294388691   k=         1
        20        -0.024622129778786   k=         1
        21        0.000562526342030   k=         1
        22        0.000186125981306   k=         1
        23        0.002984222263100   k=         1
        24        -0.004953435778786   k=         1
        25        -0.000527293602287   k=         1
        26        0.006973721763498   k=         1
        27        -0.017373436608402   k=         1
        28        -0.050361026478640   k=         1
        29        0.000263818641740   k=         1
        30        0.001277873986648   k=         1
        31        -0.005535487254453   k=         1
        32        -0.024256778862862   k=         1
        33        -0.000378989151388   k=         1
        34        -0.004491949905002   k=         1
        35        0.025299817570410   k=         1
        36        0.065557325512024   k=         1
        37        0.000360760720791   k=         1
        38        0.000013838210103   k=         1
        39        0.011113683595883   k=         1
        40        0.026280348403892   k=         1
        41        -0.000500175701561   k=         1
        42        -0.003852910507140   k=         1
        43        0.010292734314124   k=         1
        44        0.024710438681692   k=         1
        45        -0.001698671151339   k=         1
        46        -0.002587151533906   k=         1
        47        -0.017003720075573   k=         1
        48        -0.050807710184653   k=         1
        49        0.002086043184659   k=         1
        50        0.006614753165376   k=         1
        51        -0.016265958463869   k=         1
        52        -0.052171622965304   k=         1
        53        -0.000191460130279   k=         1
        54        -0.000433688492554   k=         1
        55        -0.023848333219950   k=         1
        56        -0.046551262237230   k=         1
        57        0.000007865728988   k=         1
        58        -0.000731068252820   k=         1
        59        0.057088234943233   k=         1
        60        0.069907626933287   k=         1
        61        -0.001063575985169   k=         1
        62        -0.002358146584981   k=         1
        63        0.033103204714321   k=         1
        64        0.051833161930767   k=         1
        65        -0.000804340064108   k=         1
        66        -0.003183241722326   k=         1
        67        -0.069025295113741   k=         1
        68        -0.082299851639011   k=         1
        69        -0.002818840707512   k=         1
        70        -0.010812841551397   k=         1
        71        -0.036247194003604   k=         1
        72        -0.038197329861445   k=         1
        73        0.001071688811546   k=         1
        74        -0.009865206596097   k=         1
        75        -0.039036248932056   k=         1
        76        -0.037248847125748   k=         1
        77        -0.004389098549332   k=         1
        78        0.008129556232218   k=         1
        79        0.057831091009854   k=         1
        80        0.052955660385220   k=         1
        81        0.004946958679177   k=         1
        82        0.022660444584322   k=         1
        83        0.061034226657788   k=         1
        84        0.046913856373432   k=         1
        85        -0.001279488525845   k=         1
        86        0.001605891375311   k=         1
        87        0.054750112035910   k=         1
        88        0.074590989946994   k=         1
        89        0.008276282528639   k=         1
        90        0.016072294206944   k=         1
        91        -0.039398010213864   k=         1
        92        -0.121184815379069   k=         1
        93        -0.007152647546762   k=         1
        94        0.006357601189083   k=         1
        95        -0.048801136431035   k=         1
        96        -0.085162907639913   k=         1
        97        0.001423189221047   k=         1
        98        0.006255863125913   k=         1
        99        0.035445820387016   k=         1
        100        0.143999325664364   k=         1
        101        -0.005026424001957   k=         1
        102        0.004517212621105   k=         1
        103        0.007879870361509   k=         1
        104        0.080095021550310   k=         1
        105        0.002182262711705   k=         1
        106        0.002058551852335   k=         1
        107        0.013262634734087   k=         1
        108        0.078361780873332   k=         1
        109        -0.001270835869835   k=         1
        110        -0.010464039540654   k=         1
        111        -0.019678847926000   k=         1
        112        -0.105648817284637   k=         1
        113        0.002587944554540   k=         1
        114        0.000124622909005   k=         1
        115        -0.015652662122391   k=         1
        116        -0.104285615008933   k=         1
        117        -0.001210846287609   k=         1
        118        -0.018040750435111   k=         1
        119        -0.037768726008086   k=         1
        120        -0.126163599129469   k=         1
        121        -0.000028957371021   k=         1
        122        0.020836351738209   k=         1
        123        0.064559499988320   k=         1
        124        0.146556487499742   k=         1
        125        -0.001707054905862   k=         1
        126        0.000098911057759   k=         1
        127        0.045096043591015   k=         1
        128        0.126698777770877   k=         1
        129        0.000177400735500   k=         1
        130        0.015085796424028   k=         1
        131        -0.078426726278467   k=         1
        132        -0.162158791021595   k=         1
        133        -0.000943769268899   k=         1
        134        0.016700532244199   k=         1
        135        -0.051986588927418   k=         1
        136        -0.090812847820871   k=         1
        137        0.002431370107340   k=         1
        138        0.012238239982006   k=         1
        139        -0.049634070215549   k=         1
        140        -0.095354410053423   k=         1
        141        -0.003197336377049   k=         1
        142        -0.019444675636423   k=         1
        143        0.063543917399015   k=         1
        144        0.107549467693980   k=         1
        145        0.001462450911069   k=         1
        146        -0.015136888511327   k=         1
        147        0.055185142807100   k=         1
        148        0.105835812865712   k=         1
        149        0.001813991524242   k=         1
        150        -0.010727760910729   k=         1
        151        0.073530645882991   k=         1
        152        0.149949285848024   k=         1
        153        -0.006358703897479   k=         1
        154        -0.007542639667577   k=         1
        155        -0.061628180122714   k=         1
        156        -0.164249882432768   k=         1
        157        0.003057978217100   k=         1
        158        -0.001316544493004   k=         1
        159        -0.000260459790700   k=         1
        160        -0.002863803484072   k=         1
        161        0.002027785391888   k=         1
        162        -0.001793982771073   k=         1
        163        0.001630895134349   k=         1
        164        0.000881806831870   k=         1
        165        -0.000012701438771   k=         1
        166        -0.001969169480798   k=         1
        167        0.005217461307610   k=         1
        168        0.008419225903259   k=         1
        169        -0.000672495623446   k=         1
        170        -0.002551393496223   k=         1
        171        0.004706512096572   k=         1
        172        0.004123885134242   k=         1
        173        -0.003403609865498   k=         1
        174        -0.004596438170576   k=         1
        175        0.000114034652094   k=         1
        176        0.000425298801089   k=         1
        177        -0.003840972293386   k=         1
        178        0.000194263886055   k=         1
        179        0.002791854418048   k=         1
        180        0.000832256667290   k=         1
        181        -0.011317934289509   k=         1
        182        0.048321927602489   k=         1
        183        0.153748582195299   k=         1
        184        0.000373931569748   k=         1
        185        -0.004250289358865   k=         1
        186        0.005318166065974   k=         1
        187        -0.017205230653396   k=         1
        188        -0.067988688680015   k=         1
        189        -0.148365330999394   k=         1
        190        -0.000009726875852   k=         1
        191        0.012590416503001   k=         1
        192        0.060714620374101   k=         1
        193        0.173803417791504   k=         1
        194        0.000292693653919   k=         1
        195        0.004568894380958   k=         1
        196        0.031515936100211   k=         1
        197        0.120646306440608   k=         1
        198        0.002604460740366   k=         1
        199        -0.001469991554194   k=         1
        200        0.032863611010719   k=         1
        201        0.116587834958621   k=         1
        202        -0.000971867915597   k=         1
        203        0.001366761399194   k=         1
        204        -0.039647131679307   k=         1
        205        -0.118878037945447   k=         1
        206        -0.000268479129317   k=         1
        207        -0.001309982890721   k=         1
        208        -0.032251472309842   k=         1
        209        -0.115986684021064   k=         1
        210        -0.001805837824984   k=         1
        211        0.013164838247704   k=         1
        212        -0.058167540736198   k=         1
        213        -0.176795899499077   k=         1
        214        -0.000544833509850   k=         1
        215        -0.000499918151840   k=         1
        216        0.054091771539019   k=         1
        217        0.167389256550066   k=         1
        218        0.000768924213623   k=         1
        219        0.003962529126200   k=         1
        220        0.028791689187115   k=         1
        221        0.100499533752857   k=         1
        222        -0.000829417218980   k=         1
        223        0.001077045837657   k=         1
        224        0.029239827668339   k=         1
        225        0.098310886128379   k=         1
        226        -0.000756587390964   k=         1
        227        -0.003120810780902   k=         1
        228        -0.035082286404245   k=         1
        229        -0.116939191660014   k=         1
        230        0.000844354329722   k=         1
        231        0.000746187358374   k=         1
        232        -0.048822670214143   k=         1
        233        -0.154726523564650   k=         1
        234        0.000102883717690   k=         1
        235        -0.002726871507169   k=         1
        236        -0.035056852419195   k=         1
        237        -0.115986100437977   k=         1
        238        -0.001631339261515   k=         1
        239        -0.000180559830744   k=         1
        240        -0.049466991519476   k=         1
        241        -0.126383370587109   k=         1
        242        0.001628377038719   k=         1
        243        -0.003509788017267   k=         1
        244        -0.050738248105692   k=         1
        245        -0.148708067990143   k=         1
        246        -0.000287912183814   k=         1
        247        0.005101440871853   k=         1
        248        0.052691353768683   k=         1
        249        0.126336155375273   k=         1
        250        0.000313226722789   k=         1
        251        0.011091977964386   k=         1
        252        0.046739798403906   k=         1
        253        0.097724262689114   k=         1
        254        0.002996578279120   k=         1
        255        0.010560519698747   k=         1
        256        0.041118705621945   k=         1
        257        0.090669263718654   k=         1
        258        0.000219049033943   k=         1
        259        -0.008531321553413   k=         1
        260        -0.033318122223941   k=         1
        261        -0.081349680425177   k=         1
        262        -0.000566343400991   k=         1
        263        -0.011517021472215   k=         1
        264        -0.037184865450421   k=         1
        265        -0.078476443068849   k=         1
        266        0.000892732302203   k=         1
        267        0.003924295674350   k=         1
        268        -0.053770484197897   k=         1
        269        -0.137547866427857   k=         1
        270        -0.003159100311153   k=         1
        271        -0.016065473346157   k=         1
        272        0.038137135932839   k=         1
        273        0.108149945311436   k=         1
        274        0.003454612450811   k=         1
        275        -0.018855404248157   k=         1
        276        0.047312438988236   k=         1
        277        0.121502177833934   k=         1
        278        -0.001169432946726   k=         1
        279        0.005834507824169   k=         1
        280        -0.035362860948836   k=         1
        281        -0.107606992500048   k=         1
        282        -0.000326131386631   k=         1
        283        -0.011414233698745   k=         1
        284        -0.024045511678984   k=         1
        285        -0.087732593336755   k=         1
        286        0.000161382771415   k=         1
        287        -0.007802631800974   k=         1
        288        -0.028692598600444   k=         1
        289        -0.084476519733301   k=         1
        290        -0.002625378451707   k=         1
        291        0.004652695731540   k=         1
        292        0.022082460404429   k=         1
        293        0.063030091878933   k=         1
        294        0.001702232110757   k=         1
        295        0.013183642133959   k=         1
        296        0.030016071830079   k=         1
        297        0.064023323341019   k=         1
        298        -0.002154338395593   k=         1
        299        0.000682155482706   k=         1
        300        0.035042503390974   k=         1
        301        0.120967581597016   k=         1
        302        0.006155310462824   k=         1
        303        0.011381434933710   k=         1
        304        0.003376562624794   k=         1
        305        -0.086042274608240   k=         1
        306        -0.010471118373767   k=         1
        307        0.017557976701432   k=         1
        308        -0.019823038517555   k=         1
        309        -0.107160297464950   k=         1
        310        0.001081945796272   k=         1
        311        -0.003811836939859   k=         1
        312        -0.009572340152812   k=         1
        313        0.082585970454541   k=         1
        314        -0.003692183821088   k=         1
        315        0.007262269277582   k=         1
        316        -0.025716870728209   k=         1
        317        0.063710519580589   k=         1
        318        0.002021267527147   k=         1
        319        -0.006745872958310   k=         1
        320        -0.016553536087045   k=         1
        321        0.065486618374840   k=         1
        322        -0.000526189064194   k=         1
        323        0.003118607232412   k=         1
        324        0.009209884846578   k=         1
        325        -0.049421542151628   k=         1
        326        0.001013673319148   k=         1
        327        -0.003288522023431   k=         1
        328        0.012627962477567   k=         1
        329        -0.048788508066790   k=         1
        330        0.000021207122948   k=         1
        331        0.002607724280748   k=         1
        332        0.021487995614960   k=         1
        333        -0.093759512936701   k=         1
        334        0.001389626854509   k=         1
        335        0.000337120389189   k=         1
        336        -0.018042686903239   k=         1
        337        0.056631536612246   k=         1
        338        -0.000671747517455   k=         1
        339        0.007528219949125   k=         1
        340        -0.021681041140797   k=         1
        341        0.078157659087873   k=         1
        342        0.000305075745146   k=         1
        343        -0.004512773663825   k=         1
        344        0.018317429376269   k=         1
        345        -0.049487072863273   k=         1
        346        -0.000067551732144   k=         1
        347        -0.001401375787352   k=         1
        348        0.019764537318646   k=         1
        349        -0.047447847567043   k=         1
        350        -0.000958135866751   k=         1
        351        0.003391824620081   k=         1
        352        0.020407432093292   k=         1
        353        -0.046524036026310   k=         1
        354        0.000511479681936   k=         1
        355        -0.003118716762099   k=         1
        356        -0.010855656220034   k=         1
        357        0.026700407525712   k=         1
        358        0.000350215735564   k=         1
        359        -0.000130752376479   k=         1
        360        -0.009867834788253   k=         1
        361        0.027322577924954   k=         1
        362        -0.000330982925511   k=         1
        363        -0.008545289054006   k=         1
        364        -0.026558720603145   k=         1
        365        0.061612846015667   k=         1
        366        0.000419256927696   k=         1
        367        0.005193501046804   k=         1
        368        0.014172451366982   k=         1
        369        -0.024792623431913   k=         1
        370        0.001810807741049   k=         1
        371        0.000034242076020   k=         1
        372        0.000432508855245   k=         1
        373        -0.005001631005670   k=         1
        374        0.054480131543945   k=         1
        375        0.166626022870617   k=         1
        376        0.000040455004003   k=         1
        377        0.001248854704234   k=         1
        378        -0.001291902721798   k=         1
        379        -0.003414428388505   k=         1
        380        -0.004062588665095   k=         1
        381        -0.001208344283032   k=         1
        382        0.001236619430292   k=         1
        383        0.002371295500132   k=         1
        384        0.005029892636503   k=         1
        385        0.001817330735910   k=         1
        386        -0.001146018428487   k=         1
        387        0.000763990488326   k=         1
        388        0.001486279119904   k=         1
        389        -0.004648134260534   k=         1
        390        -0.000570640755832   k=         1
        391        -0.000307422112296   k=         1
        392        0.000052215665872   k=         1
        393        0.000804266405850   k=         1
        394        -0.001055528198754   k=         1
        395        0.000620057955261   k=         1
        396        0.000343902550196   k=         1
        397        0.001282891006231   k=         1
        398        -0.002157275957861   k=         1
        399        -0.001748902388639   k=         1
        400        0.005367218975664   k=         1
        401        0.022142350951591   k=         1
        402        -0.048493174083266   k=         1
        403        0.000148262168376   k=         1
        404        -0.001038297657697   k=         1
        405        -0.011659873313762   k=         1
        406        0.016865187457904   k=         1
        407        -0.001405373690166   k=         1
        408        0.002912409152856   k=         1
        409        -0.024739521917507   k=         1
        410        0.016931375866379   k=         1
        411        0.001004545808384   k=         1
        412        -0.002706012775204   k=         1
        413        -0.022432044316566   k=         1
        414        0.017687670882720   k=         1
        415        -0.000259403449309   k=         1
        416        0.000565099154583   k=         1
        417        0.006098053263688   k=         1
        418        -0.005234533833883   k=         1
        419        0.000558459131528   k=         1
        420        -0.001118792993773   k=         1
        421        0.005186349767143   k=         1
        422        -0.003968435863833   k=         1
        423        -0.000052167730394   k=         1
        424        0.000413034743062   k=         1
        425        0.024136511188266   k=         1
        426        -0.024314530940199   k=         1
