# file_format= v0.04.05
       144       426
    188.97268778      0.00000000      0.00000000    0
      0.00000000    188.97268778      0.00000000    0
      0.00000000      0.00000000    188.97268778    0
 6
       4
     2     2     2     2
     0     1     1     1
 1.710E+00 1.625E+00 1.625E+00 1.625E+00
 0.000E+00 0.000E+00 0.000E+00 0.000E+00
 0.000E+00 0.000E+00 0.000E+00 0.000E+00
 0.000E+00 0.000E+00 0.000E+00 0.000E+00
      0.820956     -0.581180    -0.241004
 6
       4
     2     2     2     2
     0     1     1     1
 1.710E+00 1.625E+00 1.625E+00 1.625E+00
 0.000E+00 0.000E+00 0.000E+00 0.000E+00
 0.000E+00 0.000E+00 0.000E+00 0.000E+00
 0.000E+00 0.000E+00 0.000E+00 0.000E+00
      -0.977041     1.313171    0.533842
 6
       4
     2     2     2     2
     0     1     1     1
 1.710E+00 1.625E+00 1.625E+00 1.625E+00
 0.000E+00 0.000E+00 0.000E+00 0.000E+00
 0.000E+00 0.000E+00 0.000E+00 0.000E+00
 0.000E+00 0.000E+00 0.000E+00 0.000E+00
      -0.248146     -2.906225    -1.096816
 6
       4
     2     2     2     2
     0     1     1     1
 1.710E+00 1.625E+00 1.625E+00 1.625E+00
 0.000E+00 0.000E+00 0.000E+00 0.000E+00
 0.000E+00 0.000E+00 0.000E+00 0.000E+00
 0.000E+00 0.000E+00 0.000E+00 0.000E+00
      -3.585725     0.857896    0.490252
 6
       4
     2     2     2     2
     0     1     1     1
 1.710E+00 1.625E+00 1.625E+00 1.625E+00
 0.000E+00 0.000E+00 0.000E+00 0.000E+00
 0.000E+00 0.000E+00 0.000E+00 0.000E+00
 0.000E+00 0.000E+00 0.000E+00 0.000E+00
      -4.671881     -1.514689    -0.261408
 6
       4
     2     2     2     2
     0     1     1     1
 1.710E+00 1.625E+00 1.625E+00 1.625E+00
 0.000E+00 0.000E+00 0.000E+00 0.000E+00
 0.000E+00 0.000E+00 0.000E+00 0.000E+00
 0.000E+00 0.000E+00 0.000E+00 0.000E+00
      -2.875927     -3.430926    -1.091527
 6
       4
     2     2     2     2
     0     1     1     1
 1.710E+00 1.625E+00 1.625E+00 1.625E+00
 0.000E+00 0.000E+00 0.000E+00 0.000E+00
 0.000E+00 0.000E+00 0.000E+00 0.000E+00
 0.000E+00 0.000E+00 0.000E+00 0.000E+00
      3.556111     -0.086253    -0.061127
 6
       4
     2     2     2     2
     0     1     1     1
 1.710E+00 1.625E+00 1.625E+00 1.625E+00
 0.000E+00 0.000E+00 0.000E+00 0.000E+00
 0.000E+00 0.000E+00 0.000E+00 0.000E+00
 0.000E+00 0.000E+00 0.000E+00 0.000E+00
      5.833779     0.596424    -0.050987
 6
       4
     2     2     2     2
     0     1     1     1
 1.710E+00 1.625E+00 1.625E+00 1.625E+00
 0.000E+00 0.000E+00 0.000E+00 0.000E+00
 0.000E+00 0.000E+00 0.000E+00 0.000E+00
 0.000E+00 0.000E+00 0.000E+00 0.000E+00
      8.589137     0.826954    0.061032
 6
       4
     2     2     2     2
     0     1     1     1
 1.710E+00 1.625E+00 1.625E+00 1.625E+00
 0.000E+00 0.000E+00 0.000E+00 0.000E+00
 0.000E+00 0.000E+00 0.000E+00 0.000E+00
 0.000E+00 0.000E+00 0.000E+00 0.000E+00
      9.832293     3.112209    -0.744834
 6
       4
     2     2     2     2
     0     1     1     1
 1.710E+00 1.625E+00 1.625E+00 1.625E+00
 0.000E+00 0.000E+00 0.000E+00 0.000E+00
 0.000E+00 0.000E+00 0.000E+00 0.000E+00
 0.000E+00 0.000E+00 0.000E+00 0.000E+00
      10.157069     -1.216473    0.975091
 6
       4
     2     2     2     2
     0     1     1     1
 1.710E+00 1.625E+00 1.625E+00 1.625E+00
 0.000E+00 0.000E+00 0.000E+00 0.000E+00
 0.000E+00 0.000E+00 0.000E+00 0.000E+00
 0.000E+00 0.000E+00 0.000E+00 0.000E+00
      12.489401     3.326014    -0.738371
 6
       4
     2     2     2     2
     0     1     1     1
 1.710E+00 1.625E+00 1.625E+00 1.625E+00
 0.000E+00 0.000E+00 0.000E+00 0.000E+00
 0.000E+00 0.000E+00 0.000E+00 0.000E+00
 0.000E+00 0.000E+00 0.000E+00 0.000E+00
      12.819482     -0.969239    1.018984
 6
       4
     2     2     2     2
     0     1     1     1
 1.710E+00 1.625E+00 1.625E+00 1.625E+00
 0.000E+00 0.000E+00 0.000E+00 0.000E+00
 0.000E+00 0.000E+00 0.000E+00 0.000E+00
 0.000E+00 0.000E+00 0.000E+00 0.000E+00
      14.038948     1.289489    0.143959
 6
       4
     2     2     2     2
     0     1     1     1
 1.710E+00 1.625E+00 1.625E+00 1.625E+00
 0.000E+00 0.000E+00 0.000E+00 0.000E+00
 0.000E+00 0.000E+00 0.000E+00 0.000E+00
 0.000E+00 0.000E+00 0.000E+00 0.000E+00
      16.769623     1.440187    0.109610
 6
       4
     2     2     2     2
     0     1     1     1
 1.710E+00 1.625E+00 1.625E+00 1.625E+00
 0.000E+00 0.000E+00 0.000E+00 0.000E+00
 0.000E+00 0.000E+00 0.000E+00 0.000E+00
 0.000E+00 0.000E+00 0.000E+00 0.000E+00
      19.123539     1.315705    0.227869
 6
       4
     2     2     2     2
     0     1     1     1
 1.710E+00 1.625E+00 1.625E+00 1.625E+00
 0.000E+00 0.000E+00 0.000E+00 0.000E+00
 0.000E+00 0.000E+00 0.000E+00 0.000E+00
 0.000E+00 0.000E+00 0.000E+00 0.000E+00
      21.876511     1.251121    0.175319
 6
       4
     2     2     2     2
     0     1     1     1
 1.710E+00 1.625E+00 1.625E+00 1.625E+00
 0.000E+00 0.000E+00 0.000E+00 0.000E+00
 0.000E+00 0.000E+00 0.000E+00 0.000E+00
 0.000E+00 0.000E+00 0.000E+00 0.000E+00
      23.128423     -0.603584    1.689173
 6
       4
     2     2     2     2
     0     1     1     1
 1.710E+00 1.625E+00 1.625E+00 1.625E+00
 0.000E+00 0.000E+00 0.000E+00 0.000E+00
 0.000E+00 0.000E+00 0.000E+00 0.000E+00
 0.000E+00 0.000E+00 0.000E+00 0.000E+00
      23.344431     2.861034    -1.431422
 6
       4
     2     2     2     2
     0     1     1     1
 1.710E+00 1.625E+00 1.625E+00 1.625E+00
 0.000E+00 0.000E+00 0.000E+00 0.000E+00
 0.000E+00 0.000E+00 0.000E+00 0.000E+00
 0.000E+00 0.000E+00 0.000E+00 0.000E+00
      26.004922     2.535510    -1.585559
 6
       4
     2     2     2     2
     0     1     1     1
 1.710E+00 1.625E+00 1.625E+00 1.625E+00
 0.000E+00 0.000E+00 0.000E+00 0.000E+00
 0.000E+00 0.000E+00 0.000E+00 0.000E+00
 0.000E+00 0.000E+00 0.000E+00 0.000E+00
      25.798337     -0.925835    1.559810
 6
       4
     2     2     2     2
     0     1     1     1
 1.710E+00 1.625E+00 1.625E+00 1.625E+00
 0.000E+00 0.000E+00 0.000E+00 0.000E+00
 0.000E+00 0.000E+00 0.000E+00 0.000E+00
 0.000E+00 0.000E+00 0.000E+00 0.000E+00
      27.243055     0.658498    -0.064198
 6
       4
     2     2     2     2
     0     1     1     1
 1.710E+00 1.625E+00 1.625E+00 1.625E+00
 0.000E+00 0.000E+00 0.000E+00 0.000E+00
 0.000E+00 0.000E+00 0.000E+00 0.000E+00
 0.000E+00 0.000E+00 0.000E+00 0.000E+00
      29.969229     0.336934    -0.065819
 6
       4
     2     2     2     2
     0     1     1     1
 1.710E+00 1.625E+00 1.625E+00 1.625E+00
 0.000E+00 0.000E+00 0.000E+00 0.000E+00
 0.000E+00 0.000E+00 0.000E+00 0.000E+00
 0.000E+00 0.000E+00 0.000E+00 0.000E+00
      32.251137     0.150537    0.349977
 6
       4
     2     2     2     2
     0     1     1     1
 1.710E+00 1.625E+00 1.625E+00 1.625E+00
 0.000E+00 0.000E+00 0.000E+00 0.000E+00
 0.000E+00 0.000E+00 0.000E+00 0.000E+00
 0.000E+00 0.000E+00 0.000E+00 0.000E+00
      34.959309     0.035555    0.307479
 6
       4
     2     2     2     2
     0     1     1     1
 1.710E+00 1.625E+00 1.625E+00 1.625E+00
 0.000E+00 0.000E+00 0.000E+00 0.000E+00
 0.000E+00 0.000E+00 0.000E+00 0.000E+00
 0.000E+00 0.000E+00 0.000E+00 0.000E+00
      36.349161     -2.278872    0.698322
 6
       4
     2     2     2     2
     0     1     1     1
 1.710E+00 1.625E+00 1.625E+00 1.625E+00
 0.000E+00 0.000E+00 0.000E+00 0.000E+00
 0.000E+00 0.000E+00 0.000E+00 0.000E+00
 0.000E+00 0.000E+00 0.000E+00 0.000E+00
      36.349924     2.287891    -0.270393
 6
       4
     2     2     2     2
     0     1     1     1
 1.710E+00 1.625E+00 1.625E+00 1.625E+00
 0.000E+00 0.000E+00 0.000E+00 0.000E+00
 0.000E+00 0.000E+00 0.000E+00 0.000E+00
 0.000E+00 0.000E+00 0.000E+00 0.000E+00
      39.021729     2.193566    -0.462210
 6
       4
     2     2     2     2
     0     1     1     1
 1.710E+00 1.625E+00 1.625E+00 1.625E+00
 0.000E+00 0.000E+00 0.000E+00 0.000E+00
 0.000E+00 0.000E+00 0.000E+00 0.000E+00
 0.000E+00 0.000E+00 0.000E+00 0.000E+00
      39.014342     -2.351237    0.629575
 6
       4
     2     2     2     2
     0     1     1     1
 1.710E+00 1.625E+00 1.625E+00 1.625E+00
 0.000E+00 0.000E+00 0.000E+00 0.000E+00
 0.000E+00 0.000E+00 0.000E+00 0.000E+00
 0.000E+00 0.000E+00 0.000E+00 0.000E+00
      40.410887     -0.097516    -0.025145
 6
       4
     2     2     2     2
     0     1     1     1
 1.710E+00 1.625E+00 1.625E+00 1.625E+00
 0.000E+00 0.000E+00 0.000E+00 0.000E+00
 0.000E+00 0.000E+00 0.000E+00 0.000E+00
 0.000E+00 0.000E+00 0.000E+00 0.000E+00
      43.145508     -0.223592    -0.266894
 6
       4
     2     2     2     2
     0     1     1     1
 1.710E+00 1.625E+00 1.625E+00 1.625E+00
 0.000E+00 0.000E+00 0.000E+00 0.000E+00
 0.000E+00 0.000E+00 0.000E+00 0.000E+00
 0.000E+00 0.000E+00 0.000E+00 0.000E+00
      45.493475     -0.511116    -0.311383
 6
       4
     2     2     2     2
     0     1     1     1
 1.710E+00 1.625E+00 1.625E+00 1.625E+00
 0.000E+00 0.000E+00 0.000E+00 0.000E+00
 0.000E+00 0.000E+00 0.000E+00 0.000E+00
 0.000E+00 0.000E+00 0.000E+00 0.000E+00
      48.271777     -0.456346    -0.232644
 6
       4
     2     2     2     2
     0     1     1     1
 1.710E+00 1.625E+00 1.625E+00 1.625E+00
 0.000E+00 0.000E+00 0.000E+00 0.000E+00
 0.000E+00 0.000E+00 0.000E+00 0.000E+00
 0.000E+00 0.000E+00 0.000E+00 0.000E+00
      49.708322     -2.441250    0.955485
 6
       4
     2     2     2     2
     0     1     1     1
 1.710E+00 1.625E+00 1.625E+00 1.625E+00
 0.000E+00 0.000E+00 0.000E+00 0.000E+00
 0.000E+00 0.000E+00 0.000E+00 0.000E+00
 0.000E+00 0.000E+00 0.000E+00 0.000E+00
      49.500405     1.775949    -1.182105
 6
       4
     2     2     2     2
     0     1     1     1
 1.710E+00 1.625E+00 1.625E+00 1.625E+00
 0.000E+00 0.000E+00 0.000E+00 0.000E+00
 0.000E+00 0.000E+00 0.000E+00 0.000E+00
 0.000E+00 0.000E+00 0.000E+00 0.000E+00
      52.136933     1.986641    -1.007413
 6
       4
     2     2     2     2
     0     1     1     1
 1.710E+00 1.625E+00 1.625E+00 1.625E+00
 0.000E+00 0.000E+00 0.000E+00 0.000E+00
 0.000E+00 0.000E+00 0.000E+00 0.000E+00
 0.000E+00 0.000E+00 0.000E+00 0.000E+00
      52.369517     -2.120664    1.147597
 6
       4
     2     2     2     2
     0     1     1     1
 1.710E+00 1.625E+00 1.625E+00 1.625E+00
 0.000E+00 0.000E+00 0.000E+00 0.000E+00
 0.000E+00 0.000E+00 0.000E+00 0.000E+00
 0.000E+00 0.000E+00 0.000E+00 0.000E+00
      53.598534     0.052122    0.174066
 6
       4
     2     2     2     2
     0     1     1     1
 1.710E+00 1.625E+00 1.625E+00 1.625E+00
 0.000E+00 0.000E+00 0.000E+00 0.000E+00
 0.000E+00 0.000E+00 0.000E+00 0.000E+00
 0.000E+00 0.000E+00 0.000E+00 0.000E+00
      56.342188     0.196541    0.245307
 1
       1
     1
     0
 1.300E+00
 0.000E+00
 0.000E+00
 0.000E+00
      -4.940454     2.455722    1.085128
 1
       1
     1
     0
 1.300E+00
 0.000E+00
 0.000E+00
 0.000E+00
      -0.264431     3.190679    1.175360
 1
       1
     1
     0
 1.300E+00
 0.000E+00
 0.000E+00
 0.000E+00
      -7.376111     -1.890735    -0.245388
 1
       1
     1
     0
 1.300E+00
 0.000E+00
 0.000E+00
 0.000E+00
      -3.610733     -5.327638    -1.784005
 1
       1
     1
     0
 1.300E+00
 0.000E+00
 0.000E+00
 0.000E+00
      1.143209     -4.446414    -1.855698
 1
       1
     1
     0
 1.300E+00
 0.000E+00
 0.000E+00
 0.000E+00
      8.649274     4.790374    -1.504400
 1
       1
     1
     0
 1.300E+00
 0.000E+00
 0.000E+00
 0.000E+00
      9.289027     -3.050655    1.687068
 1
       1
     1
     0
 1.300E+00
 0.000E+00
 0.000E+00
 0.000E+00
      13.428952     5.107648    -1.517679
 1
       1
     1
     0
 1.300E+00
 0.000E+00
 0.000E+00
 0.000E+00
      14.016485     -2.559539    1.790241
 1
       1
     1
     0
 1.300E+00
 0.000E+00
 0.000E+00
 0.000E+00
      22.294537     4.351387    -2.650908
 1
       1
     1
     0
 1.300E+00
 0.000E+00
 0.000E+00
 0.000E+00
      27.205820     3.728295    -2.823725
 1
       1
     1
     0
 1.300E+00
 0.000E+00
 0.000E+00
 0.000E+00
      21.943160     -1.862508    2.981402
 1
       1
     1
     0
 1.300E+00
 0.000E+00
 0.000E+00
 0.000E+00
      26.822147     -2.438234    2.727075
 1
       1
     1
     0
 1.300E+00
 0.000E+00
 0.000E+00
 0.000E+00
      35.342453     4.123985    -0.625282
 1
       1
     1
     0
 1.300E+00
 0.000E+00
 0.000E+00
 0.000E+00
      35.173944     -4.043235    1.196796
 1
       1
     1
     0
 1.300E+00
 0.000E+00
 0.000E+00
 0.000E+00
      40.127721     4.045363    -0.926567
 1
       1
     1
     0
 1.300E+00
 0.000E+00
 0.000E+00
 0.000E+00
      40.124531     -4.214533    0.976779
 1
       1
     1
     0
 1.300E+00
 0.000E+00
 0.000E+00
 0.000E+00
      48.206381     3.294599    -2.046959
 1
       1
     1
     0
 1.300E+00
 0.000E+00
 0.000E+00
 0.000E+00
      48.667956     -4.186068    1.786770
 1
       1
     1
     0
 1.300E+00
 0.000E+00
 0.000E+00
 0.000E+00
      53.204676     3.742956    -1.840659
 1
       1
     1
     0
 1.300E+00
 0.000E+00
 0.000E+00
 0.000E+00
      53.590376     -3.605427    2.104217
 1
       1
     1
     0
 1.300E+00
 0.000E+00
 0.000E+00
 0.000E+00
      61.766508     4.180492    -1.412992
 1
       1
     1
     0
 1.300E+00
 0.000E+00
 0.000E+00
 0.000E+00
      61.489151     -3.858203    1.065463
 6
       4
     2     2     2     2
     0     1     1     1
 1.710E+00 1.625E+00 1.625E+00 1.625E+00
 0.000E+00 0.000E+00 0.000E+00 0.000E+00
 0.000E+00 0.000E+00 0.000E+00 0.000E+00
 0.000E+00 0.000E+00 0.000E+00 0.000E+00
      69.515324     -0.021617    0.117339
 1
       1
     1
     0
 1.300E+00
 0.000E+00
 0.000E+00
 0.000E+00
      66.637814     3.895111    -1.367950
 1
       1
     1
     0
 1.300E+00
 0.000E+00
 0.000E+00
 0.000E+00
      66.362203     -4.046739    0.974934
 6
       4
     2     2     2     2
     0     1     1     1
 1.710E+00 1.625E+00 1.625E+00 1.625E+00
 0.000E+00 0.000E+00 0.000E+00 0.000E+00
 0.000E+00 0.000E+00 0.000E+00 0.000E+00
 0.000E+00 0.000E+00 0.000E+00 0.000E+00
      58.671511     0.125514    0.048126
 6
       4
     2     2     2     2
     0     1     1     1
 1.710E+00 1.625E+00 1.625E+00 1.625E+00
 0.000E+00 0.000E+00 0.000E+00 0.000E+00
 0.000E+00 0.000E+00 0.000E+00 0.000E+00
 0.000E+00 0.000E+00 0.000E+00 0.000E+00
      61.382546     0.163437    -0.081797
 6
       4
     2     2     2     2
     0     1     1     1
 1.710E+00 1.625E+00 1.625E+00 1.625E+00
 0.000E+00 0.000E+00 0.000E+00 0.000E+00
 0.000E+00 0.000E+00 0.000E+00 0.000E+00
 0.000E+00 0.000E+00 0.000E+00 0.000E+00
      62.693153     -2.134572    0.598183
 6
       4
     2     2     2     2
     0     1     1     1
 1.710E+00 1.625E+00 1.625E+00 1.625E+00
 0.000E+00 0.000E+00 0.000E+00 0.000E+00
 0.000E+00 0.000E+00 0.000E+00 0.000E+00
 0.000E+00 0.000E+00 0.000E+00 0.000E+00
      62.803350     2.312975    -0.841667
 6
       4
     2     2     2     2
     0     1     1     1
 1.710E+00 1.625E+00 1.625E+00 1.625E+00
 0.000E+00 0.000E+00 0.000E+00 0.000E+00
 0.000E+00 0.000E+00 0.000E+00 0.000E+00
 0.000E+00 0.000E+00 0.000E+00 0.000E+00
      65.485740     2.212741    -0.841514
 6
       4
     2     2     2     2
     0     1     1     1
 1.710E+00 1.625E+00 1.625E+00 1.625E+00
 0.000E+00 0.000E+00 0.000E+00 0.000E+00
 0.000E+00 0.000E+00 0.000E+00 0.000E+00
 0.000E+00 0.000E+00 0.000E+00 0.000E+00
      65.323819     -2.252888    0.595761
 6
       4
     2     2     2     2
     0     1     1     1
 1.710E+00 1.625E+00 1.625E+00 1.625E+00
 0.000E+00 0.000E+00 0.000E+00 0.000E+00
 0.000E+00 0.000E+00 0.000E+00 0.000E+00
 0.000E+00 0.000E+00 0.000E+00 0.000E+00
      66.794087     -0.017047    -0.007308
 6
       4
     2     2     2     2
     0     1     1     1
 1.710E+00 1.625E+00 1.625E+00 1.625E+00
 0.000E+00 0.000E+00 0.000E+00 0.000E+00
 0.000E+00 0.000E+00 0.000E+00 0.000E+00
 0.000E+00 0.000E+00 0.000E+00 0.000E+00
      80.008028     -0.170952    0.248061
 6
       4
     2     2     2     2
     0     1     1     1
 1.710E+00 1.625E+00 1.625E+00 1.625E+00
 0.000E+00 0.000E+00 0.000E+00 0.000E+00
 0.000E+00 0.000E+00 0.000E+00 0.000E+00
 0.000E+00 0.000E+00 0.000E+00 0.000E+00
      78.776586     2.143983    -0.448264
 6
       4
     2     2     2     2
     0     1     1     1
 1.710E+00 1.625E+00 1.625E+00 1.625E+00
 0.000E+00 0.000E+00 0.000E+00 0.000E+00
 0.000E+00 0.000E+00 0.000E+00 0.000E+00
 0.000E+00 0.000E+00 0.000E+00 0.000E+00
      78.405721     -2.267599    0.930325
 6
       4
     2     2     2     2
     0     1     1     1
 1.710E+00 1.625E+00 1.625E+00 1.625E+00
 0.000E+00 0.000E+00 0.000E+00 0.000E+00
 0.000E+00 0.000E+00 0.000E+00 0.000E+00
 0.000E+00 0.000E+00 0.000E+00 0.000E+00
      76.116568     2.378443    -0.480323
 6
       4
     2     2     2     2
     0     1     1     1
 1.710E+00 1.625E+00 1.625E+00 1.625E+00
 0.000E+00 0.000E+00 0.000E+00 0.000E+00
 0.000E+00 0.000E+00 0.000E+00 0.000E+00
 0.000E+00 0.000E+00 0.000E+00 0.000E+00
      74.570039     0.228912    0.158576
 6
       4
     2     2     2     2
     0     1     1     1
 1.710E+00 1.625E+00 1.625E+00 1.625E+00
 0.000E+00 0.000E+00 0.000E+00 0.000E+00
 0.000E+00 0.000E+00 0.000E+00 0.000E+00
 0.000E+00 0.000E+00 0.000E+00 0.000E+00
      75.753155     -2.076253    0.887334
 6
       4
     2     2     2     2
     0     1     1     1
 1.710E+00 1.625E+00 1.625E+00 1.625E+00
 0.000E+00 0.000E+00 0.000E+00 0.000E+00
 0.000E+00 0.000E+00 0.000E+00 0.000E+00
 0.000E+00 0.000E+00 0.000E+00 0.000E+00
      82.772557     -0.214743    0.270469
 6
       4
     2     2     2     2
     0     1     1     1
 1.710E+00 1.625E+00 1.625E+00 1.625E+00
 0.000E+00 0.000E+00 0.000E+00 0.000E+00
 0.000E+00 0.000E+00 0.000E+00 0.000E+00
 0.000E+00 0.000E+00 0.000E+00 0.000E+00
      85.128707     -0.157365    0.184422
 6
       4
     2     2     2     2
     0     1     1     1
 1.710E+00 1.625E+00 1.625E+00 1.625E+00
 0.000E+00 0.000E+00 0.000E+00 0.000E+00
 0.000E+00 0.000E+00 0.000E+00 0.000E+00
 0.000E+00 0.000E+00 0.000E+00 0.000E+00
      87.887244     0.095484    -0.016684
 6
       4
     2     2     2     2
     0     1     1     1
 1.710E+00 1.625E+00 1.625E+00 1.625E+00
 0.000E+00 0.000E+00 0.000E+00 0.000E+00
 0.000E+00 0.000E+00 0.000E+00 0.000E+00
 0.000E+00 0.000E+00 0.000E+00 0.000E+00
      89.127978     2.279106    -1.034111
 6
       4
     2     2     2     2
     0     1     1     1
 1.710E+00 1.625E+00 1.625E+00 1.625E+00
 0.000E+00 0.000E+00 0.000E+00 0.000E+00
 0.000E+00 0.000E+00 0.000E+00 0.000E+00
 0.000E+00 0.000E+00 0.000E+00 0.000E+00
      89.489102     -1.949517    0.772741
 6
       4
     2     2     2     2
     0     1     1     1
 1.710E+00 1.625E+00 1.625E+00 1.625E+00
 0.000E+00 0.000E+00 0.000E+00 0.000E+00
 0.000E+00 0.000E+00 0.000E+00 0.000E+00
 0.000E+00 0.000E+00 0.000E+00 0.000E+00
      91.823549     2.395364    -1.267479
 6
       4
     2     2     2     2
     0     1     1     1
 1.710E+00 1.625E+00 1.625E+00 1.625E+00
 0.000E+00 0.000E+00 0.000E+00 0.000E+00
 0.000E+00 0.000E+00 0.000E+00 0.000E+00
 0.000E+00 0.000E+00 0.000E+00 0.000E+00
      92.145925     -1.881319    0.478957
 6
       4
     2     2     2     2
     0     1     1     1
 1.710E+00 1.625E+00 1.625E+00 1.625E+00
 0.000E+00 0.000E+00 0.000E+00 0.000E+00
 0.000E+00 0.000E+00 0.000E+00 0.000E+00
 0.000E+00 0.000E+00 0.000E+00 0.000E+00
      93.391953     0.345578    -0.453929
 6
       4
     2     2     2     2
     0     1     1     1
 1.710E+00 1.625E+00 1.625E+00 1.625E+00
 0.000E+00 0.000E+00 0.000E+00 0.000E+00
 0.000E+00 0.000E+00 0.000E+00 0.000E+00
 0.000E+00 0.000E+00 0.000E+00 0.000E+00
      96.156757     0.478235    -0.428811
 6
       4
     2     2     2     2
     0     1     1     1
 1.710E+00 1.625E+00 1.625E+00 1.625E+00
 0.000E+00 0.000E+00 0.000E+00 0.000E+00
 0.000E+00 0.000E+00 0.000E+00 0.000E+00
 0.000E+00 0.000E+00 0.000E+00 0.000E+00
      98.477312     0.323514    -0.001631
 6
       4
     2     2     2     2
     0     1     1     1
 1.710E+00 1.625E+00 1.625E+00 1.625E+00
 0.000E+00 0.000E+00 0.000E+00 0.000E+00
 0.000E+00 0.000E+00 0.000E+00 0.000E+00
 0.000E+00 0.000E+00 0.000E+00 0.000E+00
      101.226861     0.199200    0.159740
 6
       4
     2     2     2     2
     0     1     1     1
 1.710E+00 1.625E+00 1.625E+00 1.625E+00
 0.000E+00 0.000E+00 0.000E+00 0.000E+00
 0.000E+00 0.000E+00 0.000E+00 0.000E+00
 0.000E+00 0.000E+00 0.000E+00 0.000E+00
      102.583053     -2.060090    0.831950
 6
       4
     2     2     2     2
     0     1     1     1
 1.710E+00 1.625E+00 1.625E+00 1.625E+00
 0.000E+00 0.000E+00 0.000E+00 0.000E+00
 0.000E+00 0.000E+00 0.000E+00 0.000E+00
 0.000E+00 0.000E+00 0.000E+00 0.000E+00
      102.608397     2.419344    -0.596184
 6
       4
     2     2     2     2
     0     1     1     1
 1.710E+00 1.625E+00 1.625E+00 1.625E+00
 0.000E+00 0.000E+00 0.000E+00 0.000E+00
 0.000E+00 0.000E+00 0.000E+00 0.000E+00
 0.000E+00 0.000E+00 0.000E+00 0.000E+00
      105.250337     2.399948    -0.755960
 6
       4
     2     2     2     2
     0     1     1     1
 1.710E+00 1.625E+00 1.625E+00 1.625E+00
 0.000E+00 0.000E+00 0.000E+00 0.000E+00
 0.000E+00 0.000E+00 0.000E+00 0.000E+00
 0.000E+00 0.000E+00 0.000E+00 0.000E+00
      105.272714     -2.054673    0.704102
 6
       4
     2     2     2     2
     0     1     1     1
 1.710E+00 1.625E+00 1.625E+00 1.625E+00
 0.000E+00 0.000E+00 0.000E+00 0.000E+00
 0.000E+00 0.000E+00 0.000E+00 0.000E+00
 0.000E+00 0.000E+00 0.000E+00 0.000E+00
      106.638672     0.135832    -0.113911
 6
       4
     2     2     2     2
     0     1     1     1
 1.710E+00 1.625E+00 1.625E+00 1.625E+00
 0.000E+00 0.000E+00 0.000E+00 0.000E+00
 0.000E+00 0.000E+00 0.000E+00 0.000E+00
 0.000E+00 0.000E+00 0.000E+00 0.000E+00
      109.359314     0.382431    -0.149814
 6
       4
     2     2     2     2
     0     1     1     1
 1.710E+00 1.625E+00 1.625E+00 1.625E+00
 0.000E+00 0.000E+00 0.000E+00 0.000E+00
 0.000E+00 0.000E+00 0.000E+00 0.000E+00
 0.000E+00 0.000E+00 0.000E+00 0.000E+00
      111.604142     0.968224    0.234201
 6
       4
     2     2     2     2
     0     1     1     1
 1.710E+00 1.625E+00 1.625E+00 1.625E+00
 0.000E+00 0.000E+00 0.000E+00 0.000E+00
 0.000E+00 0.000E+00 0.000E+00 0.000E+00
 0.000E+00 0.000E+00 0.000E+00 0.000E+00
      114.340307     0.904506    0.215502
 6
       4
     2     2     2     2
     0     1     1     1
 1.710E+00 1.625E+00 1.625E+00 1.625E+00
 0.000E+00 0.000E+00 0.000E+00 0.000E+00
 0.000E+00 0.000E+00 0.000E+00 0.000E+00
 0.000E+00 0.000E+00 0.000E+00 0.000E+00
      115.498709     -1.488815    -0.297889
 6
       4
     2     2     2     2
     0     1     1     1
 1.710E+00 1.625E+00 1.625E+00 1.625E+00
 0.000E+00 0.000E+00 0.000E+00 0.000E+00
 0.000E+00 0.000E+00 0.000E+00 0.000E+00
 0.000E+00 0.000E+00 0.000E+00 0.000E+00
      115.895718     3.095653    0.663634
 6
       4
     2     2     2     2
     0     1     1     1
 1.710E+00 1.625E+00 1.625E+00 1.625E+00
 0.000E+00 0.000E+00 0.000E+00 0.000E+00
 0.000E+00 0.000E+00 0.000E+00 0.000E+00
 0.000E+00 0.000E+00 0.000E+00 0.000E+00
      118.530196     2.872087    0.723555
 6
       4
     2     2     2     2
     0     1     1     1
 1.710E+00 1.625E+00 1.625E+00 1.625E+00
 0.000E+00 0.000E+00 0.000E+00 0.000E+00
 0.000E+00 0.000E+00 0.000E+00 0.000E+00
 0.000E+00 0.000E+00 0.000E+00 0.000E+00
      118.159335     -1.674817    -0.315167
 6
       4
     2     2     2     2
     0     1     1     1
 1.710E+00 1.625E+00 1.625E+00 1.625E+00
 0.000E+00 0.000E+00 0.000E+00 0.000E+00
 0.000E+00 0.000E+00 0.000E+00 0.000E+00
 0.000E+00 0.000E+00 0.000E+00 0.000E+00
      119.744031     0.493122    0.229813
 6
       4
     2     2     2     2
     0     1     1     1
 1.710E+00 1.625E+00 1.625E+00 1.625E+00
 0.000E+00 0.000E+00 0.000E+00 0.000E+00
 0.000E+00 0.000E+00 0.000E+00 0.000E+00
 0.000E+00 0.000E+00 0.000E+00 0.000E+00
      122.485011     0.148655    0.179741
 6
       4
     2     2     2     2
     0     1     1     1
 1.710E+00 1.625E+00 1.625E+00 1.625E+00
 0.000E+00 0.000E+00 0.000E+00 0.000E+00
 0.000E+00 0.000E+00 0.000E+00 0.000E+00
 0.000E+00 0.000E+00 0.000E+00 0.000E+00
      124.787011     -0.233013    -0.086610
 6
       4
     2     2     2     2
     0     1     1     1
 1.710E+00 1.625E+00 1.625E+00 1.625E+00
 0.000E+00 0.000E+00 0.000E+00 0.000E+00
 0.000E+00 0.000E+00 0.000E+00 0.000E+00
 0.000E+00 0.000E+00 0.000E+00 0.000E+00
      127.543813     -0.372777    -0.256169
 6
       4
     2     2     2     2
     0     1     1     1
 1.710E+00 1.625E+00 1.625E+00 1.625E+00
 0.000E+00 0.000E+00 0.000E+00 0.000E+00
 0.000E+00 0.000E+00 0.000E+00 0.000E+00
 0.000E+00 0.000E+00 0.000E+00 0.000E+00
      128.818354     -2.563939    -1.172613
 6
       4
     2     2     2     2
     0     1     1     1
 1.710E+00 1.625E+00 1.625E+00 1.625E+00
 0.000E+00 0.000E+00 0.000E+00 0.000E+00
 0.000E+00 0.000E+00 0.000E+00 0.000E+00
 0.000E+00 0.000E+00 0.000E+00 0.000E+00
      129.036128     1.720492    0.550266
 6
       4
     2     2     2     2
     0     1     1     1
 1.710E+00 1.625E+00 1.625E+00 1.625E+00
 0.000E+00 0.000E+00 0.000E+00 0.000E+00
 0.000E+00 0.000E+00 0.000E+00 0.000E+00
 0.000E+00 0.000E+00 0.000E+00 0.000E+00
      131.732198     1.578216    0.621255
 6
       4
     2     2     2     2
     0     1     1     1
 1.710E+00 1.625E+00 1.625E+00 1.625E+00
 0.000E+00 0.000E+00 0.000E+00 0.000E+00
 0.000E+00 0.000E+00 0.000E+00 0.000E+00
 0.000E+00 0.000E+00 0.000E+00 0.000E+00
      131.472081     -2.736960    -1.178966
 6
       4
     2     2     2     2
     0     1     1     1
 1.710E+00 1.625E+00 1.625E+00 1.625E+00
 0.000E+00 0.000E+00 0.000E+00 0.000E+00
 0.000E+00 0.000E+00 0.000E+00 0.000E+00
 0.000E+00 0.000E+00 0.000E+00 0.000E+00
      132.988966     -0.700038    -0.210427
 6
       4
     2     2     2     2
     0     1     1     1
 1.710E+00 1.625E+00 1.625E+00 1.625E+00
 0.000E+00 0.000E+00 0.000E+00 0.000E+00
 0.000E+00 0.000E+00 0.000E+00 0.000E+00
 0.000E+00 0.000E+00 0.000E+00 0.000E+00
      135.727018     -0.931059    0.039486
 1
       1
     1
     0
 1.300E+00
 0.000E+00
 0.000E+00
 0.000E+00
      75.207789     4.162879    -1.017241
 1
       1
     1
     0
 1.300E+00
 0.000E+00
 0.000E+00
 0.000E+00
      79.978943     3.881010    -0.950585
 6
       4
     2     2     2     2
     0     1     1     1
 1.710E+00 1.625E+00 1.625E+00 1.625E+00
 0.000E+00 0.000E+00 0.000E+00 0.000E+00
 0.000E+00 0.000E+00 0.000E+00 0.000E+00
 0.000E+00 0.000E+00 0.000E+00 0.000E+00
      71.860720     0.338202    0.097765
 1
       1
     1
     0
 1.300E+00
 0.000E+00
 0.000E+00
 0.000E+00
      74.497330     -3.721084    1.429893
 1
       1
     1
     0
 1.300E+00
 0.000E+00
 0.000E+00
 0.000E+00
      79.347491     -4.214866    1.458169
 1
       1
     1
     0
 1.300E+00
 0.000E+00
 0.000E+00
 0.000E+00
      87.935740     3.929082    -1.628762
 1
       1
     1
     0
 1.300E+00
 0.000E+00
 0.000E+00
 0.000E+00
      88.552395     -3.688103    1.638472
 1
       1
     1
     0
 1.300E+00
 0.000E+00
 0.000E+00
 0.000E+00
      92.775852     4.190927    -2.041390
 1
       1
     1
     0
 1.300E+00
 0.000E+00
 0.000E+00
 0.000E+00
      93.369878     -3.559165    1.082033
 1
       1
     1
     0
 1.300E+00
 0.000E+00
 0.000E+00
 0.000E+00
      101.482946     4.143944    -1.122641
 1
       1
     1
     0
 1.300E+00
 0.000E+00
 0.000E+00
 0.000E+00
      106.460998     4.110891    -1.321402
 1
       1
     1
     0
 1.300E+00
 0.000E+00
 0.000E+00
 0.000E+00
      101.536446     -3.892255    1.439019
 1
       1
     1
     0
 1.300E+00
 0.000E+00
 0.000E+00
 0.000E+00
      106.390522     -3.852446    1.317940
 1
       1
     1
     0
 1.300E+00
 0.000E+00
 0.000E+00
 0.000E+00
      114.916796     5.001177    0.980807
 1
       1
     1
     0
 1.300E+00
 0.000E+00
 0.000E+00
 0.000E+00
      114.285888     -3.265815    -0.791946
 1
       1
     1
     0
 1.300E+00
 0.000E+00
 0.000E+00
 0.000E+00
      119.732844     4.624670    1.048146
 1
       1
     1
     0
 1.300E+00
 0.000E+00
 0.000E+00
 0.000E+00
      119.098788     -3.610204    -0.803585
 1
       1
     1
     0
 1.300E+00
 0.000E+00
 0.000E+00
 0.000E+00
      128.090373     3.509737    1.147506
 1
       1
     1
     0
 1.300E+00
 0.000E+00
 0.000E+00
 0.000E+00
      127.725089     -4.248648    -1.834673
 1
       1
     1
     0
 1.300E+00
 0.000E+00
 0.000E+00
 0.000E+00
      132.870179     3.169760    1.311991
 1
       1
     1
     0
 1.300E+00
 0.000E+00
 0.000E+00
 0.000E+00
      132.509164     -4.511044    -1.839125
 1
       1
     1
     0
 1.300E+00
 0.000E+00
 0.000E+00
 0.000E+00
      141.436517     1.844140    3.430340
 1
       1
     1
     0
 1.300E+00
 0.000E+00
 0.000E+00
 0.000E+00
      140.838869     -3.971469    -2.563871
 1
       1
     1
     0
 1.300E+00
 0.000E+00
 0.000E+00
 0.000E+00
      148.971429     -1.665423    0.046109
 1
       1
     1
     0
 1.300E+00
 0.000E+00
 0.000E+00
 0.000E+00
      146.153823     1.634845    3.266184
 1
       1
     1
     0
 1.300E+00
 0.000E+00
 0.000E+00
 0.000E+00
      145.669813     -4.204699    -2.875088
 6
       4
     2     2     2     2
     0     1     1     1
 1.710E+00 1.625E+00 1.625E+00 1.625E+00
 0.000E+00 0.000E+00 0.000E+00 0.000E+00
 0.000E+00 0.000E+00 0.000E+00 0.000E+00
 0.000E+00 0.000E+00 0.000E+00 0.000E+00
      138.077083     -0.926395    0.432335
 6
       4
     2     2     2     2
     0     1     1     1
 1.710E+00 1.625E+00 1.625E+00 1.625E+00
 0.000E+00 0.000E+00 0.000E+00 0.000E+00
 0.000E+00 0.000E+00 0.000E+00 0.000E+00
 0.000E+00 0.000E+00 0.000E+00 0.000E+00
      140.805305     -1.033599    0.446964
 6
       4
     2     2     2     2
     0     1     1     1
 1.710E+00 1.625E+00 1.625E+00 1.625E+00
 0.000E+00 0.000E+00 0.000E+00 0.000E+00
 0.000E+00 0.000E+00 0.000E+00 0.000E+00
 0.000E+00 0.000E+00 0.000E+00 0.000E+00
      142.065131     -2.772449    -1.274310
 6
       4
     2     2     2     2
     0     1     1     1
 1.710E+00 1.625E+00 1.625E+00 1.625E+00
 0.000E+00 0.000E+00 0.000E+00 0.000E+00
 0.000E+00 0.000E+00 0.000E+00 0.000E+00
 0.000E+00 0.000E+00 0.000E+00 0.000E+00
      142.309064     0.529280    2.030917
 6
       4
     2     2     2     2
     0     1     1     1
 1.710E+00 1.625E+00 1.625E+00 1.625E+00
 0.000E+00 0.000E+00 0.000E+00 0.000E+00
 0.000E+00 0.000E+00 0.000E+00 0.000E+00
 0.000E+00 0.000E+00 0.000E+00 0.000E+00
      145.007967     0.340419    1.902555
 6
       4
     2     2     2     2
     0     1     1     1
 1.710E+00 1.625E+00 1.625E+00 1.625E+00
 0.000E+00 0.000E+00 0.000E+00 0.000E+00
 0.000E+00 0.000E+00 0.000E+00 0.000E+00
 0.000E+00 0.000E+00 0.000E+00 0.000E+00
      144.720145     -2.902103    -1.452984
 6
       4
     2     2     2     2
     0     1     1     1
 1.710E+00 1.625E+00 1.625E+00 1.625E+00
 0.000E+00 0.000E+00 0.000E+00 0.000E+00
 0.000E+00 0.000E+00 0.000E+00 0.000E+00
 0.000E+00 0.000E+00 0.000E+00 0.000E+00
      146.224869     -1.375569    0.183388
# LCAO coefficients .. are not included.
         1
        1        -0.000032563299651   k=         1
        2        -0.000672795724198   k=         1
        3        -0.000128948495085   k=         1
        4        0.006105167141571   k=         1
        5        0.001021165965652   k=         1
        6        0.002694444841627   k=         1
        7        -0.004789912478409   k=         1
        8        0.006833049606974   k=         1
        9        -0.000886592052808   k=         1
        10        -0.000438682789245   k=         1
        11        -0.005235671500915   k=         1
        12        0.006476464986566   k=         1
        13        -0.000312285228107   k=         1
        14        -0.000750203885099   k=         1
        15        0.000834533021797   k=         1
        16        -0.001733638253025   k=         1
        17        -0.000021430489866   k=         1
        18        -0.000492833839020   k=         1
        19        0.002806593684768   k=         1
        20        -0.009401450583547   k=         1
        21        0.000168193784662   k=         1
        22        -0.000066271362934   k=         1
        23        0.001208623088529   k=         1
        24        -0.002074461947449   k=         1
        25        -0.000245770131922   k=         1
        26        0.002564751234239   k=         1
        27        -0.005788452583114   k=         1
        28        -0.017917393660420   k=         1
        29        0.000073711018523   k=         1
        30        0.000322032870715   k=         1
        31        -0.001890197373968   k=         1
        32        -0.009247324875221   k=         1
        33        -0.000181510247578   k=         1
        34        -0.001268645141321   k=         1
        35        0.008357613356951   k=         1
        36        0.022594058917967   k=         1
        37        0.000084127203329   k=         1
        38        -0.000032370921506   k=         1
        39        0.004065255200210   k=         1
        40        0.009484273048985   k=         1
        41        -0.000143586650300   k=         1
        42        -0.001532500538328   k=         1
        43        0.003922808667234   k=         1
        44        0.009130537468558   k=         1
        45        -0.000597953236214   k=         1
        46        -0.000753701173711   k=         1
        47        -0.006101587714405   k=         1
        48        -0.016921942089135   k=         1
        49        0.000682050286912   k=         1
        50        0.002414443306457   k=         1
        51        -0.005519614689596   k=         1
        52        -0.017116947661538   k=         1
        53        -0.000117917430456   k=         1
        54        -0.000135351125727   k=         1
        55        -0.008196276714906   k=         1
        56        -0.016833207174244   k=         1
        57        -0.000066971243861   k=         1
        58        -0.000222295763437   k=         1
        59        0.018365174644000   k=         1
        60        0.022785337876203   k=         1
        61        -0.000350155411764   k=         1
        62        -0.000961503165116   k=         1
        63        0.011151923883717   k=         1
        64        0.018092419451384   k=         1
        65        -0.000166478149908   k=         1
        66        -0.000910032808887   k=         1
        67        -0.022046716057021   k=         1
        68        -0.026395302545844   k=         1
        69        -0.000975966057301   k=         1
        70        -0.004008279637165   k=         1
        71        -0.012455851514784   k=         1
        72        -0.012873369654206   k=         1
        73        0.000366013536869   k=         1
        74        -0.003487058878240   k=         1
        75        -0.012864352132702   k=         1
        76        -0.012077133036049   k=         1
        77        -0.001444369668165   k=         1
        78        0.002756441578004   k=         1
        79        0.018631681771096   k=         1
        80        0.017065015321158   k=         1
        81        0.001612187572199   k=         1
        82        0.007709983416027   k=         1
        83        0.019540620302649   k=         1
        84        0.015414397846383   k=         1
        85        -0.000348068676451   k=         1
        86        0.000112301183923   k=         1
        87        0.017653392423758   k=         1
        88        0.024403749307367   k=         1
        89        0.002456266755689   k=         1
        90        0.005422098861939   k=         1
        91        -0.012916718790483   k=         1
        92        -0.040521932032234   k=         1
        93        -0.002144880642185   k=         1
        94        0.001576900138148   k=         1
        95        -0.015017471817150   k=         1
        96        -0.027341016072698   k=         1
        97        0.000482845110655   k=         1
        98        0.002509071071207   k=         1
        99        0.011959544437563   k=         1
        100        0.049226162168534   k=         1
        101        -0.001757916711162   k=         1
        102        0.001428993152328   k=         1
        103        0.003378092676948   k=         1
        104        0.026411315604462   k=         1
        105        0.000561930960024   k=         1
        106        0.000568898485551   k=         1
        107        0.004672977079297   k=         1
        108        0.026946558315501   k=         1
        109        -0.000391231014165   k=         1
        110        -0.003057650969809   k=         1
        111        -0.006512891390644   k=         1
        112        -0.036246593025898   k=         1
        113        0.000726338114042   k=         1
        114        0.000188942037307   k=         1
        115        -0.005617484187700   k=         1
        116        -0.035300260545408   k=         1
        117        -0.000289875441167   k=         1
        118        -0.006088797467230   k=         1
        119        -0.012624876494458   k=         1
        120        -0.042723184300789   k=         1
        121        -0.000257130572404   k=         1
        122        0.006968857606798   k=         1
        123        0.020726902129136   k=         1
        124        0.049136155250893   k=         1
        125        -0.000314129052505   k=         1
        126        0.000277296039716   k=         1
        127        0.015104881030190   k=         1
        128        0.043421521994954   k=         1
        129        0.000555785954574   k=         1
        130        0.005049157877570   k=         1
        131        -0.025741671139920   k=         1
        132        -0.055825962245840   k=         1
        133        -0.000185143551395   k=         1
        134        0.006360276080714   k=         1
        135        -0.018678391629363   k=         1
        136        -0.031054937709160   k=         1
        137        0.000667978312502   k=         1
        138        0.003867507456515   k=         1
        139        -0.015974374957036   k=         1
        140        -0.031068884309639   k=         1
        141        -0.001052530324367   k=         1
        142        -0.006207096674116   k=         1
        143        0.021845414552296   k=         1
        144        0.034879411451172   k=         1
        145        0.000528982211237   k=         1
        146        -0.006169283731788   k=         1
        147        0.020419986689236   k=         1
        148        0.037421354878383   k=         1
        149        0.000710965131359   k=         1
        150        -0.003278101476343   k=         1
        151        0.024374734445487   k=         1
        152        0.050252167394631   k=         1
        153        -0.002074328665018   k=         1
        154        -0.002832677853803   k=         1
        155        -0.022740922031855   k=         1
        156        -0.059304631663284   k=         1
        157        0.001174458278879   k=         1
        158        -0.000461929558126   k=         1
        159        -0.000176995126813   k=         1
        160        -0.000992635853235   k=         1
        161        0.000812919080316   k=         1
        162        -0.000394562053259   k=         1
        163        0.000465177365431   k=         1
        164        0.000217723074104   k=         1
        165        0.000127674333220   k=         1
        166        -0.000623359134342   k=         1
        167        0.001783444836375   k=         1
        168        0.002714024771946   k=         1
        169        -0.000142584572459   k=         1
        170        -0.000713322427378   k=         1
        171        0.001548441847848   k=         1
        172        0.001471568812755   k=         1
        173        -0.000863235624173   k=         1
        174        -0.001903980169245   k=         1
        175        0.000358778176316   k=         1
        176        0.000248200598294   k=         1
        177        -0.001749632140560   k=         1
        178        -0.000603762907374   k=         1
        179        0.001380511804617   k=         1
        180        0.000670988042907   k=         1
        181        -0.004429595274676   k=         1
        182        0.019033251714357   k=         1
        183        0.058721364344505   k=         1
        184        0.000316904690163   k=         1
        185        -0.001993245205836   k=         1
        186        0.001692328155181   k=         1
        187        -0.005351933168634   k=         1
        188        -0.022620019209016   k=         1
        189        -0.049362881825620   k=         1
        190        -0.000427065025157   k=         1
        191        0.004076996889724   k=         1
        192        0.023911645011434   k=         1
        193        0.065541023100274   k=         1
        194        0.000343897931301   k=         1
        195        0.001939044616463   k=         1
        196        0.010203122335341   k=         1
        197        0.040937270060867   k=         1
        198        0.000989035092888   k=         1
        199        0.000003089211815   k=         1
        200        0.011402817235745   k=         1
        201        0.042561949598912   k=         1
        202        -0.000104199151275   k=         1
        203        0.000242992935404   k=         1
        204        -0.015009178724695   k=         1
        205        -0.048307832404749   k=         1
        206        -0.000356009157635   k=         1
        207        -0.001280309121693   k=         1
        208        -0.009899459058088   k=         1
        209        -0.042819995177573   k=         1
        210        -0.000799998846922   k=         1
        211        0.005296714895256   k=         1
        212        -0.022553529924154   k=         1
        213        -0.064554060816932   k=         1
        214        -0.000251934886970   k=         1
        215        0.000117782987110   k=         1
        216        0.020869796793785   k=         1
        217        0.063276343098524   k=         1
        218        0.000248416016459   k=         1
        219        0.001021601228705   k=         1
        220        0.009245801292947   k=         1
        221        0.035466056340288   k=         1
        222        -0.000094788074140   k=         1
        223        0.000423025301393   k=         1
        224        0.009849137172191   k=         1
        225        0.036326670766698   k=         1
        226        -0.000432976950929   k=         1
        227        -0.000649604284574   k=         1
        228        -0.013100453852825   k=         1
        229        -0.045287357351561   k=         1
        230        0.000455291778182   k=         1
        231        0.000240519585677   k=         1
        232        -0.018249073528241   k=         1
        233        -0.056816168628412   k=         1
        234        0.000210399265768   k=         1
        235        -0.001007429283807   k=         1
        236        -0.013344484753225   k=         1
        237        -0.044180418258777   k=         1
        238        -0.000568161366411   k=         1
        239        -0.000222403102401   k=         1
        240        -0.017055025881127   k=         1
        241        -0.043212312356034   k=         1
        242        0.000780049058119   k=         1
        243        -0.000882241551050   k=         1
        244        -0.018530344998892   k=         1
        245        -0.053886818010294   k=         1
        246        -0.000021047187162   k=         1
        247        0.001553838803191   k=         1
        248        0.018257888198125   k=         1
        249        0.043340773961673   k=         1
        250        -0.000167432902162   k=         1
        251        0.004767892733381   k=         1
        252        0.015804729188263   k=         1
        253        0.034355671417003   k=         1
        254        0.000848379783228   k=         1
        255        0.004843721206583   k=         1
        256        0.015208389153785   k=         1
        257        0.032339204406671   k=         1
        258        0.000296666804664   k=         1
        259        -0.003252297900918   k=         1
        260        -0.011465396192994   k=         1
        261        -0.028677891826901   k=         1
        262        0.000008687174533   k=         1
        263        -0.004463312801411   k=         1
        264        -0.012416082206062   k=         1
        265        -0.026518420925980   k=         1
        266        -0.000104631470893   k=         1
        267        0.002073953221668   k=         1
        268        -0.018584506570209   k=         1
        269        -0.048004181692790   k=         1
        270        -0.000900530455405   k=         1
        271        -0.005898041444088   k=         1
        272        0.012767535540519   k=         1
        273        0.036810810620172   k=         1
        274        0.001117198335962   k=         1
        275        -0.006289657479392   k=         1
        276        0.015993581198124   k=         1
        277        0.041730106602873   k=         1
        278        -0.000569500035612   k=         1
        279        0.001678307535851   k=         1
        280        -0.011957897609120   k=         1
        281        -0.037766124035149   k=         1
        282        0.000008837126281   k=         1
        283        -0.003701028180653   k=         1
        284        -0.008542007446313   k=         1
        285        -0.030794082728190   k=         1
        286        0.000010118547196   k=         1
        287        -0.002514937150343   k=         1
        288        -0.009905506022124   k=         1
        289        -0.027670759571303   k=         1
        290        -0.000965419844896   k=         1
        291        0.001431612149699   k=         1
        292        0.007821533190506   k=         1
        293        0.021957050555437   k=         1
        294        0.000564375753241   k=         1
        295        0.004152705035518   k=         1
        296        0.010824387491116   k=         1
        297        0.022560989792293   k=         1
        298        -0.000869170739543   k=         1
        299        0.000110885038988   k=         1
        300        0.012178137786955   k=         1
        301        0.042155927066229   k=         1
        302        0.001882051231527   k=         1
        303        0.003603372261698   k=         1
        304        0.000994167318866   k=         1
        305        -0.029965866066168   k=         1
        306        -0.003241262361530   k=         1
        307        0.005606951930561   k=         1
        308        -0.006866108111912   k=         1
        309        -0.036694511175612   k=         1
        310        0.000275187177215   k=         1
        311        -0.001345550044888   k=         1
        312        -0.003312891600216   k=         1
        313        0.029356239296609   k=         1
        314        -0.001075468890516   k=         1
        315        0.002360527788634   k=         1
        316        -0.009101244340796   k=         1
        317        0.021872306355546   k=         1
        318        0.000739126036013   k=         1
        319        -0.002481601766534   k=         1
        320        -0.006098689757448   k=         1
        321        0.023516179281462   k=         1
        322        -0.000303359538366   k=         1
        323        0.000955661973077   k=         1
        324        0.003073176289822   k=         1
        325        -0.016735436910661   k=         1
        326        0.000274056629845   k=         1
        327        -0.001249548523512   k=         1
        328        0.004481671707413   k=         1
        329        -0.017161245049903   k=         1
        330        0.000150111717531   k=         1
        331        0.001037853364065   k=         1
        332        0.007610827680660   k=         1
        333        -0.033249149842008   k=         1
        334        0.000497720297877   k=         1
        335        -0.000037078623393   k=         1
        336        -0.006066211048124   k=         1
        337        0.018783547653327   k=         1
        338        -0.000222376879766   k=         1
        339        0.002652035310992   k=         1
        340        -0.007482638573390   k=         1
        341        0.026817978424687   k=         1
        342        0.000099991699406   k=         1
        343        -0.001633999438785   k=         1
        344        0.006492526616210   k=         1
        345        -0.016838894439391   k=         1
        346        -0.000010959279564   k=         1
        347        -0.000420345132850   k=         1
        348        0.006312566770036   k=         1
        349        -0.015519794450023   k=         1
        350        -0.000427787055090   k=         1
        351        0.001210114673114   k=         1
        352        0.006477293744765   k=         1
        353        -0.015860602964572   k=         1
        354        0.000212293992042   k=         1
        355        -0.001125186206031   k=         1
        356        -0.003737710488476   k=         1
        357        0.009733395027665   k=         1
        358        0.000175377504067   k=         1
        359        -0.000054867253937   k=         1
        360        -0.003470800384314   k=         1
        361        0.009755304355419   k=         1
        362        -0.000163724253123   k=         1
        363        -0.002975074495228   k=         1
        364        -0.009072142650039   k=         1
        365        0.020738746384023   k=         1
        366        0.000133377973978   k=         1
        367        0.001899145862187   k=         1
        368        0.005215600961293   k=         1
        369        -0.009049145790568   k=         1
        370        0.000843481011708   k=         1
        371        -0.000385660854068   k=         1
        372        -0.000020539959764   k=         1
        373        -0.001473138374035   k=         1
        374        0.021433098603310   k=         1
        375        0.062501283674138   k=         1
        376        -0.000259001909063   k=         1
        377        0.000582132543269   k=         1
        378        -0.000570671948117   k=         1
        379        -0.001201746416241   k=         1
        380        -0.001562840996002   k=         1
        381        -0.000658625672140   k=         1
        382        0.000216284165202   k=         1
        383        0.000932961625437   k=         1
        384        0.001760555510649   k=         1
        385        0.000522815643151   k=         1
        386        -0.000456361220961   k=         1
        387        0.000258611452058   k=         1
        388        0.000592976603365   k=         1
        389        -0.001680675670631   k=         1
        390        -0.000305279838484   k=         1
        391        -0.000047081023188   k=         1
        392        0.000117220950677   k=         1
        393        0.000177663496960   k=         1
        394        -0.000391252154618   k=         1
        395        0.000167883851535   k=         1
        396        0.000227407897900   k=         1
        397        0.000381405503621   k=         1
        398        -0.000773274640398   k=         1
        399        -0.000575481470532   k=         1
        400        0.001859802461590   k=         1
        401        0.007807714697120   k=         1
        402        -0.016858714253574   k=         1
        403        0.000018004461869   k=         1
        404        -0.000363133539609   k=         1
        405        -0.004213604032612   k=         1
        406        0.006049276991633   k=         1
        407        -0.000471101927361   k=         1
        408        0.001218694235888   k=         1
        409        -0.008655221257017   k=         1
        410        0.006021738760493   k=         1
        411        0.000366559213947   k=         1
        412        -0.000771067395995   k=         1
        413        -0.008077218874199   k=         1
        414        0.006381796578198   k=         1
        415        -0.000091353529393   k=         1
        416        0.000120674624105   k=         1
        417        0.002371398585463   k=         1
        418        -0.002059394384047   k=         1
        419        0.000181101392651   k=         1
        420        -0.000496102484891   k=         1
        421        0.001699774836039   k=         1
        422        -0.001306633130050   k=         1
        423        0.000004831594554   k=         1
        424        0.000453193710681   k=         1
        425        0.008447273999781   k=         1
        426        -0.008517814110776   k=         1
