# file_format= v0.04.05
       144       426
    188.97268778      0.00000000      0.00000000    0
      0.00000000    188.97268778      0.00000000    0
      0.00000000      0.00000000    188.97268778    0
 6
       4
     2     2     2     2
     0     1     1     1
 1.710E+00 1.625E+00 1.625E+00 1.625E+00
 0.000E+00 0.000E+00 0.000E+00 0.000E+00
 0.000E+00 0.000E+00 0.000E+00 0.000E+00
 0.000E+00 0.000E+00 0.000E+00 0.000E+00
      1.024991     -0.707731    -0.140150
 6
       4
     2     2     2     2
     0     1     1     1
 1.710E+00 1.625E+00 1.625E+00 1.625E+00
 0.000E+00 0.000E+00 0.000E+00 0.000E+00
 0.000E+00 0.000E+00 0.000E+00 0.000E+00
 0.000E+00 0.000E+00 0.000E+00 0.000E+00
      -0.761544     1.134569    0.539118
 6
       4
     2     2     2     2
     0     1     1     1
 1.710E+00 1.625E+00 1.625E+00 1.625E+00
 0.000E+00 0.000E+00 0.000E+00 0.000E+00
 0.000E+00 0.000E+00 0.000E+00 0.000E+00
 0.000E+00 0.000E+00 0.000E+00 0.000E+00
      0.063491     -3.130331    -0.818455
 6
       4
     2     2     2     2
     0     1     1     1
 1.710E+00 1.625E+00 1.625E+00 1.625E+00
 0.000E+00 0.000E+00 0.000E+00 0.000E+00
 0.000E+00 0.000E+00 0.000E+00 0.000E+00
 0.000E+00 0.000E+00 0.000E+00 0.000E+00
      -3.372475     0.597359    0.431424
 6
       4
     2     2     2     2
     0     1     1     1
 1.710E+00 1.625E+00 1.625E+00 1.625E+00
 0.000E+00 0.000E+00 0.000E+00 0.000E+00
 0.000E+00 0.000E+00 0.000E+00 0.000E+00
 0.000E+00 0.000E+00 0.000E+00 0.000E+00
      -4.093995     -1.749790    -0.378444
 6
       4
     2     2     2     2
     0     1     1     1
 1.710E+00 1.625E+00 1.625E+00 1.625E+00
 0.000E+00 0.000E+00 0.000E+00 0.000E+00
 0.000E+00 0.000E+00 0.000E+00 0.000E+00
 0.000E+00 0.000E+00 0.000E+00 0.000E+00
      -2.454491     -3.603613    -1.012305
 6
       4
     2     2     2     2
     0     1     1     1
 1.710E+00 1.625E+00 1.625E+00 1.625E+00
 0.000E+00 0.000E+00 0.000E+00 0.000E+00
 0.000E+00 0.000E+00 0.000E+00 0.000E+00
 0.000E+00 0.000E+00 0.000E+00 0.000E+00
      3.741468     -0.287824    0.003445
 6
       4
     2     2     2     2
     0     1     1     1
 1.710E+00 1.625E+00 1.625E+00 1.625E+00
 0.000E+00 0.000E+00 0.000E+00 0.000E+00
 0.000E+00 0.000E+00 0.000E+00 0.000E+00
 0.000E+00 0.000E+00 0.000E+00 0.000E+00
      5.906660     0.177162    -0.091202
 6
       4
     2     2     2     2
     0     1     1     1
 1.710E+00 1.625E+00 1.625E+00 1.625E+00
 0.000E+00 0.000E+00 0.000E+00 0.000E+00
 0.000E+00 0.000E+00 0.000E+00 0.000E+00
 0.000E+00 0.000E+00 0.000E+00 0.000E+00
      8.704257     0.367361    0.019759
 6
       4
     2     2     2     2
     0     1     1     1
 1.710E+00 1.625E+00 1.625E+00 1.625E+00
 0.000E+00 0.000E+00 0.000E+00 0.000E+00
 0.000E+00 0.000E+00 0.000E+00 0.000E+00
 0.000E+00 0.000E+00 0.000E+00 0.000E+00
      9.827303     2.718308    -0.565287
 6
       4
     2     2     2     2
     0     1     1     1
 1.710E+00 1.625E+00 1.625E+00 1.625E+00
 0.000E+00 0.000E+00 0.000E+00 0.000E+00
 0.000E+00 0.000E+00 0.000E+00 0.000E+00
 0.000E+00 0.000E+00 0.000E+00 0.000E+00
      10.192919     -1.681440    0.669082
 6
       4
     2     2     2     2
     0     1     1     1
 1.710E+00 1.625E+00 1.625E+00 1.625E+00
 0.000E+00 0.000E+00 0.000E+00 0.000E+00
 0.000E+00 0.000E+00 0.000E+00 0.000E+00
 0.000E+00 0.000E+00 0.000E+00 0.000E+00
      12.442385     3.048357    -0.485769
 6
       4
     2     2     2     2
     0     1     1     1
 1.710E+00 1.625E+00 1.625E+00 1.625E+00
 0.000E+00 0.000E+00 0.000E+00 0.000E+00
 0.000E+00 0.000E+00 0.000E+00 0.000E+00
 0.000E+00 0.000E+00 0.000E+00 0.000E+00
      12.861148     -1.385793    0.734671
 6
       4
     2     2     2     2
     0     1     1     1
 1.710E+00 1.625E+00 1.625E+00 1.625E+00
 0.000E+00 0.000E+00 0.000E+00 0.000E+00
 0.000E+00 0.000E+00 0.000E+00 0.000E+00
 0.000E+00 0.000E+00 0.000E+00 0.000E+00
      13.983972     0.985893    0.296443
 6
       4
     2     2     2     2
     0     1     1     1
 1.710E+00 1.625E+00 1.625E+00 1.625E+00
 0.000E+00 0.000E+00 0.000E+00 0.000E+00
 0.000E+00 0.000E+00 0.000E+00 0.000E+00
 0.000E+00 0.000E+00 0.000E+00 0.000E+00
      16.831701     1.295868    0.503860
 6
       4
     2     2     2     2
     0     1     1     1
 1.710E+00 1.625E+00 1.625E+00 1.625E+00
 0.000E+00 0.000E+00 0.000E+00 0.000E+00
 0.000E+00 0.000E+00 0.000E+00 0.000E+00
 0.000E+00 0.000E+00 0.000E+00 0.000E+00
      19.025140     1.536684    0.319377
 6
       4
     2     2     2     2
     0     1     1     1
 1.710E+00 1.625E+00 1.625E+00 1.625E+00
 0.000E+00 0.000E+00 0.000E+00 0.000E+00
 0.000E+00 0.000E+00 0.000E+00 0.000E+00
 0.000E+00 0.000E+00 0.000E+00 0.000E+00
      21.889352     1.312033    0.228487
 6
       4
     2     2     2     2
     0     1     1     1
 1.710E+00 1.625E+00 1.625E+00 1.625E+00
 0.000E+00 0.000E+00 0.000E+00 0.000E+00
 0.000E+00 0.000E+00 0.000E+00 0.000E+00
 0.000E+00 0.000E+00 0.000E+00 0.000E+00
      23.197498     -0.684754    1.545909
 6
       4
     2     2     2     2
     0     1     1     1
 1.710E+00 1.625E+00 1.625E+00 1.625E+00
 0.000E+00 0.000E+00 0.000E+00 0.000E+00
 0.000E+00 0.000E+00 0.000E+00 0.000E+00
 0.000E+00 0.000E+00 0.000E+00 0.000E+00
      23.394367     2.962971    -1.270402
 6
       4
     2     2     2     2
     0     1     1     1
 1.710E+00 1.625E+00 1.625E+00 1.625E+00
 0.000E+00 0.000E+00 0.000E+00 0.000E+00
 0.000E+00 0.000E+00 0.000E+00 0.000E+00
 0.000E+00 0.000E+00 0.000E+00 0.000E+00
      26.006917     2.792990    -1.376023
 6
       4
     2     2     2     2
     0     1     1     1
 1.710E+00 1.625E+00 1.625E+00 1.625E+00
 0.000E+00 0.000E+00 0.000E+00 0.000E+00
 0.000E+00 0.000E+00 0.000E+00 0.000E+00
 0.000E+00 0.000E+00 0.000E+00 0.000E+00
      25.773610     -0.851233    1.455422
 6
       4
     2     2     2     2
     0     1     1     1
 1.710E+00 1.625E+00 1.625E+00 1.625E+00
 0.000E+00 0.000E+00 0.000E+00 0.000E+00
 0.000E+00 0.000E+00 0.000E+00 0.000E+00
 0.000E+00 0.000E+00 0.000E+00 0.000E+00
      27.343184     0.904317    -0.007211
 6
       4
     2     2     2     2
     0     1     1     1
 1.710E+00 1.625E+00 1.625E+00 1.625E+00
 0.000E+00 0.000E+00 0.000E+00 0.000E+00
 0.000E+00 0.000E+00 0.000E+00 0.000E+00
 0.000E+00 0.000E+00 0.000E+00 0.000E+00
      30.166080     0.495199    -0.175945
 6
       4
     2     2     2     2
     0     1     1     1
 1.710E+00 1.625E+00 1.625E+00 1.625E+00
 0.000E+00 0.000E+00 0.000E+00 0.000E+00
 0.000E+00 0.000E+00 0.000E+00 0.000E+00
 0.000E+00 0.000E+00 0.000E+00 0.000E+00
      32.257396     0.112879    -0.155664
 6
       4
     2     2     2     2
     0     1     1     1
 1.710E+00 1.625E+00 1.625E+00 1.625E+00
 0.000E+00 0.000E+00 0.000E+00 0.000E+00
 0.000E+00 0.000E+00 0.000E+00 0.000E+00
 0.000E+00 0.000E+00 0.000E+00 0.000E+00
      35.201653     -0.160358    0.051076
 6
       4
     2     2     2     2
     0     1     1     1
 1.710E+00 1.625E+00 1.625E+00 1.625E+00
 0.000E+00 0.000E+00 0.000E+00 0.000E+00
 0.000E+00 0.000E+00 0.000E+00 0.000E+00
 0.000E+00 0.000E+00 0.000E+00 0.000E+00
      36.519779     -2.367817    0.687849
 6
       4
     2     2     2     2
     0     1     1     1
 1.710E+00 1.625E+00 1.625E+00 1.625E+00
 0.000E+00 0.000E+00 0.000E+00 0.000E+00
 0.000E+00 0.000E+00 0.000E+00 0.000E+00
 0.000E+00 0.000E+00 0.000E+00 0.000E+00
      36.555963     2.094347    -0.623802
 6
       4
     2     2     2     2
     0     1     1     1
 1.710E+00 1.625E+00 1.625E+00 1.625E+00
 0.000E+00 0.000E+00 0.000E+00 0.000E+00
 0.000E+00 0.000E+00 0.000E+00 0.000E+00
 0.000E+00 0.000E+00 0.000E+00 0.000E+00
      39.159834     2.045617    -0.579879
 6
       4
     2     2     2     2
     0     1     1     1
 1.710E+00 1.625E+00 1.625E+00 1.625E+00
 0.000E+00 0.000E+00 0.000E+00 0.000E+00
 0.000E+00 0.000E+00 0.000E+00 0.000E+00
 0.000E+00 0.000E+00 0.000E+00 0.000E+00
      39.148004     -2.415402    0.650570
 6
       4
     2     2     2     2
     0     1     1     1
 1.710E+00 1.625E+00 1.625E+00 1.625E+00
 0.000E+00 0.000E+00 0.000E+00 0.000E+00
 0.000E+00 0.000E+00 0.000E+00 0.000E+00
 0.000E+00 0.000E+00 0.000E+00 0.000E+00
      40.492852     -0.232202    0.031583
 6
       4
     2     2     2     2
     0     1     1     1
 1.710E+00 1.625E+00 1.625E+00 1.625E+00
 0.000E+00 0.000E+00 0.000E+00 0.000E+00
 0.000E+00 0.000E+00 0.000E+00 0.000E+00
 0.000E+00 0.000E+00 0.000E+00 0.000E+00
      43.307775     -0.185957    -0.275951
 6
       4
     2     2     2     2
     0     1     1     1
 1.710E+00 1.625E+00 1.625E+00 1.625E+00
 0.000E+00 0.000E+00 0.000E+00 0.000E+00
 0.000E+00 0.000E+00 0.000E+00 0.000E+00
 0.000E+00 0.000E+00 0.000E+00 0.000E+00
      45.472244     -0.664881    -0.360082
 6
       4
     2     2     2     2
     0     1     1     1
 1.710E+00 1.625E+00 1.625E+00 1.625E+00
 0.000E+00 0.000E+00 0.000E+00 0.000E+00
 0.000E+00 0.000E+00 0.000E+00 0.000E+00
 0.000E+00 0.000E+00 0.000E+00 0.000E+00
      48.262819     -0.579528    -0.315938
 6
       4
     2     2     2     2
     0     1     1     1
 1.710E+00 1.625E+00 1.625E+00 1.625E+00
 0.000E+00 0.000E+00 0.000E+00 0.000E+00
 0.000E+00 0.000E+00 0.000E+00 0.000E+00
 0.000E+00 0.000E+00 0.000E+00 0.000E+00
      49.819625     -2.442076    0.843470
 6
       4
     2     2     2     2
     0     1     1     1
 1.710E+00 1.625E+00 1.625E+00 1.625E+00
 0.000E+00 0.000E+00 0.000E+00 0.000E+00
 0.000E+00 0.000E+00 0.000E+00 0.000E+00
 0.000E+00 0.000E+00 0.000E+00 0.000E+00
      49.501304     1.606388    -1.400623
 6
       4
     2     2     2     2
     0     1     1     1
 1.710E+00 1.625E+00 1.625E+00 1.625E+00
 0.000E+00 0.000E+00 0.000E+00 0.000E+00
 0.000E+00 0.000E+00 0.000E+00 0.000E+00
 0.000E+00 0.000E+00 0.000E+00 0.000E+00
      52.092498     1.896149    -1.292899
 6
       4
     2     2     2     2
     0     1     1     1
 1.710E+00 1.625E+00 1.625E+00 1.625E+00
 0.000E+00 0.000E+00 0.000E+00 0.000E+00
 0.000E+00 0.000E+00 0.000E+00 0.000E+00
 0.000E+00 0.000E+00 0.000E+00 0.000E+00
      52.460889     -2.328492    0.865782
 6
       4
     2     2     2     2
     0     1     1     1
 1.710E+00 1.625E+00 1.625E+00 1.625E+00
 0.000E+00 0.000E+00 0.000E+00 0.000E+00
 0.000E+00 0.000E+00 0.000E+00 0.000E+00
 0.000E+00 0.000E+00 0.000E+00 0.000E+00
      53.628600     -0.050618    -0.067074
 6
       4
     2     2     2     2
     0     1     1     1
 1.710E+00 1.625E+00 1.625E+00 1.625E+00
 0.000E+00 0.000E+00 0.000E+00 0.000E+00
 0.000E+00 0.000E+00 0.000E+00 0.000E+00
 0.000E+00 0.000E+00 0.000E+00 0.000E+00
      56.469249     0.193085    -0.052451
 1
       1
     1
     0
 1.300E+00
 0.000E+00
 0.000E+00
 0.000E+00
      -4.873547     1.949065    0.835709
 1
       1
     1
     0
 1.300E+00
 0.000E+00
 0.000E+00
 0.000E+00
      0.014730     3.036565    1.038085
 1
       1
     1
     0
 1.300E+00
 0.000E+00
 0.000E+00
 0.000E+00
      -6.567540     -2.068451    -0.589691
 1
       1
     1
     0
 1.300E+00
 0.000E+00
 0.000E+00
 0.000E+00
      -3.241747     -5.369265    -1.708862
 1
       1
     1
     0
 1.300E+00
 0.000E+00
 0.000E+00
 0.000E+00
      1.315087     -4.567224    -1.347303
 1
       1
     1
     0
 1.300E+00
 0.000E+00
 0.000E+00
 0.000E+00
      8.739380     4.255850    -1.106083
 1
       1
     1
     0
 1.300E+00
 0.000E+00
 0.000E+00
 0.000E+00
      9.376830     -3.512657    1.163378
 1
       1
     1
     0
 1.300E+00
 0.000E+00
 0.000E+00
 0.000E+00
      13.359783     4.801624    -0.914110
 1
       1
     1
     0
 1.300E+00
 0.000E+00
 0.000E+00
 0.000E+00
      14.087868     -2.989573    1.225538
 1
       1
     1
     0
 1.300E+00
 0.000E+00
 0.000E+00
 0.000E+00
      22.463711     4.382607    -2.308032
 1
       1
     1
     0
 1.300E+00
 0.000E+00
 0.000E+00
 0.000E+00
      27.030877     4.136228    -2.674272
 1
       1
     1
     0
 1.300E+00
 0.000E+00
 0.000E+00
 0.000E+00
      22.207703     -2.111652    2.636867
 1
       1
     1
     0
 1.300E+00
 0.000E+00
 0.000E+00
 0.000E+00
      26.716428     -2.349347    2.444457
 1
       1
     1
     0
 1.300E+00
 0.000E+00
 0.000E+00
 0.000E+00
      35.526522     3.851821    -1.099369
 1
       1
     1
     0
 1.300E+00
 0.000E+00
 0.000E+00
 0.000E+00
      35.502979     -4.078221    1.126065
 1
       1
     1
     0
 1.300E+00
 0.000E+00
 0.000E+00
 0.000E+00
      40.220446     3.610331    -1.094371
 1
       1
     1
     0
 1.300E+00
 0.000E+00
 0.000E+00
 0.000E+00
      40.141894     -4.058136    1.143656
 1
       1
     1
     0
 1.300E+00
 0.000E+00
 0.000E+00
 0.000E+00
      48.259514     2.790772    -2.374616
 1
       1
     1
     0
 1.300E+00
 0.000E+00
 0.000E+00
 0.000E+00
      48.946821     -4.022448    1.608436
 1
       1
     1
     0
 1.300E+00
 0.000E+00
 0.000E+00
 0.000E+00
      52.970242     3.410154    -2.122104
 1
       1
     1
     0
 1.300E+00
 0.000E+00
 0.000E+00
 0.000E+00
      53.529962     -3.899295    1.657498
 1
       1
     1
     0
 1.300E+00
 0.000E+00
 0.000E+00
 0.000E+00
      61.751899     4.128088    -1.391035
 1
       1
     1
     0
 1.300E+00
 0.000E+00
 0.000E+00
 0.000E+00
      61.774759     -3.701176    0.901511
 6
       4
     2     2     2     2
     0     1     1     1
 1.710E+00 1.625E+00 1.625E+00 1.625E+00
 0.000E+00 0.000E+00 0.000E+00 0.000E+00
 0.000E+00 0.000E+00 0.000E+00 0.000E+00
 0.000E+00 0.000E+00 0.000E+00 0.000E+00
      69.739083     0.354431    -0.250992
 1
       1
     1
     0
 1.300E+00
 0.000E+00
 0.000E+00
 0.000E+00
      66.406324     4.299352    -1.507684
 1
       1
     1
     0
 1.300E+00
 0.000E+00
 0.000E+00
 0.000E+00
      66.698922     -3.565962    0.950150
 6
       4
     2     2     2     2
     0     1     1     1
 1.710E+00 1.625E+00 1.625E+00 1.625E+00
 0.000E+00 0.000E+00 0.000E+00 0.000E+00
 0.000E+00 0.000E+00 0.000E+00 0.000E+00
 0.000E+00 0.000E+00 0.000E+00 0.000E+00
      58.630741     0.188818    -0.051803
 6
       4
     2     2     2     2
     0     1     1     1
 1.710E+00 1.625E+00 1.625E+00 1.625E+00
 0.000E+00 0.000E+00 0.000E+00 0.000E+00
 0.000E+00 0.000E+00 0.000E+00 0.000E+00
 0.000E+00 0.000E+00 0.000E+00 0.000E+00
      61.484799     0.275947    -0.183364
 6
       4
     2     2     2     2
     0     1     1     1
 1.710E+00 1.625E+00 1.625E+00 1.625E+00
 0.000E+00 0.000E+00 0.000E+00 0.000E+00
 0.000E+00 0.000E+00 0.000E+00 0.000E+00
 0.000E+00 0.000E+00 0.000E+00 0.000E+00
      62.874392     -1.973700    0.542831
 6
       4
     2     2     2     2
     0     1     1     1
 1.710E+00 1.625E+00 1.625E+00 1.625E+00
 0.000E+00 0.000E+00 0.000E+00 0.000E+00
 0.000E+00 0.000E+00 0.000E+00 0.000E+00
 0.000E+00 0.000E+00 0.000E+00 0.000E+00
      62.762126     2.541232    -0.876432
 6
       4
     2     2     2     2
     0     1     1     1
 1.710E+00 1.625E+00 1.625E+00 1.625E+00
 0.000E+00 0.000E+00 0.000E+00 0.000E+00
 0.000E+00 0.000E+00 0.000E+00 0.000E+00
 0.000E+00 0.000E+00 0.000E+00 0.000E+00
      65.438941     2.528911    -0.884651
 6
       4
     2     2     2     2
     0     1     1     1
 1.710E+00 1.625E+00 1.625E+00 1.625E+00
 0.000E+00 0.000E+00 0.000E+00 0.000E+00
 0.000E+00 0.000E+00 0.000E+00 0.000E+00
 0.000E+00 0.000E+00 0.000E+00 0.000E+00
      65.488006     -1.942946    0.534615
 6
       4
     2     2     2     2
     0     1     1     1
 1.710E+00 1.625E+00 1.625E+00 1.625E+00
 0.000E+00 0.000E+00 0.000E+00 0.000E+00
 0.000E+00 0.000E+00 0.000E+00 0.000E+00
 0.000E+00 0.000E+00 0.000E+00 0.000E+00
      66.895469     0.373916    -0.173632
 6
       4
     2     2     2     2
     0     1     1     1
 1.710E+00 1.625E+00 1.625E+00 1.625E+00
 0.000E+00 0.000E+00 0.000E+00 0.000E+00
 0.000E+00 0.000E+00 0.000E+00 0.000E+00
 0.000E+00 0.000E+00 0.000E+00 0.000E+00
      80.043728     -0.196278    0.581206
 6
       4
     2     2     2     2
     0     1     1     1
 1.710E+00 1.625E+00 1.625E+00 1.625E+00
 0.000E+00 0.000E+00 0.000E+00 0.000E+00
 0.000E+00 0.000E+00 0.000E+00 0.000E+00
 0.000E+00 0.000E+00 0.000E+00 0.000E+00
      78.888042     2.162948    0.040234
 6
       4
     2     2     2     2
     0     1     1     1
 1.710E+00 1.625E+00 1.625E+00 1.625E+00
 0.000E+00 0.000E+00 0.000E+00 0.000E+00
 0.000E+00 0.000E+00 0.000E+00 0.000E+00
 0.000E+00 0.000E+00 0.000E+00 0.000E+00
      78.580818     -2.415068    0.992556
 6
       4
     2     2     2     2
     0     1     1     1
 1.710E+00 1.625E+00 1.625E+00 1.625E+00
 0.000E+00 0.000E+00 0.000E+00 0.000E+00
 0.000E+00 0.000E+00 0.000E+00 0.000E+00
 0.000E+00 0.000E+00 0.000E+00 0.000E+00
      76.291643     2.281268    -0.130357
 6
       4
     2     2     2     2
     0     1     1     1
 1.710E+00 1.625E+00 1.625E+00 1.625E+00
 0.000E+00 0.000E+00 0.000E+00 0.000E+00
 0.000E+00 0.000E+00 0.000E+00 0.000E+00
 0.000E+00 0.000E+00 0.000E+00 0.000E+00
      74.734284     0.121046    0.220049
 6
       4
     2     2     2     2
     0     1     1     1
 1.710E+00 1.625E+00 1.625E+00 1.625E+00
 0.000E+00 0.000E+00 0.000E+00 0.000E+00
 0.000E+00 0.000E+00 0.000E+00 0.000E+00
 0.000E+00 0.000E+00 0.000E+00 0.000E+00
      75.961302     -2.258631    0.828097
 6
       4
     2     2     2     2
     0     1     1     1
 1.710E+00 1.625E+00 1.625E+00 1.625E+00
 0.000E+00 0.000E+00 0.000E+00 0.000E+00
 0.000E+00 0.000E+00 0.000E+00 0.000E+00
 0.000E+00 0.000E+00 0.000E+00 0.000E+00
      82.879754     -0.207142    0.569074
 6
       4
     2     2     2     2
     0     1     1     1
 1.710E+00 1.625E+00 1.625E+00 1.625E+00
 0.000E+00 0.000E+00 0.000E+00 0.000E+00
 0.000E+00 0.000E+00 0.000E+00 0.000E+00
 0.000E+00 0.000E+00 0.000E+00 0.000E+00
      85.038093     -0.138356    0.424890
 6
       4
     2     2     2     2
     0     1     1     1
 1.710E+00 1.625E+00 1.625E+00 1.625E+00
 0.000E+00 0.000E+00 0.000E+00 0.000E+00
 0.000E+00 0.000E+00 0.000E+00 0.000E+00
 0.000E+00 0.000E+00 0.000E+00 0.000E+00
      87.852358     0.068712    0.061135
 6
       4
     2     2     2     2
     0     1     1     1
 1.710E+00 1.625E+00 1.625E+00 1.625E+00
 0.000E+00 0.000E+00 0.000E+00 0.000E+00
 0.000E+00 0.000E+00 0.000E+00 0.000E+00
 0.000E+00 0.000E+00 0.000E+00 0.000E+00
      89.149859     2.319994    -0.879409
 6
       4
     2     2     2     2
     0     1     1     1
 1.710E+00 1.625E+00 1.625E+00 1.625E+00
 0.000E+00 0.000E+00 0.000E+00 0.000E+00
 0.000E+00 0.000E+00 0.000E+00 0.000E+00
 0.000E+00 0.000E+00 0.000E+00 0.000E+00
      89.341252     -2.100478    0.585008
 6
       4
     2     2     2     2
     0     1     1     1
 1.710E+00 1.625E+00 1.625E+00 1.625E+00
 0.000E+00 0.000E+00 0.000E+00 0.000E+00
 0.000E+00 0.000E+00 0.000E+00 0.000E+00
 0.000E+00 0.000E+00 0.000E+00 0.000E+00
      91.746979     2.389555    -1.019585
 6
       4
     2     2     2     2
     0     1     1     1
 1.710E+00 1.625E+00 1.625E+00 1.625E+00
 0.000E+00 0.000E+00 0.000E+00 0.000E+00
 0.000E+00 0.000E+00 0.000E+00 0.000E+00
 0.000E+00 0.000E+00 0.000E+00 0.000E+00
      91.905629     -1.968709    0.539776
 6
       4
     2     2     2     2
     0     1     1     1
 1.710E+00 1.625E+00 1.625E+00 1.625E+00
 0.000E+00 0.000E+00 0.000E+00 0.000E+00
 0.000E+00 0.000E+00 0.000E+00 0.000E+00
 0.000E+00 0.000E+00 0.000E+00 0.000E+00
      93.229968     0.315180    -0.147510
 6
       4
     2     2     2     2
     0     1     1     1
 1.710E+00 1.625E+00 1.625E+00 1.625E+00
 0.000E+00 0.000E+00 0.000E+00 0.000E+00
 0.000E+00 0.000E+00 0.000E+00 0.000E+00
 0.000E+00 0.000E+00 0.000E+00 0.000E+00
      96.073176     0.267967    -0.258479
 6
       4
     2     2     2     2
     0     1     1     1
 1.710E+00 1.625E+00 1.625E+00 1.625E+00
 0.000E+00 0.000E+00 0.000E+00 0.000E+00
 0.000E+00 0.000E+00 0.000E+00 0.000E+00
 0.000E+00 0.000E+00 0.000E+00 0.000E+00
      98.260048     0.402362    -0.176593
 6
       4
     2     2     2     2
     0     1     1     1
 1.710E+00 1.625E+00 1.625E+00 1.625E+00
 0.000E+00 0.000E+00 0.000E+00 0.000E+00
 0.000E+00 0.000E+00 0.000E+00 0.000E+00
 0.000E+00 0.000E+00 0.000E+00 0.000E+00
      101.094673     0.494271    -0.057947
 6
       4
     2     2     2     2
     0     1     1     1
 1.710E+00 1.625E+00 1.625E+00 1.625E+00
 0.000E+00 0.000E+00 0.000E+00 0.000E+00
 0.000E+00 0.000E+00 0.000E+00 0.000E+00
 0.000E+00 0.000E+00 0.000E+00 0.000E+00
      102.509910     -1.688247    0.700748
 6
       4
     2     2     2     2
     0     1     1     1
 1.710E+00 1.625E+00 1.625E+00 1.625E+00
 0.000E+00 0.000E+00 0.000E+00 0.000E+00
 0.000E+00 0.000E+00 0.000E+00 0.000E+00
 0.000E+00 0.000E+00 0.000E+00 0.000E+00
      102.386301     2.706552    -0.759624
 6
       4
     2     2     2     2
     0     1     1     1
 1.710E+00 1.625E+00 1.625E+00 1.625E+00
 0.000E+00 0.000E+00 0.000E+00 0.000E+00
 0.000E+00 0.000E+00 0.000E+00 0.000E+00
 0.000E+00 0.000E+00 0.000E+00 0.000E+00
      104.997222     2.944395    -0.474189
 6
       4
     2     2     2     2
     0     1     1     1
 1.710E+00 1.625E+00 1.625E+00 1.625E+00
 0.000E+00 0.000E+00 0.000E+00 0.000E+00
 0.000E+00 0.000E+00 0.000E+00 0.000E+00
 0.000E+00 0.000E+00 0.000E+00 0.000E+00
      105.147079     -1.557784    0.959992
 6
       4
     2     2     2     2
     0     1     1     1
 1.710E+00 1.625E+00 1.625E+00 1.625E+00
 0.000E+00 0.000E+00 0.000E+00 0.000E+00
 0.000E+00 0.000E+00 0.000E+00 0.000E+00
 0.000E+00 0.000E+00 0.000E+00 0.000E+00
      106.447004     0.837753    0.331078
 6
       4
     2     2     2     2
     0     1     1     1
 1.710E+00 1.625E+00 1.625E+00 1.625E+00
 0.000E+00 0.000E+00 0.000E+00 0.000E+00
 0.000E+00 0.000E+00 0.000E+00 0.000E+00
 0.000E+00 0.000E+00 0.000E+00 0.000E+00
      109.323732     0.917538    0.252229
 6
       4
     2     2     2     2
     0     1     1     1
 1.710E+00 1.625E+00 1.625E+00 1.625E+00
 0.000E+00 0.000E+00 0.000E+00 0.000E+00
 0.000E+00 0.000E+00 0.000E+00 0.000E+00
 0.000E+00 0.000E+00 0.000E+00 0.000E+00
      111.475426     1.010017    0.097451
 6
       4
     2     2     2     2
     0     1     1     1
 1.710E+00 1.625E+00 1.625E+00 1.625E+00
 0.000E+00 0.000E+00 0.000E+00 0.000E+00
 0.000E+00 0.000E+00 0.000E+00 0.000E+00
 0.000E+00 0.000E+00 0.000E+00 0.000E+00
      114.333126     0.859347    -0.199895
 6
       4
     2     2     2     2
     0     1     1     1
 1.710E+00 1.625E+00 1.625E+00 1.625E+00
 0.000E+00 0.000E+00 0.000E+00 0.000E+00
 0.000E+00 0.000E+00 0.000E+00 0.000E+00
 0.000E+00 0.000E+00 0.000E+00 0.000E+00
      115.492760     -1.515589    -0.694480
 6
       4
     2     2     2     2
     0     1     1     1
 1.710E+00 1.625E+00 1.625E+00 1.625E+00
 0.000E+00 0.000E+00 0.000E+00 0.000E+00
 0.000E+00 0.000E+00 0.000E+00 0.000E+00
 0.000E+00 0.000E+00 0.000E+00 0.000E+00
      115.885487     2.969958    0.434886
 6
       4
     2     2     2     2
     0     1     1     1
 1.710E+00 1.625E+00 1.625E+00 1.625E+00
 0.000E+00 0.000E+00 0.000E+00 0.000E+00
 0.000E+00 0.000E+00 0.000E+00 0.000E+00
 0.000E+00 0.000E+00 0.000E+00 0.000E+00
      118.509091     2.758395    0.605060
 6
       4
     2     2     2     2
     0     1     1     1
 1.710E+00 1.625E+00 1.625E+00 1.625E+00
 0.000E+00 0.000E+00 0.000E+00 0.000E+00
 0.000E+00 0.000E+00 0.000E+00 0.000E+00
 0.000E+00 0.000E+00 0.000E+00 0.000E+00
      118.166605     -1.759945    -0.470421
 6
       4
     2     2     2     2
     0     1     1     1
 1.710E+00 1.625E+00 1.625E+00 1.625E+00
 0.000E+00 0.000E+00 0.000E+00 0.000E+00
 0.000E+00 0.000E+00 0.000E+00 0.000E+00
 0.000E+00 0.000E+00 0.000E+00 0.000E+00
      119.692067     0.348120    0.039023
 6
       4
     2     2     2     2
     0     1     1     1
 1.710E+00 1.625E+00 1.625E+00 1.625E+00
 0.000E+00 0.000E+00 0.000E+00 0.000E+00
 0.000E+00 0.000E+00 0.000E+00 0.000E+00
 0.000E+00 0.000E+00 0.000E+00 0.000E+00
      122.597421     0.130062    0.048778
 6
       4
     2     2     2     2
     0     1     1     1
 1.710E+00 1.625E+00 1.625E+00 1.625E+00
 0.000E+00 0.000E+00 0.000E+00 0.000E+00
 0.000E+00 0.000E+00 0.000E+00 0.000E+00
 0.000E+00 0.000E+00 0.000E+00 0.000E+00
      124.735491     0.076572    0.011775
 6
       4
     2     2     2     2
     0     1     1     1
 1.710E+00 1.625E+00 1.625E+00 1.625E+00
 0.000E+00 0.000E+00 0.000E+00 0.000E+00
 0.000E+00 0.000E+00 0.000E+00 0.000E+00
 0.000E+00 0.000E+00 0.000E+00 0.000E+00
      127.550081     -0.033783    -0.156936
 6
       4
     2     2     2     2
     0     1     1     1
 1.710E+00 1.625E+00 1.625E+00 1.625E+00
 0.000E+00 0.000E+00 0.000E+00 0.000E+00
 0.000E+00 0.000E+00 0.000E+00 0.000E+00
 0.000E+00 0.000E+00 0.000E+00 0.000E+00
      128.671399     -2.342285    -1.008241
 6
       4
     2     2     2     2
     0     1     1     1
 1.710E+00 1.625E+00 1.625E+00 1.625E+00
 0.000E+00 0.000E+00 0.000E+00 0.000E+00
 0.000E+00 0.000E+00 0.000E+00 0.000E+00
 0.000E+00 0.000E+00 0.000E+00 0.000E+00
      129.002230     2.044086    0.659416
 6
       4
     2     2     2     2
     0     1     1     1
 1.710E+00 1.625E+00 1.625E+00 1.625E+00
 0.000E+00 0.000E+00 0.000E+00 0.000E+00
 0.000E+00 0.000E+00 0.000E+00 0.000E+00
 0.000E+00 0.000E+00 0.000E+00 0.000E+00
      131.559477     1.828028    0.775143
 6
       4
     2     2     2     2
     0     1     1     1
 1.710E+00 1.625E+00 1.625E+00 1.625E+00
 0.000E+00 0.000E+00 0.000E+00 0.000E+00
 0.000E+00 0.000E+00 0.000E+00 0.000E+00
 0.000E+00 0.000E+00 0.000E+00 0.000E+00
      131.263030     -2.602899    -0.893336
 6
       4
     2     2     2     2
     0     1     1     1
 1.710E+00 1.625E+00 1.625E+00 1.625E+00
 0.000E+00 0.000E+00 0.000E+00 0.000E+00
 0.000E+00 0.000E+00 0.000E+00 0.000E+00
 0.000E+00 0.000E+00 0.000E+00 0.000E+00
      132.767546     -0.480964    0.035797
 6
       4
     2     2     2     2
     0     1     1     1
 1.710E+00 1.625E+00 1.625E+00 1.625E+00
 0.000E+00 0.000E+00 0.000E+00 0.000E+00
 0.000E+00 0.000E+00 0.000E+00 0.000E+00
 0.000E+00 0.000E+00 0.000E+00 0.000E+00
      135.440641     -0.822845    0.339363
 1
       1
     1
     0
 1.300E+00
 0.000E+00
 0.000E+00
 0.000E+00
      75.270619     4.114880    -0.524817
 1
       1
     1
     0
 1.300E+00
 0.000E+00
 0.000E+00
 0.000E+00
      79.911404     3.837480    -0.255992
 6
       4
     2     2     2     2
     0     1     1     1
 1.710E+00 1.625E+00 1.625E+00 1.625E+00
 0.000E+00 0.000E+00 0.000E+00 0.000E+00
 0.000E+00 0.000E+00 0.000E+00 0.000E+00
 0.000E+00 0.000E+00 0.000E+00 0.000E+00
      71.976501     0.313817    0.001852
 1
       1
     1
     0
 1.300E+00
 0.000E+00
 0.000E+00
 0.000E+00
      74.751500     -3.945559    1.022455
 1
       1
     1
     0
 1.300E+00
 0.000E+00
 0.000E+00
 0.000E+00
      79.501112     -4.024247    1.378037
 1
       1
     1
     0
 1.300E+00
 0.000E+00
 0.000E+00
 0.000E+00
      87.989860     4.009870    -1.354705
 1
       1
     1
     0
 1.300E+00
 0.000E+00
 0.000E+00
 0.000E+00
      88.457253     -3.828921    1.228976
 1
       1
     1
     0
 1.300E+00
 0.000E+00
 0.000E+00
 0.000E+00
      92.665201     4.103196    -1.625705
 1
       1
     1
     0
 1.300E+00
 0.000E+00
 0.000E+00
 0.000E+00
      93.076090     -3.550113    1.117261
 1
       1
     1
     0
 1.300E+00
 0.000E+00
 0.000E+00
 0.000E+00
      101.342547     4.395257    -1.463742
 1
       1
     1
     0
 1.300E+00
 0.000E+00
 0.000E+00
 0.000E+00
      106.028853     4.558631    -0.952760
 1
       1
     1
     0
 1.300E+00
 0.000E+00
 0.000E+00
 0.000E+00
      101.564474     -3.360020    1.167134
 1
       1
     1
     0
 1.300E+00
 0.000E+00
 0.000E+00
 0.000E+00
      106.233224     -3.101997    1.529132
 1
       1
     1
     0
 1.300E+00
 0.000E+00
 0.000E+00
 0.000E+00
      114.927760     4.727021    0.791253
 1
       1
     1
     0
 1.300E+00
 0.000E+00
 0.000E+00
 0.000E+00
      114.487567     -3.096660    -1.195868
 1
       1
     1
     0
 1.300E+00
 0.000E+00
 0.000E+00
 0.000E+00
      119.736852     4.322580    1.148146
 1
       1
     1
     0
 1.300E+00
 0.000E+00
 0.000E+00
 0.000E+00
      118.976175     -3.467645    -0.866944
 1
       1
     1
     0
 1.300E+00
 0.000E+00
 0.000E+00
 0.000E+00
      128.256213     3.873645    1.293130
 1
       1
     1
     0
 1.300E+00
 0.000E+00
 0.000E+00
 0.000E+00
      127.553278     -3.946453    -1.700974
 1
       1
     1
     0
 1.300E+00
 0.000E+00
 0.000E+00
 0.000E+00
      132.876168     3.342598    1.421216
 1
       1
     1
     0
 1.300E+00
 0.000E+00
 0.000E+00
 0.000E+00
      132.352733     -4.174344    -1.343461
 1
       1
     1
     0
 1.300E+00
 0.000E+00
 0.000E+00
 0.000E+00
      140.895770     1.896767    3.030663
 1
       1
     1
     0
 1.300E+00
 0.000E+00
 0.000E+00
 0.000E+00
      140.842274     -4.442629    -2.331071
 1
       1
     1
     0
 1.300E+00
 0.000E+00
 0.000E+00
 0.000E+00
      148.230554     -1.142817    0.354788
 1
       1
     1
     0
 1.300E+00
 0.000E+00
 0.000E+00
 0.000E+00
      145.625151     1.667264    2.857235
 1
       1
     1
     0
 1.300E+00
 0.000E+00
 0.000E+00
 0.000E+00
      145.489329     -4.452351    -2.334932
 6
       4
     2     2     2     2
     0     1     1     1
 1.710E+00 1.625E+00 1.625E+00 1.625E+00
 0.000E+00 0.000E+00 0.000E+00 0.000E+00
 0.000E+00 0.000E+00 0.000E+00 0.000E+00
 0.000E+00 0.000E+00 0.000E+00 0.000E+00
      137.659990     -1.089060    0.438201
 6
       4
     2     2     2     2
     0     1     1     1
 1.710E+00 1.625E+00 1.625E+00 1.625E+00
 0.000E+00 0.000E+00 0.000E+00 0.000E+00
 0.000E+00 0.000E+00 0.000E+00 0.000E+00
 0.000E+00 0.000E+00 0.000E+00 0.000E+00
      140.440762     -1.303263    0.345672
 6
       4
     2     2     2     2
     0     1     1     1
 1.710E+00 1.625E+00 1.625E+00 1.625E+00
 0.000E+00 0.000E+00 0.000E+00 0.000E+00
 0.000E+00 0.000E+00 0.000E+00 0.000E+00
 0.000E+00 0.000E+00 0.000E+00 0.000E+00
      141.811065     -3.025313    -1.180255
 6
       4
     2     2     2     2
     0     1     1     1
 1.710E+00 1.625E+00 1.625E+00 1.625E+00
 0.000E+00 0.000E+00 0.000E+00 0.000E+00
 0.000E+00 0.000E+00 0.000E+00 0.000E+00
 0.000E+00 0.000E+00 0.000E+00 0.000E+00
      141.947949     0.455027    1.891121
 6
       4
     2     2     2     2
     0     1     1     1
 1.710E+00 1.625E+00 1.625E+00 1.625E+00
 0.000E+00 0.000E+00 0.000E+00 0.000E+00
 0.000E+00 0.000E+00 0.000E+00 0.000E+00
 0.000E+00 0.000E+00 0.000E+00 0.000E+00
      144.570818     0.427968    1.784289
 6
       4
     2     2     2     2
     0     1     1     1
 1.710E+00 1.625E+00 1.625E+00 1.625E+00
 0.000E+00 0.000E+00 0.000E+00 0.000E+00
 0.000E+00 0.000E+00 0.000E+00 0.000E+00
 0.000E+00 0.000E+00 0.000E+00 0.000E+00
      144.471865     -3.032672    -1.208444
 6
       4
     2     2     2     2
     0     1     1     1
 1.710E+00 1.625E+00 1.625E+00 1.625E+00
 0.000E+00 0.000E+00 0.000E+00 0.000E+00
 0.000E+00 0.000E+00 0.000E+00 0.000E+00
 0.000E+00 0.000E+00 0.000E+00 0.000E+00
      145.748611     -1.260304    0.181170
# LCAO coefficients .. are not included.
         1
        1        -0.000295857475732   k=         1
        2        0.000733793505192   k=         1
        3        -0.002501359827451   k=         1
        4        0.025632007189182   k=         1
        5        0.001853838879094   k=         1
        6        0.005628455569854   k=         1
        7        -0.011378221501779   k=         1
        8        0.024230568937046   k=         1
        9        -0.001481188395102   k=         1
        10        -0.002140900775458   k=         1
        11        -0.013092014979991   k=         1
        12        0.022380310015727   k=         1
        13        -0.000616064772419   k=         1
        14        -0.001411710994998   k=         1
        15        0.003303578424749   k=         1
        16        -0.009240527882679   k=         1
        17        0.000021154043613   k=         1
        18        0.001402909233837   k=         1
        19        0.009314211343937   k=         1
        20        -0.028849539507102   k=         1
        21        0.000540032609072   k=         1
        22        0.000876517089954   k=         1
        23        0.003938642807635   k=         1
        24        -0.007272288808146   k=         1
        25        -0.001416439119630   k=         1
        26        0.001342960865577   k=         1
        27        -0.009663868457866   k=         1
        28        -0.044723323782486   k=         1
        29        0.001599498323321   k=         1
        30        0.001304626727693   k=         1
        31        -0.002124781921618   k=         1
        32        -0.031532653767541   k=         1
        33        -0.000363263004716   k=         1
        34        -0.003779154320770   k=         1
        35        0.015848270420716   k=         1
        36        0.059853964879054   k=         1
        37        0.000619191575437   k=         1
        38        0.001845293044210   k=         1
        39        0.010273340183804   k=         1
        40        0.031437227981201   k=         1
        41        0.000738391191322   k=         1
        42        -0.000682277018075   k=         1
        43        0.009350227027058   k=         1
        44        0.029817181257769   k=         1
        45        -0.000933869396679   k=         1
        46        -0.001911905330250   k=         1
        47        -0.007986800871322   k=         1
        48        -0.038852480784247   k=         1
        49        0.001567766653269   k=         1
        50        0.003690794680246   k=         1
        51        -0.008117607493203   k=         1
        52        -0.046751580416652   k=         1
        53        -0.000229377329210   k=         1
        54        0.012921534972326   k=         1
        55        -0.017324803295875   k=         1
        56        -0.055536579917785   k=         1
        57        0.002601944151796   k=         1
        58        -0.009144428871377   k=         1
        59        0.034129798428799   k=         1
        60        0.054878111750591   k=         1
        61        0.000522408245715   k=         1
        62        0.009176803960775   k=         1
        63        0.023430457240615   k=         1
        64        0.047724129195820   k=         1
        65        0.000297485356556   k=         1
        66        -0.014614623928699   k=         1
        67        -0.050863706069304   k=         1
        68        -0.072004607531493   k=         1
        69        -0.000749643031197   k=         1
        70        0.002326339564768   k=         1
        71        -0.028660756756768   k=         1
        72        -0.034263271461434   k=         1
        73        0.001470279117407   k=         1
        74        -0.001012144820477   k=         1
        75        -0.036099241539733   k=         1
        76        -0.041423464856657   k=         1
        77        -0.000416978933804   k=         1
        78        -0.001166415009027   k=         1
        79        0.036323426116915   k=         1
        80        0.036491674587714   k=         1
        81        0.001869887257404   k=         1
        82        0.001314715090960   k=         1
        83        0.032607493416630   k=         1
        84        0.040448084233130   k=         1
        85        0.001570392200277   k=         1
        86        0.013951680185772   k=         1
        87        0.051391142457737   k=         1
        88        0.072535953730971   k=         1
        89        0.001355769279983   k=         1
        90        -0.009224012098098   k=         1
        91        -0.020709062628413   k=         1
        92        -0.050003546465696   k=         1
        93        0.000738609448007   k=         1
        94        -0.001204071502115   k=         1
        95        -0.033180885738988   k=         1
        96        -0.051718453201737   k=         1
        97        0.001612330806395   k=         1
        98        -0.005570174042776   k=         1
        99        0.025907646007007   k=         1
        100        0.075740712237701   k=         1
        101        -0.001913166319202   k=         1
        102        -0.000156935460545   k=         1
        103        0.009056132016204   k=         1
        104        0.047932667341150   k=         1
        105        -0.000119752732105   k=         1
        106        -0.004549663291755   k=         1
        107        0.009344542262218   k=         1
        108        0.042201741849800   k=         1
        109        -0.000084908444508   k=         1
        110        0.001126522025540   k=         1
        111        -0.013646291037536   k=         1
        112        -0.043184796473544   k=         1
        113        0.002024542540043   k=         1
        114        0.000499026009097   k=         1
        115        -0.010993999117262   k=         1
        116        -0.048663460681886   k=         1
        117        -0.001777109920254   k=         1
        118        -0.010921417414628   k=         1
        119        -0.021779200479094   k=         1
        120        -0.075033253789263   k=         1
        121        0.000522084483659   k=         1
        122        0.010822209624787   k=         1
        123        0.020185261805013   k=         1
        124        0.051472598454244   k=         1
        125        -0.002142716345077   k=         1
        126        0.000780465226928   k=         1
        127        0.019588009664288   k=         1
        128        0.059843415142116   k=         1
        129        0.000493330313375   k=         1
        130        0.005678697051015   k=         1
        131        -0.025791400968152   k=         1
        132        -0.053760093014066   k=         1
        133        -0.002364534391175   k=         1
        134        0.003336951536961   k=         1
        135        -0.026880909535314   k=         1
        136        -0.041254758944665   k=         1
        137        0.000041150348727   k=         1
        138        0.003812768140129   k=         1
        139        -0.025812032693207   k=         1
        140        -0.036087417369488   k=         1
        141        0.000040473547541   k=         1
        142        -0.001769175190727   k=         1
        143        0.014529421347435   k=         1
        144        0.022791906692621   k=         1
        145        -0.000223013372721   k=         1
        146        0.000013906450372   k=         1
        147        0.012944943948219   k=         1
        148        0.025691661090422   k=         1
        149        0.001323820208565   k=         1
        150        -0.007238494441147   k=         1
        151        0.029258265927068   k=         1
        152        0.064974954836086   k=         1
        153        -0.000637577432535   k=         1
        154        0.002305185845510   k=         1
        155        -0.005402666644420   k=         1
        156        -0.008996268097831   k=         1
        157        0.002222021147825   k=         1
        158        -0.001489029776058   k=         1
        159        -0.000389692327163   k=         1
        160        -0.002017939804854   k=         1
        161        0.001136647765149   k=         1
        162        -0.001615359160410   k=         1
        163        0.000740877172224   k=         1
        164        -0.001209607111101   k=         1
        165        -0.001934670714926   k=         1
        166        -0.004290055119553   k=         1
        167        0.000553967001012   k=         1
        168        -0.000328550208085   k=         1
        169        -0.003031348765997   k=         1
        170        -0.000164844596039   k=         1
        171        0.001820752522027   k=         1
        172        0.002256680329604   k=         1
        173        -0.000569965474450   k=         1
        174        -0.001109419072379   k=         1
        175        0.001735265252043   k=         1
        176        0.002466222147457   k=         1
        177        -0.001265755153755   k=         1
        178        -0.000365942513617   k=         1
        179        0.001082530952113   k=         1
        180        0.001396823800154   k=         1
        181        0.001797728715289   k=         1
        182        -0.007856622633489   k=         1
        183        -0.038214731874482   k=         1
        184        0.001201633375798   k=         1
        185        -0.000508004973968   k=         1
        186        -0.000138531556512   k=         1
        187        -0.002610792005536   k=         1
        188        -0.016850926610969   k=         1
        189        -0.035606648148904   k=         1
        190        -0.000122971098136   k=         1
        191        0.001366769253659   k=         1
        192        -0.000633921221791   k=         1
        193        -0.006881536692008   k=         1
        194        -0.000226158250735   k=         1
        195        -0.000544834340001   k=         1
        196        0.002430465943499   k=         1
        197        0.012467172042181   k=         1
        198        0.000571808761718   k=         1
        199        -0.001459550896947   k=         1
        200        0.003219419054309   k=         1
        201        0.016036613553778   k=         1
        202        -0.000437741815242   k=         1
        203        0.000704562930371   k=         1
        204        0.005800496014726   k=         1
        205        0.014740296386057   k=         1
        206        0.000465251107255   k=         1
        207        0.001433040967719   k=         1
        208        0.005087066527440   k=         1
        209        0.011849769714232   k=         1
        210        -0.000157621760502   k=         1
        211        -0.000835127797972   k=         1
        212        -0.003759793667676   k=         1
        213        -0.007500298824253   k=         1
        214        0.000557968725928   k=         1
        215        0.003293196227374   k=         1
        216        -0.011397126015752   k=         1
        217        -0.047501567436537   k=         1
        218        -0.000254780035654   k=         1
        219        0.001024893876807   k=         1
        220        -0.007880797143635   k=         1
        221        -0.042798693887731   k=         1
        222        0.000350685198467   k=         1
        223        0.002172615172843   k=         1
        224        -0.007151197196807   k=         1
        225        -0.038850161422640   k=         1
        226        0.000097697496296   k=         1
        227        -0.000174490520945   k=         1
        228        0.003791496446715   k=         1
        229        0.020610041890518   k=         1
        230        -0.000181507936863   k=         1
        231        -0.004955021165728   k=         1
        232        0.013363604453619   k=         1
        233        0.059122132454397   k=         1
        234        0.000285610390878   k=         1
        235        -0.001394793838585   k=         1
        236        0.004200977633252   k=         1
        237        0.024087935790218   k=         1
        238        -0.000340490874925   k=         1
        239        -0.000207437238911   k=         1
        240        0.017559701404888   k=         1
        241        0.061860789809357   k=         1
        242        0.002088878198435   k=         1
        243        0.008977954420370   k=         1
        244        0.011737396764932   k=         1
        245        0.044511644781263   k=         1
        246        -0.001313249406919   k=         1
        247        -0.016006086078704   k=         1
        248        -0.029029205410698   k=         1
        249        -0.091633304503344   k=         1
        250        0.000871299397890   k=         1
        251        -0.001927355855340   k=         1
        252        -0.018725812294236   k=         1
        253        -0.052803966039522   k=         1
        254        0.000763307661339   k=         1
        255        0.003023895009703   k=         1
        256        -0.014666640706220   k=         1
        257        -0.041980553982027   k=         1
        258        -0.000770446160526   k=         1
        259        -0.002062003981524   k=         1
        260        0.019049650028015   k=         1
        261        0.048229895844040   k=         1
        262        0.000292392440485   k=         1
        263        -0.005595046132286   k=         1
        264        0.018858273444685   k=         1
        265        0.059039020272733   k=         1
        266        0.003031559730099   k=         1
        267        -0.000129146959722   k=         1
        268        0.031731035454590   k=         1
        269        0.086298973531523   k=         1
        270        0.002786430448716   k=         1
        271        -0.000492095657437   k=         1
        272        -0.022444506324233   k=         1
        273        -0.065115567380552   k=         1
        274        -0.002545000699053   k=         1
        275        0.001552127096562   k=         1
        276        -0.023985365464072   k=         1
        277        -0.065969780165469   k=         1
        278        0.001770639270054   k=         1
        279        -0.003808069463527   k=         1
        280        0.026467543691170   k=         1
        281        0.082676911829859   k=         1
        282        -0.000573390581592   k=         1
        283        -0.006291965126136   k=         1
        284        0.015613463645679   k=         1
        285        0.046950150669866   k=         1
        286        -0.001819032357392   k=         1
        287        -0.011668997071003   k=         1
        288        0.020694006431280   k=         1
        289        0.055126424709636   k=         1
        290        0.000509128205582   k=         1
        291        0.012714046681956   k=         1
        292        -0.021598565483633   k=         1
        293        -0.045496243516755   k=         1
        294        -0.001831792017133   k=         1
        295        0.004881094447429   k=         1
        296        -0.019186955701783   k=         1
        297        -0.050009553065457   k=         1
        298        -0.000121405349776   k=         1
        299        0.002501733086201   k=         1
        300        -0.022964120001077   k=         1
        301        -0.090146418432429   k=         1
        302        -0.001543210347935   k=         1
        303        0.005027892856697   k=         1
        304        -0.004998008015877   k=         1
        305        0.060069896281771   k=         1
        306        0.003182507819230   k=         1
        307        0.011632737404698   k=         1
        308        0.009692808910989   k=         1
        309        0.062478640869334   k=         1
        310        0.001842836358238   k=         1
        311        -0.006917568761607   k=         1
        312        0.016279735152480   k=         1
        313        -0.081835908587027   k=         1
        314        0.001387608697852   k=         1
        315        0.007594135166726   k=         1
        316        0.015814947113860   k=         1
        317        -0.052261266535228   k=         1
        318        -0.001979617851772   k=         1
        319        0.012340146460033   k=         1
        320        0.016327713025515   k=         1
        321        -0.039080597075980   k=         1
        322        0.001307878621704   k=         1
        323        -0.011476778735787   k=         1
        324        -0.012884912660528   k=         1
        325        0.050512787799916   k=         1
        326        0.002123901324460   k=         1
        327        -0.008458494475975   k=         1
        328        -0.011652534889509   k=         1
        329        0.049499931546059   k=         1
        330        -0.001762452730697   k=         1
        331        -0.000715418398575   k=         1
        332        -0.017494383834813   k=         1
        333        0.078817820608168   k=         1
        334        0.002232197578465   k=         1
        335        -0.002659137490179   k=         1
        336        0.024251201608847   k=         1
        337        -0.068222202456222   k=         1
        338        -0.002048066545829   k=         1
        339        -0.004086593710744   k=         1
        340        0.016312106603493   k=         1
        341        -0.057456529346439   k=         1
        342        -0.000178929432023   k=         1
        343        0.004643371867367   k=         1
        344        -0.037572506388411   k=         1
        345        0.097585098319689   k=         1
        346        0.000822330964990   k=         1
        347        -0.002295932286116   k=         1
        348        -0.019344761154747   k=         1
        349        0.052173548567042   k=         1
        350        0.001152169231277   k=         1
        351        -0.004231051099772   k=         1
        352        -0.021412567098478   k=         1
        353        0.053886398509460   k=         1
        354        -0.000875125892574   k=         1
        355        0.006874877495833   k=         1
        356        0.020212279809277   k=         1
        357        -0.058809341300207   k=         1
        358        -0.001863889963609   k=         1
        359        0.004087649811518   k=         1
        360        0.017391148642131   k=         1
        361        -0.060026904185196   k=         1
        362        0.001859285357485   k=         1
        363        0.019329894400618   k=         1
        364        0.037995644996227   k=         1
        365        -0.097920208127108   k=         1
        366        0.000851348666206   k=         1
        367        -0.011247568729467   k=         1
        368        -0.027720103115159   k=         1
        369        0.050273842645129   k=         1
        370        -0.001025314954434   k=         1
        371        0.000158710412464   k=         1
        372        -0.000056158374222   k=         1
        373        0.001693270582853   k=         1
        374        -0.000735404318250   k=         1
        375        -0.008921902430774   k=         1
        376        0.000244331247561   k=         1
        377        -0.000508499564232   k=         1
        378        -0.003197113903894   k=         1
        379        -0.002690616844878   k=         1
        380        0.000404970510800   k=         1
        381        -0.000499985446321   k=         1
        382        0.004804500887665   k=         1
        383        -0.000144102604471   k=         1
        384        -0.000079812044129   k=         1
        385        0.002240728254172   k=         1
        386        -0.001158883424843   k=         1
        387        -0.003008617383980   k=         1
        388        -0.005013251972712   k=         1
        389        -0.000684671749939   k=         1
        390        0.001916367597292   k=         1
        391        -0.000309368858163   k=         1
        392        -0.000767350243868   k=         1
        393        -0.000048310003488   k=         1
        394        0.000611628288489   k=         1
        395        -0.000950705262857   k=         1
        396        0.001450515700291   k=         1
        397        -0.001978937433336   k=         1
        398        0.001278202192474   k=         1
        399        0.001162375005828   k=         1
        400        -0.001639536916567   k=         1
        401        -0.035461222592497   k=         1
        402        0.080319516522878   k=         1
        403        0.000378567996764   k=         1
        404        -0.002070169332995   k=         1
        405        0.029691223815603   k=         1
        406        -0.039361036054496   k=         1
        407        0.002132105563811   k=         1
        408        -0.004135414048070   k=         1
        409        0.038067662374340   k=         1
        410        -0.037881872482017   k=         1
        411        -0.002596439814590   k=         1
        412        0.003792745621082   k=         1
        413        0.037542155720058   k=         1
        414        -0.038114966013792   k=         1
        415        0.000818846139090   k=         1
        416        -0.001657771566808   k=         1
        417        -0.009353700791149   k=         1
        418        0.009772367461056   k=         1
        419        -0.000206283659223   k=         1
        420        0.000860119350538   k=         1
        421        -0.012633766707230   k=         1
        422        0.015496218893877   k=         1
        423        -0.001729394262149   k=         1
        424        0.001170154604714   k=         1
        425        -0.039737498605785   k=         1
        426        0.045970461299900   k=         1
