# file_format= v0.04.05
       144       426
    188.97268778      0.00000000      0.00000000    0
      0.00000000    188.97268778      0.00000000    0
      0.00000000      0.00000000    188.97268778    0
 6
       4
     2     2     2     2
     0     1     1     1
 1.710E+00 1.625E+00 1.625E+00 1.625E+00
 0.000E+00 0.000E+00 0.000E+00 0.000E+00
 0.000E+00 0.000E+00 0.000E+00 0.000E+00
 0.000E+00 0.000E+00 0.000E+00 0.000E+00
      0.872097     -0.728435    -0.153353
 6
       4
     2     2     2     2
     0     1     1     1
 1.710E+00 1.625E+00 1.625E+00 1.625E+00
 0.000E+00 0.000E+00 0.000E+00 0.000E+00
 0.000E+00 0.000E+00 0.000E+00 0.000E+00
 0.000E+00 0.000E+00 0.000E+00 0.000E+00
      -0.865937     1.296093    0.559321
 6
       4
     2     2     2     2
     0     1     1     1
 1.710E+00 1.625E+00 1.625E+00 1.625E+00
 0.000E+00 0.000E+00 0.000E+00 0.000E+00
 0.000E+00 0.000E+00 0.000E+00 0.000E+00
 0.000E+00 0.000E+00 0.000E+00 0.000E+00
      0.101089     -3.191254    -0.989251
 6
       4
     2     2     2     2
     0     1     1     1
 1.710E+00 1.625E+00 1.625E+00 1.625E+00
 0.000E+00 0.000E+00 0.000E+00 0.000E+00
 0.000E+00 0.000E+00 0.000E+00 0.000E+00
 0.000E+00 0.000E+00 0.000E+00 0.000E+00
      -3.461950     0.820300    0.446610
 6
       4
     2     2     2     2
     0     1     1     1
 1.710E+00 1.625E+00 1.625E+00 1.625E+00
 0.000E+00 0.000E+00 0.000E+00 0.000E+00
 0.000E+00 0.000E+00 0.000E+00 0.000E+00
 0.000E+00 0.000E+00 0.000E+00 0.000E+00
      -4.378779     -1.605507    -0.309348
 6
       4
     2     2     2     2
     0     1     1     1
 1.710E+00 1.625E+00 1.625E+00 1.625E+00
 0.000E+00 0.000E+00 0.000E+00 0.000E+00
 0.000E+00 0.000E+00 0.000E+00 0.000E+00
 0.000E+00 0.000E+00 0.000E+00 0.000E+00
      -2.579559     -3.683883    -1.105597
 6
       4
     2     2     2     2
     0     1     1     1
 1.710E+00 1.625E+00 1.625E+00 1.625E+00
 0.000E+00 0.000E+00 0.000E+00 0.000E+00
 0.000E+00 0.000E+00 0.000E+00 0.000E+00
 0.000E+00 0.000E+00 0.000E+00 0.000E+00
      3.587318     -0.242535    -0.050830
 6
       4
     2     2     2     2
     0     1     1     1
 1.710E+00 1.625E+00 1.625E+00 1.625E+00
 0.000E+00 0.000E+00 0.000E+00 0.000E+00
 0.000E+00 0.000E+00 0.000E+00 0.000E+00
 0.000E+00 0.000E+00 0.000E+00 0.000E+00
      5.797366     0.154515    0.084382
 6
       4
     2     2     2     2
     0     1     1     1
 1.710E+00 1.625E+00 1.625E+00 1.625E+00
 0.000E+00 0.000E+00 0.000E+00 0.000E+00
 0.000E+00 0.000E+00 0.000E+00 0.000E+00
 0.000E+00 0.000E+00 0.000E+00 0.000E+00
      8.549750     0.571882    0.057378
 6
       4
     2     2     2     2
     0     1     1     1
 1.710E+00 1.625E+00 1.625E+00 1.625E+00
 0.000E+00 0.000E+00 0.000E+00 0.000E+00
 0.000E+00 0.000E+00 0.000E+00 0.000E+00
 0.000E+00 0.000E+00 0.000E+00 0.000E+00
      9.841043     2.945161    -0.705735
 6
       4
     2     2     2     2
     0     1     1     1
 1.710E+00 1.625E+00 1.625E+00 1.625E+00
 0.000E+00 0.000E+00 0.000E+00 0.000E+00
 0.000E+00 0.000E+00 0.000E+00 0.000E+00
 0.000E+00 0.000E+00 0.000E+00 0.000E+00
      10.180234     -1.579834    0.691012
 6
       4
     2     2     2     2
     0     1     1     1
 1.710E+00 1.625E+00 1.625E+00 1.625E+00
 0.000E+00 0.000E+00 0.000E+00 0.000E+00
 0.000E+00 0.000E+00 0.000E+00 0.000E+00
 0.000E+00 0.000E+00 0.000E+00 0.000E+00
      12.501204     3.165979    -0.593606
 6
       4
     2     2     2     2
     0     1     1     1
 1.710E+00 1.625E+00 1.625E+00 1.625E+00
 0.000E+00 0.000E+00 0.000E+00 0.000E+00
 0.000E+00 0.000E+00 0.000E+00 0.000E+00
 0.000E+00 0.000E+00 0.000E+00 0.000E+00
      12.812303     -1.279719    0.819563
 6
       4
     2     2     2     2
     0     1     1     1
 1.710E+00 1.625E+00 1.625E+00 1.625E+00
 0.000E+00 0.000E+00 0.000E+00 0.000E+00
 0.000E+00 0.000E+00 0.000E+00 0.000E+00
 0.000E+00 0.000E+00 0.000E+00 0.000E+00
      14.057237     1.066701    0.248321
 6
       4
     2     2     2     2
     0     1     1     1
 1.710E+00 1.625E+00 1.625E+00 1.625E+00
 0.000E+00 0.000E+00 0.000E+00 0.000E+00
 0.000E+00 0.000E+00 0.000E+00 0.000E+00
 0.000E+00 0.000E+00 0.000E+00 0.000E+00
      16.872024     1.284118    0.510993
 6
       4
     2     2     2     2
     0     1     1     1
 1.710E+00 1.625E+00 1.625E+00 1.625E+00
 0.000E+00 0.000E+00 0.000E+00 0.000E+00
 0.000E+00 0.000E+00 0.000E+00 0.000E+00
 0.000E+00 0.000E+00 0.000E+00 0.000E+00
      19.080401     1.524922    0.362533
 6
       4
     2     2     2     2
     0     1     1     1
 1.710E+00 1.625E+00 1.625E+00 1.625E+00
 0.000E+00 0.000E+00 0.000E+00 0.000E+00
 0.000E+00 0.000E+00 0.000E+00 0.000E+00
 0.000E+00 0.000E+00 0.000E+00 0.000E+00
      21.921819     1.331913    0.235997
 6
       4
     2     2     2     2
     0     1     1     1
 1.710E+00 1.625E+00 1.625E+00 1.625E+00
 0.000E+00 0.000E+00 0.000E+00 0.000E+00
 0.000E+00 0.000E+00 0.000E+00 0.000E+00
 0.000E+00 0.000E+00 0.000E+00 0.000E+00
      23.124811     -0.695024    1.649171
 6
       4
     2     2     2     2
     0     1     1     1
 1.710E+00 1.625E+00 1.625E+00 1.625E+00
 0.000E+00 0.000E+00 0.000E+00 0.000E+00
 0.000E+00 0.000E+00 0.000E+00 0.000E+00
 0.000E+00 0.000E+00 0.000E+00 0.000E+00
      23.367516     2.893131    -1.395234
 6
       4
     2     2     2     2
     0     1     1     1
 1.710E+00 1.625E+00 1.625E+00 1.625E+00
 0.000E+00 0.000E+00 0.000E+00 0.000E+00
 0.000E+00 0.000E+00 0.000E+00 0.000E+00
 0.000E+00 0.000E+00 0.000E+00 0.000E+00
      26.134652     2.785619    -1.481933
 6
       4
     2     2     2     2
     0     1     1     1
 1.710E+00 1.625E+00 1.625E+00 1.625E+00
 0.000E+00 0.000E+00 0.000E+00 0.000E+00
 0.000E+00 0.000E+00 0.000E+00 0.000E+00
 0.000E+00 0.000E+00 0.000E+00 0.000E+00
      25.825411     -0.914270    1.411803
 6
       4
     2     2     2     2
     0     1     1     1
 1.710E+00 1.625E+00 1.625E+00 1.625E+00
 0.000E+00 0.000E+00 0.000E+00 0.000E+00
 0.000E+00 0.000E+00 0.000E+00 0.000E+00
 0.000E+00 0.000E+00 0.000E+00 0.000E+00
      27.301529     0.856909    -0.082844
 6
       4
     2     2     2     2
     0     1     1     1
 1.710E+00 1.625E+00 1.625E+00 1.625E+00
 0.000E+00 0.000E+00 0.000E+00 0.000E+00
 0.000E+00 0.000E+00 0.000E+00 0.000E+00
 0.000E+00 0.000E+00 0.000E+00 0.000E+00
      30.181169     0.557560    -0.020288
 6
       4
     2     2     2     2
     0     1     1     1
 1.710E+00 1.625E+00 1.625E+00 1.625E+00
 0.000E+00 0.000E+00 0.000E+00 0.000E+00
 0.000E+00 0.000E+00 0.000E+00 0.000E+00
 0.000E+00 0.000E+00 0.000E+00 0.000E+00
      32.252288     -0.047876    -0.073599
 6
       4
     2     2     2     2
     0     1     1     1
 1.710E+00 1.625E+00 1.625E+00 1.625E+00
 0.000E+00 0.000E+00 0.000E+00 0.000E+00
 0.000E+00 0.000E+00 0.000E+00 0.000E+00
 0.000E+00 0.000E+00 0.000E+00 0.000E+00
      34.997083     -0.188855    0.058661
 6
       4
     2     2     2     2
     0     1     1     1
 1.710E+00 1.625E+00 1.625E+00 1.625E+00
 0.000E+00 0.000E+00 0.000E+00 0.000E+00
 0.000E+00 0.000E+00 0.000E+00 0.000E+00
 0.000E+00 0.000E+00 0.000E+00 0.000E+00
      36.387706     -2.366812    0.787022
 6
       4
     2     2     2     2
     0     1     1     1
 1.710E+00 1.625E+00 1.625E+00 1.625E+00
 0.000E+00 0.000E+00 0.000E+00 0.000E+00
 0.000E+00 0.000E+00 0.000E+00 0.000E+00
 0.000E+00 0.000E+00 0.000E+00 0.000E+00
      36.507792     2.183253    -0.492869
 6
       4
     2     2     2     2
     0     1     1     1
 1.710E+00 1.625E+00 1.625E+00 1.625E+00
 0.000E+00 0.000E+00 0.000E+00 0.000E+00
 0.000E+00 0.000E+00 0.000E+00 0.000E+00
 0.000E+00 0.000E+00 0.000E+00 0.000E+00
      39.109567     2.237279    -0.521589
 6
       4
     2     2     2     2
     0     1     1     1
 1.710E+00 1.625E+00 1.625E+00 1.625E+00
 0.000E+00 0.000E+00 0.000E+00 0.000E+00
 0.000E+00 0.000E+00 0.000E+00 0.000E+00
 0.000E+00 0.000E+00 0.000E+00 0.000E+00
      39.173022     -2.346943    0.634918
 6
       4
     2     2     2     2
     0     1     1     1
 1.710E+00 1.625E+00 1.625E+00 1.625E+00
 0.000E+00 0.000E+00 0.000E+00 0.000E+00
 0.000E+00 0.000E+00 0.000E+00 0.000E+00
 0.000E+00 0.000E+00 0.000E+00 0.000E+00
      40.538018     -0.118594    -0.030103
 6
       4
     2     2     2     2
     0     1     1     1
 1.710E+00 1.625E+00 1.625E+00 1.625E+00
 0.000E+00 0.000E+00 0.000E+00 0.000E+00
 0.000E+00 0.000E+00 0.000E+00 0.000E+00
 0.000E+00 0.000E+00 0.000E+00 0.000E+00
      43.258426     -0.257796    -0.258571
 6
       4
     2     2     2     2
     0     1     1     1
 1.710E+00 1.625E+00 1.625E+00 1.625E+00
 0.000E+00 0.000E+00 0.000E+00 0.000E+00
 0.000E+00 0.000E+00 0.000E+00 0.000E+00
 0.000E+00 0.000E+00 0.000E+00 0.000E+00
      45.439144     -0.707704    -0.406028
 6
       4
     2     2     2     2
     0     1     1     1
 1.710E+00 1.625E+00 1.625E+00 1.625E+00
 0.000E+00 0.000E+00 0.000E+00 0.000E+00
 0.000E+00 0.000E+00 0.000E+00 0.000E+00
 0.000E+00 0.000E+00 0.000E+00 0.000E+00
      48.280025     -0.481672    -0.314328
 6
       4
     2     2     2     2
     0     1     1     1
 1.710E+00 1.625E+00 1.625E+00 1.625E+00
 0.000E+00 0.000E+00 0.000E+00 0.000E+00
 0.000E+00 0.000E+00 0.000E+00 0.000E+00
 0.000E+00 0.000E+00 0.000E+00 0.000E+00
      49.863440     -2.523270    0.755184
 6
       4
     2     2     2     2
     0     1     1     1
 1.710E+00 1.625E+00 1.625E+00 1.625E+00
 0.000E+00 0.000E+00 0.000E+00 0.000E+00
 0.000E+00 0.000E+00 0.000E+00 0.000E+00
 0.000E+00 0.000E+00 0.000E+00 0.000E+00
      49.385606     1.611607    -1.319547
 6
       4
     2     2     2     2
     0     1     1     1
 1.710E+00 1.625E+00 1.625E+00 1.625E+00
 0.000E+00 0.000E+00 0.000E+00 0.000E+00
 0.000E+00 0.000E+00 0.000E+00 0.000E+00
 0.000E+00 0.000E+00 0.000E+00 0.000E+00
      52.108780     1.781171    -1.121764
 6
       4
     2     2     2     2
     0     1     1     1
 1.710E+00 1.625E+00 1.625E+00 1.625E+00
 0.000E+00 0.000E+00 0.000E+00 0.000E+00
 0.000E+00 0.000E+00 0.000E+00 0.000E+00
 0.000E+00 0.000E+00 0.000E+00 0.000E+00
      52.448415     -2.159636    1.098853
 6
       4
     2     2     2     2
     0     1     1     1
 1.710E+00 1.625E+00 1.625E+00 1.625E+00
 0.000E+00 0.000E+00 0.000E+00 0.000E+00
 0.000E+00 0.000E+00 0.000E+00 0.000E+00
 0.000E+00 0.000E+00 0.000E+00 0.000E+00
      53.686630     0.013468    -0.053275
 6
       4
     2     2     2     2
     0     1     1     1
 1.710E+00 1.625E+00 1.625E+00 1.625E+00
 0.000E+00 0.000E+00 0.000E+00 0.000E+00
 0.000E+00 0.000E+00 0.000E+00 0.000E+00
 0.000E+00 0.000E+00 0.000E+00 0.000E+00
      56.509820     0.172162    -0.012480
 1
       1
     1
     0
 1.300E+00
 0.000E+00
 0.000E+00
 0.000E+00
      -4.651746     2.309275    1.046710
 1
       1
     1
     0
 1.300E+00
 0.000E+00
 0.000E+00
 0.000E+00
      -0.195239     2.942203    1.255859
 1
       1
     1
     0
 1.300E+00
 0.000E+00
 0.000E+00
 0.000E+00
      -6.704247     -2.360950    -0.223921
 1
       1
     1
     0
 1.300E+00
 0.000E+00
 0.000E+00
 0.000E+00
      -3.163301     -5.496499    -1.584210
 1
       1
     1
     0
 1.300E+00
 0.000E+00
 0.000E+00
 0.000E+00
      1.599572     -4.539963    -1.420996
 1
       1
     1
     0
 1.300E+00
 0.000E+00
 0.000E+00
 0.000E+00
      8.682609     4.538931    -1.338608
 1
       1
     1
     0
 1.300E+00
 0.000E+00
 0.000E+00
 0.000E+00
      9.321334     -3.296992    1.074377
 1
       1
     1
     0
 1.300E+00
 0.000E+00
 0.000E+00
 0.000E+00
      13.288071     4.878553    -1.229792
 1
       1
     1
     0
 1.300E+00
 0.000E+00
 0.000E+00
 0.000E+00
      13.865774     -2.807950    1.397424
 1
       1
     1
     0
 1.300E+00
 0.000E+00
 0.000E+00
 0.000E+00
      22.431144     4.254045    -2.570167
 1
       1
     1
     0
 1.300E+00
 0.000E+00
 0.000E+00
 0.000E+00
      27.139224     4.048035    -2.461633
 1
       1
     1
     0
 1.300E+00
 0.000E+00
 0.000E+00
 0.000E+00
      21.987648     -1.832061    2.779107
 1
       1
     1
     0
 1.300E+00
 0.000E+00
 0.000E+00
 0.000E+00
      26.853732     -2.360321    2.302436
 1
       1
     1
     0
 1.300E+00
 0.000E+00
 0.000E+00
 0.000E+00
      35.437389     3.717667    -0.952418
 1
       1
     1
     0
 1.300E+00
 0.000E+00
 0.000E+00
 0.000E+00
      35.429584     -3.997039    1.422924
 1
       1
     1
     0
 1.300E+00
 0.000E+00
 0.000E+00
 0.000E+00
      40.130892     3.995741    -0.884137
 1
       1
     1
     0
 1.300E+00
 0.000E+00
 0.000E+00
 0.000E+00
      40.206602     -4.093318    0.881608
 1
       1
     1
     0
 1.300E+00
 0.000E+00
 0.000E+00
 0.000E+00
      48.496393     3.257929    -2.160543
 1
       1
     1
     0
 1.300E+00
 0.000E+00
 0.000E+00
 0.000E+00
      48.903079     -4.203476    1.453112
 1
       1
     1
     0
 1.300E+00
 0.000E+00
 0.000E+00
 0.000E+00
      53.084400     3.419486    -1.997705
 1
       1
     1
     0
 1.300E+00
 0.000E+00
 0.000E+00
 0.000E+00
      53.654754     -3.417214    2.007947
 1
       1
     1
     0
 1.300E+00
 0.000E+00
 0.000E+00
 0.000E+00
      61.622583     4.006126    -1.438425
 1
       1
     1
     0
 1.300E+00
 0.000E+00
 0.000E+00
 0.000E+00
      61.860857     -3.623115    1.052254
 6
       4
     2     2     2     2
     0     1     1     1
 1.710E+00 1.625E+00 1.625E+00 1.625E+00
 0.000E+00 0.000E+00 0.000E+00 0.000E+00
 0.000E+00 0.000E+00 0.000E+00 0.000E+00
 0.000E+00 0.000E+00 0.000E+00 0.000E+00
      69.590093     0.308594    -0.048396
 1
       1
     1
     0
 1.300E+00
 0.000E+00
 0.000E+00
 0.000E+00
      66.436210     4.025203    -1.241949
 1
       1
     1
     0
 1.300E+00
 0.000E+00
 0.000E+00
 0.000E+00
      66.367564     -3.699740    0.965746
 6
       4
     2     2     2     2
     0     1     1     1
 1.710E+00 1.625E+00 1.625E+00 1.625E+00
 0.000E+00 0.000E+00 0.000E+00 0.000E+00
 0.000E+00 0.000E+00 0.000E+00 0.000E+00
 0.000E+00 0.000E+00 0.000E+00 0.000E+00
      58.689194     0.312487    -0.021513
 6
       4
     2     2     2     2
     0     1     1     1
 1.710E+00 1.625E+00 1.625E+00 1.625E+00
 0.000E+00 0.000E+00 0.000E+00 0.000E+00
 0.000E+00 0.000E+00 0.000E+00 0.000E+00
 0.000E+00 0.000E+00 0.000E+00 0.000E+00
      61.415125     0.145399    -0.026324
 6
       4
     2     2     2     2
     0     1     1     1
 1.710E+00 1.625E+00 1.625E+00 1.625E+00
 0.000E+00 0.000E+00 0.000E+00 0.000E+00
 0.000E+00 0.000E+00 0.000E+00 0.000E+00
 0.000E+00 0.000E+00 0.000E+00 0.000E+00
      62.774679     -1.993519    0.478138
 6
       4
     2     2     2     2
     0     1     1     1
 1.710E+00 1.625E+00 1.625E+00 1.625E+00
 0.000E+00 0.000E+00 0.000E+00 0.000E+00
 0.000E+00 0.000E+00 0.000E+00 0.000E+00
 0.000E+00 0.000E+00 0.000E+00 0.000E+00
      62.861353     2.410015    -0.920880
 6
       4
     2     2     2     2
     0     1     1     1
 1.710E+00 1.625E+00 1.625E+00 1.625E+00
 0.000E+00 0.000E+00 0.000E+00 0.000E+00
 0.000E+00 0.000E+00 0.000E+00 0.000E+00
 0.000E+00 0.000E+00 0.000E+00 0.000E+00
      65.383000     2.480248    -0.863626
 6
       4
     2     2     2     2
     0     1     1     1
 1.710E+00 1.625E+00 1.625E+00 1.625E+00
 0.000E+00 0.000E+00 0.000E+00 0.000E+00
 0.000E+00 0.000E+00 0.000E+00 0.000E+00
 0.000E+00 0.000E+00 0.000E+00 0.000E+00
      65.554691     -1.967420    0.525147
 6
       4
     2     2     2     2
     0     1     1     1
 1.710E+00 1.625E+00 1.625E+00 1.625E+00
 0.000E+00 0.000E+00 0.000E+00 0.000E+00
 0.000E+00 0.000E+00 0.000E+00 0.000E+00
 0.000E+00 0.000E+00 0.000E+00 0.000E+00
      66.818190     0.125476    -0.164030
 6
       4
     2     2     2     2
     0     1     1     1
 1.710E+00 1.625E+00 1.625E+00 1.625E+00
 0.000E+00 0.000E+00 0.000E+00 0.000E+00
 0.000E+00 0.000E+00 0.000E+00 0.000E+00
 0.000E+00 0.000E+00 0.000E+00 0.000E+00
      80.125151     -0.210956    0.506169
 6
       4
     2     2     2     2
     0     1     1     1
 1.710E+00 1.625E+00 1.625E+00 1.625E+00
 0.000E+00 0.000E+00 0.000E+00 0.000E+00
 0.000E+00 0.000E+00 0.000E+00 0.000E+00
 0.000E+00 0.000E+00 0.000E+00 0.000E+00
      78.857780     2.127045    -0.045837
 6
       4
     2     2     2     2
     0     1     1     1
 1.710E+00 1.625E+00 1.625E+00 1.625E+00
 0.000E+00 0.000E+00 0.000E+00 0.000E+00
 0.000E+00 0.000E+00 0.000E+00 0.000E+00
 0.000E+00 0.000E+00 0.000E+00 0.000E+00
      78.472295     -2.384031    1.016982
 6
       4
     2     2     2     2
     0     1     1     1
 1.710E+00 1.625E+00 1.625E+00 1.625E+00
 0.000E+00 0.000E+00 0.000E+00 0.000E+00
 0.000E+00 0.000E+00 0.000E+00 0.000E+00
 0.000E+00 0.000E+00 0.000E+00 0.000E+00
      76.156292     2.357316    -0.257460
 6
       4
     2     2     2     2
     0     1     1     1
 1.710E+00 1.625E+00 1.625E+00 1.625E+00
 0.000E+00 0.000E+00 0.000E+00 0.000E+00
 0.000E+00 0.000E+00 0.000E+00 0.000E+00
 0.000E+00 0.000E+00 0.000E+00 0.000E+00
      74.636587     0.183948    0.167791
 6
       4
     2     2     2     2
     0     1     1     1
 1.710E+00 1.625E+00 1.625E+00 1.625E+00
 0.000E+00 0.000E+00 0.000E+00 0.000E+00
 0.000E+00 0.000E+00 0.000E+00 0.000E+00
 0.000E+00 0.000E+00 0.000E+00 0.000E+00
      75.863768     -2.193348    0.819376
 6
       4
     2     2     2     2
     0     1     1     1
 1.710E+00 1.625E+00 1.625E+00 1.625E+00
 0.000E+00 0.000E+00 0.000E+00 0.000E+00
 0.000E+00 0.000E+00 0.000E+00 0.000E+00
 0.000E+00 0.000E+00 0.000E+00 0.000E+00
      82.867548     -0.315100    0.442623
 6
       4
     2     2     2     2
     0     1     1     1
 1.710E+00 1.625E+00 1.625E+00 1.625E+00
 0.000E+00 0.000E+00 0.000E+00 0.000E+00
 0.000E+00 0.000E+00 0.000E+00 0.000E+00
 0.000E+00 0.000E+00 0.000E+00 0.000E+00
      85.040319     -0.015575    0.337186
 6
       4
     2     2     2     2
     0     1     1     1
 1.710E+00 1.625E+00 1.625E+00 1.625E+00
 0.000E+00 0.000E+00 0.000E+00 0.000E+00
 0.000E+00 0.000E+00 0.000E+00 0.000E+00
 0.000E+00 0.000E+00 0.000E+00 0.000E+00
      87.832688     0.092920    0.119767
 6
       4
     2     2     2     2
     0     1     1     1
 1.710E+00 1.625E+00 1.625E+00 1.625E+00
 0.000E+00 0.000E+00 0.000E+00 0.000E+00
 0.000E+00 0.000E+00 0.000E+00 0.000E+00
 0.000E+00 0.000E+00 0.000E+00 0.000E+00
      89.121426     2.226832    -0.913550
 6
       4
     2     2     2     2
     0     1     1     1
 1.710E+00 1.625E+00 1.625E+00 1.625E+00
 0.000E+00 0.000E+00 0.000E+00 0.000E+00
 0.000E+00 0.000E+00 0.000E+00 0.000E+00
 0.000E+00 0.000E+00 0.000E+00 0.000E+00
      89.371070     -2.051564    0.697347
 6
       4
     2     2     2     2
     0     1     1     1
 1.710E+00 1.625E+00 1.625E+00 1.625E+00
 0.000E+00 0.000E+00 0.000E+00 0.000E+00
 0.000E+00 0.000E+00 0.000E+00 0.000E+00
 0.000E+00 0.000E+00 0.000E+00 0.000E+00
      91.832843     2.449219    -1.091557
 6
       4
     2     2     2     2
     0     1     1     1
 1.710E+00 1.625E+00 1.625E+00 1.625E+00
 0.000E+00 0.000E+00 0.000E+00 0.000E+00
 0.000E+00 0.000E+00 0.000E+00 0.000E+00
 0.000E+00 0.000E+00 0.000E+00 0.000E+00
      92.088961     -1.903226    0.454997
 6
       4
     2     2     2     2
     0     1     1     1
 1.710E+00 1.625E+00 1.625E+00 1.625E+00
 0.000E+00 0.000E+00 0.000E+00 0.000E+00
 0.000E+00 0.000E+00 0.000E+00 0.000E+00
 0.000E+00 0.000E+00 0.000E+00 0.000E+00
      93.349351     0.297730    -0.408298
 6
       4
     2     2     2     2
     0     1     1     1
 1.710E+00 1.625E+00 1.625E+00 1.625E+00
 0.000E+00 0.000E+00 0.000E+00 0.000E+00
 0.000E+00 0.000E+00 0.000E+00 0.000E+00
 0.000E+00 0.000E+00 0.000E+00 0.000E+00
      96.070706     0.366584    -0.244587
 6
       4
     2     2     2     2
     0     1     1     1
 1.710E+00 1.625E+00 1.625E+00 1.625E+00
 0.000E+00 0.000E+00 0.000E+00 0.000E+00
 0.000E+00 0.000E+00 0.000E+00 0.000E+00
 0.000E+00 0.000E+00 0.000E+00 0.000E+00
      98.268261     0.355454    -0.019139
 6
       4
     2     2     2     2
     0     1     1     1
 1.710E+00 1.625E+00 1.625E+00 1.625E+00
 0.000E+00 0.000E+00 0.000E+00 0.000E+00
 0.000E+00 0.000E+00 0.000E+00 0.000E+00
 0.000E+00 0.000E+00 0.000E+00 0.000E+00
      101.026904     0.453912    -0.037611
 6
       4
     2     2     2     2
     0     1     1     1
 1.710E+00 1.625E+00 1.625E+00 1.625E+00
 0.000E+00 0.000E+00 0.000E+00 0.000E+00
 0.000E+00 0.000E+00 0.000E+00 0.000E+00
 0.000E+00 0.000E+00 0.000E+00 0.000E+00
      102.623371     -1.774432    0.703588
 6
       4
     2     2     2     2
     0     1     1     1
 1.710E+00 1.625E+00 1.625E+00 1.625E+00
 0.000E+00 0.000E+00 0.000E+00 0.000E+00
 0.000E+00 0.000E+00 0.000E+00 0.000E+00
 0.000E+00 0.000E+00 0.000E+00 0.000E+00
      102.354890     2.633528    -0.644638
 6
       4
     2     2     2     2
     0     1     1     1
 1.710E+00 1.625E+00 1.625E+00 1.625E+00
 0.000E+00 0.000E+00 0.000E+00 0.000E+00
 0.000E+00 0.000E+00 0.000E+00 0.000E+00
 0.000E+00 0.000E+00 0.000E+00 0.000E+00
      105.132985     2.616679    -0.655784
 6
       4
     2     2     2     2
     0     1     1     1
 1.710E+00 1.625E+00 1.625E+00 1.625E+00
 0.000E+00 0.000E+00 0.000E+00 0.000E+00
 0.000E+00 0.000E+00 0.000E+00 0.000E+00
 0.000E+00 0.000E+00 0.000E+00 0.000E+00
      105.180901     -1.646594    0.840068
 6
       4
     2     2     2     2
     0     1     1     1
 1.710E+00 1.625E+00 1.625E+00 1.625E+00
 0.000E+00 0.000E+00 0.000E+00 0.000E+00
 0.000E+00 0.000E+00 0.000E+00 0.000E+00
 0.000E+00 0.000E+00 0.000E+00 0.000E+00
      106.593802     0.631977    0.299393
 6
       4
     2     2     2     2
     0     1     1     1
 1.710E+00 1.625E+00 1.625E+00 1.625E+00
 0.000E+00 0.000E+00 0.000E+00 0.000E+00
 0.000E+00 0.000E+00 0.000E+00 0.000E+00
 0.000E+00 0.000E+00 0.000E+00 0.000E+00
      109.397243     0.713387    0.331541
 6
       4
     2     2     2     2
     0     1     1     1
 1.710E+00 1.625E+00 1.625E+00 1.625E+00
 0.000E+00 0.000E+00 0.000E+00 0.000E+00
 0.000E+00 0.000E+00 0.000E+00 0.000E+00
 0.000E+00 0.000E+00 0.000E+00 0.000E+00
      111.534772     0.965899    -0.063854
 6
       4
     2     2     2     2
     0     1     1     1
 1.710E+00 1.625E+00 1.625E+00 1.625E+00
 0.000E+00 0.000E+00 0.000E+00 0.000E+00
 0.000E+00 0.000E+00 0.000E+00 0.000E+00
 0.000E+00 0.000E+00 0.000E+00 0.000E+00
      114.288107     0.910103    -0.116298
 6
       4
     2     2     2     2
     0     1     1     1
 1.710E+00 1.625E+00 1.625E+00 1.625E+00
 0.000E+00 0.000E+00 0.000E+00 0.000E+00
 0.000E+00 0.000E+00 0.000E+00 0.000E+00
 0.000E+00 0.000E+00 0.000E+00 0.000E+00
      115.499718     -1.441543    -0.529114
 6
       4
     2     2     2     2
     0     1     1     1
 1.710E+00 1.625E+00 1.625E+00 1.625E+00
 0.000E+00 0.000E+00 0.000E+00 0.000E+00
 0.000E+00 0.000E+00 0.000E+00 0.000E+00
 0.000E+00 0.000E+00 0.000E+00 0.000E+00
      115.922234     3.077389    0.536440
 6
       4
     2     2     2     2
     0     1     1     1
 1.710E+00 1.625E+00 1.625E+00 1.625E+00
 0.000E+00 0.000E+00 0.000E+00 0.000E+00
 0.000E+00 0.000E+00 0.000E+00 0.000E+00
 0.000E+00 0.000E+00 0.000E+00 0.000E+00
      118.512457     2.750039    0.639287
 6
       4
     2     2     2     2
     0     1     1     1
 1.710E+00 1.625E+00 1.625E+00 1.625E+00
 0.000E+00 0.000E+00 0.000E+00 0.000E+00
 0.000E+00 0.000E+00 0.000E+00 0.000E+00
 0.000E+00 0.000E+00 0.000E+00 0.000E+00
      118.131437     -1.720580    -0.466061
 6
       4
     2     2     2     2
     0     1     1     1
 1.710E+00 1.625E+00 1.625E+00 1.625E+00
 0.000E+00 0.000E+00 0.000E+00 0.000E+00
 0.000E+00 0.000E+00 0.000E+00 0.000E+00
 0.000E+00 0.000E+00 0.000E+00 0.000E+00
      119.782941     0.374449    0.103171
 6
       4
     2     2     2     2
     0     1     1     1
 1.710E+00 1.625E+00 1.625E+00 1.625E+00
 0.000E+00 0.000E+00 0.000E+00 0.000E+00
 0.000E+00 0.000E+00 0.000E+00 0.000E+00
 0.000E+00 0.000E+00 0.000E+00 0.000E+00
      122.542203     0.128110    0.097599
 6
       4
     2     2     2     2
     0     1     1     1
 1.710E+00 1.625E+00 1.625E+00 1.625E+00
 0.000E+00 0.000E+00 0.000E+00 0.000E+00
 0.000E+00 0.000E+00 0.000E+00 0.000E+00
 0.000E+00 0.000E+00 0.000E+00 0.000E+00
      124.715301     -0.008963    0.071982
 6
       4
     2     2     2     2
     0     1     1     1
 1.710E+00 1.625E+00 1.625E+00 1.625E+00
 0.000E+00 0.000E+00 0.000E+00 0.000E+00
 0.000E+00 0.000E+00 0.000E+00 0.000E+00
 0.000E+00 0.000E+00 0.000E+00 0.000E+00
      127.466015     -0.187021    -0.162583
 6
       4
     2     2     2     2
     0     1     1     1
 1.710E+00 1.625E+00 1.625E+00 1.625E+00
 0.000E+00 0.000E+00 0.000E+00 0.000E+00
 0.000E+00 0.000E+00 0.000E+00 0.000E+00
 0.000E+00 0.000E+00 0.000E+00 0.000E+00
      128.720653     -2.387351    -1.133063
 6
       4
     2     2     2     2
     0     1     1     1
 1.710E+00 1.625E+00 1.625E+00 1.625E+00
 0.000E+00 0.000E+00 0.000E+00 0.000E+00
 0.000E+00 0.000E+00 0.000E+00 0.000E+00
 0.000E+00 0.000E+00 0.000E+00 0.000E+00
      128.966981     1.966884    0.627200
 6
       4
     2     2     2     2
     0     1     1     1
 1.710E+00 1.625E+00 1.625E+00 1.625E+00
 0.000E+00 0.000E+00 0.000E+00 0.000E+00
 0.000E+00 0.000E+00 0.000E+00 0.000E+00
 0.000E+00 0.000E+00 0.000E+00 0.000E+00
      131.694810     1.774619    0.610193
 6
       4
     2     2     2     2
     0     1     1     1
 1.710E+00 1.625E+00 1.625E+00 1.625E+00
 0.000E+00 0.000E+00 0.000E+00 0.000E+00
 0.000E+00 0.000E+00 0.000E+00 0.000E+00
 0.000E+00 0.000E+00 0.000E+00 0.000E+00
      131.363348     -2.574820    -1.012428
 6
       4
     2     2     2     2
     0     1     1     1
 1.710E+00 1.625E+00 1.625E+00 1.625E+00
 0.000E+00 0.000E+00 0.000E+00 0.000E+00
 0.000E+00 0.000E+00 0.000E+00 0.000E+00
 0.000E+00 0.000E+00 0.000E+00 0.000E+00
      132.836401     -0.601422    0.015823
 6
       4
     2     2     2     2
     0     1     1     1
 1.710E+00 1.625E+00 1.625E+00 1.625E+00
 0.000E+00 0.000E+00 0.000E+00 0.000E+00
 0.000E+00 0.000E+00 0.000E+00 0.000E+00
 0.000E+00 0.000E+00 0.000E+00 0.000E+00
      135.624364     -0.849330    0.358662
 1
       1
     1
     0
 1.300E+00
 0.000E+00
 0.000E+00
 0.000E+00
      75.467644     4.028108    -0.754622
 1
       1
     1
     0
 1.300E+00
 0.000E+00
 0.000E+00
 0.000E+00
      80.090560     3.741024    -0.301062
 6
       4
     2     2     2     2
     0     1     1     1
 1.710E+00 1.625E+00 1.625E+00 1.625E+00
 0.000E+00 0.000E+00 0.000E+00 0.000E+00
 0.000E+00 0.000E+00 0.000E+00 0.000E+00
 0.000E+00 0.000E+00 0.000E+00 0.000E+00
      71.841080     0.303224    -0.016565
 1
       1
     1
     0
 1.300E+00
 0.000E+00
 0.000E+00
 0.000E+00
      74.761120     -3.737778    1.238288
 1
       1
     1
     0
 1.300E+00
 0.000E+00
 0.000E+00
 0.000E+00
      79.403191     -4.269624    1.402698
 1
       1
     1
     0
 1.300E+00
 0.000E+00
 0.000E+00
 0.000E+00
      88.058098     3.701265    -1.500835
 1
       1
     1
     0
 1.300E+00
 0.000E+00
 0.000E+00
 0.000E+00
      88.467040     -3.707911    1.275454
 1
       1
     1
     0
 1.300E+00
 0.000E+00
 0.000E+00
 0.000E+00
      92.679340     4.083103    -1.827594
 1
       1
     1
     0
 1.300E+00
 0.000E+00
 0.000E+00
 0.000E+00
      93.163145     -3.511553    0.841671
 1
       1
     1
     0
 1.300E+00
 0.000E+00
 0.000E+00
 0.000E+00
      101.370790     4.177317    -1.246333
 1
       1
     1
     0
 1.300E+00
 0.000E+00
 0.000E+00
 0.000E+00
      106.005183     4.367172    -1.297337
 1
       1
     1
     0
 1.300E+00
 0.000E+00
 0.000E+00
 0.000E+00
      101.612203     -3.518483    1.047071
 1
       1
     1
     0
 1.300E+00
 0.000E+00
 0.000E+00
 0.000E+00
      106.242570     -3.321594    1.393892
 1
       1
     1
     0
 1.300E+00
 0.000E+00
 0.000E+00
 0.000E+00
      115.128874     4.836637    1.023177
 1
       1
     1
     0
 1.300E+00
 0.000E+00
 0.000E+00
 0.000E+00
      114.259113     -3.080331    -0.926521
 1
       1
     1
     0
 1.300E+00
 0.000E+00
 0.000E+00
 0.000E+00
      119.634344     4.318013    1.050931
 1
       1
     1
     0
 1.300E+00
 0.000E+00
 0.000E+00
 0.000E+00
      118.935117     -3.625411    -0.733764
 1
       1
     1
     0
 1.300E+00
 0.000E+00
 0.000E+00
 0.000E+00
      127.869881     3.495897    1.094495
 1
       1
     1
     0
 1.300E+00
 0.000E+00
 0.000E+00
 0.000E+00
      127.497089     -3.780520    -1.712519
 1
       1
     1
     0
 1.300E+00
 0.000E+00
 0.000E+00
 0.000E+00
      132.651200     3.317493    1.150354
 1
       1
     1
     0
 1.300E+00
 0.000E+00
 0.000E+00
 0.000E+00
      132.094609     -4.369887    -1.681898
 1
       1
     1
     0
 1.300E+00
 0.000E+00
 0.000E+00
 0.000E+00
      141.068117     1.773863    2.947583
 1
       1
     1
     0
 1.300E+00
 0.000E+00
 0.000E+00
 0.000E+00
      140.811983     -4.062472    -2.548484
 1
       1
     1
     0
 1.300E+00
 0.000E+00
 0.000E+00
 0.000E+00
      148.157477     -1.387048    -0.164797
 1
       1
     1
     0
 1.300E+00
 0.000E+00
 0.000E+00
 0.000E+00
      145.753919     1.946968    3.044073
 1
       1
     1
     0
 1.300E+00
 0.000E+00
 0.000E+00
 0.000E+00
      145.280651     -4.209574    -2.617431
 6
       4
     2     2     2     2
     0     1     1     1
 1.710E+00 1.625E+00 1.625E+00 1.625E+00
 0.000E+00 0.000E+00 0.000E+00 0.000E+00
 0.000E+00 0.000E+00 0.000E+00 0.000E+00
 0.000E+00 0.000E+00 0.000E+00 0.000E+00
      137.846761     -1.135808    0.457839
 6
       4
     2     2     2     2
     0     1     1     1
 1.710E+00 1.625E+00 1.625E+00 1.625E+00
 0.000E+00 0.000E+00 0.000E+00 0.000E+00
 0.000E+00 0.000E+00 0.000E+00 0.000E+00
 0.000E+00 0.000E+00 0.000E+00 0.000E+00
      140.582693     -1.317823    0.374185
 6
       4
     2     2     2     2
     0     1     1     1
 1.710E+00 1.625E+00 1.625E+00 1.625E+00
 0.000E+00 0.000E+00 0.000E+00 0.000E+00
 0.000E+00 0.000E+00 0.000E+00 0.000E+00
 0.000E+00 0.000E+00 0.000E+00 0.000E+00
      141.720210     -2.934831    -1.261738
 6
       4
     2     2     2     2
     0     1     1     1
 1.710E+00 1.625E+00 1.625E+00 1.625E+00
 0.000E+00 0.000E+00 0.000E+00 0.000E+00
 0.000E+00 0.000E+00 0.000E+00 0.000E+00
 0.000E+00 0.000E+00 0.000E+00 0.000E+00
      142.104363     0.570516    1.904245
 6
       4
     2     2     2     2
     0     1     1     1
 1.710E+00 1.625E+00 1.625E+00 1.625E+00
 0.000E+00 0.000E+00 0.000E+00 0.000E+00
 0.000E+00 0.000E+00 0.000E+00 0.000E+00
 0.000E+00 0.000E+00 0.000E+00 0.000E+00
      144.677709     0.514389    1.956320
 6
       4
     2     2     2     2
     0     1     1     1
 1.710E+00 1.625E+00 1.625E+00 1.625E+00
 0.000E+00 0.000E+00 0.000E+00 0.000E+00
 0.000E+00 0.000E+00 0.000E+00 0.000E+00
 0.000E+00 0.000E+00 0.000E+00 0.000E+00
      144.605667     -3.008544    -1.255171
 6
       4
     2     2     2     2
     0     1     1     1
 1.710E+00 1.625E+00 1.625E+00 1.625E+00
 0.000E+00 0.000E+00 0.000E+00 0.000E+00
 0.000E+00 0.000E+00 0.000E+00 0.000E+00
 0.000E+00 0.000E+00 0.000E+00 0.000E+00
      145.981711     -1.385402    0.161422
# LCAO coefficients .. are not included.
         1
        1        0.000048905673343   k=         1
        2        0.000988557802953   k=         1
        3        0.002939504794514   k=         1
        4        -0.020305408412365   k=         1
        5        -0.001309193544312   k=         1
        6        -0.002882601533402   k=         1
        7        0.012005799833804   k=         1
        8        -0.020287916246314   k=         1
        9        0.001345854400465   k=         1
        10        0.002670094303625   k=         1
        11        0.010569737425523   k=         1
        12        -0.016927679833602   k=         1
        13        0.000393623634036   k=         1
        14        0.000786153980073   k=         1
        15        -0.002840340445964   k=         1
        16        0.005452524936213   k=         1
        17        -0.000073954802586   k=         1
        18        0.003549334573889   k=         1
        19        -0.007739109782957   k=         1
        20        0.027293408316850   k=         1
        21        -0.000537495845807   k=         1
        22        -0.001139596634009   k=         1
        23        -0.003512012496745   k=         1
        24        0.009122259958819   k=         1
        25        -0.000989770352268   k=         1
        26        -0.003639261311688   k=         1
        27        0.007725971720178   k=         1
        28        0.036775883186085   k=         1
        29        0.000802950035479   k=         1
        30        -0.000272531252417   k=         1
        31        0.001218956641625   k=         1
        32        0.024345754257444   k=         1
        33        -0.000605653215011   k=         1
        34        -0.000043103956694   k=         1
        35        -0.014001966941200   k=         1
        36        -0.050211777356545   k=         1
        37        -0.000269250590212   k=         1
        38        -0.001010219485597   k=         1
        39        -0.010135572651028   k=         1
        40        -0.025022679040064   k=         1
        41        -0.000461288530468   k=         1
        42        0.002597287300026   k=         1
        43        -0.007472964537561   k=         1
        44        -0.025713910997719   k=         1
        45        0.001426138636917   k=         1
        46        0.000938752730226   k=         1
        47        0.009046564407994   k=         1
        48        0.030339445999793   k=         1
        49        -0.000413505011876   k=         1
        50        -0.004516253034419   k=         1
        51        0.007641011624500   k=         1
        52        0.031005900073882   k=         1
        53        -0.000798982643619   k=         1
        54        -0.008744168607232   k=         1
        55        0.015150595027689   k=         1
        56        0.043456742378357   k=         1
        57        -0.000864072839780   k=         1
        58        0.006176600947142   k=         1
        59        -0.025712355796039   k=         1
        60        -0.036481679572109   k=         1
        61        -0.000730390528928   k=         1
        62        -0.005669171421752   k=         1
        63        -0.017984771998320   k=         1
        64        -0.035070061140173   k=         1
        65        0.000732345610953   k=         1
        66        0.010884838596496   k=         1
        67        0.037760196105281   k=         1
        68        0.046986741443150   k=         1
        69        0.001162479065938   k=         1
        70        0.002870752009343   k=         1
        71        0.020437402160508   k=         1
        72        0.020780194657267   k=         1
        73        -0.001802115928528   k=         1
        74        -0.000042757818706   k=         1
        75        0.028317328279285   k=         1
        76        0.027013091603890   k=         1
        77        0.001252501893879   k=         1
        78        0.003743047658890   k=         1
        79        -0.030353586270753   k=         1
        80        -0.031667409351421   k=         1
        81        -0.001576800547993   k=         1
        82        -0.006365429798813   k=         1
        83        -0.027455599681525   k=         1
        84        -0.032590612560736   k=         1
        85        -0.000400347822106   k=         1
        86        -0.006108701877267   k=         1
        87        -0.029996772069566   k=         1
        88        -0.047289947444664   k=         1
        89        0.003554274879184   k=         1
        90        0.008299575308539   k=         1
        91        0.022114001839591   k=         1
        92        0.068913069752529   k=         1
        93        -0.003859028245337   k=         1
        94        0.000815864298461   k=         1
        95        0.021499667335259   k=         1
        96        0.044577079355909   k=         1
        97        0.001607293375391   k=         1
        98        0.008226445134040   k=         1
        99        -0.032289980625929   k=         1
        100        -0.098675778517804   k=         1
        101        0.000931116503551   k=         1
        102        -0.003773118277291   k=         1
        103        -0.017685791676590   k=         1
        104        -0.055610629313793   k=         1
        105        -0.000311562892447   k=         1
        106        0.003617042577511   k=         1
        107        -0.012204312466872   k=         1
        108        -0.053146829206177   k=         1
        109        0.000252656555550   k=         1
        110        0.000237479389948   k=         1
        111        0.008630138726432   k=         1
        112        0.048550766082103   k=         1
        113        -0.001324223961097   k=         1
        114        0.007450297606550   k=         1
        115        0.014265295435283   k=         1
        116        0.082167257249208   k=         1
        117        0.001060067965622   k=         1
        118        0.012435390499952   k=         1
        119        0.025249142214482   k=         1
        120        0.094521980467464   k=         1
        121        -0.001803374107471   k=         1
        122        -0.012554404676929   k=         1
        123        -0.024910273879913   k=         1
        124        -0.070371116918783   k=         1
        125        0.002824702525996   k=         1
        126        -0.004316686589880   k=         1
        127        -0.024479033585160   k=         1
        128        -0.082585229749822   k=         1
        129        0.002322969448052   k=         1
        130        -0.004839474635415   k=         1
        131        0.034770999976649   k=         1
        132        0.080932951070529   k=         1
        133        -0.000778757682919   k=         1
        134        -0.013893013363272   k=         1
        135        0.025993328254301   k=         1
        136        0.047612272352788   k=         1
        137        -0.001932966159551   k=         1
        138        -0.004937284241849   k=         1
        139        0.030478915458442   k=         1
        140        0.056885132344778   k=         1
        141        0.000206662389856   k=         1
        142        0.006701865722590   k=         1
        143        -0.034732864868527   k=         1
        144        -0.057743851090024   k=         1
        145        -0.002257919192837   k=         1
        146        0.009623530205348   k=         1
        147        -0.023344831722319   k=         1
        148        -0.035946925295953   k=         1
        149        0.001253894699020   k=         1
        150        0.003932772296080   k=         1
        151        -0.043741148076673   k=         1
        152        -0.079361355582057   k=         1
        153        -0.002138397406768   k=         1
        154        -0.001354562623369   k=         1
        155        0.028520457709331   k=         1
        156        0.068627879197184   k=         1
        157        -0.001421202451488   k=         1
        158        0.000932435263771   k=         1
        159        -0.000690982876988   k=         1
        160        0.001875360952620   k=         1
        161        -0.000515408109534   k=         1
        162        0.000079215701603   k=         1
        163        -0.000826244679201   k=         1
        164        0.000882252229144   k=         1
        165        0.000581261525381   k=         1
        166        0.003277203178397   k=         1
        167        -0.001149597217839   k=         1
        168        -0.000404218067715   k=         1
        169        0.001504999568899   k=         1
        170        0.002193904510058   k=         1
        171        -0.000481762687526   k=         1
        172        -0.002535885988803   k=         1
        173        0.000013228674790   k=         1
        174        0.002976976574023   k=         1
        175        0.000049758705507   k=         1
        176        0.000387453440384   k=         1
        177        0.002944886879855   k=         1
        178        0.000409274409779   k=         1
        179        -0.002609263555732   k=         1
        180        -0.001205138141802   k=         1
        181        0.002517359197658   k=         1
        182        -0.017808000142460   k=         1
        183        -0.065105421715989   k=         1
        184        -0.001515599503400   k=         1
        185        0.001886807894885   k=         1
        186        0.002108701165074   k=         1
        187        0.002062954591891   k=         1
        188        0.032692655158779   k=         1
        189        0.063275696902692   k=         1
        190        -0.002962815334147   k=         1
        191        -0.006690677929593   k=         1
        192        -0.030503827952124   k=         1
        193        -0.082218833622899   k=         1
        194        0.002486884728091   k=         1
        195        -0.004629164241937   k=         1
        196        -0.017606588583769   k=         1
        197        -0.072099835404493   k=         1
        198        -0.000351321353364   k=         1
        199        0.002476171151141   k=         1
        200        -0.009982431552906   k=         1
        201        -0.038250120994557   k=         1
        202        0.000981932809663   k=         1
        203        -0.002404918141116   k=         1
        204        0.009621640551297   k=         1
        205        0.041866945148816   k=         1
        206        0.001367683234075   k=         1
        207        0.000879551583285   k=         1
        208        0.017661052187396   k=         1
        209        0.061711139123608   k=         1
        210        -0.001770363441208   k=         1
        211        -0.003644400445393   k=         1
        212        0.026895571391110   k=         1
        213        0.082951587457115   k=         1
        214        -0.000011362851587   k=         1
        215        -0.002933979737101   k=         1
        216        -0.019145378704231   k=         1
        217        -0.081162751852532   k=         1
        218        -0.000387166003094   k=         1
        219        0.004574800315726   k=         1
        220        -0.009181652740332   k=         1
        221        -0.045314253104177   k=         1
        222        -0.000136600622761   k=         1
        223        0.002884602502192   k=         1
        224        -0.007102609275874   k=         1
        225        -0.037826101206528   k=         1
        226        0.000076802518616   k=         1
        227        -0.006834139976945   k=         1
        228        0.013703729785222   k=         1
        229        0.055472615151916   k=         1
        230        -0.000160135063638   k=         1
        231        -0.003111460497592   k=         1
        232        0.018249777238336   k=         1
        233        0.072490367072641   k=         1
        234        -0.001007408917516   k=         1
        235        -0.003497906233289   k=         1
        236        0.013582783660890   k=         1
        237        0.049428012163344   k=         1
        238        -0.001528932443836   k=         1
        239        0.002218965385421   k=         1
        240        0.009896544409977   k=         1
        241        0.035156851588029   k=         1
        242        0.000963539837599   k=         1
        243        0.001783429954749   k=         1
        244        0.013603463017245   k=         1
        245        0.058090618361513   k=         1
        246        -0.000876128941306   k=         1
        247        -0.001843153303332   k=         1
        248        -0.010443344423808   k=         1
        249        -0.030689027553858   k=         1
        250        0.000635524173707   k=         1
        251        -0.003678482244611   k=         1
        252        -0.015612409606336   k=         1
        253        -0.030057949365149   k=         1
        254        -0.000929842036804   k=         1
        255        -0.003155939639432   k=         1
        256        -0.011655821576001   k=         1
        257        -0.033108156725784   k=         1
        258        0.000333177272122   k=         1
        259        0.002397917867814   k=         1
        260        0.005444832258722   k=         1
        261        0.014538858264753   k=         1
        262        0.000454137044360   k=         1
        263        0.002351883490970   k=         1
        264        0.005328688270664   k=         1
        265        0.014324665371700   k=         1
        266        -0.001340676798318   k=         1
        267        -0.001600542361584   k=         1
        268        0.013417787384582   k=         1
        269        0.039253808894162   k=         1
        270        -0.000168692710263   k=         1
        271        0.001563304939407   k=         1
        272        -0.003112796947644   k=         1
        273        -0.007638787506663   k=         1
        274        -0.000758092165181   k=         1
        275        0.001690546903517   k=         1
        276        -0.008795495387490   k=         1
        277        -0.025254829575588   k=         1
        278        -0.000053610943293   k=         1
        279        -0.000130143064375   k=         1
        280        0.001034972070058   k=         1
        281        0.000107233599983   k=         1
        282        -0.000191371648321   k=         1
        283        -0.000263126693924   k=         1
        284        0.001139465235974   k=         1
        285        0.007936613545158   k=         1
        286        0.000826235522084   k=         1
        287        0.000694301011184   k=         1
        288        0.004063493277240   k=         1
        289        0.014650333289148   k=         1
        290        -0.001283446806163   k=         1
        291        -0.002371383422226   k=         1
        292        0.005351725034275   k=         1
        293        0.005305008487070   k=         1
        294        0.000800856802027   k=         1
        295        0.000951839300415   k=         1
        296        0.002775311917906   k=         1
        297        0.001498366271877   k=         1
        298        -0.000000977988392   k=         1
        299        0.001898366856629   k=         1
        300        -0.005436387662852   k=         1
        301        -0.007001050437388   k=         1
        302        -0.001352692586929   k=         1
        303        -0.003279551217848   k=         1
        304        0.005678934525735   k=         1
        305        -0.017744715091903   k=         1
        306        0.000314343903289   k=         1
        307        -0.000392888091249   k=         1
        308        0.004895580168640   k=         1
        309        -0.002870538480904   k=         1
        310        -0.000445984351303   k=         1
        311        -0.000981201303630   k=         1
        312        -0.007868657257495   k=         1
        313        0.029004044401575   k=         1
        314        0.000427089709297   k=         1
        315        -0.001309632666804   k=         1
        316        -0.000927790171102   k=         1
        317        0.010976032619940   k=         1
        318        -0.000438080485642   k=         1
        319        -0.000440822259064   k=         1
        320        -0.002590655277110   k=         1
        321        0.012071194875095   k=         1
        322        0.000209584590720   k=         1
        323        0.001675970989451   k=         1
        324        0.002926674240220   k=         1
        325        -0.017283041320320   k=         1
        326        -0.000175125219599   k=         1
        327        0.001322192583786   k=         1
        328        0.003140560055355   k=         1
        329        -0.021726271604611   k=         1
        330        0.000117853322393   k=         1
        331        0.001340043574411   k=         1
        332        0.007104580635081   k=         1
        333        -0.024281726125733   k=         1
        334        -0.000384214523769   k=         1
        335        -0.000758831844520   k=         1
        336        -0.008548738877564   k=         1
        337        0.022621517706760   k=         1
        338        0.000602749267160   k=         1
        339        0.001368965572633   k=         1
        340        -0.006972283796563   k=         1
        341        0.021326605792894   k=         1
        342        0.000030544598877   k=         1
        343        -0.002372784428014   k=         1
        344        0.011344441787149   k=         1
        345        -0.026583819432205   k=         1
        346        -0.000136677940009   k=         1
        347        -0.000130685635712   k=         1
        348        0.007423005030027   k=         1
        349        -0.018037230915153   k=         1
        350        -0.000784183411270   k=         1
        351        -0.000402569693683   k=         1
        352        0.006657711926882   k=         1
        353        -0.018947997577088   k=         1
        354        0.000027725627691   k=         1
        355        -0.000520409590623   k=         1
        356        -0.004661332068232   k=         1
        357        0.015305722988745   k=         1
        358        0.000370450281948   k=         1
        359        -0.000851034959326   k=         1
        360        -0.005549261923253   k=         1
        361        0.014869711742744   k=         1
        362        0.000355955225981   k=         1
        363        -0.007188510815359   k=         1
        364        -0.009854497186057   k=         1
        365        0.026967096954114   k=         1
        366        -0.000487779458892   k=         1
        367        0.004051172350789   k=         1
        368        0.006796936311924   k=         1
        369        -0.013797991701635   k=         1
        370        0.000123012518202   k=         1
        371        0.001711284385380   k=         1
        372        0.000558334887685   k=         1
        373        0.000963709797690   k=         1
        374        -0.021191826271256   k=         1
        375        -0.070773742551244   k=         1
        376        0.000831930409449   k=         1
        377        0.001066253394556   k=         1
        378        -0.000182933291920   k=         1
        379        0.000501854533495   k=         1
        380        0.001470758476389   k=         1
        381        0.000402266730676   k=         1
        382        -0.001475974046803   k=         1
        383        0.000793869900662   k=         1
        384        0.001013465810337   k=         1
        385        -0.001376023946552   k=         1
        386        0.000608832558043   k=         1
        387        -0.000608985449341   k=         1
        388        -0.000378235043033   k=         1
        389        0.000972978272920   k=         1
        390        -0.000467464430014   k=         1
        391        -0.000085161990538   k=         1
        392        0.000877734602988   k=         1
        393        0.000818068891001   k=         1
        394        -0.000115148812002   k=         1
        395        0.001078241188932   k=         1
        396        -0.000736748704562   k=         1
        397        0.001344950199373   k=         1
        398        -0.000373759566104   k=         1
        399        -0.000491300983968   k=         1
        400        -0.000733730003429   k=         1
        401        0.008515443430148   k=         1
        402        -0.020482689184752   k=         1
        403        0.000110504915218   k=         1
        404        0.001838485298175   k=         1
        405        -0.006979454418804   k=         1
        406        0.010476968805066   k=         1
        407        -0.000710249738216   k=         1
        408        -0.000576677571734   k=         1
        409        -0.014563970718054   k=         1
        410        0.011173444756341   k=         1
        411        0.000576326538439   k=         1
        412        -0.002306718520892   k=         1
        413        -0.006755306794977   k=         1
        414        0.004209811465449   k=         1
        415        -0.000404851080845   k=         1
        416        0.001059756751328   k=         1
        417        0.003294925047686   k=         1
        418        -0.003598798055305   k=         1
        419        -0.000111509115025   k=         1
        420        0.000774440311971   k=         1
        421        0.003476179127010   k=         1
        422        -0.002803516870665   k=         1
        423        -0.000002999731750   k=         1
        424        -0.001854568048016   k=         1
        425        0.009657221754448   k=         1
        426        -0.011474416634960   k=         1
