# file_format= v0.04.05
       144       426
    188.97268778      0.00000000      0.00000000    0
      0.00000000    188.97268778      0.00000000    0
      0.00000000      0.00000000    188.97268778    0
 6
       4
     2     2     2     2
     0     1     1     1
 1.710E+00 1.625E+00 1.625E+00 1.625E+00
 0.000E+00 0.000E+00 0.000E+00 0.000E+00
 0.000E+00 0.000E+00 0.000E+00 0.000E+00
 0.000E+00 0.000E+00 0.000E+00 0.000E+00
      1.246919     -0.842716    -0.009073
 6
       4
     2     2     2     2
     0     1     1     1
 1.710E+00 1.625E+00 1.625E+00 1.625E+00
 0.000E+00 0.000E+00 0.000E+00 0.000E+00
 0.000E+00 0.000E+00 0.000E+00 0.000E+00
 0.000E+00 0.000E+00 0.000E+00 0.000E+00
      -0.691371     1.124873    0.582922
 6
       4
     2     2     2     2
     0     1     1     1
 1.710E+00 1.625E+00 1.625E+00 1.625E+00
 0.000E+00 0.000E+00 0.000E+00 0.000E+00
 0.000E+00 0.000E+00 0.000E+00 0.000E+00
 0.000E+00 0.000E+00 0.000E+00 0.000E+00
      0.344550     -3.292163    -0.707050
 6
       4
     2     2     2     2
     0     1     1     1
 1.710E+00 1.625E+00 1.625E+00 1.625E+00
 0.000E+00 0.000E+00 0.000E+00 0.000E+00
 0.000E+00 0.000E+00 0.000E+00 0.000E+00
 0.000E+00 0.000E+00 0.000E+00 0.000E+00
      -3.209448     0.562296    0.363901
 6
       4
     2     2     2     2
     0     1     1     1
 1.710E+00 1.625E+00 1.625E+00 1.625E+00
 0.000E+00 0.000E+00 0.000E+00 0.000E+00
 0.000E+00 0.000E+00 0.000E+00 0.000E+00
 0.000E+00 0.000E+00 0.000E+00 0.000E+00
      -4.062427     -1.820039    -0.443558
 6
       4
     2     2     2     2
     0     1     1     1
 1.710E+00 1.625E+00 1.625E+00 1.625E+00
 0.000E+00 0.000E+00 0.000E+00 0.000E+00
 0.000E+00 0.000E+00 0.000E+00 0.000E+00
 0.000E+00 0.000E+00 0.000E+00 0.000E+00
      -2.277158     -3.783496    -0.968520
 6
       4
     2     2     2     2
     0     1     1     1
 1.710E+00 1.625E+00 1.625E+00 1.625E+00
 0.000E+00 0.000E+00 0.000E+00 0.000E+00
 0.000E+00 0.000E+00 0.000E+00 0.000E+00
 0.000E+00 0.000E+00 0.000E+00 0.000E+00
      3.865897     -0.255442    -0.064319
 6
       4
     2     2     2     2
     0     1     1     1
 1.710E+00 1.625E+00 1.625E+00 1.625E+00
 0.000E+00 0.000E+00 0.000E+00 0.000E+00
 0.000E+00 0.000E+00 0.000E+00 0.000E+00
 0.000E+00 0.000E+00 0.000E+00 0.000E+00
      6.122168     -0.235804    -0.180191
 6
       4
     2     2     2     2
     0     1     1     1
 1.710E+00 1.625E+00 1.625E+00 1.625E+00
 0.000E+00 0.000E+00 0.000E+00 0.000E+00
 0.000E+00 0.000E+00 0.000E+00 0.000E+00
 0.000E+00 0.000E+00 0.000E+00 0.000E+00
      8.883708     0.148326    -0.079862
 6
       4
     2     2     2     2
     0     1     1     1
 1.710E+00 1.625E+00 1.625E+00 1.625E+00
 0.000E+00 0.000E+00 0.000E+00 0.000E+00
 0.000E+00 0.000E+00 0.000E+00 0.000E+00
 0.000E+00 0.000E+00 0.000E+00 0.000E+00
      9.880723     2.618508    -0.430466
 6
       4
     2     2     2     2
     0     1     1     1
 1.710E+00 1.625E+00 1.625E+00 1.625E+00
 0.000E+00 0.000E+00 0.000E+00 0.000E+00
 0.000E+00 0.000E+00 0.000E+00 0.000E+00
 0.000E+00 0.000E+00 0.000E+00 0.000E+00
      10.473710     -1.952639    0.549137
 6
       4
     2     2     2     2
     0     1     1     1
 1.710E+00 1.625E+00 1.625E+00 1.625E+00
 0.000E+00 0.000E+00 0.000E+00 0.000E+00
 0.000E+00 0.000E+00 0.000E+00 0.000E+00
 0.000E+00 0.000E+00 0.000E+00 0.000E+00
      12.565869     2.987766    -0.100686
 6
       4
     2     2     2     2
     0     1     1     1
 1.710E+00 1.625E+00 1.625E+00 1.625E+00
 0.000E+00 0.000E+00 0.000E+00 0.000E+00
 0.000E+00 0.000E+00 0.000E+00 0.000E+00
 0.000E+00 0.000E+00 0.000E+00 0.000E+00
      13.101954     -1.612934    0.796555
 6
       4
     2     2     2     2
     0     1     1     1
 1.710E+00 1.625E+00 1.625E+00 1.625E+00
 0.000E+00 0.000E+00 0.000E+00 0.000E+00
 0.000E+00 0.000E+00 0.000E+00 0.000E+00
 0.000E+00 0.000E+00 0.000E+00 0.000E+00
      14.079082     0.833449    0.298418
 6
       4
     2     2     2     2
     0     1     1     1
 1.710E+00 1.625E+00 1.625E+00 1.625E+00
 0.000E+00 0.000E+00 0.000E+00 0.000E+00
 0.000E+00 0.000E+00 0.000E+00 0.000E+00
 0.000E+00 0.000E+00 0.000E+00 0.000E+00
      16.848631     1.168845    0.205018
 6
       4
     2     2     2     2
     0     1     1     1
 1.710E+00 1.625E+00 1.625E+00 1.625E+00
 0.000E+00 0.000E+00 0.000E+00 0.000E+00
 0.000E+00 0.000E+00 0.000E+00 0.000E+00
 0.000E+00 0.000E+00 0.000E+00 0.000E+00
      19.101209     1.190265    0.287471
 6
       4
     2     2     2     2
     0     1     1     1
 1.710E+00 1.625E+00 1.625E+00 1.625E+00
 0.000E+00 0.000E+00 0.000E+00 0.000E+00
 0.000E+00 0.000E+00 0.000E+00 0.000E+00
 0.000E+00 0.000E+00 0.000E+00 0.000E+00
      21.875804     1.324983    0.245636
 6
       4
     2     2     2     2
     0     1     1     1
 1.710E+00 1.625E+00 1.625E+00 1.625E+00
 0.000E+00 0.000E+00 0.000E+00 0.000E+00
 0.000E+00 0.000E+00 0.000E+00 0.000E+00
 0.000E+00 0.000E+00 0.000E+00 0.000E+00
      23.193176     -0.668702    1.527915
 6
       4
     2     2     2     2
     0     1     1     1
 1.710E+00 1.625E+00 1.625E+00 1.625E+00
 0.000E+00 0.000E+00 0.000E+00 0.000E+00
 0.000E+00 0.000E+00 0.000E+00 0.000E+00
 0.000E+00 0.000E+00 0.000E+00 0.000E+00
      23.354640     3.228247    -1.043231
 6
       4
     2     2     2     2
     0     1     1     1
 1.710E+00 1.625E+00 1.625E+00 1.625E+00
 0.000E+00 0.000E+00 0.000E+00 0.000E+00
 0.000E+00 0.000E+00 0.000E+00 0.000E+00
 0.000E+00 0.000E+00 0.000E+00 0.000E+00
      25.961689     2.872176    -1.286794
 6
       4
     2     2     2     2
     0     1     1     1
 1.710E+00 1.625E+00 1.625E+00 1.625E+00
 0.000E+00 0.000E+00 0.000E+00 0.000E+00
 0.000E+00 0.000E+00 0.000E+00 0.000E+00
 0.000E+00 0.000E+00 0.000E+00 0.000E+00
      25.769959     -0.859844    1.494734
 6
       4
     2     2     2     2
     0     1     1     1
 1.710E+00 1.625E+00 1.625E+00 1.625E+00
 0.000E+00 0.000E+00 0.000E+00 0.000E+00
 0.000E+00 0.000E+00 0.000E+00 0.000E+00
 0.000E+00 0.000E+00 0.000E+00 0.000E+00
      27.304447     0.767200    -0.100679
 6
       4
     2     2     2     2
     0     1     1     1
 1.710E+00 1.625E+00 1.625E+00 1.625E+00
 0.000E+00 0.000E+00 0.000E+00 0.000E+00
 0.000E+00 0.000E+00 0.000E+00 0.000E+00
 0.000E+00 0.000E+00 0.000E+00 0.000E+00
      30.083020     0.497002    -0.207346
 6
       4
     2     2     2     2
     0     1     1     1
 1.710E+00 1.625E+00 1.625E+00 1.625E+00
 0.000E+00 0.000E+00 0.000E+00 0.000E+00
 0.000E+00 0.000E+00 0.000E+00 0.000E+00
 0.000E+00 0.000E+00 0.000E+00 0.000E+00
      32.300708     0.166181    -0.073040
 6
       4
     2     2     2     2
     0     1     1     1
 1.710E+00 1.625E+00 1.625E+00 1.625E+00
 0.000E+00 0.000E+00 0.000E+00 0.000E+00
 0.000E+00 0.000E+00 0.000E+00 0.000E+00
 0.000E+00 0.000E+00 0.000E+00 0.000E+00
      35.142716     -0.096937    -0.180987
 6
       4
     2     2     2     2
     0     1     1     1
 1.710E+00 1.625E+00 1.625E+00 1.625E+00
 0.000E+00 0.000E+00 0.000E+00 0.000E+00
 0.000E+00 0.000E+00 0.000E+00 0.000E+00
 0.000E+00 0.000E+00 0.000E+00 0.000E+00
      36.401508     -2.369911    0.518605
 6
       4
     2     2     2     2
     0     1     1     1
 1.710E+00 1.625E+00 1.625E+00 1.625E+00
 0.000E+00 0.000E+00 0.000E+00 0.000E+00
 0.000E+00 0.000E+00 0.000E+00 0.000E+00
 0.000E+00 0.000E+00 0.000E+00 0.000E+00
      36.685353     2.111079    -0.832872
 6
       4
     2     2     2     2
     0     1     1     1
 1.710E+00 1.625E+00 1.625E+00 1.625E+00
 0.000E+00 0.000E+00 0.000E+00 0.000E+00
 0.000E+00 0.000E+00 0.000E+00 0.000E+00
 0.000E+00 0.000E+00 0.000E+00 0.000E+00
      39.366141     1.927154    -0.871723
 6
       4
     2     2     2     2
     0     1     1     1
 1.710E+00 1.625E+00 1.625E+00 1.625E+00
 0.000E+00 0.000E+00 0.000E+00 0.000E+00
 0.000E+00 0.000E+00 0.000E+00 0.000E+00
 0.000E+00 0.000E+00 0.000E+00 0.000E+00
      38.978015     -2.418806    0.624212
 6
       4
     2     2     2     2
     0     1     1     1
 1.710E+00 1.625E+00 1.625E+00 1.625E+00
 0.000E+00 0.000E+00 0.000E+00 0.000E+00
 0.000E+00 0.000E+00 0.000E+00 0.000E+00
 0.000E+00 0.000E+00 0.000E+00 0.000E+00
      40.581391     -0.401945    -0.080047
 6
       4
     2     2     2     2
     0     1     1     1
 1.710E+00 1.625E+00 1.625E+00 1.625E+00
 0.000E+00 0.000E+00 0.000E+00 0.000E+00
 0.000E+00 0.000E+00 0.000E+00 0.000E+00
 0.000E+00 0.000E+00 0.000E+00 0.000E+00
      43.352151     -0.586008    -0.025260
 6
       4
     2     2     2     2
     0     1     1     1
 1.710E+00 1.625E+00 1.625E+00 1.625E+00
 0.000E+00 0.000E+00 0.000E+00 0.000E+00
 0.000E+00 0.000E+00 0.000E+00 0.000E+00
 0.000E+00 0.000E+00 0.000E+00 0.000E+00
      45.604302     -0.406520    -0.117813
 6
       4
     2     2     2     2
     0     1     1     1
 1.710E+00 1.625E+00 1.625E+00 1.625E+00
 0.000E+00 0.000E+00 0.000E+00 0.000E+00
 0.000E+00 0.000E+00 0.000E+00 0.000E+00
 0.000E+00 0.000E+00 0.000E+00 0.000E+00
      48.279653     -0.433070    -0.347470
 6
       4
     2     2     2     2
     0     1     1     1
 1.710E+00 1.625E+00 1.625E+00 1.625E+00
 0.000E+00 0.000E+00 0.000E+00 0.000E+00
 0.000E+00 0.000E+00 0.000E+00 0.000E+00
 0.000E+00 0.000E+00 0.000E+00 0.000E+00
      49.813145     -2.469405    0.715524
 6
       4
     2     2     2     2
     0     1     1     1
 1.710E+00 1.625E+00 1.625E+00 1.625E+00
 0.000E+00 0.000E+00 0.000E+00 0.000E+00
 0.000E+00 0.000E+00 0.000E+00 0.000E+00
 0.000E+00 0.000E+00 0.000E+00 0.000E+00
      49.563525     1.509271    -1.555624
 6
       4
     2     2     2     2
     0     1     1     1
 1.710E+00 1.625E+00 1.625E+00 1.625E+00
 0.000E+00 0.000E+00 0.000E+00 0.000E+00
 0.000E+00 0.000E+00 0.000E+00 0.000E+00
 0.000E+00 0.000E+00 0.000E+00 0.000E+00
      52.168649     1.839140    -1.390921
 6
       4
     2     2     2     2
     0     1     1     1
 1.710E+00 1.625E+00 1.625E+00 1.625E+00
 0.000E+00 0.000E+00 0.000E+00 0.000E+00
 0.000E+00 0.000E+00 0.000E+00 0.000E+00
 0.000E+00 0.000E+00 0.000E+00 0.000E+00
      52.369039     -2.394237    0.668372
 6
       4
     2     2     2     2
     0     1     1     1
 1.710E+00 1.625E+00 1.625E+00 1.625E+00
 0.000E+00 0.000E+00 0.000E+00 0.000E+00
 0.000E+00 0.000E+00 0.000E+00 0.000E+00
 0.000E+00 0.000E+00 0.000E+00 0.000E+00
      53.663072     -0.161536    -0.408683
 6
       4
     2     2     2     2
     0     1     1     1
 1.710E+00 1.625E+00 1.625E+00 1.625E+00
 0.000E+00 0.000E+00 0.000E+00 0.000E+00
 0.000E+00 0.000E+00 0.000E+00 0.000E+00
 0.000E+00 0.000E+00 0.000E+00 0.000E+00
      56.466462     0.004721    -0.189324
 1
       1
     1
     0
 1.300E+00
 0.000E+00
 0.000E+00
 0.000E+00
      -4.729032     1.683865    0.701015
 1
       1
     1
     0
 1.300E+00
 0.000E+00
 0.000E+00
 0.000E+00
      0.249482     2.657380    1.119547
 1
       1
     1
     0
 1.300E+00
 0.000E+00
 0.000E+00
 0.000E+00
      -5.819672     -2.818895    -0.667107
 1
       1
     1
     0
 1.300E+00
 0.000E+00
 0.000E+00
 0.000E+00
      -2.805064     -5.529004    -1.453594
 1
       1
     1
     0
 1.300E+00
 0.000E+00
 0.000E+00
 0.000E+00
      1.675701     -4.683242    -1.134321
 1
       1
     1
     0
 1.300E+00
 0.000E+00
 0.000E+00
 0.000E+00
      8.916417     4.287703    -0.935093
 1
       1
     1
     0
 1.300E+00
 0.000E+00
 0.000E+00
 0.000E+00
      9.637826     -3.621796    0.873926
 1
       1
     1
     0
 1.300E+00
 0.000E+00
 0.000E+00
 0.000E+00
      13.308923     4.748454    -0.442018
 1
       1
     1
     0
 1.300E+00
 0.000E+00
 0.000E+00
 0.000E+00
      14.249636     -3.032020    1.316026
 1
       1
     1
     0
 1.300E+00
 0.000E+00
 0.000E+00
 0.000E+00
      22.507774     4.818506    -1.803570
 1
       1
     1
     0
 1.300E+00
 0.000E+00
 0.000E+00
 0.000E+00
      26.872336     4.184169    -2.248296
 1
       1
     1
     0
 1.300E+00
 0.000E+00
 0.000E+00
 0.000E+00
      22.220164     -1.909727    2.616641
 1
       1
     1
     0
 1.300E+00
 0.000E+00
 0.000E+00
 0.000E+00
      26.639724     -2.250972    2.493378
 1
       1
     1
     0
 1.300E+00
 0.000E+00
 0.000E+00
 0.000E+00
      35.898620     3.775824    -1.173437
 1
       1
     1
     0
 1.300E+00
 0.000E+00
 0.000E+00
 0.000E+00
      35.308829     -3.868562    1.076241
 1
       1
     1
     0
 1.300E+00
 0.000E+00
 0.000E+00
 0.000E+00
      40.410471     3.546315    -1.411639
 1
       1
     1
     0
 1.300E+00
 0.000E+00
 0.000E+00
 0.000E+00
      39.987078     -4.005416    1.255307
 1
       1
     1
     0
 1.300E+00
 0.000E+00
 0.000E+00
 0.000E+00
      48.391793     2.841787    -2.466404
 1
       1
     1
     0
 1.300E+00
 0.000E+00
 0.000E+00
 0.000E+00
      48.898920     -3.923750    1.728564
 1
       1
     1
     0
 1.300E+00
 0.000E+00
 0.000E+00
 0.000E+00
      53.276920     3.415141    -2.182700
 1
       1
     1
     0
 1.300E+00
 0.000E+00
 0.000E+00
 0.000E+00
      53.477703     -3.688870    1.516214
 1
       1
     1
     0
 1.300E+00
 0.000E+00
 0.000E+00
 0.000E+00
      61.614746     4.194708    -1.113536
 1
       1
     1
     0
 1.300E+00
 0.000E+00
 0.000E+00
 0.000E+00
      62.094947     -3.354139    0.976877
 6
       4
     2     2     2     2
     0     1     1     1
 1.710E+00 1.625E+00 1.625E+00 1.625E+00
 0.000E+00 0.000E+00 0.000E+00 0.000E+00
 0.000E+00 0.000E+00 0.000E+00 0.000E+00
 0.000E+00 0.000E+00 0.000E+00 0.000E+00
      69.759915     0.486160    -0.230883
 1
       1
     1
     0
 1.300E+00
 0.000E+00
 0.000E+00
 0.000E+00
      66.251080     4.381829    -1.280184
 1
       1
     1
     0
 1.300E+00
 0.000E+00
 0.000E+00
 0.000E+00
      66.783525     -3.107858    0.868550
 6
       4
     2     2     2     2
     0     1     1     1
 1.710E+00 1.625E+00 1.625E+00 1.625E+00
 0.000E+00 0.000E+00 0.000E+00 0.000E+00
 0.000E+00 0.000E+00 0.000E+00 0.000E+00
 0.000E+00 0.000E+00 0.000E+00 0.000E+00
      58.672674     0.197097    -0.261134
 6
       4
     2     2     2     2
     0     1     1     1
 1.710E+00 1.625E+00 1.625E+00 1.625E+00
 0.000E+00 0.000E+00 0.000E+00 0.000E+00
 0.000E+00 0.000E+00 0.000E+00 0.000E+00
 0.000E+00 0.000E+00 0.000E+00 0.000E+00
      61.519661     0.287480    -0.126549
 6
       4
     2     2     2     2
     0     1     1     1
 1.710E+00 1.625E+00 1.625E+00 1.625E+00
 0.000E+00 0.000E+00 0.000E+00 0.000E+00
 0.000E+00 0.000E+00 0.000E+00 0.000E+00
 0.000E+00 0.000E+00 0.000E+00 0.000E+00
      63.042450     -1.721081    0.508909
 6
       4
     2     2     2     2
     0     1     1     1
 1.710E+00 1.625E+00 1.625E+00 1.625E+00
 0.000E+00 0.000E+00 0.000E+00 0.000E+00
 0.000E+00 0.000E+00 0.000E+00 0.000E+00
 0.000E+00 0.000E+00 0.000E+00 0.000E+00
      62.888894     2.641854    -0.842151
 6
       4
     2     2     2     2
     0     1     1     1
 1.710E+00 1.625E+00 1.625E+00 1.625E+00
 0.000E+00 0.000E+00 0.000E+00 0.000E+00
 0.000E+00 0.000E+00 0.000E+00 0.000E+00
 0.000E+00 0.000E+00 0.000E+00 0.000E+00
      65.446863     2.726232    -0.953265
 6
       4
     2     2     2     2
     0     1     1     1
 1.710E+00 1.625E+00 1.625E+00 1.625E+00
 0.000E+00 0.000E+00 0.000E+00 0.000E+00
 0.000E+00 0.000E+00 0.000E+00 0.000E+00
 0.000E+00 0.000E+00 0.000E+00 0.000E+00
      65.666495     -1.607322    0.484887
 6
       4
     2     2     2     2
     0     1     1     1
 1.710E+00 1.625E+00 1.625E+00 1.625E+00
 0.000E+00 0.000E+00 0.000E+00 0.000E+00
 0.000E+00 0.000E+00 0.000E+00 0.000E+00
 0.000E+00 0.000E+00 0.000E+00 0.000E+00
      67.079694     0.465150    -0.386744
 6
       4
     2     2     2     2
     0     1     1     1
 1.710E+00 1.625E+00 1.625E+00 1.625E+00
 0.000E+00 0.000E+00 0.000E+00 0.000E+00
 0.000E+00 0.000E+00 0.000E+00 0.000E+00
 0.000E+00 0.000E+00 0.000E+00 0.000E+00
      80.177742     -0.136829    0.732889
 6
       4
     2     2     2     2
     0     1     1     1
 1.710E+00 1.625E+00 1.625E+00 1.625E+00
 0.000E+00 0.000E+00 0.000E+00 0.000E+00
 0.000E+00 0.000E+00 0.000E+00 0.000E+00
 0.000E+00 0.000E+00 0.000E+00 0.000E+00
      78.873899     2.221027    0.230403
 6
       4
     2     2     2     2
     0     1     1     1
 1.710E+00 1.625E+00 1.625E+00 1.625E+00
 0.000E+00 0.000E+00 0.000E+00 0.000E+00
 0.000E+00 0.000E+00 0.000E+00 0.000E+00
 0.000E+00 0.000E+00 0.000E+00 0.000E+00
      78.682999     -2.360128    0.994005
 6
       4
     2     2     2     2
     0     1     1     1
 1.710E+00 1.625E+00 1.625E+00 1.625E+00
 0.000E+00 0.000E+00 0.000E+00 0.000E+00
 0.000E+00 0.000E+00 0.000E+00 0.000E+00
 0.000E+00 0.000E+00 0.000E+00 0.000E+00
      76.215178     2.288662    0.062567
 6
       4
     2     2     2     2
     0     1     1     1
 1.710E+00 1.625E+00 1.625E+00 1.625E+00
 0.000E+00 0.000E+00 0.000E+00 0.000E+00
 0.000E+00 0.000E+00 0.000E+00 0.000E+00
 0.000E+00 0.000E+00 0.000E+00 0.000E+00
      74.696318     -0.001478    0.277283
 6
       4
     2     2     2     2
     0     1     1     1
 1.710E+00 1.625E+00 1.625E+00 1.625E+00
 0.000E+00 0.000E+00 0.000E+00 0.000E+00
 0.000E+00 0.000E+00 0.000E+00 0.000E+00
 0.000E+00 0.000E+00 0.000E+00 0.000E+00
      76.082133     -2.249282    0.735024
 6
       4
     2     2     2     2
     0     1     1     1
 1.710E+00 1.625E+00 1.625E+00 1.625E+00
 0.000E+00 0.000E+00 0.000E+00 0.000E+00
 0.000E+00 0.000E+00 0.000E+00 0.000E+00
 0.000E+00 0.000E+00 0.000E+00 0.000E+00
      82.927543     -0.175998    0.744310
 6
       4
     2     2     2     2
     0     1     1     1
 1.710E+00 1.625E+00 1.625E+00 1.625E+00
 0.000E+00 0.000E+00 0.000E+00 0.000E+00
 0.000E+00 0.000E+00 0.000E+00 0.000E+00
 0.000E+00 0.000E+00 0.000E+00 0.000E+00
      85.075509     0.007944    0.219924
 6
       4
     2     2     2     2
     0     1     1     1
 1.710E+00 1.625E+00 1.625E+00 1.625E+00
 0.000E+00 0.000E+00 0.000E+00 0.000E+00
 0.000E+00 0.000E+00 0.000E+00 0.000E+00
 0.000E+00 0.000E+00 0.000E+00 0.000E+00
      87.801091     -0.003048    0.061320
 6
       4
     2     2     2     2
     0     1     1     1
 1.710E+00 1.625E+00 1.625E+00 1.625E+00
 0.000E+00 0.000E+00 0.000E+00 0.000E+00
 0.000E+00 0.000E+00 0.000E+00 0.000E+00
 0.000E+00 0.000E+00 0.000E+00 0.000E+00
      89.122414     2.234578    -0.638792
 6
       4
     2     2     2     2
     0     1     1     1
 1.710E+00 1.625E+00 1.625E+00 1.625E+00
 0.000E+00 0.000E+00 0.000E+00 0.000E+00
 0.000E+00 0.000E+00 0.000E+00 0.000E+00
 0.000E+00 0.000E+00 0.000E+00 0.000E+00
      89.317366     -2.218404    0.622149
 6
       4
     2     2     2     2
     0     1     1     1
 1.710E+00 1.625E+00 1.625E+00 1.625E+00
 0.000E+00 0.000E+00 0.000E+00 0.000E+00
 0.000E+00 0.000E+00 0.000E+00 0.000E+00
 0.000E+00 0.000E+00 0.000E+00 0.000E+00
      91.699286     2.285465    -0.689807
 6
       4
     2     2     2     2
     0     1     1     1
 1.710E+00 1.625E+00 1.625E+00 1.625E+00
 0.000E+00 0.000E+00 0.000E+00 0.000E+00
 0.000E+00 0.000E+00 0.000E+00 0.000E+00
 0.000E+00 0.000E+00 0.000E+00 0.000E+00
      91.905657     -2.123859    0.691730
 6
       4
     2     2     2     2
     0     1     1     1
 1.710E+00 1.625E+00 1.625E+00 1.625E+00
 0.000E+00 0.000E+00 0.000E+00 0.000E+00
 0.000E+00 0.000E+00 0.000E+00 0.000E+00
 0.000E+00 0.000E+00 0.000E+00 0.000E+00
      93.240195     0.154958    -0.111267
 6
       4
     2     2     2     2
     0     1     1     1
 1.710E+00 1.625E+00 1.625E+00 1.625E+00
 0.000E+00 0.000E+00 0.000E+00 0.000E+00
 0.000E+00 0.000E+00 0.000E+00 0.000E+00
 0.000E+00 0.000E+00 0.000E+00 0.000E+00
      95.969256     0.377152    -0.153296
 6
       4
     2     2     2     2
     0     1     1     1
 1.710E+00 1.625E+00 1.625E+00 1.625E+00
 0.000E+00 0.000E+00 0.000E+00 0.000E+00
 0.000E+00 0.000E+00 0.000E+00 0.000E+00
 0.000E+00 0.000E+00 0.000E+00 0.000E+00
      98.206667     0.363024    -0.448812
 6
       4
     2     2     2     2
     0     1     1     1
 1.710E+00 1.625E+00 1.625E+00 1.625E+00
 0.000E+00 0.000E+00 0.000E+00 0.000E+00
 0.000E+00 0.000E+00 0.000E+00 0.000E+00
 0.000E+00 0.000E+00 0.000E+00 0.000E+00
      100.953152     0.651181    -0.286743
 6
       4
     2     2     2     2
     0     1     1     1
 1.710E+00 1.625E+00 1.625E+00 1.625E+00
 0.000E+00 0.000E+00 0.000E+00 0.000E+00
 0.000E+00 0.000E+00 0.000E+00 0.000E+00
 0.000E+00 0.000E+00 0.000E+00 0.000E+00
      102.499667     -1.323326    0.839201
 6
       4
     2     2     2     2
     0     1     1     1
 1.710E+00 1.625E+00 1.625E+00 1.625E+00
 0.000E+00 0.000E+00 0.000E+00 0.000E+00
 0.000E+00 0.000E+00 0.000E+00 0.000E+00
 0.000E+00 0.000E+00 0.000E+00 0.000E+00
      102.254655     2.966316    -0.686838
 6
       4
     2     2     2     2
     0     1     1     1
 1.710E+00 1.625E+00 1.625E+00 1.625E+00
 0.000E+00 0.000E+00 0.000E+00 0.000E+00
 0.000E+00 0.000E+00 0.000E+00 0.000E+00
 0.000E+00 0.000E+00 0.000E+00 0.000E+00
      104.812709     3.220384    -0.343114
 6
       4
     2     2     2     2
     0     1     1     1
 1.710E+00 1.625E+00 1.625E+00 1.625E+00
 0.000E+00 0.000E+00 0.000E+00 0.000E+00
 0.000E+00 0.000E+00 0.000E+00 0.000E+00
 0.000E+00 0.000E+00 0.000E+00 0.000E+00
      105.151609     -1.155883    0.984417
 6
       4
     2     2     2     2
     0     1     1     1
 1.710E+00 1.625E+00 1.625E+00 1.625E+00
 0.000E+00 0.000E+00 0.000E+00 0.000E+00
 0.000E+00 0.000E+00 0.000E+00 0.000E+00
 0.000E+00 0.000E+00 0.000E+00 0.000E+00
      106.446967     1.201936    0.322846
 6
       4
     2     2     2     2
     0     1     1     1
 1.710E+00 1.625E+00 1.625E+00 1.625E+00
 0.000E+00 0.000E+00 0.000E+00 0.000E+00
 0.000E+00 0.000E+00 0.000E+00 0.000E+00
 0.000E+00 0.000E+00 0.000E+00 0.000E+00
      109.227920     1.152064    0.256054
 6
       4
     2     2     2     2
     0     1     1     1
 1.710E+00 1.625E+00 1.625E+00 1.625E+00
 0.000E+00 0.000E+00 0.000E+00 0.000E+00
 0.000E+00 0.000E+00 0.000E+00 0.000E+00
 0.000E+00 0.000E+00 0.000E+00 0.000E+00
      111.441231     0.901205    0.042039
 6
       4
     2     2     2     2
     0     1     1     1
 1.710E+00 1.625E+00 1.625E+00 1.625E+00
 0.000E+00 0.000E+00 0.000E+00 0.000E+00
 0.000E+00 0.000E+00 0.000E+00 0.000E+00
 0.000E+00 0.000E+00 0.000E+00 0.000E+00
      114.185483     0.748683    -0.037048
 6
       4
     2     2     2     2
     0     1     1     1
 1.710E+00 1.625E+00 1.625E+00 1.625E+00
 0.000E+00 0.000E+00 0.000E+00 0.000E+00
 0.000E+00 0.000E+00 0.000E+00 0.000E+00
 0.000E+00 0.000E+00 0.000E+00 0.000E+00
      115.472162     -1.609455    -0.718644
 6
       4
     2     2     2     2
     0     1     1     1
 1.710E+00 1.625E+00 1.625E+00 1.625E+00
 0.000E+00 0.000E+00 0.000E+00 0.000E+00
 0.000E+00 0.000E+00 0.000E+00 0.000E+00
 0.000E+00 0.000E+00 0.000E+00 0.000E+00
      115.758304     2.869171    0.419385
 6
       4
     2     2     2     2
     0     1     1     1
 1.710E+00 1.625E+00 1.625E+00 1.625E+00
 0.000E+00 0.000E+00 0.000E+00 0.000E+00
 0.000E+00 0.000E+00 0.000E+00 0.000E+00
 0.000E+00 0.000E+00 0.000E+00 0.000E+00
      118.419520     2.663535    0.372389
 6
       4
     2     2     2     2
     0     1     1     1
 1.710E+00 1.625E+00 1.625E+00 1.625E+00
 0.000E+00 0.000E+00 0.000E+00 0.000E+00
 0.000E+00 0.000E+00 0.000E+00 0.000E+00
 0.000E+00 0.000E+00 0.000E+00 0.000E+00
      118.138454     -1.769487    -0.768402
 6
       4
     2     2     2     2
     0     1     1     1
 1.710E+00 1.625E+00 1.625E+00 1.625E+00
 0.000E+00 0.000E+00 0.000E+00 0.000E+00
 0.000E+00 0.000E+00 0.000E+00 0.000E+00
 0.000E+00 0.000E+00 0.000E+00 0.000E+00
      119.592691     0.352096    -0.050410
 6
       4
     2     2     2     2
     0     1     1     1
 1.710E+00 1.625E+00 1.625E+00 1.625E+00
 0.000E+00 0.000E+00 0.000E+00 0.000E+00
 0.000E+00 0.000E+00 0.000E+00 0.000E+00
 0.000E+00 0.000E+00 0.000E+00 0.000E+00
      122.423200     0.240575    0.017831
 6
       4
     2     2     2     2
     0     1     1     1
 1.710E+00 1.625E+00 1.625E+00 1.625E+00
 0.000E+00 0.000E+00 0.000E+00 0.000E+00
 0.000E+00 0.000E+00 0.000E+00 0.000E+00
 0.000E+00 0.000E+00 0.000E+00 0.000E+00
      124.587238     0.321854    -0.227069
 6
       4
     2     2     2     2
     0     1     1     1
 1.710E+00 1.625E+00 1.625E+00 1.625E+00
 0.000E+00 0.000E+00 0.000E+00 0.000E+00
 0.000E+00 0.000E+00 0.000E+00 0.000E+00
 0.000E+00 0.000E+00 0.000E+00 0.000E+00
      127.326910     0.127150    -0.089261
 6
       4
     2     2     2     2
     0     1     1     1
 1.710E+00 1.625E+00 1.625E+00 1.625E+00
 0.000E+00 0.000E+00 0.000E+00 0.000E+00
 0.000E+00 0.000E+00 0.000E+00 0.000E+00
 0.000E+00 0.000E+00 0.000E+00 0.000E+00
      128.510576     -2.198078    -0.725394
 6
       4
     2     2     2     2
     0     1     1     1
 1.710E+00 1.625E+00 1.625E+00 1.625E+00
 0.000E+00 0.000E+00 0.000E+00 0.000E+00
 0.000E+00 0.000E+00 0.000E+00 0.000E+00
 0.000E+00 0.000E+00 0.000E+00 0.000E+00
      128.889477     2.167945    0.816815
 6
       4
     2     2     2     2
     0     1     1     1
 1.710E+00 1.625E+00 1.625E+00 1.625E+00
 0.000E+00 0.000E+00 0.000E+00 0.000E+00
 0.000E+00 0.000E+00 0.000E+00 0.000E+00
 0.000E+00 0.000E+00 0.000E+00 0.000E+00
      131.493406     1.857873    1.002853
 6
       4
     2     2     2     2
     0     1     1     1
 1.710E+00 1.625E+00 1.625E+00 1.625E+00
 0.000E+00 0.000E+00 0.000E+00 0.000E+00
 0.000E+00 0.000E+00 0.000E+00 0.000E+00
 0.000E+00 0.000E+00 0.000E+00 0.000E+00
      131.140334     -2.419348    -0.624254
 6
       4
     2     2     2     2
     0     1     1     1
 1.710E+00 1.625E+00 1.625E+00 1.625E+00
 0.000E+00 0.000E+00 0.000E+00 0.000E+00
 0.000E+00 0.000E+00 0.000E+00 0.000E+00
 0.000E+00 0.000E+00 0.000E+00 0.000E+00
      132.748698     -0.450259    0.244663
 6
       4
     2     2     2     2
     0     1     1     1
 1.710E+00 1.625E+00 1.625E+00 1.625E+00
 0.000E+00 0.000E+00 0.000E+00 0.000E+00
 0.000E+00 0.000E+00 0.000E+00 0.000E+00
 0.000E+00 0.000E+00 0.000E+00 0.000E+00
      135.429798     -0.731462    0.183995
 1
       1
     1
     0
 1.300E+00
 0.000E+00
 0.000E+00
 0.000E+00
      75.457552     3.951644    -0.246547
 1
       1
     1
     0
 1.300E+00
 0.000E+00
 0.000E+00
 0.000E+00
      79.771347     3.957676    0.087921
 6
       4
     2     2     2     2
     0     1     1     1
 1.710E+00 1.625E+00 1.625E+00 1.625E+00
 0.000E+00 0.000E+00 0.000E+00 0.000E+00
 0.000E+00 0.000E+00 0.000E+00 0.000E+00
 0.000E+00 0.000E+00 0.000E+00 0.000E+00
      72.020054     0.100811    -0.009859
 1
       1
     1
     0
 1.300E+00
 0.000E+00
 0.000E+00
 0.000E+00
      75.086720     -3.847153    0.852121
 1
       1
     1
     0
 1.300E+00
 0.000E+00
 0.000E+00
 0.000E+00
      79.904032     -4.108130    1.202021
 1
       1
     1
     0
 1.300E+00
 0.000E+00
 0.000E+00
 0.000E+00
      88.118029     3.788319    -0.928326
 1
       1
     1
     0
 1.300E+00
 0.000E+00
 0.000E+00
 0.000E+00
      88.400046     -3.803990    1.204322
 1
       1
     1
     0
 1.300E+00
 0.000E+00
 0.000E+00
 0.000E+00
      92.566595     3.975305    -1.118909
 1
       1
     1
     0
 1.300E+00
 0.000E+00
 0.000E+00
 0.000E+00
      92.956415     -3.627159    1.201459
 1
       1
     1
     0
 1.300E+00
 0.000E+00
 0.000E+00
 0.000E+00
      101.204118     4.440263    -1.269824
 1
       1
     1
     0
 1.300E+00
 0.000E+00
 0.000E+00
 0.000E+00
      105.841300     4.911904    -0.601437
 1
       1
     1
     0
 1.300E+00
 0.000E+00
 0.000E+00
 0.000E+00
      101.632200     -2.945735    1.539607
 1
       1
     1
     0
 1.300E+00
 0.000E+00
 0.000E+00
 0.000E+00
      106.167009     -2.717959    1.610778
 1
       1
     1
     0
 1.300E+00
 0.000E+00
 0.000E+00
 0.000E+00
      114.906926     4.576115    0.741500
 1
       1
     1
     0
 1.300E+00
 0.000E+00
 0.000E+00
 0.000E+00
      114.517125     -3.234614    -1.422043
 1
       1
     1
     0
 1.300E+00
 0.000E+00
 0.000E+00
 0.000E+00
      119.575598     4.150747    0.601914
 1
       1
     1
     0
 1.300E+00
 0.000E+00
 0.000E+00
 0.000E+00
      118.917129     -3.510296    -1.491527
 1
       1
     1
     0
 1.300E+00
 0.000E+00
 0.000E+00
 0.000E+00
      128.201088     3.899578    1.173422
 1
       1
     1
     0
 1.300E+00
 0.000E+00
 0.000E+00
 0.000E+00
      127.312926     -3.633210    -1.215659
 1
       1
     1
     0
 1.300E+00
 0.000E+00
 0.000E+00
 0.000E+00
      132.400486     3.418380    1.546599
 1
       1
     1
     0
 1.300E+00
 0.000E+00
 0.000E+00
 0.000E+00
      132.016768     -4.115547    -1.174011
 1
       1
     1
     0
 1.300E+00
 0.000E+00
 0.000E+00
 0.000E+00
      140.705749     1.805603    2.776317
 1
       1
     1
     0
 1.300E+00
 0.000E+00
 0.000E+00
 0.000E+00
      140.800751     -4.608613    -2.166155
 1
       1
     1
     0
 1.300E+00
 0.000E+00
 0.000E+00
 0.000E+00
      147.364287     -1.148109    0.128721
 1
       1
     1
     0
 1.300E+00
 0.000E+00
 0.000E+00
 0.000E+00
      145.300491     2.074759    2.754669
 1
       1
     1
     0
 1.300E+00
 0.000E+00
 0.000E+00
 0.000E+00
      144.995814     -4.493557    -2.412880
 6
       4
     2     2     2     2
     0     1     1     1
 1.710E+00 1.625E+00 1.625E+00 1.625E+00
 0.000E+00 0.000E+00 0.000E+00 0.000E+00
 0.000E+00 0.000E+00 0.000E+00 0.000E+00
 0.000E+00 0.000E+00 0.000E+00 0.000E+00
      137.639130     -1.195775    0.179278
 6
       4
     2     2     2     2
     0     1     1     1
 1.710E+00 1.625E+00 1.625E+00 1.625E+00
 0.000E+00 0.000E+00 0.000E+00 0.000E+00
 0.000E+00 0.000E+00 0.000E+00 0.000E+00
 0.000E+00 0.000E+00 0.000E+00 0.000E+00
      140.338152     -1.379579    0.344476
 6
       4
     2     2     2     2
     0     1     1     1
 1.710E+00 1.625E+00 1.625E+00 1.625E+00
 0.000E+00 0.000E+00 0.000E+00 0.000E+00
 0.000E+00 0.000E+00 0.000E+00 0.000E+00
 0.000E+00 0.000E+00 0.000E+00 0.000E+00
      141.504746     -3.216280    -1.028300
 6
       4
     2     2     2     2
     0     1     1     1
 1.710E+00 1.625E+00 1.625E+00 1.625E+00
 0.000E+00 0.000E+00 0.000E+00 0.000E+00
 0.000E+00 0.000E+00 0.000E+00 0.000E+00
 0.000E+00 0.000E+00 0.000E+00 0.000E+00
      141.696182     0.495286    1.912303
 6
       4
     2     2     2     2
     0     1     1     1
 1.710E+00 1.625E+00 1.625E+00 1.625E+00
 0.000E+00 0.000E+00 0.000E+00 0.000E+00
 0.000E+00 0.000E+00 0.000E+00 0.000E+00
 0.000E+00 0.000E+00 0.000E+00 0.000E+00
      144.333184     0.490919    1.763281
 6
       4
     2     2     2     2
     0     1     1     1
 1.710E+00 1.625E+00 1.625E+00 1.625E+00
 0.000E+00 0.000E+00 0.000E+00 0.000E+00
 0.000E+00 0.000E+00 0.000E+00 0.000E+00
 0.000E+00 0.000E+00 0.000E+00 0.000E+00
      144.367560     -3.146031    -1.123442
 6
       4
     2     2     2     2
     0     1     1     1
 1.710E+00 1.625E+00 1.625E+00 1.625E+00
 0.000E+00 0.000E+00 0.000E+00 0.000E+00
 0.000E+00 0.000E+00 0.000E+00 0.000E+00
 0.000E+00 0.000E+00 0.000E+00 0.000E+00
      145.581463     -1.229711    0.230637
# LCAO coefficients .. are not included.
         1
        1        -0.000272680193513   k=         1
        2        -0.001318970827825   k=         1
        3        0.001442598663051   k=         1
        4        -0.019791306077405   k=         1
        5        -0.000946269577325   k=         1
        6        -0.001393525502308   k=         1
        7        0.010287722753252   k=         1
        8        -0.021376817087900   k=         1
        9        0.001130396464828   k=         1
        10        0.003483468623601   k=         1
        11        0.011732124893757   k=         1
        12        -0.020997577400407   k=         1
        13        0.000204619270409   k=         1
        14        -0.000190170962112   k=         1
        15        -0.002633627159544   k=         1
        16        0.004871737787241   k=         1
        17        -0.000388120687507   k=         1
        18        0.000320563417397   k=         1
        19        -0.007235256729839   k=         1
        20        0.027542275902561   k=         1
        21        -0.000531467208354   k=         1
        22        -0.002008801610482   k=         1
        23        -0.003056859130985   k=         1
        24        0.007338591581284   k=         1
        25        0.000258514349963   k=         1
        26        0.002774167322675   k=         1
        27        0.005794766782259   k=         1
        28        0.036291055430181   k=         1
        29        0.000363836176763   k=         1
        30        0.001704876428689   k=         1
        31        0.000801645883211   k=         1
        32        0.023928433158540   k=         1
        33        0.000154968666162   k=         1
        34        0.004095277586360   k=         1
        35        -0.009116854797161   k=         1
        36        -0.049862492953380   k=         1
        37        0.000529425159126   k=         1
        38        0.005791172598495   k=         1
        39        -0.004971029973585   k=         1
        40        -0.023578118675556   k=         1
        41        0.000835136507957   k=         1
        42        0.007654687010758   k=         1
        43        -0.005799256362026   k=         1
        44        -0.021052949066000   k=         1
        45        0.002221345122424   k=         1
        46        -0.004603157509158   k=         1
        47        0.005584300164751   k=         1
        48        0.039503564154467   k=         1
        49        -0.001307089845990   k=         1
        50        -0.009478511210240   k=         1
        51        0.004359986500456   k=         1
        52        0.035648721918054   k=         1
        53        -0.000428617747079   k=         1
        54        0.004778892429442   k=         1
        55        0.010410885224429   k=         1
        56        0.041051089245147   k=         1
        57        0.002069423758812   k=         1
        58        -0.002416506308591   k=         1
        59        -0.031661461502382   k=         1
        60        -0.056923975644157   k=         1
        61        0.000772913272157   k=         1
        62        0.005729310161727   k=         1
        63        -0.015087275381249   k=         1
        64        -0.040304105337795   k=         1
        65        0.000866322046835   k=         1
        66        -0.004104941276269   k=         1
        67        0.045179524563702   k=         1
        68        0.077242859481770   k=         1
        69        -0.000121310169098   k=         1
        70        0.006063689007536   k=         1
        71        0.026533772357369   k=         1
        72        0.032828195844997   k=         1
        73        -0.001105645822905   k=         1
        74        0.012096439843210   k=         1
        75        0.024187572325225   k=         1
        76        0.034530850070743   k=         1
        77        0.003460599499484   k=         1
        78        -0.011780485189725   k=         1
        79        -0.035783553087608   k=         1
        80        -0.047946225406718   k=         1
        81        -0.002591199877525   k=         1
        82        -0.012078036891262   k=         1
        83        -0.041253783337812   k=         1
        84        -0.039716734475367   k=         1
        85        0.002154352416680   k=         1
        86        -0.007645404896431   k=         1
        87        -0.044364712283874   k=         1
        88        -0.065845356616170   k=         1
        89        -0.001669704611342   k=         1
        90        0.000099947737854   k=         1
        91        0.029620336401365   k=         1
        92        0.081464975524981   k=         1
        93        0.002001386371506   k=         1
        94        0.003274443964727   k=         1
        95        0.034170045870429   k=         1
        96        0.060235387229220   k=         1
        97        0.001374089122297   k=         1
        98        -0.007162714560631   k=         1
        99        -0.037106591940814   k=         1
        100        -0.120951136104770   k=         1
        101        0.001985809843891   k=         1
        102        -0.000187659443975   k=         1
        103        -0.016632865267764   k=         1
        104        -0.056944190625117   k=         1
        105        -0.001916267853815   k=         1
        106        -0.003417131217490   k=         1
        107        -0.010871683426830   k=         1
        108        -0.061286164264050   k=         1
        109        0.001410810092755   k=         1
        110        0.004859709868136   k=         1
        111        0.021671810574332   k=         1
        112        0.082256230009232   k=         1
        113        -0.000241390625204   k=         1
        114        -0.006394087518465   k=         1
        115        0.028066760409767   k=         1
        116        0.081963916420986   k=         1
        117        -0.001245161707379   k=         1
        118        -0.006380424212694   k=         1
        119        0.040503653461709   k=         1
        120        0.098762917728215   k=         1
        121        0.002893076376674   k=         1
        122        0.004240043386151   k=         1
        123        -0.060414158399478   k=         1
        124        -0.116611316267364   k=         1
        125        -0.005967769218918   k=         1
        126        -0.013550861469689   k=         1
        127        -0.041315797851429   k=         1
        128        -0.091657352777067   k=         1
        129        0.001191470360912   k=         1
        130        0.021307569893539   k=         1
        131        0.072219463077340   k=         1
        132        0.136108939771799   k=         1
        133        0.001720498145101   k=         1
        134        -0.002213599210535   k=         1
        135        0.049133875191220   k=         1
        136        0.063359051620037   k=         1
        137        -0.003565564452827   k=         1
        138        -0.014414226994227   k=         1
        139        0.056265020483775   k=         1
        140        0.081438948768861   k=         1
        141        -0.004390785756585   k=         1
        142        0.021013881918058   k=         1
        143        -0.052364324402637   k=         1
        144        -0.089964798141071   k=         1
        145        -0.001154861205443   k=         1
        146        0.004054297705144   k=         1
        147        -0.050091175973828   k=         1
        148        -0.074398088899565   k=         1
        149        0.002987113089732   k=         1
        150        0.007288345513022   k=         1
        151        -0.054043816933556   k=         1
        152        -0.144196282663281   k=         1
        153        0.002947869877037   k=         1
        154        -0.001865931806055   k=         1
        155        0.043155241500775   k=         1
        156        0.122212018041526   k=         1
        157        -0.001206439039317   k=         1
        158        0.001321192835097   k=         1
        159        -0.000475236237690   k=         1
        160        0.001867424785628   k=         1
        161        -0.000358423183786   k=         1
        162        -0.000234345034572   k=         1
        163        -0.001635010346531   k=         1
        164        -0.001735896028423   k=         1
        165        -0.002146364506812   k=         1
        166        -0.000156348034368   k=         1
        167        -0.002444507843593   k=         1
        168        -0.005837492244214   k=         1
        169        0.001472127776340   k=         1
        170        0.001616939148825   k=         1
        171        -0.001454539531362   k=         1
        172        -0.001813392004557   k=         1
        173        0.001842897660141   k=         1
        174        0.009444929546535   k=         1
        175        -0.001410080522666   k=         1
        176        -0.003331139742663   k=         1
        177        0.006452687081216   k=         1
        178        0.006371331117887   k=         1
        179        0.002119871029498   k=         1
        180        -0.002618930029219   k=         1
        181        0.010820167327645   k=         1
        182        -0.036943851390876   k=         1
        183        -0.158482564479339   k=         1
        184        -0.002665666243551   k=         1
        185        0.003261410395518   k=         1
        186        -0.004762023587533   k=         1
        187        -0.006418303606416   k=         1
        188        0.041336740532770   k=         1
        189        0.111281791383046   k=         1
        190        -0.002228661532305   k=         1
        191        0.008461035329110   k=         1
        192        -0.061611316735730   k=         1
        193        -0.176799223816682   k=         1
        194        -0.000323814777118   k=         1
        195        -0.007119593602949   k=         1
        196        -0.025822517358594   k=         1
        197        -0.099413377981337   k=         1
        198        0.000208140529091   k=         1
        199        -0.007185635339522   k=         1
        200        -0.017248343562215   k=         1
        201        -0.083698356002929   k=         1
        202        -0.001648372429116   k=         1
        203        0.006591267282582   k=         1
        204        0.019573203705725   k=         1
        205        0.102801297527261   k=         1
        206        0.004650266441838   k=         1
        207        0.012128124815092   k=         1
        208        0.049673886635846   k=         1
        209        0.139299390343443   k=         1
        210        -0.006444907455061   k=         1
        211        -0.000789537248566   k=         1
        212        0.059534253985429   k=         1
        213        0.160918119503010   k=         1
        214        -0.001084239894379   k=         1
        215        0.004940511719714   k=         1
        216        -0.039118760510362   k=         1
        217        -0.179800680992848   k=         1
        218        0.000415338440758   k=         1
        219        0.007765277427019   k=         1
        220        -0.011110479112866   k=         1
        221        -0.096562038090031   k=         1
        222        0.000506652397189   k=         1
        223        0.011557660737859   k=         1
        224        -0.002590039175228   k=         1
        225        -0.103557263203512   k=         1
        226        0.002871856385706   k=         1
        227        -0.014956862912278   k=         1
        228        0.010073872057633   k=         1
        229        0.123267545291309   k=         1
        230        -0.000462011355129   k=         1
        231        -0.016240799922900   k=         1
        232        0.034212329232909   k=         1
        233        0.163925705857190   k=         1
        234        -0.003155408238935   k=         1
        235        -0.011168217714189   k=         1
        236        0.008274848653596   k=         1
        237        0.123912562006580   k=         1
        238        0.007382804590118   k=         1
        239        0.014415211039521   k=         1
        240        0.029407472960721   k=         1
        241        0.110716528108288   k=         1
        242        -0.007890020044677   k=         1
        243        0.028709084420728   k=         1
        244        0.031798093340207   k=         1
        245        0.131533429502357   k=         1
        246        -0.000250374020464   k=         1
        247        -0.014990702552483   k=         1
        248        -0.034152767472320   k=         1
        249        -0.122888273187495   k=         1
        250        0.001427298753695   k=         1
        251        -0.001053423802176   k=         1
        252        -0.022192753482501   k=         1
        253        -0.098716095589276   k=         1
        254        0.001846425288454   k=         1
        255        0.006217533499074   k=         1
        256        -0.032005867179161   k=         1
        257        -0.090400272776519   k=         1
        258        0.000263668820412   k=         1
        259        -0.002757133450755   k=         1
        260        0.017381232150309   k=         1
        261        0.069412836893349   k=         1
        262        0.001379224661735   k=         1
        263        -0.007741626495494   k=         1
        264        0.020560496775858   k=         1
        265        0.065330381824813   k=         1
        266        -0.001377836640710   k=         1
        267        0.003835312936500   k=         1
        268        0.047609754054155   k=         1
        269        0.142258767854691   k=         1
        270        -0.003715693404733   k=         1
        271        -0.010024770498912   k=         1
        272        -0.022892437896210   k=         1
        273        -0.064202730556388   k=         1
        274        0.007235437619142   k=         1
        275        -0.004572655151148   k=         1
        276        -0.035283916879376   k=         1
        277        -0.104893084563311   k=         1
        278        -0.002942204660270   k=         1
        279        -0.008515220638387   k=         1
        280        0.021227114976422   k=         1
        281        0.062207825162017   k=         1
        282        0.001179970932810   k=         1
        283        -0.010248501700755   k=         1
        284        0.032211378819520   k=         1
        285        0.057425186700632   k=         1
        286        -0.000549894799553   k=         1
        287        -0.016122116089537   k=         1
        288        0.015372462946923   k=         1
        289        0.063108415471918   k=         1
        290        -0.000219400504380   k=         1
        291        0.009440472876888   k=         1
        292        -0.008569089024729   k=         1
        293        -0.032215033843378   k=         1
        294        0.000437149827750   k=         1
        295        0.004576527082949   k=         1
        296        -0.010470153148631   k=         1
        297        -0.030621709289858   k=         1
        298        -0.001372274561152   k=         1
        299        -0.001011001796244   k=         1
        300        -0.023163992758091   k=         1
        301        -0.086907358446880   k=         1
        302        -0.000259453242585   k=         1
        303        0.004308123221462   k=         1
        304        0.004676911473043   k=         1
        305        0.025307662352458   k=         1
        306        -0.001832023521059   k=         1
        307        0.005694104472970   k=         1
        308        0.014646789984846   k=         1
        309        0.055470737945599   k=         1
        310        0.000029077402689   k=         1
        311        -0.000823060656176   k=         1
        312        -0.001113973595492   k=         1
        313        -0.018320453586137   k=         1
        314        0.001349419513740   k=         1
        315        -0.003392130557916   k=         1
        316        0.014290610315008   k=         1
        317        -0.023108813860027   k=         1
        318        -0.002728898459051   k=         1
        319        0.004253249246345   k=         1
        320        0.011815454411724   k=         1
        321        -0.026673310753532   k=         1
        322        0.000698788259040   k=         1
        323        -0.000536316802681   k=         1
        324        -0.002334845743457   k=         1
        325        0.006305887305943   k=         1
        326        -0.000456936752257   k=         1
        327        0.001260278138083   k=         1
        328        -0.003071962892860   k=         1
        329        0.004796495362449   k=         1
        330        0.000498101961130   k=         1
        331        -0.002556305572171   k=         1
        332        -0.005420659635396   k=         1
        333        0.028425407877753   k=         1
        334        -0.000362995933387   k=         1
        335        0.000849401278450   k=         1
        336        -0.000668474249201   k=         1
        337        -0.000341659217477   k=         1
        338        0.000942075508274   k=         1
        339        -0.001349913339892   k=         1
        340        0.002504830560767   k=         1
        341        -0.013209353065847   k=         1
        342        -0.000183294309417   k=         1
        343        0.001487324350069   k=         1
        344        0.001684405725191   k=         1
        345        -0.003816786834141   k=         1
        346        -0.000033852398016   k=         1
        347        -0.000307646094011   k=         1
        348        -0.001151334966808   k=         1
        349        0.003676111957852   k=         1
        350        0.000353350197860   k=         1
        351        -0.001128260998370   k=         1
        352        -0.001723367880429   k=         1
        353        0.003070859024387   k=         1
        354        -0.000187445961613   k=         1
        355        -0.000087303998418   k=         1
        356        -0.000736354597104   k=         1
        357        0.003607244169107   k=         1
        358        0.000020947662960   k=         1
        359        0.000117906406654   k=         1
        360        -0.001124001594442   k=         1
        361        0.003816039359344   k=         1
        362        -0.000008652553527   k=         1
        363        0.000216738550025   k=         1
        364        -0.000077715214448   k=         1
        365        -0.000733751560431   k=         1
        366        0.000070724547392   k=         1
        367        0.000222313745705   k=         1
        368        0.002744609426947   k=         1
        369        -0.004251427960757   k=         1
        370        -0.003148538773473   k=         1
        371        0.005605475506030   k=         1
        372        0.001860303226048   k=         1
        373        0.011798704048642   k=         1
        374        -0.050586751102926   k=         1
        375        -0.157276251691466   k=         1
        376        0.005776966908239   k=         1
        377        -0.004648937428441   k=         1
        378        -0.001582095982368   k=         1
        379        -0.002584671896448   k=         1
        380        -0.003307892547686   k=         1
        381        -0.002399275579976   k=         1
        382        0.000839664479654   k=         1
        383        0.002793324757046   k=         1
        384        -0.000783854987632   k=         1
        385        0.004655404663916   k=         1
        386        0.001504764460897   k=         1
        387        -0.001351159999207   k=         1
        388        -0.001812036894445   k=         1
        389        0.003147728449964   k=         1
        390        -0.000141227487070   k=         1
        391        0.000283411172693   k=         1
        392        0.000370781020733   k=         1
        393        -0.000029007027821   k=         1
        394        -0.000131323048219   k=         1
        395        -0.000149076646512   k=         1
        396        0.000139754748008   k=         1
        397        -0.000069109628416   k=         1
        398        -0.000107886286083   k=         1
        399        0.000105380335253   k=         1
        400        0.000677865092565   k=         1
        401        0.001274041921678   k=         1
        402        -0.001814180078774   k=         1
        403        -0.000039746740384   k=         1
        404        -0.000797372079114   k=         1
        405        -0.002532317012803   k=         1
        406        0.003409886838202   k=         1
        407        0.000012814765790   k=         1
        408        0.000452332372766   k=         1
        409        -0.001719792190773   k=         1
        410        0.001958871864863   k=         1
        411        0.000048978786983   k=         1
        412        0.000182067567052   k=         1
        413        -0.001715898889332   k=         1
        414        0.002494736813617   k=         1
        415        0.000009945040673   k=         1
        416        -0.000284293735730   k=         1
        417        0.000533826651823   k=         1
        418        -0.000654874908734   k=         1
        419        0.000033493512677   k=         1
        420        -0.000687991159909   k=         1
        421        0.001556742990007   k=         1
        422        -0.001805701846466   k=         1
        423        0.000044474979389   k=         1
        424        -0.000275551094841   k=         1
        425        0.002340089894053   k=         1
        426        -0.002866491576806   k=         1
