# file_format= v0.04.05
       144       426
    188.97268778      0.00000000      0.00000000    0
      0.00000000    188.97268778      0.00000000    0
      0.00000000      0.00000000    188.97268778    0
 6
       4
     2     2     2     2
     0     1     1     1
 1.710E+00 1.625E+00 1.625E+00 1.625E+00
 0.000E+00 0.000E+00 0.000E+00 0.000E+00
 0.000E+00 0.000E+00 0.000E+00 0.000E+00
 0.000E+00 0.000E+00 0.000E+00 0.000E+00
      1.152075     -0.760893    -0.023654
 6
       4
     2     2     2     2
     0     1     1     1
 1.710E+00 1.625E+00 1.625E+00 1.625E+00
 0.000E+00 0.000E+00 0.000E+00 0.000E+00
 0.000E+00 0.000E+00 0.000E+00 0.000E+00
 0.000E+00 0.000E+00 0.000E+00 0.000E+00
      -0.644032     1.106336    0.523588
 6
       4
     2     2     2     2
     0     1     1     1
 1.710E+00 1.625E+00 1.625E+00 1.625E+00
 0.000E+00 0.000E+00 0.000E+00 0.000E+00
 0.000E+00 0.000E+00 0.000E+00 0.000E+00
 0.000E+00 0.000E+00 0.000E+00 0.000E+00
      0.259225     -3.173215    -0.783359
 6
       4
     2     2     2     2
     0     1     1     1
 1.710E+00 1.625E+00 1.625E+00 1.625E+00
 0.000E+00 0.000E+00 0.000E+00 0.000E+00
 0.000E+00 0.000E+00 0.000E+00 0.000E+00
 0.000E+00 0.000E+00 0.000E+00 0.000E+00
      -3.276974     0.564867    0.421581
 6
       4
     2     2     2     2
     0     1     1     1
 1.710E+00 1.625E+00 1.625E+00 1.625E+00
 0.000E+00 0.000E+00 0.000E+00 0.000E+00
 0.000E+00 0.000E+00 0.000E+00 0.000E+00
 0.000E+00 0.000E+00 0.000E+00 0.000E+00
      -4.262551     -1.812807    -0.430393
 6
       4
     2     2     2     2
     0     1     1     1
 1.710E+00 1.625E+00 1.625E+00 1.625E+00
 0.000E+00 0.000E+00 0.000E+00 0.000E+00
 0.000E+00 0.000E+00 0.000E+00 0.000E+00
 0.000E+00 0.000E+00 0.000E+00 0.000E+00
      -2.360270     -3.721985    -0.999752
 6
       4
     2     2     2     2
     0     1     1     1
 1.710E+00 1.625E+00 1.625E+00 1.625E+00
 0.000E+00 0.000E+00 0.000E+00 0.000E+00
 0.000E+00 0.000E+00 0.000E+00 0.000E+00
 0.000E+00 0.000E+00 0.000E+00 0.000E+00
      3.844392     -0.259951    -0.022898
 6
       4
     2     2     2     2
     0     1     1     1
 1.710E+00 1.625E+00 1.625E+00 1.625E+00
 0.000E+00 0.000E+00 0.000E+00 0.000E+00
 0.000E+00 0.000E+00 0.000E+00 0.000E+00
 0.000E+00 0.000E+00 0.000E+00 0.000E+00
      6.074590     0.075633    -0.173280
 6
       4
     2     2     2     2
     0     1     1     1
 1.710E+00 1.625E+00 1.625E+00 1.625E+00
 0.000E+00 0.000E+00 0.000E+00 0.000E+00
 0.000E+00 0.000E+00 0.000E+00 0.000E+00
 0.000E+00 0.000E+00 0.000E+00 0.000E+00
      8.681679     0.280241    -0.043443
 6
       4
     2     2     2     2
     0     1     1     1
 1.710E+00 1.625E+00 1.625E+00 1.625E+00
 0.000E+00 0.000E+00 0.000E+00 0.000E+00
 0.000E+00 0.000E+00 0.000E+00 0.000E+00
 0.000E+00 0.000E+00 0.000E+00 0.000E+00
      9.862567     2.611775    -0.501116
 6
       4
     2     2     2     2
     0     1     1     1
 1.710E+00 1.625E+00 1.625E+00 1.625E+00
 0.000E+00 0.000E+00 0.000E+00 0.000E+00
 0.000E+00 0.000E+00 0.000E+00 0.000E+00
 0.000E+00 0.000E+00 0.000E+00 0.000E+00
      10.346469     -1.769598    0.642225
 6
       4
     2     2     2     2
     0     1     1     1
 1.710E+00 1.625E+00 1.625E+00 1.625E+00
 0.000E+00 0.000E+00 0.000E+00 0.000E+00
 0.000E+00 0.000E+00 0.000E+00 0.000E+00
 0.000E+00 0.000E+00 0.000E+00 0.000E+00
      12.432596     2.901527    -0.313570
 6
       4
     2     2     2     2
     0     1     1     1
 1.710E+00 1.625E+00 1.625E+00 1.625E+00
 0.000E+00 0.000E+00 0.000E+00 0.000E+00
 0.000E+00 0.000E+00 0.000E+00 0.000E+00
 0.000E+00 0.000E+00 0.000E+00 0.000E+00
      12.913397     -1.470719    0.757667
 6
       4
     2     2     2     2
     0     1     1     1
 1.710E+00 1.625E+00 1.625E+00 1.625E+00
 0.000E+00 0.000E+00 0.000E+00 0.000E+00
 0.000E+00 0.000E+00 0.000E+00 0.000E+00
 0.000E+00 0.000E+00 0.000E+00 0.000E+00
      14.130243     0.930068    0.320284
 6
       4
     2     2     2     2
     0     1     1     1
 1.710E+00 1.625E+00 1.625E+00 1.625E+00
 0.000E+00 0.000E+00 0.000E+00 0.000E+00
 0.000E+00 0.000E+00 0.000E+00 0.000E+00
 0.000E+00 0.000E+00 0.000E+00 0.000E+00
      16.794734     1.296378    0.352704
 6
       4
     2     2     2     2
     0     1     1     1
 1.710E+00 1.625E+00 1.625E+00 1.625E+00
 0.000E+00 0.000E+00 0.000E+00 0.000E+00
 0.000E+00 0.000E+00 0.000E+00 0.000E+00
 0.000E+00 0.000E+00 0.000E+00 0.000E+00
      19.044456     1.372342    0.328871
 6
       4
     2     2     2     2
     0     1     1     1
 1.710E+00 1.625E+00 1.625E+00 1.625E+00
 0.000E+00 0.000E+00 0.000E+00 0.000E+00
 0.000E+00 0.000E+00 0.000E+00 0.000E+00
 0.000E+00 0.000E+00 0.000E+00 0.000E+00
      21.753728     1.321782    0.202577
 6
       4
     2     2     2     2
     0     1     1     1
 1.710E+00 1.625E+00 1.625E+00 1.625E+00
 0.000E+00 0.000E+00 0.000E+00 0.000E+00
 0.000E+00 0.000E+00 0.000E+00 0.000E+00
 0.000E+00 0.000E+00 0.000E+00 0.000E+00
      23.173005     -0.567233    1.445852
 6
       4
     2     2     2     2
     0     1     1     1
 1.710E+00 1.625E+00 1.625E+00 1.625E+00
 0.000E+00 0.000E+00 0.000E+00 0.000E+00
 0.000E+00 0.000E+00 0.000E+00 0.000E+00
 0.000E+00 0.000E+00 0.000E+00 0.000E+00
      23.276445     3.066005    -1.101805
 6
       4
     2     2     2     2
     0     1     1     1
 1.710E+00 1.625E+00 1.625E+00 1.625E+00
 0.000E+00 0.000E+00 0.000E+00 0.000E+00
 0.000E+00 0.000E+00 0.000E+00 0.000E+00
 0.000E+00 0.000E+00 0.000E+00 0.000E+00
      25.975333     2.728558    -1.273883
 6
       4
     2     2     2     2
     0     1     1     1
 1.710E+00 1.625E+00 1.625E+00 1.625E+00
 0.000E+00 0.000E+00 0.000E+00 0.000E+00
 0.000E+00 0.000E+00 0.000E+00 0.000E+00
 0.000E+00 0.000E+00 0.000E+00 0.000E+00
      25.909555     -0.786727    1.440489
 6
       4
     2     2     2     2
     0     1     1     1
 1.710E+00 1.625E+00 1.625E+00 1.625E+00
 0.000E+00 0.000E+00 0.000E+00 0.000E+00
 0.000E+00 0.000E+00 0.000E+00 0.000E+00
 0.000E+00 0.000E+00 0.000E+00 0.000E+00
      27.371009     0.828728    -0.005253
 6
       4
     2     2     2     2
     0     1     1     1
 1.710E+00 1.625E+00 1.625E+00 1.625E+00
 0.000E+00 0.000E+00 0.000E+00 0.000E+00
 0.000E+00 0.000E+00 0.000E+00 0.000E+00
 0.000E+00 0.000E+00 0.000E+00 0.000E+00
      30.165632     0.445129    -0.242681
 6
       4
     2     2     2     2
     0     1     1     1
 1.710E+00 1.625E+00 1.625E+00 1.625E+00
 0.000E+00 0.000E+00 0.000E+00 0.000E+00
 0.000E+00 0.000E+00 0.000E+00 0.000E+00
 0.000E+00 0.000E+00 0.000E+00 0.000E+00
      32.323599     0.189985    -0.099383
 6
       4
     2     2     2     2
     0     1     1     1
 1.710E+00 1.625E+00 1.625E+00 1.625E+00
 0.000E+00 0.000E+00 0.000E+00 0.000E+00
 0.000E+00 0.000E+00 0.000E+00 0.000E+00
 0.000E+00 0.000E+00 0.000E+00 0.000E+00
      35.068556     -0.042517    -0.084023
 6
       4
     2     2     2     2
     0     1     1     1
 1.710E+00 1.625E+00 1.625E+00 1.625E+00
 0.000E+00 0.000E+00 0.000E+00 0.000E+00
 0.000E+00 0.000E+00 0.000E+00 0.000E+00
 0.000E+00 0.000E+00 0.000E+00 0.000E+00
      36.502822     -2.334305    0.575293
 6
       4
     2     2     2     2
     0     1     1     1
 1.710E+00 1.625E+00 1.625E+00 1.625E+00
 0.000E+00 0.000E+00 0.000E+00 0.000E+00
 0.000E+00 0.000E+00 0.000E+00 0.000E+00
 0.000E+00 0.000E+00 0.000E+00 0.000E+00
      36.591985     1.971322    -0.665206
 6
       4
     2     2     2     2
     0     1     1     1
 1.710E+00 1.625E+00 1.625E+00 1.625E+00
 0.000E+00 0.000E+00 0.000E+00 0.000E+00
 0.000E+00 0.000E+00 0.000E+00 0.000E+00
 0.000E+00 0.000E+00 0.000E+00 0.000E+00
      39.254358     1.891451    -0.668621
 6
       4
     2     2     2     2
     0     1     1     1
 1.710E+00 1.625E+00 1.625E+00 1.625E+00
 0.000E+00 0.000E+00 0.000E+00 0.000E+00
 0.000E+00 0.000E+00 0.000E+00 0.000E+00
 0.000E+00 0.000E+00 0.000E+00 0.000E+00
      39.146721     -2.432935    0.704390
 6
       4
     2     2     2     2
     0     1     1     1
 1.710E+00 1.625E+00 1.625E+00 1.625E+00
 0.000E+00 0.000E+00 0.000E+00 0.000E+00
 0.000E+00 0.000E+00 0.000E+00 0.000E+00
 0.000E+00 0.000E+00 0.000E+00 0.000E+00
      40.641137     -0.229335    -0.070222
 6
       4
     2     2     2     2
     0     1     1     1
 1.710E+00 1.625E+00 1.625E+00 1.625E+00
 0.000E+00 0.000E+00 0.000E+00 0.000E+00
 0.000E+00 0.000E+00 0.000E+00 0.000E+00
 0.000E+00 0.000E+00 0.000E+00 0.000E+00
      43.315267     -0.356442    -0.178250
 6
       4
     2     2     2     2
     0     1     1     1
 1.710E+00 1.625E+00 1.625E+00 1.625E+00
 0.000E+00 0.000E+00 0.000E+00 0.000E+00
 0.000E+00 0.000E+00 0.000E+00 0.000E+00
 0.000E+00 0.000E+00 0.000E+00 0.000E+00
      45.560080     -0.524255    -0.245336
 6
       4
     2     2     2     2
     0     1     1     1
 1.710E+00 1.625E+00 1.625E+00 1.625E+00
 0.000E+00 0.000E+00 0.000E+00 0.000E+00
 0.000E+00 0.000E+00 0.000E+00 0.000E+00
 0.000E+00 0.000E+00 0.000E+00 0.000E+00
      48.256126     -0.634198    -0.310138
 6
       4
     2     2     2     2
     0     1     1     1
 1.710E+00 1.625E+00 1.625E+00 1.625E+00
 0.000E+00 0.000E+00 0.000E+00 0.000E+00
 0.000E+00 0.000E+00 0.000E+00 0.000E+00
 0.000E+00 0.000E+00 0.000E+00 0.000E+00
      49.672111     -2.447261    0.862191
 6
       4
     2     2     2     2
     0     1     1     1
 1.710E+00 1.625E+00 1.625E+00 1.625E+00
 0.000E+00 0.000E+00 0.000E+00 0.000E+00
 0.000E+00 0.000E+00 0.000E+00 0.000E+00
 0.000E+00 0.000E+00 0.000E+00 0.000E+00
      49.579938     1.512943    -1.494560
 6
       4
     2     2     2     2
     0     1     1     1
 1.710E+00 1.625E+00 1.625E+00 1.625E+00
 0.000E+00 0.000E+00 0.000E+00 0.000E+00
 0.000E+00 0.000E+00 0.000E+00 0.000E+00
 0.000E+00 0.000E+00 0.000E+00 0.000E+00
      52.140237     1.827626    -1.349514
 6
       4
     2     2     2     2
     0     1     1     1
 1.710E+00 1.625E+00 1.625E+00 1.625E+00
 0.000E+00 0.000E+00 0.000E+00 0.000E+00
 0.000E+00 0.000E+00 0.000E+00 0.000E+00
 0.000E+00 0.000E+00 0.000E+00 0.000E+00
      52.406325     -2.197411    0.643973
 6
       4
     2     2     2     2
     0     1     1     1
 1.710E+00 1.625E+00 1.625E+00 1.625E+00
 0.000E+00 0.000E+00 0.000E+00 0.000E+00
 0.000E+00 0.000E+00 0.000E+00 0.000E+00
 0.000E+00 0.000E+00 0.000E+00 0.000E+00
      53.700440     -0.122566    -0.177702
 6
       4
     2     2     2     2
     0     1     1     1
 1.710E+00 1.625E+00 1.625E+00 1.625E+00
 0.000E+00 0.000E+00 0.000E+00 0.000E+00
 0.000E+00 0.000E+00 0.000E+00 0.000E+00
 0.000E+00 0.000E+00 0.000E+00 0.000E+00
      56.408553     0.162165    -0.088008
 1
       1
     1
     0
 1.300E+00
 0.000E+00
 0.000E+00
 0.000E+00
      -4.465458     2.288891    1.070178
 1
       1
     1
     0
 1.300E+00
 0.000E+00
 0.000E+00
 0.000E+00
      -0.213327     3.218326    1.113778
 1
       1
     1
     0
 1.300E+00
 0.000E+00
 0.000E+00
 0.000E+00
      -6.292691     -2.120970    -0.737898
 1
       1
     1
     0
 1.300E+00
 0.000E+00
 0.000E+00
 0.000E+00
      -2.907245     -5.701009    -1.671330
 1
       1
     1
     0
 1.300E+00
 0.000E+00
 0.000E+00
 0.000E+00
      1.682004     -4.695497    -1.151076
 1
       1
     1
     0
 1.300E+00
 0.000E+00
 0.000E+00
 0.000E+00
      8.518123     4.181640    -0.966606
 1
       1
     1
     0
 1.300E+00
 0.000E+00
 0.000E+00
 0.000E+00
      9.444841     -3.775618    1.000411
 1
       1
     1
     0
 1.300E+00
 0.000E+00
 0.000E+00
 0.000E+00
      13.183985     4.923381    -0.579424
 1
       1
     1
     0
 1.300E+00
 0.000E+00
 0.000E+00
 0.000E+00
      14.164061     -3.286063    1.168208
 1
       1
     1
     0
 1.300E+00
 0.000E+00
 0.000E+00
 0.000E+00
      22.408991     4.725120    -2.185279
 1
       1
     1
     0
 1.300E+00
 0.000E+00
 0.000E+00
 0.000E+00
      27.153675     4.136051    -2.564568
 1
       1
     1
     0
 1.300E+00
 0.000E+00
 0.000E+00
 0.000E+00
      21.979605     -2.079400    2.504361
 1
       1
     1
     0
 1.300E+00
 0.000E+00
 0.000E+00
 0.000E+00
      26.819231     -2.357622    2.653081
 1
       1
     1
     0
 1.300E+00
 0.000E+00
 0.000E+00
 0.000E+00
      35.608712     3.844602    -1.314473
 1
       1
     1
     0
 1.300E+00
 0.000E+00
 0.000E+00
 0.000E+00
      35.352678     -4.129034    0.975917
 1
       1
     1
     0
 1.300E+00
 0.000E+00
 0.000E+00
 0.000E+00
      40.281575     3.685089    -1.239632
 1
       1
     1
     0
 1.300E+00
 0.000E+00
 0.000E+00
 0.000E+00
      40.104772     -4.268432    1.243952
 1
       1
     1
     0
 1.300E+00
 0.000E+00
 0.000E+00
 0.000E+00
      48.446903     3.092586    -2.365550
 1
       1
     1
     0
 1.300E+00
 0.000E+00
 0.000E+00
 0.000E+00
      48.853215     -4.160517    1.828164
 1
       1
     1
     0
 1.300E+00
 0.000E+00
 0.000E+00
 0.000E+00
      53.048798     3.653300    -1.965580
 1
       1
     1
     0
 1.300E+00
 0.000E+00
 0.000E+00
 0.000E+00
      53.604459     -3.909410    1.334143
 1
       1
     1
     0
 1.300E+00
 0.000E+00
 0.000E+00
 0.000E+00
      61.917129     4.344822    -1.345086
 1
       1
     1
     0
 1.300E+00
 0.000E+00
 0.000E+00
 0.000E+00
      61.961150     -3.662138    1.280346
 6
       4
     2     2     2     2
     0     1     1     1
 1.710E+00 1.625E+00 1.625E+00 1.625E+00
 0.000E+00 0.000E+00 0.000E+00 0.000E+00
 0.000E+00 0.000E+00 0.000E+00 0.000E+00
 0.000E+00 0.000E+00 0.000E+00 0.000E+00
      69.734670     0.393054    -0.294004
 1
       1
     1
     0
 1.300E+00
 0.000E+00
 0.000E+00
 0.000E+00
      66.487399     4.387388    -1.627500
 1
       1
     1
     0
 1.300E+00
 0.000E+00
 0.000E+00
 0.000E+00
      66.626731     -3.497686    1.238662
 6
       4
     2     2     2     2
     0     1     1     1
 1.710E+00 1.625E+00 1.625E+00 1.625E+00
 0.000E+00 0.000E+00 0.000E+00 0.000E+00
 0.000E+00 0.000E+00 0.000E+00 0.000E+00
 0.000E+00 0.000E+00 0.000E+00 0.000E+00
      58.596040     0.122679    -0.143171
 6
       4
     2     2     2     2
     0     1     1     1
 1.710E+00 1.625E+00 1.625E+00 1.625E+00
 0.000E+00 0.000E+00 0.000E+00 0.000E+00
 0.000E+00 0.000E+00 0.000E+00 0.000E+00
 0.000E+00 0.000E+00 0.000E+00 0.000E+00
      61.359947     0.384650    -0.226769
 6
       4
     2     2     2     2
     0     1     1     1
 1.710E+00 1.625E+00 1.625E+00 1.625E+00
 0.000E+00 0.000E+00 0.000E+00 0.000E+00
 0.000E+00 0.000E+00 0.000E+00 0.000E+00
 0.000E+00 0.000E+00 0.000E+00 0.000E+00
      63.009931     -1.831649    0.498462
 6
       4
     2     2     2     2
     0     1     1     1
 1.710E+00 1.625E+00 1.625E+00 1.625E+00
 0.000E+00 0.000E+00 0.000E+00 0.000E+00
 0.000E+00 0.000E+00 0.000E+00 0.000E+00
 0.000E+00 0.000E+00 0.000E+00 0.000E+00
      62.761625     2.458651    -0.773951
 6
       4
     2     2     2     2
     0     1     1     1
 1.710E+00 1.625E+00 1.625E+00 1.625E+00
 0.000E+00 0.000E+00 0.000E+00 0.000E+00
 0.000E+00 0.000E+00 0.000E+00 0.000E+00
 0.000E+00 0.000E+00 0.000E+00 0.000E+00
      65.559523     2.523472    -0.886157
 6
       4
     2     2     2     2
     0     1     1     1
 1.710E+00 1.625E+00 1.625E+00 1.625E+00
 0.000E+00 0.000E+00 0.000E+00 0.000E+00
 0.000E+00 0.000E+00 0.000E+00 0.000E+00
 0.000E+00 0.000E+00 0.000E+00 0.000E+00
      65.587583     -1.753036    0.451310
 6
       4
     2     2     2     2
     0     1     1     1
 1.710E+00 1.625E+00 1.625E+00 1.625E+00
 0.000E+00 0.000E+00 0.000E+00 0.000E+00
 0.000E+00 0.000E+00 0.000E+00 0.000E+00
 0.000E+00 0.000E+00 0.000E+00 0.000E+00
      66.977947     0.530287    -0.248117
 6
       4
     2     2     2     2
     0     1     1     1
 1.710E+00 1.625E+00 1.625E+00 1.625E+00
 0.000E+00 0.000E+00 0.000E+00 0.000E+00
 0.000E+00 0.000E+00 0.000E+00 0.000E+00
 0.000E+00 0.000E+00 0.000E+00 0.000E+00
      80.181569     -0.158125    0.648348
 6
       4
     2     2     2     2
     0     1     1     1
 1.710E+00 1.625E+00 1.625E+00 1.625E+00
 0.000E+00 0.000E+00 0.000E+00 0.000E+00
 0.000E+00 0.000E+00 0.000E+00 0.000E+00
 0.000E+00 0.000E+00 0.000E+00 0.000E+00
      78.864700     2.145676    0.128086
 6
       4
     2     2     2     2
     0     1     1     1
 1.710E+00 1.625E+00 1.625E+00 1.625E+00
 0.000E+00 0.000E+00 0.000E+00 0.000E+00
 0.000E+00 0.000E+00 0.000E+00 0.000E+00
 0.000E+00 0.000E+00 0.000E+00 0.000E+00
      78.666989     -2.314895    0.941911
 6
       4
     2     2     2     2
     0     1     1     1
 1.710E+00 1.625E+00 1.625E+00 1.625E+00
 0.000E+00 0.000E+00 0.000E+00 0.000E+00
 0.000E+00 0.000E+00 0.000E+00 0.000E+00
 0.000E+00 0.000E+00 0.000E+00 0.000E+00
      76.269793     2.238802    -0.015879
 6
       4
     2     2     2     2
     0     1     1     1
 1.710E+00 1.625E+00 1.625E+00 1.625E+00
 0.000E+00 0.000E+00 0.000E+00 0.000E+00
 0.000E+00 0.000E+00 0.000E+00 0.000E+00
 0.000E+00 0.000E+00 0.000E+00 0.000E+00
      74.744428     0.034344    0.276786
 6
       4
     2     2     2     2
     0     1     1     1
 1.710E+00 1.625E+00 1.625E+00 1.625E+00
 0.000E+00 0.000E+00 0.000E+00 0.000E+00
 0.000E+00 0.000E+00 0.000E+00 0.000E+00
 0.000E+00 0.000E+00 0.000E+00 0.000E+00
      75.977452     -2.234954    0.768487
 6
       4
     2     2     2     2
     0     1     1     1
 1.710E+00 1.625E+00 1.625E+00 1.625E+00
 0.000E+00 0.000E+00 0.000E+00 0.000E+00
 0.000E+00 0.000E+00 0.000E+00 0.000E+00
 0.000E+00 0.000E+00 0.000E+00 0.000E+00
      82.913965     -0.172487    0.684459
 6
       4
     2     2     2     2
     0     1     1     1
 1.710E+00 1.625E+00 1.625E+00 1.625E+00
 0.000E+00 0.000E+00 0.000E+00 0.000E+00
 0.000E+00 0.000E+00 0.000E+00 0.000E+00
 0.000E+00 0.000E+00 0.000E+00 0.000E+00
      85.096124     -0.092941    0.378368
 6
       4
     2     2     2     2
     0     1     1     1
 1.710E+00 1.625E+00 1.625E+00 1.625E+00
 0.000E+00 0.000E+00 0.000E+00 0.000E+00
 0.000E+00 0.000E+00 0.000E+00 0.000E+00
 0.000E+00 0.000E+00 0.000E+00 0.000E+00
      87.779497     0.050068    -0.045922
 6
       4
     2     2     2     2
     0     1     1     1
 1.710E+00 1.625E+00 1.625E+00 1.625E+00
 0.000E+00 0.000E+00 0.000E+00 0.000E+00
 0.000E+00 0.000E+00 0.000E+00 0.000E+00
 0.000E+00 0.000E+00 0.000E+00 0.000E+00
      89.006927     2.274370    -0.714288
 6
       4
     2     2     2     2
     0     1     1     1
 1.710E+00 1.625E+00 1.625E+00 1.625E+00
 0.000E+00 0.000E+00 0.000E+00 0.000E+00
 0.000E+00 0.000E+00 0.000E+00 0.000E+00
 0.000E+00 0.000E+00 0.000E+00 0.000E+00
      89.279917     -2.084986    0.595419
 6
       4
     2     2     2     2
     0     1     1     1
 1.710E+00 1.625E+00 1.625E+00 1.625E+00
 0.000E+00 0.000E+00 0.000E+00 0.000E+00
 0.000E+00 0.000E+00 0.000E+00 0.000E+00
 0.000E+00 0.000E+00 0.000E+00 0.000E+00
      91.725162     2.301416    -0.849352
 6
       4
     2     2     2     2
     0     1     1     1
 1.710E+00 1.625E+00 1.625E+00 1.625E+00
 0.000E+00 0.000E+00 0.000E+00 0.000E+00
 0.000E+00 0.000E+00 0.000E+00 0.000E+00
 0.000E+00 0.000E+00 0.000E+00 0.000E+00
      91.955794     -2.002076    0.629951
 6
       4
     2     2     2     2
     0     1     1     1
 1.710E+00 1.625E+00 1.625E+00 1.625E+00
 0.000E+00 0.000E+00 0.000E+00 0.000E+00
 0.000E+00 0.000E+00 0.000E+00 0.000E+00
 0.000E+00 0.000E+00 0.000E+00 0.000E+00
      93.238353     0.200067    -0.106261
 6
       4
     2     2     2     2
     0     1     1     1
 1.710E+00 1.625E+00 1.625E+00 1.625E+00
 0.000E+00 0.000E+00 0.000E+00 0.000E+00
 0.000E+00 0.000E+00 0.000E+00 0.000E+00
 0.000E+00 0.000E+00 0.000E+00 0.000E+00
      96.029487     0.318642    -0.195477
 6
       4
     2     2     2     2
     0     1     1     1
 1.710E+00 1.625E+00 1.625E+00 1.625E+00
 0.000E+00 0.000E+00 0.000E+00 0.000E+00
 0.000E+00 0.000E+00 0.000E+00 0.000E+00
 0.000E+00 0.000E+00 0.000E+00 0.000E+00
      98.267070     0.385975    -0.331532
 6
       4
     2     2     2     2
     0     1     1     1
 1.710E+00 1.625E+00 1.625E+00 1.625E+00
 0.000E+00 0.000E+00 0.000E+00 0.000E+00
 0.000E+00 0.000E+00 0.000E+00 0.000E+00
 0.000E+00 0.000E+00 0.000E+00 0.000E+00
      101.026144     0.478074    -0.140416
 6
       4
     2     2     2     2
     0     1     1     1
 1.710E+00 1.625E+00 1.625E+00 1.625E+00
 0.000E+00 0.000E+00 0.000E+00 0.000E+00
 0.000E+00 0.000E+00 0.000E+00 0.000E+00
 0.000E+00 0.000E+00 0.000E+00 0.000E+00
      102.462292     -1.507933    0.770211
 6
       4
     2     2     2     2
     0     1     1     1
 1.710E+00 1.625E+00 1.625E+00 1.625E+00
 0.000E+00 0.000E+00 0.000E+00 0.000E+00
 0.000E+00 0.000E+00 0.000E+00 0.000E+00
 0.000E+00 0.000E+00 0.000E+00 0.000E+00
      102.395887     2.829199    -0.777836
 6
       4
     2     2     2     2
     0     1     1     1
 1.710E+00 1.625E+00 1.625E+00 1.625E+00
 0.000E+00 0.000E+00 0.000E+00 0.000E+00
 0.000E+00 0.000E+00 0.000E+00 0.000E+00
 0.000E+00 0.000E+00 0.000E+00 0.000E+00
      104.950659     3.093264    -0.342199
 6
       4
     2     2     2     2
     0     1     1     1
 1.710E+00 1.625E+00 1.625E+00 1.625E+00
 0.000E+00 0.000E+00 0.000E+00 0.000E+00
 0.000E+00 0.000E+00 0.000E+00 0.000E+00
 0.000E+00 0.000E+00 0.000E+00 0.000E+00
      105.141478     -1.260631    0.966714
 6
       4
     2     2     2     2
     0     1     1     1
 1.710E+00 1.625E+00 1.625E+00 1.625E+00
 0.000E+00 0.000E+00 0.000E+00 0.000E+00
 0.000E+00 0.000E+00 0.000E+00 0.000E+00
 0.000E+00 0.000E+00 0.000E+00 0.000E+00
      106.444803     0.866647    0.328928
 6
       4
     2     2     2     2
     0     1     1     1
 1.710E+00 1.625E+00 1.625E+00 1.625E+00
 0.000E+00 0.000E+00 0.000E+00 0.000E+00
 0.000E+00 0.000E+00 0.000E+00 0.000E+00
 0.000E+00 0.000E+00 0.000E+00 0.000E+00
      109.209648     1.089875    0.214403
 6
       4
     2     2     2     2
     0     1     1     1
 1.710E+00 1.625E+00 1.625E+00 1.625E+00
 0.000E+00 0.000E+00 0.000E+00 0.000E+00
 0.000E+00 0.000E+00 0.000E+00 0.000E+00
 0.000E+00 0.000E+00 0.000E+00 0.000E+00
      111.423071     1.001079    0.119427
 6
       4
     2     2     2     2
     0     1     1     1
 1.710E+00 1.625E+00 1.625E+00 1.625E+00
 0.000E+00 0.000E+00 0.000E+00 0.000E+00
 0.000E+00 0.000E+00 0.000E+00 0.000E+00
 0.000E+00 0.000E+00 0.000E+00 0.000E+00
      114.255553     0.774071    -0.096871
 6
       4
     2     2     2     2
     0     1     1     1
 1.710E+00 1.625E+00 1.625E+00 1.625E+00
 0.000E+00 0.000E+00 0.000E+00 0.000E+00
 0.000E+00 0.000E+00 0.000E+00 0.000E+00
 0.000E+00 0.000E+00 0.000E+00 0.000E+00
      115.563804     -1.510407    -0.779261
 6
       4
     2     2     2     2
     0     1     1     1
 1.710E+00 1.625E+00 1.625E+00 1.625E+00
 0.000E+00 0.000E+00 0.000E+00 0.000E+00
 0.000E+00 0.000E+00 0.000E+00 0.000E+00
 0.000E+00 0.000E+00 0.000E+00 0.000E+00
      115.860603     2.847794    0.360237
 6
       4
     2     2     2     2
     0     1     1     1
 1.710E+00 1.625E+00 1.625E+00 1.625E+00
 0.000E+00 0.000E+00 0.000E+00 0.000E+00
 0.000E+00 0.000E+00 0.000E+00 0.000E+00
 0.000E+00 0.000E+00 0.000E+00 0.000E+00
      118.498441     2.649258    0.483534
 6
       4
     2     2     2     2
     0     1     1     1
 1.710E+00 1.625E+00 1.625E+00 1.625E+00
 0.000E+00 0.000E+00 0.000E+00 0.000E+00
 0.000E+00 0.000E+00 0.000E+00 0.000E+00
 0.000E+00 0.000E+00 0.000E+00 0.000E+00
      118.142041     -1.750107    -0.619847
 6
       4
     2     2     2     2
     0     1     1     1
 1.710E+00 1.625E+00 1.625E+00 1.625E+00
 0.000E+00 0.000E+00 0.000E+00 0.000E+00
 0.000E+00 0.000E+00 0.000E+00 0.000E+00
 0.000E+00 0.000E+00 0.000E+00 0.000E+00
      119.783014     0.375114    0.071333
 6
       4
     2     2     2     2
     0     1     1     1
 1.710E+00 1.625E+00 1.625E+00 1.625E+00
 0.000E+00 0.000E+00 0.000E+00 0.000E+00
 0.000E+00 0.000E+00 0.000E+00 0.000E+00
 0.000E+00 0.000E+00 0.000E+00 0.000E+00
      122.466559     0.178039    0.031328
 6
       4
     2     2     2     2
     0     1     1     1
 1.710E+00 1.625E+00 1.625E+00 1.625E+00
 0.000E+00 0.000E+00 0.000E+00 0.000E+00
 0.000E+00 0.000E+00 0.000E+00 0.000E+00
 0.000E+00 0.000E+00 0.000E+00 0.000E+00
      124.640627     0.174957    -0.118446
 6
       4
     2     2     2     2
     0     1     1     1
 1.710E+00 1.625E+00 1.625E+00 1.625E+00
 0.000E+00 0.000E+00 0.000E+00 0.000E+00
 0.000E+00 0.000E+00 0.000E+00 0.000E+00
 0.000E+00 0.000E+00 0.000E+00 0.000E+00
      127.382880     0.053007    -0.117658
 6
       4
     2     2     2     2
     0     1     1     1
 1.710E+00 1.625E+00 1.625E+00 1.625E+00
 0.000E+00 0.000E+00 0.000E+00 0.000E+00
 0.000E+00 0.000E+00 0.000E+00 0.000E+00
 0.000E+00 0.000E+00 0.000E+00 0.000E+00
      128.670114     -2.225715    -0.845197
 6
       4
     2     2     2     2
     0     1     1     1
 1.710E+00 1.625E+00 1.625E+00 1.625E+00
 0.000E+00 0.000E+00 0.000E+00 0.000E+00
 0.000E+00 0.000E+00 0.000E+00 0.000E+00
 0.000E+00 0.000E+00 0.000E+00 0.000E+00
      128.969895     2.077997    0.673347
 6
       4
     2     2     2     2
     0     1     1     1
 1.710E+00 1.625E+00 1.625E+00 1.625E+00
 0.000E+00 0.000E+00 0.000E+00 0.000E+00
 0.000E+00 0.000E+00 0.000E+00 0.000E+00
 0.000E+00 0.000E+00 0.000E+00 0.000E+00
      131.629374     1.789032    0.867401
 6
       4
     2     2     2     2
     0     1     1     1
 1.710E+00 1.625E+00 1.625E+00 1.625E+00
 0.000E+00 0.000E+00 0.000E+00 0.000E+00
 0.000E+00 0.000E+00 0.000E+00 0.000E+00
 0.000E+00 0.000E+00 0.000E+00 0.000E+00
      131.260456     -2.467663    -0.736521
 6
       4
     2     2     2     2
     0     1     1     1
 1.710E+00 1.625E+00 1.625E+00 1.625E+00
 0.000E+00 0.000E+00 0.000E+00 0.000E+00
 0.000E+00 0.000E+00 0.000E+00 0.000E+00
 0.000E+00 0.000E+00 0.000E+00 0.000E+00
      132.754294     -0.464789    0.125790
 6
       4
     2     2     2     2
     0     1     1     1
 1.710E+00 1.625E+00 1.625E+00 1.625E+00
 0.000E+00 0.000E+00 0.000E+00 0.000E+00
 0.000E+00 0.000E+00 0.000E+00 0.000E+00
 0.000E+00 0.000E+00 0.000E+00 0.000E+00
      135.398909     -0.789514    0.256887
 1
       1
     1
     0
 1.300E+00
 0.000E+00
 0.000E+00
 0.000E+00
      75.276169     4.205680    -0.439015
 1
       1
     1
     0
 1.300E+00
 0.000E+00
 0.000E+00
 0.000E+00
      80.160517     3.822668    -0.212146
 6
       4
     2     2     2     2
     0     1     1     1
 1.710E+00 1.625E+00 1.625E+00 1.625E+00
 0.000E+00 0.000E+00 0.000E+00 0.000E+00
 0.000E+00 0.000E+00 0.000E+00 0.000E+00
 0.000E+00 0.000E+00 0.000E+00 0.000E+00
      72.013682     0.235496    -0.005684
 1
       1
     1
     0
 1.300E+00
 0.000E+00
 0.000E+00
 0.000E+00
      74.857349     -4.102049    1.093426
 1
       1
     1
     0
 1.300E+00
 0.000E+00
 0.000E+00
 0.000E+00
      79.432041     -4.205838    1.456831
 1
       1
     1
     0
 1.300E+00
 0.000E+00
 0.000E+00
 0.000E+00
      87.844523     4.084134    -1.387654
 1
       1
     1
     0
 1.300E+00
 0.000E+00
 0.000E+00
 0.000E+00
      88.194997     -3.929353    0.968976
 1
       1
     1
     0
 1.300E+00
 0.000E+00
 0.000E+00
 0.000E+00
      92.780688     4.058980    -1.648485
 1
       1
     1
     0
 1.300E+00
 0.000E+00
 0.000E+00
 0.000E+00
      93.033096     -3.826674    1.209202
 1
       1
     1
     0
 1.300E+00
 0.000E+00
 0.000E+00
 0.000E+00
      101.108047     4.488672    -1.526152
 1
       1
     1
     0
 1.300E+00
 0.000E+00
 0.000E+00
 0.000E+00
      105.820067     5.015010    -0.679632
 1
       1
     1
     0
 1.300E+00
 0.000E+00
 0.000E+00
 0.000E+00
      101.544706     -3.374996    1.258147
 1
       1
     1
     0
 1.300E+00
 0.000E+00
 0.000E+00
 0.000E+00
      106.209143     -3.002463    1.621300
 1
       1
     1
     0
 1.300E+00
 0.000E+00
 0.000E+00
 0.000E+00
      115.025710     4.817174    0.816144
 1
       1
     1
     0
 1.300E+00
 0.000E+00
 0.000E+00
 0.000E+00
      114.307853     -3.158297    -1.176041
 1
       1
     1
     0
 1.300E+00
 0.000E+00
 0.000E+00
 0.000E+00
      119.566212     4.509160    1.016620
 1
       1
     1
     0
 1.300E+00
 0.000E+00
 0.000E+00
 0.000E+00
      119.098372     -3.610106    -0.886926
 1
       1
     1
     0
 1.300E+00
 0.000E+00
 0.000E+00
 0.000E+00
      127.847894     3.862137    1.362551
 1
       1
     1
     0
 1.300E+00
 0.000E+00
 0.000E+00
 0.000E+00
      127.351106     -3.869970    -1.580767
 1
       1
     1
     0
 1.300E+00
 0.000E+00
 0.000E+00
 0.000E+00
      132.798731     3.447996    1.749450
 1
       1
     1
     0
 1.300E+00
 0.000E+00
 0.000E+00
 0.000E+00
      132.080574     -4.355437    -1.366820
 1
       1
     1
     0
 1.300E+00
 0.000E+00
 0.000E+00
 0.000E+00
      140.800560     1.689143    3.388500
 1
       1
     1
     0
 1.300E+00
 0.000E+00
 0.000E+00
 0.000E+00
      140.534997     -4.655780    -2.074721
 1
       1
     1
     0
 1.300E+00
 0.000E+00
 0.000E+00
 0.000E+00
      148.213519     -1.394126    0.015358
 1
       1
     1
     0
 1.300E+00
 0.000E+00
 0.000E+00
 0.000E+00
      145.427894     1.810227    2.977428
 1
       1
     1
     0
 1.300E+00
 0.000E+00
 0.000E+00
 0.000E+00
      145.568875     -4.621068    -2.326328
 6
       4
     2     2     2     2
     0     1     1     1
 1.710E+00 1.625E+00 1.625E+00 1.625E+00
 0.000E+00 0.000E+00 0.000E+00 0.000E+00
 0.000E+00 0.000E+00 0.000E+00 0.000E+00
 0.000E+00 0.000E+00 0.000E+00 0.000E+00
      137.645354     -1.102982    0.331974
 6
       4
     2     2     2     2
     0     1     1     1
 1.710E+00 1.625E+00 1.625E+00 1.625E+00
 0.000E+00 0.000E+00 0.000E+00 0.000E+00
 0.000E+00 0.000E+00 0.000E+00 0.000E+00
 0.000E+00 0.000E+00 0.000E+00 0.000E+00
      140.353147     -1.216800    0.401417
 6
       4
     2     2     2     2
     0     1     1     1
 1.710E+00 1.625E+00 1.625E+00 1.625E+00
 0.000E+00 0.000E+00 0.000E+00 0.000E+00
 0.000E+00 0.000E+00 0.000E+00 0.000E+00
 0.000E+00 0.000E+00 0.000E+00 0.000E+00
      141.800565     -3.118243    -1.071322
 6
       4
     2     2     2     2
     0     1     1     1
 1.710E+00 1.625E+00 1.625E+00 1.625E+00
 0.000E+00 0.000E+00 0.000E+00 0.000E+00
 0.000E+00 0.000E+00 0.000E+00 0.000E+00
 0.000E+00 0.000E+00 0.000E+00 0.000E+00
      141.679379     0.370796    1.826522
 6
       4
     2     2     2     2
     0     1     1     1
 1.710E+00 1.625E+00 1.625E+00 1.625E+00
 0.000E+00 0.000E+00 0.000E+00 0.000E+00
 0.000E+00 0.000E+00 0.000E+00 0.000E+00
 0.000E+00 0.000E+00 0.000E+00 0.000E+00
      144.385348     0.468932    1.686609
 6
       4
     2     2     2     2
     0     1     1     1
 1.710E+00 1.625E+00 1.625E+00 1.625E+00
 0.000E+00 0.000E+00 0.000E+00 0.000E+00
 0.000E+00 0.000E+00 0.000E+00 0.000E+00
 0.000E+00 0.000E+00 0.000E+00 0.000E+00
      144.312986     -3.060483    -1.229059
 6
       4
     2     2     2     2
     0     1     1     1
 1.710E+00 1.625E+00 1.625E+00 1.625E+00
 0.000E+00 0.000E+00 0.000E+00 0.000E+00
 0.000E+00 0.000E+00 0.000E+00 0.000E+00
 0.000E+00 0.000E+00 0.000E+00 0.000E+00
      145.782057     -1.258181    0.260521
# LCAO coefficients .. are not included.
         1
        1        0.000445271574615   k=         1
        2        0.000909342798899   k=         1
        3        -0.000417871352765   k=         1
        4        0.015931285520429   k=         1
        5        0.001115661872377   k=         1
        6        0.004253547633741   k=         1
        7        -0.007746279296441   k=         1
        8        0.019030407688945   k=         1
        9        -0.002120778226355   k=         1
        10        -0.003019462445179   k=         1
        11        -0.010664303774161   k=         1
        12        0.017582724415826   k=         1
        13        -0.000248858344889   k=         1
        14        -0.001162526451284   k=         1
        15        0.002372672357833   k=         1
        16        -0.006173935260890   k=         1
        17        -0.000112700914878   k=         1
        18        0.002212219705251   k=         1
        19        0.008275175422098   k=         1
        20        -0.023494003217661   k=         1
        21        0.000765741715544   k=         1
        22        0.001380296571819   k=         1
        23        0.002691447524350   k=         1
        24        -0.004926056053784   k=         1
        25        -0.001141754557665   k=         1
        26        -0.000941049971570   k=         1
        27        -0.010918664087187   k=         1
        28        -0.040522548868968   k=         1
        29        0.000799553201538   k=         1
        30        0.000085781894263   k=         1
        31        -0.003271570368747   k=         1
        32        -0.022623435437320   k=         1
        33        -0.000255333639293   k=         1
        34        -0.004345809560717   k=         1
        35        0.013584447576481   k=         1
        36        0.047185168347245   k=         1
        37        -0.000091197165659   k=         1
        38        -0.002372901819677   k=         1
        39        0.004911076725848   k=         1
        40        0.024919731682394   k=         1
        41        0.000252875848944   k=         1
        42        -0.002830775488392   k=         1
        43        0.005578327885142   k=         1
        44        0.024424944168146   k=         1
        45        -0.000574585321918   k=         1
        46        0.002256627283010   k=         1
        47        -0.004327119473260   k=         1
        48        -0.034128713358131   k=         1
        49        0.001026112813333   k=         1
        50        0.003731911287307   k=         1
        51        -0.002581086703245   k=         1
        52        -0.030749407725308   k=         1
        53        -0.000288055011700   k=         1
        54        0.003990969599427   k=         1
        55        -0.013303248062708   k=         1
        56        -0.043176900008565   k=         1
        57        0.000265162062994   k=         1
        58        -0.002229876791173   k=         1
        59        0.019438713683996   k=         1
        60        0.037739951536621   k=         1
        61        0.000211594132403   k=         1
        62        0.002104794811604   k=         1
        63        0.015062926089704   k=         1
        64        0.039889905155554   k=         1
        65        0.000549116231883   k=         1
        66        -0.003131087007662   k=         1
        67        -0.023406123870355   k=         1
        68        -0.040053146314248   k=         1
        69        -0.001075651592562   k=         1
        70        0.000934702856469   k=         1
        71        -0.022047630416258   k=         1
        72        -0.027298650290140   k=         1
        73        0.000798941448094   k=         1
        74        -0.003907986124310   k=         1
        75        -0.018003401073092   k=         1
        76        -0.021545432714874   k=         1
        77        -0.001918736238136   k=         1
        78        0.002825961865423   k=         1
        79        0.025861182729350   k=         1
        80        0.026483693071755   k=         1
        81        0.002050849503723   k=         1
        82        0.003200835393898   k=         1
        83        0.023315983177883   k=         1
        84        0.022452175880483   k=         1
        85        -0.000038985291792   k=         1
        86        0.006249342732717   k=         1
        87        0.024586738784119   k=         1
        88        0.037175005332451   k=         1
        89        0.003260845414989   k=         1
        90        -0.003875376865659   k=         1
        91        -0.019656230988156   k=         1
        92        -0.056775111208426   k=         1
        93        -0.002119520178717   k=         1
        94        -0.000621918327452   k=         1
        95        -0.019158657992825   k=         1
        96        -0.035717298906942   k=         1
        97        0.000252615157054   k=         1
        98        -0.000061031453205   k=         1
        99        0.025699838587485   k=         1
        100        0.081679822025414   k=         1
        101        -0.001760350240844   k=         1
        102        -0.003901629544378   k=         1
        103        0.007104132688135   k=         1
        104        0.037908141633435   k=         1
        105        0.001200709234042   k=         1
        106        -0.002761068992143   k=         1
        107        0.010941300595494   k=         1
        108        0.041568424255928   k=         1
        109        -0.002029535633294   k=         1
        110        -0.002638152609820   k=         1
        111        -0.016519897414198   k=         1
        112        -0.068860054181531   k=         1
        113        0.001378594850866   k=         1
        114        0.006990634595957   k=         1
        115        -0.010018937098856   k=         1
        116        -0.053274005067452   k=         1
        117        0.000647183086952   k=         1
        118        -0.007415388535779   k=         1
        119        -0.027853665201899   k=         1
        120        -0.067806429247170   k=         1
        121        -0.000626054846514   k=         1
        122        0.009436610351658   k=         1
        123        0.046088918897676   k=         1
        124        0.075256350279119   k=         1
        125        -0.000104434786354   k=         1
        126        0.002628250229412   k=         1
        127        0.033914661954034   k=         1
        128        0.069355413783288   k=         1
        129        0.002030645311768   k=         1
        130        0.000602596838515   k=         1
        131        -0.054595793787504   k=         1
        132        -0.082246095861572   k=         1
        133        -0.003155530873166   k=         1
        134        -0.003952348947853   k=         1
        135        -0.036744810214881   k=         1
        136        -0.060187650456036   k=         1
        137        0.001801737300818   k=         1
        138        0.006120514143542   k=         1
        139        -0.027319847618743   k=         1
        140        -0.050937745522133   k=         1
        141        -0.000621685296982   k=         1
        142        -0.009614869914268   k=         1
        143        0.020099266704054   k=         1
        144        0.044096974087355   k=         1
        145        -0.000515143277209   k=         1
        146        0.004613891966273   k=         1
        147        0.031585631002900   k=         1
        148        0.075906536701640   k=         1
        149        0.001829471036258   k=         1
        150        -0.012106592120045   k=         1
        151        0.040625463983660   k=         1
        152        0.088555734188612   k=         1
        153        -0.003886693258947   k=         1
        154        0.004056264107476   k=         1
        155        -0.024742755749000   k=         1
        156        -0.084683955012640   k=         1
        157        0.001544594713343   k=         1
        158        -0.001039488168659   k=         1
        159        -0.000120562834767   k=         1
        160        -0.001665617590444   k=         1
        161        0.000667816457072   k=         1
        162        -0.001594202358688   k=         1
        163        0.002041093024997   k=         1
        164        0.001348877251820   k=         1
        165        -0.001058106719983   k=         1
        166        -0.002343918081156   k=         1
        167        0.001760540308801   k=         1
        168        0.002416612724389   k=         1
        169        -0.002379224374788   k=         1
        170        -0.001898762960139   k=         1
        171        0.003812889968775   k=         1
        172        0.003761417632156   k=         1
        173        -0.001170959515904   k=         1
        174        -0.000138186544953   k=         1
        175        -0.001775796869596   k=         1
        176        0.000253689830366   k=         1
        177        0.002265397453788   k=         1
        178        0.003367686172928   k=         1
        179        -0.005034728120744   k=         1
        180        -0.004808213625296   k=         1
        181        -0.004345528525642   k=         1
        182        0.022443641192974   k=         1
        183        0.128916660723727   k=         1
        184        -0.002585942930842   k=         1
        185        0.003805250644534   k=         1
        186        0.002848207592580   k=         1
        187        -0.003456066814141   k=         1
        188        -0.030693368322646   k=         1
        189        -0.078872590051624   k=         1
        190        -0.002343997442158   k=         1
        191        0.001739348611052   k=         1
        192        0.027634281046784   k=         1
        193        0.109671082424068   k=         1
        194        -0.000590647454410   k=         1
        195        0.000517544313763   k=         1
        196        0.021723347484276   k=         1
        197        0.051473251549757   k=         1
        198        0.001213633071696   k=         1
        199        -0.000627823769775   k=         1
        200        0.022011203325680   k=         1
        201        0.074931279737549   k=         1
        202        0.001060916048134   k=         1
        203        0.000063428126659   k=         1
        204        -0.039923053815309   k=         1
        205        -0.096306911561015   k=         1
        206        -0.001035871151967   k=         1
        207        -0.001911144603688   k=         1
        208        -0.026752667614253   k=         1
        209        -0.050569036553737   k=         1
        210        -0.002122456583521   k=         1
        211        -0.003229427605188   k=         1
        212        -0.023367851974842   k=         1
        213        -0.099516657061812   k=         1
        214        -0.000175267147161   k=         1
        215        -0.013150533617552   k=         1
        216        0.024477258239348   k=         1
        217        0.141280154939710   k=         1
        218        -0.000833536131389   k=         1
        219        -0.000079677032531   k=         1
        220        0.021415204971907   k=         1
        221        0.089584085027215   k=         1
        222        -0.002603658818058   k=         1
        223        -0.004929475551839   k=         1
        224        0.022771578331168   k=         1
        225        0.108173601274643   k=         1
        226        -0.000276498644630   k=         1
        227        -0.000240355251839   k=         1
        228        -0.017023096710915   k=         1
        229        -0.081376545618651   k=         1
        230        -0.001252646558159   k=         1
        231        0.018876555419094   k=         1
        232        -0.024152159163288   k=         1
        233        -0.145854313413035   k=         1
        234        0.001031846804905   k=         1
        235        0.001440621603952   k=         1
        236        -0.016494679892998   k=         1
        237        -0.092188976780319   k=         1
        238        -0.004783066462876   k=         1
        239        -0.002378493775550   k=         1
        240        -0.028917633456711   k=         1
        241        -0.130679275200991   k=         1
        242        -0.001839162756821   k=         1
        243        -0.032560272246828   k=         1
        244        -0.025093903865730   k=         1
        245        -0.122195764602944   k=         1
        246        -0.006587908414228   k=         1
        247        0.026512240110261   k=         1
        248        0.038757870111074   k=         1
        249        0.144176341756683   k=         1
        250        0.003247718877801   k=         1
        251        -0.003755628776740   k=         1
        252        0.027008436341514   k=         1
        253        0.087907471737258   k=         1
        254        0.003430410140513   k=         1
        255        -0.018472356809475   k=         1
        256        0.034598388272527   k=         1
        257        0.104668450894472   k=         1
        258        -0.002543971079734   k=         1
        259        0.002298526109817   k=         1
        260        -0.045641729897251   k=         1
        261        -0.108280995277950   k=         1
        262        -0.003736579333997   k=         1
        263        0.014819044177872   k=         1
        264        -0.025039003413394   k=         1
        265        -0.081861894237769   k=         1
        266        -0.000000775608062   k=         1
        267        -0.006482149298731   k=         1
        268        -0.051255064164163   k=         1
        269        -0.141938540862511   k=         1
        270        0.000624420816660   k=         1
        271        0.012318873487025   k=         1
        272        0.050823328468557   k=         1
        273        0.129351391532498   k=         1
        274        -0.001401975496442   k=         1
        275        0.002109568477975   k=         1
        276        0.046406871369716   k=         1
        277        0.122954990579351   k=         1
        278        -0.000256562409589   k=         1
        279        0.015471083942244   k=         1
        280        -0.058001561442305   k=         1
        281        -0.152997576131027   k=         1
        282        -0.001194040532654   k=         1
        283        0.019042075458708   k=         1
        284        -0.040728601249821   k=         1
        285        -0.112068940102283   k=         1
        286        0.004265401447364   k=         1
        287        0.029405932683084   k=         1
        288        -0.024293301111228   k=         1
        289        -0.082734459814666   k=         1
        290        -0.003302673635083   k=         1
        291        -0.034284962725741   k=         1
        292        0.031645503969380   k=         1
        293        0.076500752894258   k=         1
        294        0.005088943575878   k=         1
        295        -0.008233311084370   k=         1
        296        0.045747945424299   k=         1
        297        0.107450411873396   k=         1
        298        -0.003720443933030   k=         1
        299        0.004664451462519   k=         1
        300        0.033451833322631   k=         1
        301        0.159103311144325   k=         1
        302        0.008148094487798   k=         1
        303        -0.013353198753045   k=         1
        304        0.018618385953237   k=         1
        305        -0.139659970544642   k=         1
        306        -0.007921066852920   k=         1
        307        -0.017932699851717   k=         1
        308        -0.012648146210360   k=         1
        309        -0.135174798648669   k=         1
        310        0.004679864544841   k=         1
        311        0.015078784569694   k=         1
        312        -0.044298661586549   k=         1
        313        0.186139356623287   k=         1
        314        -0.006647330481981   k=         1
        315        -0.006985965932718   k=         1
        316        -0.028999017311915   k=         1
        317        0.087330898911477   k=         1
        318        0.000253798536144   k=         1
        319        -0.020119607172867   k=         1
        320        -0.032688813830780   k=         1
        321        0.115205552956127   k=         1
        322        0.000324410433469   k=         1
        323        0.022845446027335   k=         1
        324        0.023236686587116   k=         1
        325        -0.123121381830138   k=         1
        326        0.001432918537178   k=         1
        327        0.020371311798351   k=         1
        328        0.028727789577386   k=         1
        329        -0.118919726598570   k=         1
        330        -0.003626864721655   k=         1
        331        0.003522515218180   k=         1
        332        0.045818888772194   k=         1
        333        -0.177906701105304   k=         1
        334        0.000716741375005   k=         1
        335        0.011795091653032   k=         1
        336        -0.041229140644879   k=         1
        337        0.139644910607911   k=         1
        338        -0.002410811484379   k=         1
        339        0.009811699991036   k=         1
        340        -0.041418380511965   k=         1
        341        0.152040943507577   k=         1
        342        -0.000767698904765   k=         1
        343        0.001530104438406   k=         1
        344        0.048380836809589   k=         1
        345        -0.161407070250974   k=         1
        346        0.000298767763452   k=         1
        347        0.008520125259686   k=         1
        348        0.043300024535116   k=         1
        349        -0.108892809965196   k=         1
        350        0.001707775016498   k=         1
        351        0.017469073592380   k=         1
        352        0.052080907566333   k=         1
        353        -0.114453744764715   k=         1
        354        -0.000459708414223   k=         1
        355        -0.018028505312443   k=         1
        356        -0.037573039155815   k=         1
        357        0.092562570167535   k=         1
        358        0.000588875980459   k=         1
        359        -0.008070486163377   k=         1
        360        -0.031328079637095   k=         1
        361        0.084061479769521   k=         1
        362        0.000122723652130   k=         1
        363        -0.013258632284310   k=         1
        364        -0.058520147792687   k=         1
        365        0.161378734110118   k=         1
        366        0.000730213995825   k=         1
        367        0.007473240806981   k=         1
        368        0.045138533026634   k=         1
        369        -0.089485310739031   k=         1
        370        -0.000030192305320   k=         1
        371        0.003195005233234   k=         1
        372        0.000855631486700   k=         1
        373        -0.017043828094233   k=         1
        374        0.023692386757896   k=         1
        375        0.103520305733580   k=         1
        376        0.002729224318773   k=         1
        377        0.000901829793407   k=         1
        378        0.006483829276408   k=         1
        379        0.004147221162660   k=         1
        380        0.002451664237969   k=         1
        381        0.005306304335452   k=         1
        382        -0.007963413786613   k=         1
        383        -0.003979498302050   k=         1
        384        0.001272662722022   k=         1
        385        -0.010245861914342   k=         1
        386        0.007731781085341   k=         1
        387        0.007659643286396   k=         1
        388        0.004280938563895   k=         1
        389        -0.000314814412408   k=         1
        390        0.000192417985683   k=         1
        391        -0.004311118830810   k=         1
        392        -0.004893984299292   k=         1
        393        0.001315587815158   k=         1
        394        -0.007939043121891   k=         1
        395        0.001910346059955   k=         1
        396        0.004619112069309   k=         1
        397        0.004173497840649   k=         1
        398        -0.009761439005344   k=         1
        399        0.001435549053203   k=         1
        400        0.015447665723241   k=         1
        401        0.056006510541333   k=         1
        402        -0.139917231073061   k=         1
        403        -0.000618424791201   k=         1
        404        -0.007914543872285   k=         1
        405        -0.039166045904068   k=         1
        406        0.065958710192408   k=         1
        407        -0.005566151293702   k=         1
        408        0.017611382546253   k=         1
        409        -0.056564486460024   k=         1
        410        0.048990827510091   k=         1
        411        0.002523808147757   k=         1
        412        0.005542552586631   k=         1
        413        -0.077874843659199   k=         1
        414        0.063449262207244   k=         1
        415        0.001701800026943   k=         1
        416        -0.004601588018482   k=         1
        417        0.025500113130320   k=         1
        418        -0.024445571874787   k=         1
        419        0.003187676656033   k=         1
        420        -0.005190578877502   k=         1
        421        0.014933834015618   k=         1
        422        -0.016567889301470   k=         1
        423        -0.003050236070676   k=         1
        424        -0.000721502781934   k=         1
        425        0.067237266707800   k=         1
        426        -0.088789400630631   k=         1
